********************************************************************************
                       INSTITUTO DE INGENIERIA, UNAM
                  Coordinacion de Instrumentacion Sismica
  Ciudad Universitaria, Apartado Postal 70-472, Coyoacan 04510, Mexico, D.F.
 Tel.(52-5)622-3414    Fax.(52-5)616-1514    e-mail: isismica@pumas.iingen.unam.mx
**************************************************************************************
ARCHIVO ESTANDAR DE ACELERACION:
VERSION DEL FORMATO                    : 2.0
NOMBRE DEL ARCHIVO                     : ACAC9211.102
FECHA Y HORA DE CREACION               : Wed Apr 10 09:44:19 1996
REF. CATALOGO ACELEROGRAMAS, SMIS 1995 : REGISTRO No. 3791 /PAG. 349


================================================================================
DATOS DE LA ESTACION:
NOMBRE DE LA ESTACION                  : ACAPULCO CENTRO CULTURAL
CLAVE DE LA ESTACION                   : ACAC
LOCALIZACION DE LA ESTACION            : AV. COSTERA MIGUEL ALEMAN CERCA DE LA PLAYA DE
                                       : ICACOS, EN EL CENTRO CULTURAL GUERRERENSE, A 300M
                                       : DEL CICI. ACAPULCO, GUERRERO. 
                                       : 
                                       : 
COORDENADAS DE LA ESTACION             : 16.84851 LAT. N
                                       : 99.85157 LONG. W
ALTITUD (msnm)                         : 13
TIPO DE SUELO                          : ARENA - LIMO - ARCILLA
                                       : 
                                       : 
INSTITUCION RESPONSABLE                : INSTITUTO DE INGENIERIA UNAM 
                                       : 

================================================================================
DATOS DEL ACELEROGRAFO: 
MODELO DEL ACELEROGRAFO                : DCA-333
NUMERO DE SERIE DEL ACELEROGRAFO       : 145
NUMERO DE CANALES                      : 3
ORIENTACION C1-C6 (rumbo;orientacion)  : /V/N90E/N00E
ORIENTACION C7-C12 (rumbo;orientacion) :
VEL. DE MUESTREO, C1-C6 (muestras/s)   : /100/100/100
VEL. DE MUESTREO, C7-C12 (muestras/s)  :
ESC. COMPLETA DE SENSORES, C1-C6, (g)  : /2/2/2
ESC. COMPLETA DE SENSORES, C7-C12 (g)  :
FREC. NAT. DE SENSORES, C1-C6, (Hz)    : /31.0/30.0/31.0
FREC. NAT. DE SENSORES, C7-C12 (Hz)    :
AMORTIGUAMIENTO DE SENSORES, C1-C6     : /0.66/0.75/0.70
AMORTIGUAMIENTO DE SENSORES, C7-C12    :
INTERVALO DE MUESTREO, C1-C6 (s)       : /0.01/0.01/0.01
INTERVALO DE MUESTREO, C7-C12 (s)      :
UMBRAL DE DISPARO, C1-C6 (Gal)         : /6/6/6
UMBRAL DE DISPARO, C7-C12 (Gal)        :
MEMORIA DE PREEVENTO (s)               : 4
TIEMPO DE POSEVENTO (s)                : 15


================================================================================
DATOS DEL SISMO:
FECHA DEL SISMO [GMT]                  : 1992/11/10
HORA EPICENTRO (GMT)                   : 02:13:24.7
MAGNITUD(ES)                           : /Mb=4.60/Ms=4.20/Mc=4.30
COORDENADAS DEL EPICENTRO              : 16.887 LAT. N 
                                       : 100.101 LONG. W
PROFUNDIDAD FOCAL (km)                 : 6  
FUENTES DE LOS DATOS EPICENTRALES      : INSTITUTO DE INGENIERIA UNAM
                                       : 

================================================================================
DATOS DE ESTE REGISTRO:
HORA DE LA PRIMERA MUESTRA (GMT)       : 02:13:26.00
EXACTITUD DEL TIEMPO (s)               : 1.00
DURACION DEL REGISTRO (s), C1-C6       : /27.52/27.52/27.52                      
DURACION DEL REGISTRO (s), C7-C12      : 
NUM. TOTAL DE MUESTRAS, C1-C6          : /2752/2752/2752                       
NUM. TOTAL DE MUESTRAS, C7-C12         : 
ACEL. MAX.(Gal), C1-C6                 : /23.92/26.80/35.42                    
ACEL. MAX., C1-C6, EN LA MUESTRA       : /836/887/910                          
ACEL. MAX.(Gal), C7-C12                : 
ACEL. MAX., C7-C12,EN LA MUESTRA       : 
UNIDADES DE LOS DATOS                  : Gal (cm/s/s)
FACTOR DE DECIMACION                   : 1
FORMATO DATOS (FORTRAN,10 campos/dato) : 3F10.2


================================================================================
CALIDAD DEL ACELEROGRAMA:
REGISTRO DIGITAL COMPLETO CON TIEMPO ABSOLUTO CORRECTO.


===============================================================================
COMENTARIOS:














===============================================================================
DATOS DE ACELERACION:
---------+---------+---------+---------+---------+---------+---------+---------+
   CANAL-1   CANAL-2   CANAL-3
         V      N90E      N00E
---------+---------+---------+---------+---------+---------+---------+---------+
      0.00      0.00      0.00
      0.00      0.00      0.00
      0.00      0.00      0.00
      0.00      0.00      0.00
      0.00      0.00      0.00
      0.00      0.00      0.00
      0.00      0.00      0.00
      0.00      0.00      0.00
     -0.96      0.00      0.00
      0.00      0.00      0.00
      0.00      0.00      0.00
      0.00      0.96      0.00
      0.00      0.00      0.00
      0.00      0.00      0.00
      0.00      0.00      0.00
      0.00      0.00      0.00
     -0.96      0.00      0.00
      0.00      0.00      0.00
      0.00      0.00      0.00
      0.00      0.00      0.00
      0.00      0.00      0.00
      0.00      0.00      0.00
      0.00      0.00      0.00
     -0.96      0.00      0.00
      0.00      0.00      0.00
      0.00      0.00      0.00
      0.00      0.00      0.00
      0.00      0.00      0.00
      0.00      0.00      0.00
      0.00      0.00      0.00
     -0.96      0.00      0.00
      0.00      0.00      0.00
      0.00      0.00      0.00
      0.00      0.00      0.00
      0.00      0.00      0.00
     -0.96      0.00      0.00
      0.00      0.00      0.00
      0.00     -0.96      0.00
      0.00      0.00      0.00
      0.00      0.00      0.00
      0.00      0.00      0.00
      0.00      0.00      0.00
      0.00      0.00      0.00
      0.00      0.00      0.00
      0.00      0.00      0.00
      0.00      0.00      0.00
     -0.96      0.00      0.00
      0.00      0.00      0.00
      0.00      0.00      0.00
      0.00      0.00      0.00
      0.00      0.00      0.00
      0.00      0.00      0.00
      0.00      0.00      0.00
      0.00      0.00      0.00
      0.00      0.00      0.00
      0.00      0.00      0.00
      0.00      0.00      0.00
      0.00      0.00      0.00
      0.00      0.00      0.00
      0.00      0.00      0.00
      0.00     -0.96      0.00
      0.00      0.00      0.00
      0.00      0.00      0.00
     -0.96      0.00      0.00
      0.00      0.00      0.00
      0.00      0.00      0.00
      0.00     -0.96      0.00
      0.00      0.00      0.00
      0.00      0.00      0.00
      0.00      0.00      0.00
      0.00      0.00      0.00
      0.00      0.00      0.00
      0.00      0.00      0.00
      0.00      0.00      0.00
      0.00      0.00      0.00
     -0.96      0.00      0.00
      0.00      0.00      0.00
      0.00      0.00      0.00
      0.00      0.00      0.00
      0.00     -0.96      0.00
      0.00      0.00      0.00
      0.00     -0.96      0.00
      0.00      0.00      0.00
      0.00      0.00      0.00
      0.00      0.00      0.00
      0.00      0.00      0.00
     -0.96      0.00      0.00
      0.00      0.00      0.00
      0.00      0.00      0.00
      0.00      0.00      0.00
      0.00      0.00      0.00
      0.00      0.00      0.00
      0.00      0.00      0.00
      0.00      0.00      0.00
      0.00      0.00      0.00
      0.00      0.00      0.00
      0.00      0.00      0.00
      0.00      0.00      0.00
      0.00      0.00      0.00
     -0.96      0.00      0.00
      0.00      0.00      0.00
      0.00      0.00      0.00
      0.00      0.00      0.00
      0.00      0.00      0.00
     -0.96      0.00      0.00
      0.00     -0.96      0.00
      0.00      0.00      0.00
     -0.96      0.00      0.00
      0.00      0.00      0.00
      0.00      0.00      0.00
     -0.96     -0.96      0.00
      0.00      0.00      0.00
      0.00      0.00      0.00
      0.00      0.00      0.00
      0.00      0.00      0.00
      0.00      0.00      0.00
      0.00      0.00      0.00
      0.00      0.00      0.00
      0.00      0.00      0.00
      0.00      0.00      0.00
      0.00      0.00      0.00
      0.00      0.00      0.00
      0.00     -0.96      0.00
      0.00      0.00      0.00
      0.00      0.00     -0.96
      0.00      0.00      0.00
      0.00      0.00      0.00
      0.00      0.00      0.00
      0.00      0.00      0.00
      0.00      0.00      0.00
     -0.96      0.00      0.00
      0.00      0.00      0.00
      0.00      0.00      0.00
     -0.96      0.00      0.00
      0.00      0.00      0.00
      0.00      0.00      0.00
      0.00      0.00      0.00
      0.00      0.00      0.00
      0.00      0.00      0.00
      0.00     -0.96      0.00
      0.00      0.00      0.00
      0.00      0.00      0.00
      0.00      0.00      0.00
      0.00      0.00      0.00
      0.00      0.00      0.00
      0.00      0.00      0.00
      0.00      0.00      0.00
      0.00      0.00      0.00
      0.00      0.00      0.00
      0.00      0.00      0.00
      0.00      0.00      0.00
      0.00      0.00      0.00
      0.00      0.00      0.00
      0.00      0.00      0.00
      0.00      0.96      0.00
     -0.96      0.00      0.00
      0.00      0.00      0.00
      0.00      0.00      0.00
      0.00     -0.96      0.00
      0.00      0.00      0.00
      0.00      0.00      0.00
      0.00      0.00      0.00
      0.00      0.00      0.00
      0.00      0.00      0.00
      0.00      0.00      0.00
     -0.96      0.00      0.00
      0.00      0.00      0.00
      0.00      0.00      0.00
     -0.96      0.00      0.00
      0.00      0.00      0.00
      0.00      0.00      0.00
      0.00      0.00      0.00
      0.00      0.00      0.00
      0.00      0.00      0.00
      0.00      0.00      0.00
      0.00      0.00      0.00
      0.00      0.00      0.00
      0.00      0.00      0.00
      0.00      0.00      0.00
      0.00      0.00      0.00
      0.00      0.00      0.00
      0.00      0.00      0.00
      0.00      0.00      0.00
      0.00      0.00      0.00
      0.00      0.00      0.00
      0.00     -0.96      0.00
      0.00      0.00      0.00
      0.00      0.00      0.00
      0.00      0.00      0.00
      0.00      0.00      0.00
      0.00      0.00      0.00
      0.00      0.00      0.00
      0.00      0.00      0.00
      0.00      0.00      0.00
      0.00      0.00      0.00
      0.00      0.00      0.00
      0.00      0.00      0.00
      0.00      0.00      0.00
     -0.96      0.00      0.00
     -0.96      0.00      0.00
      0.00      0.00      0.00
      0.00      0.00      0.00
      0.00      0.00      0.00
      0.00      0.00      0.00
      0.00      0.00      0.00
      0.00      0.00      0.00
     -0.96      0.00      0.00
      0.00      0.00      0.00
      0.00      0.00      0.00
      0.00      0.00      0.00
      0.00      0.00      0.00
      0.00      0.00      0.00
      0.00      0.00      0.00
      0.00      0.00      0.00
      0.00      0.00      0.00
      0.00      0.00      0.00
      0.00      0.00      0.00
      0.00      0.00      0.00
      0.00      0.00      0.00
      0.00      0.00      0.00
      0.00      0.00      0.00
      0.00      0.00      0.00
      0.00      0.00      0.00
      0.00      0.00      0.00
      0.00      0.00      0.00
     -0.96      0.00      0.00
     -0.96      0.00      0.00
      0.00      0.00      0.00
     -0.96      0.00      0.00
      0.00      0.00      0.00
      0.00      0.00      0.00
      0.00      0.00      0.00
      0.00      0.00      0.00
      0.00      0.00      0.00
      0.00      0.00      0.00
      0.00      0.00      0.00
      0.00      0.00      0.00
      0.00      0.00      0.00
      0.00      0.00      0.00
      0.00      0.00      0.00
      0.00      0.00      0.00
      0.00      0.00      0.00
     -0.96      0.00      0.00
      0.00      0.00      0.00
      0.00      0.00      0.00
      0.00      0.00      0.00
     -0.96      0.00      0.00
      0.00      0.00      0.00
      0.00      0.00      0.00
      0.00      0.00      0.00
      0.00      0.00      0.00
     -0.96      0.00      0.00
     -0.96      0.00      0.00
      0.00      0.00      0.00
      0.00      0.00      0.00
      0.00      0.00      0.00
      0.00      0.00      0.00
      0.00      0.00      0.00
      0.00      0.00      0.00
      0.00      0.00      0.00
      0.00      0.00      0.00
      0.00      0.00      0.00
     -0.96      0.00      0.00
      0.00      0.00      0.00
      0.00      0.00      0.00
      0.00      0.00      0.00
      0.00      0.00      0.00
      0.00      0.00      0.00
      0.00      0.00      0.00
      0.00      0.00      0.00
      0.00      0.00      0.00
      0.00      0.00      0.00
      0.00      0.00      0.00
      0.00      0.00      0.00
      0.00      0.00      0.00
      0.00      0.00      0.00
      0.00      0.00      0.00
      0.00      0.00      0.00
      0.00      0.00      0.00
      0.00      0.00      0.00
     -0.96      0.00      0.00
      0.00      0.00      0.00
      0.00      0.00      0.00
      0.00      0.00      0.00
      0.00      0.96      0.00
      0.00      0.00      0.00
      0.00      0.00      0.00
      0.00      0.00      0.00
     -0.96      0.00      0.00
      0.00      0.00      0.00
      0.00      0.00      0.96
     -0.96      0.00      0.00
      0.00      0.00      0.00
      0.00      0.00      0.00
      0.00     -0.96      0.00
      0.00      0.00      0.00
      0.00      0.00      0.00
      0.00      0.00      0.00
      0.00      0.96      0.00
      0.00      0.00      0.00
      0.00      0.00      0.00
      0.00      0.00      0.00
      0.00      0.00      0.00
      0.00      0.00      0.00
      0.00      0.00      0.00
      0.00      0.00      0.00
      0.00      0.00      0.00
      0.00      0.00      0.00
     -0.96      0.00      0.00
      0.00      0.00      0.00
     -0.96      0.00      0.00
      0.00      0.00      0.00
      0.00      0.00      0.00
      0.00      0.00      0.00
      0.00      0.00      0.00
     -0.96      0.00      0.00
      0.00      0.00      0.00
      0.00      0.00      0.00
      0.00      0.00      0.00
      0.00      0.00      0.00
      0.00      0.00      0.00
     -0.96      0.00      0.00
     -0.96      0.00      0.00
     -0.96      0.00      0.00
     -0.96      0.00      0.00
     -0.96      0.00      0.00
     -0.96      0.00      0.00
      0.00      0.00      0.00
      0.96      0.00      0.00
      1.92      0.00      0.00
      0.00      0.00      0.00
     -0.96      0.00      0.00
     -1.92      0.00      0.00
     -0.96      0.00      0.00
      0.00      0.00      0.00
      0.00     -0.96      0.00
     -0.96     -0.96      0.00
     -2.88     -0.96     -0.96
     -1.92     -0.96      0.00
      0.00      0.00      0.00
      1.92      0.00      0.00
      1.92      0.00      0.00
     -1.92     -0.96      0.00
     -2.88     -0.96     -0.96
     -0.96      0.00      0.00
      1.92      0.00      0.96
      0.00      0.96      0.96
     -1.92      0.00      0.00
     -1.92     -0.96      0.00
      0.00     -0.96      0.00
      1.92     -0.96      0.00
      0.96      0.00      0.00
     -0.96      0.96      0.00
     -0.96      0.00      0.00
      2.88      0.00     -0.96
      5.74     -0.96      0.00
      3.82     -1.92      0.00
      0.00      0.00      0.00
     -1.92      0.96      0.96
     -3.82      0.00      0.96
     -3.82     -0.96     -0.96
     -3.82     -1.92     -0.96
     -2.88     -0.96      0.96
     -0.96      0.96      1.92
      4.78      0.96      0.00
      9.58      0.00     -0.96
      9.58      0.00     -0.96
      4.78      0.96     -0.96
      0.00      2.88      0.96
     -9.58      0.96      0.96
    -14.36      0.00     -0.96
    -14.36      0.00     -0.96
     -7.66      2.88      0.96
      0.00      2.88      1.92
      4.78      0.96      0.00
      6.70     -0.96     -0.96
      8.62      0.96     -0.96
      5.74      1.92     -0.96
      1.92      2.88      0.00
     -1.92      2.88     -0.96
     -4.78      1.92      0.00
     -5.74      1.92      0.00
     -6.70      0.00      0.96
     -3.82     -1.92      2.88
      1.92     -1.92      0.96
      4.78     -2.88     -0.96
      4.78     -1.92     -0.96
      4.78     -1.92     -2.88
      5.74     -2.88     -0.96
      0.96     -2.88     -0.96
     -3.82     -0.96      0.00
     -2.88     -0.96      0.00
      0.00      0.00      1.92
     -1.92      0.00      0.96
     -4.78     -3.82      0.00
     -1.92     -6.70     -2.88
      0.96     -3.82     -1.92
      0.00      0.00     -1.92
      0.96      0.00     -0.96
      2.88     -1.92     -2.88
      0.96     -0.96      0.00
      0.96      0.96      1.92
      2.88      1.92      4.78
      1.92      1.92      2.88
     -2.88      1.92      0.00
     -5.74      1.92     -1.92
     -4.78      1.92      0.00
      0.00     -0.96      0.00
      0.00     -0.96      0.96
      0.96     -0.96     -0.96
      0.00      0.96      2.88
      0.00      0.00      2.88
      1.92     -2.88      1.92
      1.92     -1.92      1.92
      1.92      1.92      4.78
      5.74      3.82      1.92
     -0.96      1.92      0.00
     -6.70     -2.88     -2.88
     -3.82     -2.88     -3.82
     -1.92     -1.92     -2.88
     -1.92      0.96      0.00
     -1.92      1.92     -1.92
      2.88      0.00      0.96
      7.66     -1.92     -1.92
      1.92     -0.96     -2.88
     -5.74      1.92     -0.96
     -3.82      1.92     -0.96
     -4.78      2.88     -1.92
     -7.66      1.92     -0.96
     -4.78     -0.96     -1.92
      3.82     -1.92     -2.88
      6.70      1.92     -1.92
      6.70      3.82     -2.88
      4.78      1.92      0.96
      0.00     -0.96      0.96
     -4.78     -0.96      0.96
     -0.96      1.92      1.92
     -5.74      1.92      2.88
     -9.58     -2.88      0.00
     -3.82     -3.82     -0.96
      6.70      0.00      0.96
      3.82      0.96      4.78
      3.82     -1.92      0.96
      3.82     -4.78     -0.96
      4.78     -2.88      0.00
      4.78      0.96      1.92
      4.78      1.92     -0.96
      7.66     -0.96      0.96
      4.78     -0.96     -2.88
     -5.74      0.96      0.00
     -8.62      0.00      1.92
    -10.52     -2.88      2.88
    -10.52     -3.82     -0.96
     -7.66      0.00      0.00
      1.92      1.92     -0.96
      9.58      0.00     -1.92
     11.48      0.00     -4.78
      4.78      0.00      0.00
     -1.92      0.96      2.88
     -8.62      3.82      4.78
    -13.40      5.74      2.88
    -12.44      2.88      2.88
     -6.70      0.00      0.00
      0.00     -1.92      1.92
      4.78     -1.92      0.96
      5.74     -2.88      1.92
      9.58     -1.92      0.00
      7.66     -1.92     -0.96
      3.82     -1.92      0.96
      1.92     -0.96      1.92
     -6.70      0.00      0.96
    -16.26     -0.96      1.92
    -14.36      0.96     -1.92
     -4.78      0.96      0.00
      3.82     -0.96     -1.92
     10.52     -1.92     -2.88
     14.36     -2.88     -4.78
      9.58     -5.74     -2.88
      2.88     -2.88     -5.74
     -1.92      0.96     -3.82
     -6.70      1.92     -3.82
     -5.74      1.92      0.00
     -0.96      1.92      0.00
     -2.88      0.00      1.92
     -2.88     -0.96     -1.92
     -0.96      2.88     -1.92
      1.92      2.88     -4.78
      4.78      1.92     -5.74
      3.82      1.92     -6.70
      3.82      1.92     -1.92
      3.82      0.00      0.96
     -0.96     -0.96      4.78
     -2.88      0.00      4.78
      0.00      0.96      6.70
     -2.88      0.96      5.74
     -3.82      0.96      2.88
     -4.78     -1.92      0.00
     -4.78     -3.82      1.92
     -1.92     -1.92      0.00
      0.00      2.88      2.88
      2.88      1.92      1.92
      4.78      0.00      0.96
     -0.96      0.96      0.96
     -5.74      0.00      5.74
     -3.82      0.96      3.82
     -0.96      2.88      4.78
      0.96      3.82      0.96
      2.88      0.96     -4.78
      3.82     -1.92     -3.82
      3.82     -2.88     -1.92
     -0.96     -4.78      0.00
     -3.82      0.00      2.88
     -3.82      2.88      0.00
     -2.88      1.92     -0.96
     -4.78      2.88     -2.88
      1.92      2.88     -4.78
      8.62      0.96     -0.96
      4.78      1.92      1.92
     -5.74      2.88     -1.92
     -5.74     -1.92     -2.88
      0.00     -6.70     -0.96
      0.00     -5.74     -0.96
     -5.74     -4.78      0.00
      0.96     -4.78      3.82
      2.88     -0.96      3.82
      0.00     -0.96      0.96
      1.92     -2.88     -0.96
     12.44     -2.88      0.00
      8.62      0.96      1.92
     -4.78      1.92     -2.88
    -15.32      0.96     -2.88
    -13.40     -2.88     -2.88
     -1.92     -2.88     -1.92
      4.78      3.82     -1.92
      5.74      7.66      1.92
      9.58      0.96      0.00
      6.70     -4.78      0.00
      0.96     -2.88     -1.92
     -1.92      0.96      0.00
      0.00      3.82     -2.88
     -0.96      5.74     -1.92
     -4.78      5.74     -2.88
     -4.78      0.00      0.00
      1.92     -4.78      5.74
      0.00     -1.92      6.70
     -4.78      1.92      0.00
     -3.82      3.82     -1.92
     -1.92     -1.92     -1.92
     -0.96     -6.70      0.00
      0.96     -5.74      0.00
     -2.88      0.00      4.78
     -1.92      0.00      6.70
      0.96      0.00      3.82
      1.92     -0.96      2.88
      6.70     -4.78      1.92
      5.74     -5.74      0.00
      0.00     -0.96      0.00
     -6.70      3.82     -2.88
     -2.88      3.82     -3.82
     -3.82      2.88     -0.96
     -5.74      0.00      0.96
      0.00      2.88      0.00
      3.82      5.74      2.88
      0.00      6.70      2.88
      0.00      3.82      0.00
      6.70      2.88     -2.88
      9.58      3.82     -1.92
      0.00      0.96     -3.82
     -3.82      0.96     -5.74
     -5.74      0.96     -1.92
     -0.96      0.00      1.92
     -1.92      0.00      2.88
      0.00      0.00      2.88
      5.74     -1.92     -1.92
      5.74     -2.88     -5.74
     -3.82     -1.92     -4.78
     -3.82     -3.82     -1.92
      2.88     -4.78     -0.96
     -0.96     -2.88      1.92
     -4.78     -0.96      1.92
      1.92     -3.82     -1.92
      1.92     -3.82     -0.96
     -1.92     -3.82      0.00
     -3.82     -3.82      0.96
     -3.82     -1.92      2.88
     -5.74      0.00      2.88
     -2.88      0.00      0.00
      0.96     -1.92      0.96
      8.62     -2.88      2.88
      6.70     -0.96      0.96
      0.00      0.00      0.00
     -1.92      1.92      2.88
     -4.78      1.92      1.92
     -7.66      0.00      1.92
     -7.66      1.92      0.00
     -2.88      2.88      2.88
      0.00      2.88      1.92
      0.00      1.92      0.96
      0.96      0.96      0.00
      6.70      0.96      0.00
      8.62      0.96      0.96
      5.74      1.92      1.92
     -1.92      0.96      0.00
     -2.88      1.92      0.00
     -3.82      2.88     -1.92
     -4.78      1.92     -1.92
     -5.74      0.00     -0.96
     -2.88     -1.92     -1.92
     -3.82     -2.88     -2.88
      0.00     -0.96      0.00
      2.88     -0.96     -0.96
      8.62     -0.96     -1.92
     10.52      0.96     -2.88
      5.74      2.88     -2.88
      0.00      0.96     -3.82
     -0.96      0.00     -3.82
     -8.62     -0.96     -0.96
    -12.44     -1.92      0.00
     -7.66     -2.88      2.88
      0.00     -1.92      0.00
      3.82      0.00     -2.88
      5.74      0.96     -3.82
      6.70      1.92     -1.92
      6.70      0.96      0.00
      2.88      0.00      2.88
      0.00     -0.96      1.92
     -4.78     -2.88      2.88
     -7.66     -2.88      1.92
     -8.62     -0.96      3.82
     -0.96     -0.96      2.88
      2.88     -2.88      1.92
      5.74     -4.78      0.00
      0.96     -2.88      0.00
     -0.96     -2.88      1.92
      0.96     -1.92      1.92
     -1.92     -1.92      1.92
     -4.78     -0.96      2.88
     -2.88      2.88      1.92
     -1.92      1.92      3.82
     -0.96      0.00      1.92
      0.96     -0.96     -0.96
      1.92      0.00      0.00
      0.96      1.92      2.88
     -0.96      2.88     -0.96
     -0.96      1.92     -1.92
      4.78     -0.96     -0.96
      2.88     -0.96      0.00
     -1.92      3.82      1.92
     -3.82      6.70      1.92
     -2.88      4.78      0.00
     -1.92      3.82     -1.92
     -4.78      2.88     -3.82
     -2.88      0.96     -2.88
      2.88      0.96     -2.88
      4.78      0.96     -2.88
      3.82      0.00     -2.88
      3.82     -0.96     -2.88
      2.88     -2.88      0.96
      2.88     -1.92      2.88
      1.92     -0.96      1.92
     -3.82     -0.96      0.00
     -6.70     -1.92     -0.96
     -5.74     -3.82     -0.96
     -4.78     -4.78      0.00
     -0.96     -2.88     -0.96
      0.00     -2.88     -2.88
      0.96     -2.88     -0.96
      6.70     -0.96      0.00
      9.58      1.92      0.96
      5.74      0.96      0.00
     -3.82     -0.96     -1.92
     -3.82      0.00     -0.96
     -4.78      0.96      2.88
     -8.62     -1.92      1.92
     -9.58     -4.78      1.92
     -1.92     -4.78      1.92
      8.62      0.00      3.82
     11.48      1.92      0.96
      6.70      0.00     -0.96
      2.88     -0.96     -1.92
      1.92      1.92      0.00
     -1.92      4.78      0.00
     -8.62      3.82      3.82
     -8.62      0.00      3.82
     -9.58     -1.92      2.88
     -8.62     -0.96      0.00
     -5.74      0.96      1.92
      1.92      0.00     -0.96
      9.58     -0.96     -1.92
     10.52      0.96     -0.96
      2.88      1.92      0.00
      0.96      0.00     -1.92
      3.82      0.96      0.96
     -2.88      2.88      0.00
     -7.66      3.82      2.88
     -5.74      0.00      0.96
     -1.92     -1.92      0.00
      1.92      0.96     -2.88
      0.96      0.96     -2.88
      3.82      0.00     -2.88
      6.70      0.96     -1.92
      3.82      0.96     -0.96
     -0.96     -0.96     -0.96
     -5.74     -3.82     -0.96
     -5.74     -3.82      0.96
     -4.78     -0.96      0.96
     -5.74      0.96      3.82
     -3.82     -0.96      0.96
      0.00     -3.82     -2.88
      2.88     -2.88     -3.82
      2.88      0.96     -2.88
      0.96      1.92     -2.88
      3.82     -0.96     -1.92
      5.74     -1.92     -1.92
      2.88      0.00     -1.92
     -3.82     -0.96      1.92
     -6.70     -0.96      2.88
     -2.88      0.00      2.88
      0.00      0.96      4.78
     -1.92     -2.88      2.88
     -0.96     -4.78     -0.96
      3.82     -2.88     -2.88
      4.78      5.74      0.00
      2.88      8.62      0.00
      0.00      4.78      0.00
     -1.92      0.00      0.00
     -0.96     -1.92      0.96
     -2.88     -0.96      2.88
     -3.82      0.00      5.74
     -1.92      1.92      1.92
      0.96      0.96     -0.96
      0.00      0.00     -2.88
     -1.92     -3.82     -6.70
     -3.82     -2.88     -7.66
     -7.66      1.92     -4.78
     -5.74      5.74     -0.96
     -2.88      5.74     -0.96
      0.00      1.92     -2.88
      2.88      0.00     -7.66
      6.70      2.88     -9.58
      8.62      4.78     -8.62
      5.74      0.96     -5.74
      3.82     -2.88     -6.70
      1.92     -1.92     -3.82
      0.00     -0.96     -1.92
      2.88     -1.92     -1.92
      9.58     -0.96     -3.82
      6.70     -1.92     -2.88
      0.96     -0.96     -0.96
     -2.88      0.96      0.00
     -8.62      2.88      0.96
    -13.40      2.88     -0.96
    -11.48      1.92     -2.88
     -6.70     -0.96      1.92
     -4.78     -5.74      6.70
      0.00     -7.66      6.70
      8.62     -4.78     10.52
     11.48     -5.74     15.32
      7.66    -10.52     19.14
      2.88    -14.36     21.06
      0.00    -17.22     23.92
     -0.96    -15.32     22.96
     -9.58     -9.58     20.10
    -13.40     -0.96     18.18
     -6.70      4.78     15.32
     -3.82      9.58     13.40
     -1.92      9.58      8.62
      6.70      7.66      1.92
     15.32      7.66     -3.82
     11.48      8.62     -9.58
      3.82      4.78     -9.58
     -0.96     -1.92     -3.82
     -7.66     -1.92      0.00
    -15.32      6.70     -3.82
    -12.44     12.44     -7.66
     -1.92     11.48    -16.26
      4.78      7.66    -24.88
      7.66      8.62    -22.96
     10.52      8.62    -14.36
     11.48      6.70     -6.70
      5.74      2.88     -8.62
     -6.70     -1.92    -13.40
    -14.36     -3.82    -13.40
    -12.44     -2.88     -7.66
     -9.58      3.82     -1.92
     -3.82      9.58     -2.88
      5.74     11.48     -3.82
     11.48      4.78     -3.82
      8.62     -7.66      0.96
      3.82    -15.32      4.78
      0.00    -15.32      6.70
     -3.82     -7.66      9.58
     -7.66      0.00      8.62
    -11.48      0.00      1.92
    -10.52     -3.82     -2.88
     -8.62     -2.88     -3.82
     -5.74      5.74      1.92
      0.96     14.36      4.78
      6.70     12.44      1.92
      9.58     -1.92     -7.66
      9.58    -17.22    -11.48
      6.70    -23.92     -7.66
      7.66    -18.18      2.88
      3.82     -5.74      5.74
     -4.78      2.88      0.96
     -2.88      4.78     -5.74
      5.74      5.74    -10.52
      8.62      0.96     -9.58
      9.58     -6.70     -0.96
      5.74     -8.62      1.92
     -4.78     -9.58      3.82
     -9.58    -10.52      6.70
     -5.74    -15.32      7.66
     -0.96    -16.26      4.78
     -1.92     -8.62      4.78
     -2.88      8.62      8.62
      0.00     13.40     13.40
      1.92      5.74     12.44
     -0.96     -3.82      4.78
      1.92    -11.48     -0.96
      8.62    -11.48      3.82
      2.88      0.00      6.70
     -8.62     14.36      5.74
    -11.48     22.96      0.00
     -5.74     22.02     -3.82
     -5.74     17.22     -8.62
     -3.82      9.58    -10.52
      9.58      0.96     -6.70
     15.32     -0.96     -1.92
      0.96      3.82     -1.92
    -11.48     10.52     -7.66
    -12.44      9.58    -15.32
     -6.70      1.92    -18.18
     -3.82     -0.96    -16.26
     -3.82      2.88     -8.62
      6.70      6.70      3.82
     23.92      8.62      7.66
     19.14      4.78      3.82
     10.52     -7.66     -4.78
      5.74    -18.18    -12.44
     -7.66    -14.36    -14.36
    -23.92     -1.92     -4.78
    -18.18      1.92      8.62
     -5.74      0.00     22.96
      3.82      3.82     29.66
      5.74     14.36     28.72
      5.74     19.14     16.26
      4.78     12.44      4.78
      4.78      1.92      1.92
      2.88     -7.66      6.70
      3.82    -11.48     12.44
      0.00    -12.44     18.18
     -7.66    -10.52     17.22
    -14.36     -6.70     14.36
    -17.22     -0.96     15.32
    -15.32      3.82     16.26
     -3.82      6.70      6.70
      4.78     -3.82     -3.82
      5.74    -16.26    -13.40
      0.96    -17.22    -20.10
      4.78    -12.44    -22.02
      7.66     -5.74    -13.40
     -1.92     -2.88     -8.62
    -10.52     -7.66      0.00
      2.88    -15.32      6.70
     16.26    -20.10     11.48
     13.40    -16.26      6.70
     10.52     -7.66      0.00
     14.36      3.82     -9.58
      8.62      9.58    -17.22
     -3.82      5.74    -25.84
    -12.44     -6.70    -20.10
    -13.40    -14.36     -2.88
    -13.40     -6.70      8.62
    -13.40     11.48      5.74
     -6.70     20.10      0.00
      3.82     16.26    -11.48
      4.78     12.44    -20.10
      3.82     11.48    -20.10
      7.66     11.48     -8.62
      0.96     12.44      0.00
     -4.78      9.58      5.74
     -5.74      0.96      6.70
     -4.78     -9.58      6.70
     -0.96    -10.52     -0.96
     -1.92      0.96     -8.62
     -3.82     18.18    -16.26
     -5.74     26.80    -19.14
     -6.70     22.02    -16.26
     -4.78      8.62     -9.58
      0.00     -0.96      0.96
      1.92     -1.92      4.78
      0.00      0.00      1.92
      7.66      0.00      1.92
     12.44      1.92      0.96
      9.58     -1.92      0.00
      1.92     -5.74      4.78
     -0.96     -4.78      9.58
     -2.88      0.00      5.74
     -1.92      1.92     -2.88
      3.82     -0.96     -3.82
     13.40     -7.66     -0.96
     10.52    -17.22      3.82
      4.78    -21.06      3.82
     -6.70    -17.22     -3.82
    -17.22    -11.48     -3.82
    -16.26     -7.66      1.92
     -6.70     -6.70      9.58
      4.78    -10.52     21.06
     18.18    -11.48     33.50
     21.06     -9.58     35.42
     13.40     -8.62     29.66
      0.96     -6.70     19.14
    -11.48     -8.62      6.70
    -15.32    -13.40      2.88
    -11.48     -9.58      0.96
    -12.44      1.92      2.88
     -9.58     12.44      7.66
     -8.62     16.26      8.62
    -11.48     10.52      4.78
    -10.52      2.88      1.92
     -1.92     -0.96      0.96
      7.66      1.92      0.00
     15.32      7.66     -1.92
     15.32     10.52     -6.70
      9.58     10.52     -5.74
      7.66      9.58     -4.78
      2.88      7.66     -2.88
      1.92      9.58      0.00
      2.88     11.48     -2.88
      0.00     10.52     -4.78
     -1.92      4.78     -9.58
      0.00     -0.96    -15.32
     -0.96     -0.96    -19.14
     -5.74      0.96    -19.14
    -12.44      3.82    -16.26
    -13.40      5.74    -12.44
     -6.70      2.88     -7.66
      1.92     -4.78     -8.62
      4.78     -6.70    -10.52
      6.70     -6.70    -12.44
      5.74     -2.88    -15.32
      0.00      1.92    -11.48
     -3.82      0.00     -7.66
     -6.70     -3.82     -5.74
     -7.66      0.00     -5.74
     -2.88      4.78     -8.62
      1.92      3.82    -14.36
      2.88     -1.92    -16.26
      1.92     -4.78    -16.26
      1.92     -2.88    -13.40
     -0.96      1.92     -5.74
     -2.88      0.96      3.82
      0.00     -3.82      9.58
      1.92     -8.62     16.26
      4.78     -8.62     19.14
      6.70     -4.78     22.02
      8.62     -2.88     18.18
      5.74     -2.88      9.58
      0.00     -6.70      1.92
     -5.74    -10.52      3.82
     -5.74     -9.58     14.36
    -10.52     -4.78     23.92
    -10.52      0.00     26.80
     -3.82      4.78     26.80
      1.92      3.82     21.06
      4.78     -0.96     17.22
      5.74     -1.92     14.36
      6.70     -1.92     10.52
      5.74     -3.82      3.82
     -5.74     -4.78      4.78
     -9.58     -5.74      7.66
     -8.62     -4.78      8.62
     -3.82     -3.82      8.62
     -1.92      2.88      9.58
      5.74     10.52      4.78
     11.48     11.48     -0.96
     10.52      7.66     -8.62
      1.92      2.88    -15.32
     -8.62      0.00    -22.02
    -12.44      0.00    -22.02
     -9.58      0.96    -20.10
     -2.88     -1.92    -14.36
      5.74     -7.66    -13.40
      8.62     -9.58    -15.32
     10.52     -2.88    -17.22
     11.48      4.78    -16.26
     10.52      4.78    -11.48
      1.92     -0.96     -8.62
     -6.70     -5.74    -10.52
     -8.62     -3.82     -9.58
     -6.70      1.92     -6.70
     -2.88      9.58     -3.82
      2.88     17.22     -6.70
      5.74     20.10     -9.58
      1.92     17.22    -10.52
     -2.88      8.62     -5.74
     -4.78      3.82      2.88
     -8.62      6.70     10.52
    -10.52      7.66     10.52
     -9.58      6.70      5.74
     -3.82      3.82      0.00
      3.82      2.88     -3.82
      7.66      0.00     -4.78
      6.70     -2.88     -2.88
      0.00     -2.88      0.96
     -5.74     -1.92      4.78
     -7.66     -4.78      5.74
     -1.92     -7.66      8.62
      2.88     -7.66      8.62
      3.82     -5.74     10.52
      3.82     -1.92     12.44
      1.92     -0.96     12.44
      0.00     -1.92     10.52
      3.82     -4.78      8.62
      1.92     -5.74      7.66
      0.00     -5.74      6.70
      0.00     -5.74      5.74
      0.96     -5.74      8.62
     -3.82     -6.70     11.48
     -4.78     -6.70      8.62
     -2.88     -8.62      6.70
      0.00     -7.66      8.62
     -1.92     -6.70      6.70
     -4.78     -5.74      6.70
     -3.82     -5.74      6.70
     -5.74     -5.74      3.82
     -2.88     -4.78     -0.96
      5.74     -1.92     -1.92
      7.66      0.00     -3.82
      9.58     -0.96     -2.88
      9.58     -0.96     -1.92
      8.62     -4.78      1.92
      6.70     -7.66      0.96
      4.78     -3.82     -4.78
      1.92      0.00     -9.58
      0.00      1.92    -10.52
     -2.88      1.92    -12.44
     -5.74      0.00    -14.36
     -5.74     -0.96    -13.40
     -5.74      1.92    -15.32
     -7.66      4.78    -13.40
     -8.62      6.70     -8.62
     -7.66      8.62     -7.66
     -6.70      8.62     -8.62
     -5.74      4.78     -9.58
     -2.88      4.78    -12.44
     -0.96      5.74    -15.32
      0.96      5.74    -11.48
      1.92      6.70     -4.78
      0.96      8.62      0.96
     -0.96     11.48      6.70
     -0.96     14.36      8.62
     -2.88     14.36      7.66
      0.00     10.52      3.82
      0.96      6.70      3.82
     -0.96      6.70      3.82
     -0.96      9.58      4.78
      2.88      9.58      4.78
      3.82      4.78      2.88
      2.88     -0.96      0.96
      5.74     -2.88      4.78
      5.74     -3.82     12.44
     -0.96     -5.74     15.32
     -6.70     -6.70     11.48
     -2.88     -9.58      8.62
      0.96    -10.52      6.70
     -2.88    -10.52      3.82
     -1.92     -9.58      0.96
      1.92     -9.58      0.96
      0.96    -10.52      1.92
     -0.96     -8.62      1.92
      1.92     -7.66      2.88
      7.66     -8.62      2.88
      5.74    -11.48     -0.96
      1.92    -12.44     -0.96
      3.82    -11.48      1.92
      7.66     -7.66      4.78
      5.74     -4.78      1.92
      0.00     -2.88      0.00
     -1.92     -0.96      0.00
      1.92      0.00      1.92
      0.96      0.00      2.88
     -3.82     -2.88      1.92
     -6.70     -0.96     -1.92
     -7.66      3.82     -4.78
     -9.58      7.66     -6.70
    -11.48      5.74     -5.74
     -6.70      4.78     -1.92
     -0.96      7.66      2.88
      0.96     11.48      1.92
      0.96     12.44     -3.82
      1.92      8.62     -7.66
      1.92      1.92     -2.88
      3.82      0.96      0.96
      4.78      2.88      2.88
      0.00      2.88      3.82
     -3.82      0.00      2.88
     -3.82     -3.82     -1.92
     -1.92     -6.70     -3.82
     -0.96     -4.78     -1.92
      1.92      0.00     -1.92
      1.92      2.88     -2.88
     -2.88      1.92     -4.78
     -7.66     -2.88     -6.70
     -6.70     -4.78     -4.78
     -6.70     -2.88     -0.96
     -6.70      2.88     -0.96
     -4.78      7.66     -4.78
      0.00      8.62     -5.74
      6.70      2.88     -6.70
      8.62     -0.96     -8.62
      8.62      0.96     -4.78
      8.62      7.66      0.96
      4.78     13.40      3.82
      0.00     12.44      3.82
     -0.96      4.78      1.92
      3.82     -2.88      0.00
      4.78     -4.78      0.96
     -0.96      0.00      2.88
     -2.88      3.82      3.82
     -0.96      2.88      3.82
      0.00     -2.88      4.78
      2.88     -8.62      5.74
      6.70     -9.58      6.70
      7.66     -9.58      8.62
      3.82    -13.40      9.58
     -1.92    -16.26      8.62
     -5.74    -16.26      6.70
     -6.70    -12.44      5.74
     -5.74     -6.70      0.96
     -1.92     -2.88     -0.96
      3.82     -3.82      0.96
      4.78     -5.74      2.88
      5.74     -5.74      0.96
      3.82     -5.74      0.96
     -1.92     -2.88     -0.96
     -6.70      1.92     -7.66
     -9.58      8.62    -12.44
     -9.58     10.52    -11.48
     -7.66     10.52     -6.70
     -6.70      8.62     -2.88
     -3.82      8.62     -0.96
     -0.96      8.62     -3.82
      0.96      7.66     -6.70
      3.82      3.82     -7.66
      5.74     -0.96     -8.62
      4.78     -3.82     -7.66
      0.96     -3.82     -2.88
     -3.82     -1.92      0.00
     -8.62      1.92      0.00
     -7.66      3.82     -1.92
     -3.82      3.82      1.92
      2.88      4.78      5.74
      6.70      4.78      5.74
      6.70      2.88      1.92
      4.78      0.96     -3.82
      1.92      0.00     -7.66
      0.96     -0.96     -7.66
     -2.88     -0.96     -3.82
     -4.78      0.00      1.92
     -5.74      1.92      8.62
     -5.74      4.78     13.40
     -5.74      6.70     15.32
     -2.88      3.82     14.36
      2.88     -1.92     12.44
      5.74     -3.82      7.66
      6.70     -1.92      1.92
      5.74      0.00     -2.88
      5.74      2.88     -1.92
      3.82      5.74      0.00
     -0.96      5.74      0.96
     -1.92      2.88      2.88
     -0.96     -1.92      7.66
      0.96     -6.70      7.66
      3.82     -7.66      5.74
      7.66     -5.74      1.92
      7.66     -3.82     -2.88
      2.88     -3.82     -5.74
     -0.96     -4.78     -8.62
     -1.92     -5.74     -6.70
     -4.78     -7.66     -1.92
     -5.74     -7.66      1.92
     -3.82     -5.74      0.96
     -1.92     -4.78     -2.88
      0.00     -7.66     -6.70
      2.88    -10.52     -7.66
      1.92     -9.58     -5.74
     -1.92     -5.74     -0.96
     -4.78     -0.96      0.96
     -4.78      0.00      1.92
     -1.92      0.00      0.96
     -0.96      0.00     -1.92
      0.00      0.96     -1.92
     -0.96      3.82     -0.96
     -1.92      6.70     -0.96
     -4.78      8.62     -1.92
     -6.70      8.62     -2.88
     -4.78      6.70     -1.92
     -2.88      5.74     -0.96
     -1.92      7.66      0.00
      1.92      9.58     -2.88
      4.78      9.58     -1.92
      3.82      7.66     -1.92
      0.96      4.78     -0.96
      0.96      2.88     -0.96
     -0.96      2.88      0.00
     -0.96      4.78      0.00
      0.96      6.70     -0.96
      1.92      4.78     -2.88
      1.92      0.96     -2.88
      2.88     -3.82     -3.82
      2.88     -2.88      0.00
     -0.96      0.00      0.96
     -4.78      0.96      0.00
     -4.78      0.96      0.00
     -1.92     -0.96      0.96
      1.92     -1.92      3.82
      3.82     -2.88      6.70
      5.74     -4.78      8.62
      3.82     -8.62      7.66
      0.96    -10.52      4.78
     -0.96     -8.62      3.82
      0.00     -7.66      3.82
      1.92     -5.74      2.88
     -0.96     -4.78      4.78
     -2.88     -3.82      5.74
     -1.92     -6.70      3.82
     -0.96     -6.70      4.78
     -2.88     -5.74      4.78
     -4.78     -6.70      3.82
     -3.82     -9.58      0.00
     -2.88     -9.58     -1.92
     -0.96     -5.74     -4.78
      3.82      0.00     -5.74
      8.62      4.78     -3.82
      9.58      5.74     -1.92
      6.70      3.82     -3.82
      1.92      1.92     -4.78
     -1.92      2.88     -5.74
     -5.74      3.82     -6.70
     -5.74      4.78     -5.74
     -4.78      7.66     -3.82
     -4.78      9.58     -4.78
     -3.82     11.48     -6.70
     -1.92     11.48     -5.74
      0.00     11.48     -5.74
      0.00     10.52     -2.88
     -1.92      9.58      0.96
     -0.96      4.78      4.78
      0.00      0.96      7.66
      0.96     -0.96      5.74
      3.82      0.00      3.82
      3.82      1.92      2.88
      1.92      3.82      2.88
     -0.96      5.74      2.88
     -2.88      4.78      1.92
     -3.82      3.82      2.88
     -3.82      0.96      2.88
     -2.88     -1.92      1.92
     -1.92     -6.70      1.92
     -0.96    -10.52      4.78
      0.00     -9.58      3.82
      0.96     -4.78      0.96
      0.96     -0.96     -0.96
      1.92      0.00     -2.88
      0.96     -2.88     -3.82
     -0.96     -6.70     -1.92
     -0.96     -9.58      2.88
      0.00    -11.48      3.82
      0.00    -11.48      1.92
      0.96    -11.48      0.96
      2.88    -12.44     -1.92
      1.92    -10.52     -3.82
      0.96     -5.74     -3.82
     -0.96     -3.82     -2.88
     -1.92     -5.74     -1.92
     -3.82     -8.62     -0.96
     -1.92     -9.58     -0.96
      0.96     -9.58     -0.96
      3.82     -7.66     -0.96
      4.78     -4.78     -1.92
      3.82     -3.82     -4.78
      1.92     -1.92     -3.82
     -0.96      0.96     -1.92
     -2.88      5.74     -1.92
     -3.82      9.58     -3.82
     -2.88      9.58     -4.78
      0.00      9.58     -3.82
      1.92      7.66     -1.92
      1.92     10.52      0.00
     -1.92     15.32      0.00
     -4.78     17.22      0.96
     -4.78     19.14      1.92
     -2.88     18.18      1.92
      0.96     16.26      0.00
      1.92     15.32     -0.96
      2.88     14.36      0.00
      0.96     12.44      1.92
     -1.92      9.58      4.78
     -2.88      5.74      6.70
     -3.82      2.88      7.66
     -5.74      0.96      6.70
     -6.70      2.88      5.74
     -4.78      2.88      3.82
     -1.92      0.96      3.82
      0.96     -2.88      4.78
      3.82     -5.74      3.82
      3.82     -8.62      4.78
      1.92    -10.52      4.78
      0.00    -12.44      2.88
      0.00    -13.40      2.88
      0.96    -12.44      2.88
      1.92    -11.48      2.88
      3.82    -11.48      0.96
      3.82    -10.52      0.00
      1.92     -9.58      0.00
      0.96     -9.58      0.00
      0.96     -8.62      0.00
      0.96     -7.66     -1.92
      1.92     -6.70     -1.92
      1.92     -6.70     -1.92
      0.96     -8.62     -0.96
     -1.92     -8.62      0.00
     -2.88     -7.66      0.00
     -2.88     -6.70      0.96
     -2.88     -5.74      0.00
     -1.92     -5.74     -3.82
      0.96     -4.78     -6.70
      1.92     -4.78     -8.62
      2.88     -2.88     -7.66
      1.92     -2.88     -7.66
      0.00     -2.88     -6.70
     -1.92     -0.96     -6.70
     -2.88      1.92     -8.62
     -2.88      6.70     -8.62
     -2.88      8.62     -8.62
     -0.96      7.66     -8.62
      0.00      5.74     -6.70
      0.00      7.66     -5.74
      0.00     10.52     -2.88
     -1.92     12.44     -1.92
     -2.88     12.44     -0.96
     -1.92     12.44      0.00
      0.00     13.40      1.92
      0.96     12.44      1.92
     -0.96     12.44      1.92
     -0.96     11.48      0.96
     -1.92      8.62      1.92
     -2.88      4.78      2.88
     -2.88      2.88      5.74
     -1.92      3.82      7.66
      0.00      5.74      8.62
      0.96      3.82      8.62
      1.92      0.96      8.62
      0.96     -1.92      8.62
      0.00     -2.88      9.58
     -0.96     -4.78      9.58
      0.00     -4.78      9.58
      0.96     -6.70      8.62
      0.00     -7.66      8.62
      0.96     -7.66      8.62
      0.96     -6.70      7.66
      0.96     -5.74      7.66
      0.00     -6.70      6.70
      0.00     -7.66      5.74
      0.96     -8.62      4.78
      0.96     -9.58      2.88
      1.92     -7.66      1.92
      3.82     -4.78      0.96
      2.88     -2.88     -0.96
      0.96     -0.96     -2.88
      0.96      0.00     -5.74
      1.92      0.00     -7.66
      0.96      0.00     -8.62
      2.88     -2.88     -8.62
      3.82     -4.78     -8.62
      2.88     -6.70     -9.58
      0.96     -5.74    -12.44
     -1.92     -3.82    -15.32
     -0.96     -0.96    -19.14
     -1.92      0.00    -19.14
     -2.88      0.00    -17.22
     -2.88      0.96    -14.36
     -4.78      0.96     -8.62
     -3.82      2.88     -5.74
     -2.88      2.88     -6.70
     -2.88      1.92     -7.66
     -0.96      0.96     -7.66
     -0.96      1.92     -4.78
      0.00      2.88     -0.96
     -0.96      3.82      3.82
     -1.92      3.82      7.66
     -2.88      4.78     12.44
     -0.96      3.82     15.32
      0.96      3.82     15.32
      0.00      3.82     15.32
     -1.92      2.88     14.36
     -1.92      1.92     12.44
     -1.92      1.92     13.40
     -2.88      1.92     13.40
     -1.92      2.88     13.40
      0.00      1.92     13.40
      0.96      2.88     14.36
      1.92      1.92     11.48
      1.92      0.00      7.66
      1.92      0.00      5.74
      0.96      0.96      3.82
      0.00      0.96      1.92
      0.96     -0.96      0.00
      0.96     -2.88      0.00
      0.96     -3.82      0.00
      0.96     -3.82     -0.96
      0.00     -2.88     -1.92
      0.00     -2.88     -4.78
      0.00     -1.92     -5.74
      0.96     -1.92     -7.66
      1.92     -1.92     -8.62
      2.88     -1.92     -9.58
      2.88     -2.88    -10.52
      0.96     -1.92    -10.52
      0.96     -2.88    -11.48
      0.00     -1.92    -10.52
      1.92     -0.96    -10.52
      1.92     -0.96    -12.44
      0.96     -0.96    -11.48
      0.00     -0.96    -11.48
     -0.96      0.00     -7.66
     -1.92      0.00     -6.70
     -3.82     -0.96     -5.74
     -3.82      0.00     -4.78
     -2.88      0.96     -5.74
     -1.92      2.88     -4.78
      0.00      1.92     -3.82
     -0.96      1.92     -0.96
     -1.92      0.96      0.00
     -1.92      0.96      1.92
     -2.88      0.96      4.78
     -3.82      0.96      7.66
     -2.88      0.96     10.52
      0.00      1.92      9.58
      1.92      0.96     10.52
      1.92      0.00     10.52
      0.00     -0.96      9.58
      0.00     -0.96      9.58
     -1.92      0.00      8.62
     -0.96      0.00      9.58
      0.96     -0.96      9.58
      1.92     -1.92     10.52
      2.88     -2.88     10.52
      2.88     -1.92      9.58
      0.96     -0.96      8.62
      0.00      0.00      4.78
     -0.96      0.96      0.96
     -0.96      2.88     -0.96
      0.00      2.88     -0.96
      0.00      1.92      0.00
      0.00      0.96      0.00
      0.96      0.96      0.96
      0.96      0.00      0.00
      0.00      0.00      0.00
      1.92     -0.96     -1.92
      0.96     -0.96     -3.82
      0.96      0.00     -3.82
     -0.96     -0.96     -4.78
     -0.96     -1.92     -4.78
      0.00     -0.96     -5.74
     -0.96      0.96     -6.70
     -0.96      1.92     -6.70
      0.00      0.96     -6.70
     -0.96      0.96     -7.66
     -0.96     -0.96     -8.62
      0.00     -0.96     -8.62
     -0.96      0.96     -8.62
     -1.92      1.92     -9.58
     -1.92      1.92    -10.52
     -3.82      0.96    -11.48
     -2.88     -0.96     -9.58
      0.00     -1.92     -6.70
      0.96     -1.92     -3.82
      0.00     -1.92     -3.82
     -0.96     -0.96     -2.88
     -0.96     -0.96     -1.92
      0.96      0.00      0.00
      0.96      0.96      1.92
      0.96      0.96      3.82
      0.96     -0.96      5.74
      2.88     -1.92      6.70
      0.96     -3.82      6.70
     -0.96     -3.82      8.62
     -2.88     -2.88      8.62
     -2.88     -1.92     10.52
     -0.96     -0.96     10.52
      0.00     -1.92     10.52
      1.92     -1.92      9.58
      1.92      0.00     10.52
      2.88      0.96      8.62
      1.92      0.96      8.62
      0.00      0.96      8.62
     -1.92      0.00      5.74
     -2.88      0.00      4.78
     -1.92      1.92      2.88
      0.00      3.82      1.92
      0.00      3.82      1.92
      0.96      2.88      0.96
      0.00      0.96      0.00
      0.96     -0.96      0.00
      0.00     -0.96     -2.88
     -0.96      0.96     -2.88
     -1.92      2.88     -3.82
     -1.92      2.88     -2.88
     -0.96      1.92     -3.82
     -0.96      0.00     -4.78
      0.00      0.96     -4.78
     -0.96      2.88     -4.78
      0.96      0.96     -4.78
      0.96     -0.96     -4.78
      1.92     -2.88     -4.78
      2.88     -2.88     -4.78
      1.92     -1.92     -5.74
     -0.96      0.00     -4.78
     -1.92      0.00     -4.78
     -0.96      0.96     -2.88
     -0.96      0.96     -1.92
      0.00      0.96     -3.82
      0.96      0.00     -5.74
      0.00      0.00     -7.66
     -1.92     -0.96     -7.66
     -2.88     -1.92     -4.78
     -1.92     -3.82     -2.88
     -0.96     -3.82      0.00
      0.00     -3.82      0.00
      1.92     -3.82      0.00
      0.96     -3.82      0.00
      1.92     -1.92      0.00
      0.96     -1.92      0.00
      0.00     -1.92      0.96
     -0.96     -1.92      0.96
     -1.92     -1.92      1.92
     -2.88     -0.96      4.78
     -2.88     -0.96      5.74
     -3.82      0.00      5.74
     -2.88      0.96      4.78
      0.00      0.96      3.82
      1.92      1.92      3.82
      0.00      1.92      2.88
      0.00      1.92      3.82
      0.00      2.88      4.78
     -0.96      3.82      4.78
      0.00      4.78      4.78
      0.00      5.74      4.78
      0.00      4.78      4.78
     -0.96      5.74      5.74
      0.96      5.74      5.74
      2.88      4.78      4.78
      3.82      3.82      2.88
      2.88      2.88      1.92
      1.92      1.92      1.92
      0.96      0.00      3.82
      0.00     -1.92      1.92
     -0.96     -1.92      0.00
     -1.92     -1.92     -1.92
      0.96     -0.96     -2.88
      2.88     -0.96     -4.78
      0.96     -0.96     -5.74
      0.00     -0.96     -4.78
     -1.92     -2.88     -2.88
     -1.92     -2.88     -1.92
     -1.92     -3.82     -2.88
     -2.88     -4.78     -3.82
     -1.92     -6.70     -5.74
      0.00     -5.74     -5.74
      0.00     -3.82     -5.74
     -0.96     -1.92     -4.78
     -1.92     -1.92     -3.82
     -2.88     -2.88     -3.82
     -2.88     -2.88     -3.82
     -1.92     -2.88     -3.82
     -1.92     -2.88     -3.82
      0.00     -1.92     -3.82
      1.92     -0.96     -4.78
      1.92      0.00     -3.82
      0.00     -0.96     -2.88
     -1.92      0.00      0.00
     -1.92      0.00      1.92
     -2.88      0.00      2.88
     -0.96      0.00      4.78
      1.92      0.00      3.82
      2.88      0.96      2.88
      2.88      0.96      1.92
      1.92      2.88      1.92
      0.96      3.82      1.92
     -1.92      3.82      1.92
     -2.88      2.88      3.82
     -2.88      2.88      4.78
     -1.92      1.92      6.70
      0.00      2.88      5.74
      0.96      3.82      5.74
      1.92      4.78      5.74
      1.92      2.88      3.82
      1.92      1.92      2.88
      0.96      1.92      2.88
      0.96      1.92      2.88
      0.00      1.92      2.88
     -0.96      1.92      0.96
     -0.96      0.96      0.96
     -0.96      0.96     -0.96
      0.00      0.00     -0.96
      0.96      0.96     -0.96
      0.00      1.92     -1.92
      0.00      1.92     -2.88
     -0.96      0.00     -2.88
      0.00     -2.88     -1.92
      0.96     -4.78     -0.96
      0.96     -3.82      0.00
      0.96     -3.82      0.00
      0.96     -2.88      0.96
      0.96     -1.92     -1.92
      0.00     -0.96     -2.88
      0.00     -0.96     -2.88
     -0.96     -1.92     -1.92
     -2.88     -1.92     -0.96
     -2.88     -2.88     -1.92
     -1.92     -1.92     -1.92
      0.00     -2.88     -0.96
      0.00     -2.88     -1.92
      0.96     -2.88     -1.92
      0.96     -1.92     -2.88
      0.00      0.00     -3.82
     -1.92      1.92     -4.78
     -1.92      2.88     -4.78
     -0.96      1.92     -4.78
     -1.92      0.00     -3.82
     -0.96     -0.96     -1.92
      0.00     -0.96     -0.96
      0.96     -0.96      0.00
      1.92     -0.96      0.00
      0.96     -0.96      0.00
      0.00      0.00      0.00
      0.00      0.96      0.00
     -0.96      1.92      0.96
     -1.92      2.88      1.92
     -2.88      2.88      2.88
     -1.92      1.92      2.88
     -0.96      0.00      1.92
      0.00     -0.96      0.96
      0.96     -1.92      0.00
      0.96     -0.96      0.96
      0.96      0.00      1.92
      0.00      0.96      3.82
     -0.96      0.96      3.82
      0.00      0.96      3.82
      0.96      0.96      4.78
      0.96      1.92      4.78
      0.96      0.96      3.82
      0.96     -1.92      2.88
      0.00     -2.88      2.88
     -0.96     -1.92      3.82
     -1.92      0.00      3.82
     -0.96      0.96      3.82
      0.00      0.96      3.82
      1.92     -0.96      3.82
      2.88     -1.92      2.88
      1.92     -0.96      1.92
      0.00     -1.92      0.96
      0.00     -1.92      0.00
      0.00     -0.96      0.00
      0.96      0.00     -0.96
      0.00      0.00      0.00
      0.00      0.96     -0.96
     -0.96      1.92     -0.96
     -1.92      2.88     -2.88
     -2.88      1.92     -4.78
     -2.88      0.96     -4.78
     -0.96     -0.96     -4.78
     -0.96      0.00     -5.74
     -0.96      1.92     -4.78
     -0.96      2.88     -4.78
     -0.96      2.88     -4.78
     -0.96      1.92     -5.74
     -0.96      0.00     -5.74
      0.00     -0.96     -5.74
     -0.96     -1.92     -4.78
      0.00     -1.92     -2.88
      0.00     -1.92     -1.92
      1.92     -0.96     -1.92
      0.96      0.00     -1.92
      0.00     -0.96     -0.96
      0.00     -1.92      0.00
      0.00     -0.96      1.92
     -0.96     -0.96      2.88
     -0.96     -0.96      0.96
     -1.92     -1.92      0.96
      0.00     -2.88      1.92
     -0.96     -2.88      1.92
      0.00     -0.96      2.88
      0.00      0.96      2.88
     -0.96      1.92      2.88
     -0.96      0.00      1.92
     -0.96     -1.92      0.96
      0.96     -2.88      1.92
      0.96     -2.88      1.92
      0.96     -0.96      1.92
      0.00      0.00      1.92
      0.00      0.96      1.92
      1.92      0.96      1.92
      3.82      0.96      1.92
      1.92      0.00      1.92
      0.00      0.00      1.92
      0.00      0.00      1.92
     -0.96     -0.96      1.92
     -0.96     -1.92      1.92
      0.00     -1.92      1.92
      0.00      0.96      1.92
     -0.96      3.82      1.92
     -1.92      5.74      0.96
     -0.96      3.82      0.00
      0.00      2.88     -0.96
      0.00      2.88      0.00
      0.00      1.92      0.00
      0.00      0.96      0.00
     -0.96      0.00      0.00
     -1.92      0.00      0.00
     -1.92      0.00      0.00
     -0.96      0.96     -1.92
     -1.92      1.92     -2.88
     -0.96      1.92     -2.88
      0.00      0.96     -2.88
      0.96     -0.96     -0.96
      1.92     -1.92     -0.96
      0.96     -2.88      0.00
      0.96     -2.88     -0.96
      0.00     -2.88     -1.92
     -0.96     -1.92     -1.92
      0.00     -1.92     -1.92
     -0.96     -1.92     -0.96
     -0.96     -1.92     -0.96
     -0.96     -1.92      0.00
      0.96     -0.96      0.96
      0.96     -0.96      0.96
      0.96     -1.92      0.96
      0.96     -1.92      0.96
      0.00     -0.96      0.96
     -1.92     -0.96      0.00
     -1.92      0.00      0.96
     -1.92      0.00      1.92
     -0.96      0.00      0.96
      0.00     -0.96      1.92
      0.96     -1.92      1.92
      0.00     -1.92      0.96
      0.00     -1.92      0.00
     -1.92     -0.96      0.00
     -2.88      0.96      0.00
     -1.92      0.96      0.00
     -0.96      0.00     -0.96
      0.96      0.00     -0.96
      1.92      0.96     -0.96
      1.92      0.00      0.00
      0.96     -0.96      0.96
      0.96     -0.96      0.96
     -0.96     -0.96      0.00
     -0.96      0.00     -0.96
     -0.96      0.96     -1.92
     -0.96      1.92     -1.92
      0.00      2.88     -1.92
      0.96      2.88     -1.92
      0.00      1.92     -2.88
     -0.96      0.96     -2.88
     -1.92      0.96     -2.88
     -0.96      0.96     -1.92
      0.00      1.92     -1.92
      0.00      0.96     -1.92
     -0.96      0.96     -1.92
      0.00      0.96     -1.92
      0.00      0.00     -0.96
      0.00      0.00      0.00
      0.96     -0.96      0.96
      0.96     -0.96      0.96
      0.00      0.00      1.92
      0.00      0.96      0.96
     -1.92      0.00      0.96
     -0.96      0.00      1.92
     -0.96      0.00      1.92
      0.96     -0.96      1.92
      0.96     -1.92      1.92
      2.88     -2.88      1.92
      2.88     -2.88      1.92
      0.96     -0.96      1.92
     -0.96     -0.96      2.88
     -1.92      0.00      2.88
     -2.88      0.96      3.82
     -1.92      0.96      2.88
      0.00      0.96      1.92
      0.00      0.96      1.92
      0.00      0.00      1.92
      0.96     -0.96      0.96
     -0.96     -0.96      0.00
     -0.96     -0.96     -0.96
     -2.88     -0.96     -0.96
     -0.96     -0.96     -0.96
      0.96      0.00      0.00
      1.92      0.00      0.00
      0.96      0.00      0.00
      0.00      0.00      0.00
      0.00     -0.96     -0.96
      0.00     -0.96     -1.92
      0.00      0.00     -1.92
      0.00     -0.96     -0.96
     -0.96     -0.96      0.00
      0.00     -0.96      0.00
      0.96      0.00      0.00
      1.92      0.00      0.00
      1.92      0.00     -0.96
      0.96      0.00     -1.92
      0.00     -0.96     -2.88
     -1.92      0.00     -1.92
     -2.88      0.00     -1.92
     -4.78      1.92     -1.92
     -3.82      1.92     -0.96
     -1.92      0.96     -0.96
      0.00      0.00     -0.96
      0.00      0.00     -0.96
      0.96      0.00     -0.96
      1.92      0.96     -0.96
      1.92      0.96     -0.96
      0.00      0.00     -0.96
     -1.92     -0.96     -0.96
     -2.88     -0.96      0.00
     -1.92      0.00      0.96
     -1.92      0.00      0.96
     -0.96      0.00      1.92
      0.96      0.00      0.96
      2.88     -0.96      0.00
      2.88     -0.96      0.00
      0.96     -0.96      0.96
      0.96      0.00      0.96
     -0.96      0.00      1.92
     -0.96      0.00      2.88
      0.00     -0.96      2.88
      0.00     -2.88      3.82
      0.96     -2.88      2.88
      0.00     -0.96      1.92
      0.00      0.00      0.96
      0.00      0.00      0.00
      0.00      0.00     -0.96
      0.00      0.96     -1.92
      0.00      0.00     -0.96
      0.00      0.00      0.00
     -0.96      0.00      0.00
      0.00      0.00      0.00
     -0.96      0.00      0.00
     -0.96      0.00     -0.96
     -0.96      0.00     -1.92
     -1.92      0.00      0.00
     -0.96      0.00      0.00
      0.00      0.96      0.00
      0.96      0.00      0.00
      0.96      0.00     -0.96
      0.96      0.96     -0.96
      0.00      0.96     -0.96
     -1.92      0.96      0.00
     -1.92      0.96      0.96
     -0.96      0.96      0.96
      0.96      0.96      0.96
      1.92      0.96      0.00
      0.96      0.96     -0.96
      0.96      0.96     -1.92
      0.00      0.96     -1.92
     -1.92      1.92      0.00
     -2.88      0.96     -0.96
     -1.92      0.96      0.96
     -0.96      0.00      0.96
      0.96      0.00      0.96
      0.96      0.00      0.96
      0.00      0.96      0.00
      0.00      0.96      0.00
      0.00      0.00     -0.96
      0.00     -0.96     -0.96
      0.00     -0.96      0.00
      0.00     -1.92      0.96
      0.00     -2.88      1.92
      0.00     -3.82      1.92
      0.00     -4.78      1.92
      0.00     -3.82      0.00
      0.00     -3.82      0.00
     -0.96     -1.92      0.00
     -0.96      0.00     -1.92
     -0.96      0.00     -2.88
      0.00      0.00     -1.92
      0.00     -0.96     -1.92
      0.00     -0.96      0.00
      0.96     -0.96     -0.96
      0.00     -0.96     -0.96
      0.00     -0.96      0.00
      0.00      0.00      0.00
      0.00      0.96      0.00
     -0.96      1.92      0.00
     -0.96      2.88      0.00
     -0.96      2.88      0.96
     -0.96      1.92      0.96
     -0.96      1.92      0.96
     -0.96      0.96      0.96
     -0.96      0.96      0.00
     -0.96      0.96      0.00
     -0.96      0.96      0.00
     -0.96      0.00      0.96
      0.96      0.00      1.92
      0.96      0.00      1.92
      0.96      0.00      1.92
      0.96      0.00      0.96
      0.00      0.00      0.96
      0.00     -0.96      0.96
      0.00      0.00      0.00
      0.00      0.00      0.96
     -0.96      0.00      0.00
      0.00      0.00      0.00
      1.92      0.00      0.00
      0.96      0.00      0.00
      0.96      0.00      0.96
      0.00      0.00      1.92
     -0.96      0.00      2.88
     -1.92      0.00      1.92
     -1.92      0.00      1.92
     -2.88     -0.96      1.92
     -1.92     -0.96      0.96
     -0.96     -0.96      0.00
      0.00     -1.92      0.00
      0.00     -1.92      0.00
      0.00     -1.92     -0.96
      0.00     -1.92     -0.96
      0.96     -1.92      0.00
      0.00     -1.92      0.00
      0.00     -0.96     -0.96
      0.96     -0.96     -1.92
      0.00     -0.96     -2.88
      0.00     -0.96     -3.82
     -1.92     -0.96     -4.78
     -0.96     -0.96     -3.82
     -0.96      0.00     -2.88
      0.00      0.96     -2.88
      0.96      0.96     -2.88
      1.92      0.96     -3.82
      0.96      1.92     -2.88
      0.96      1.92     -2.88
      0.96      1.92     -1.92
      0.00      2.88     -2.88
     -0.96      2.88     -1.92
      0.00      1.92     -1.92
     -0.96      0.00      0.96
      0.00      0.00      0.96
      0.00      0.96      1.92
      0.00      0.96      1.92
      0.00      1.92      0.96
      0.00      0.96      0.96
     -0.96      0.00      0.96
     -0.96      0.00      0.96
     -0.96      0.96      1.92
     -0.96      0.00      0.00
     -0.96     -0.96      1.92
      0.00     -1.92      0.96
      0.96     -1.92      2.88
      0.96     -0.96      3.82
      0.00      0.00      3.82
      0.00     -0.96      1.92
      0.00     -0.96      0.96
      0.96      0.00      0.96
      0.96     -0.96      0.96
      0.00     -0.96      1.92
      0.00     -0.96      2.88
     -0.96     -0.96      2.88
      0.00     -0.96      2.88
     -0.96     -0.96      2.88
      0.00     -0.96      2.88
      0.00      0.00      1.92
     -0.96      0.00      1.92
      0.00      0.00      1.92
     -0.96      0.00      0.96
     -0.96     -0.96      0.96
      0.00     -0.96      0.96
     -0.96     -1.92      0.96
      0.00     -1.92      0.00
      0.00     -0.96     -0.96
      0.00     -0.96     -0.96
     -0.96      0.00     -1.92
     -0.96      0.96     -2.88
      0.00      0.96     -1.92
      0.00      0.96     -2.88
      0.00      0.96     -1.92
      0.00      0.96     -1.92
      0.00      0.00     -1.92
     -0.96      0.00     -1.92
     -0.96      0.96     -1.92
     -0.96      1.92     -2.88
      0.00      2.88     -2.88
      0.96      1.92     -1.92
      1.92      1.92     -1.92
      1.92      1.92     -0.96
      1.92      0.96      0.00
      0.96      0.00      0.00
      0.00      0.00     -0.96
     -1.92      0.96     -1.92
     -1.92      0.96     -1.92
     -2.88      0.96     -2.88
     -1.92      0.96     -2.88
      0.00      0.96     -2.88
     -0.96      0.00     -2.88
     -0.96     -0.96     -2.88
     -0.96     -1.92     -2.88
      0.00     -1.92     -1.92
      0.00     -1.92     -2.88
      0.00     -1.92     -0.96
     -0.96     -1.92     -0.96
     -1.92     -1.92      0.00
     -0.96     -1.92      0.00
     -0.96     -1.92      0.96
      0.00     -2.88      2.88
      0.00     -1.92      2.88
      0.00     -1.92      2.88
      0.96     -1.92      2.88
      0.00     -2.88      2.88
      0.00     -1.92      3.82
     -0.96     -0.96      3.82
      0.00      0.00      4.78
     -0.96      0.00      2.88
     -0.96      0.00      2.88
      0.96     -0.96      3.82
      0.96     -0.96      2.88
      0.00     -1.92      2.88
     -0.96     -0.96      1.92
     -0.96      0.00      2.88
     -0.96      0.96      1.92
     -0.96      1.92      1.92
      0.00      0.96      0.96
      0.00      1.92      0.96
      0.96      0.96      0.96
      0.96      0.96     -0.96
      0.00      0.96     -0.96
      0.00      0.96     -2.88
      0.00      0.96     -1.92
      0.00      1.92     -1.92
      0.00      2.88     -0.96
      0.00      2.88     -0.96
      0.00      1.92      0.00
      0.96      1.92      0.00
      0.96      1.92     -0.96
      0.96      1.92     -1.92
      0.96      1.92     -0.96
     -0.96      0.96     -0.96
     -0.96      0.96     -1.92
     -0.96      0.96     -1.92
     -0.96      0.96     -0.96
     -0.96      0.96     -1.92
      0.00      0.00     -1.92
      0.96     -0.96     -1.92
      0.00     -0.96     -2.88
      0.00     -1.92     -2.88
      0.00     -1.92     -1.92
      0.00     -0.96     -1.92
     -0.96      0.00     -0.96
     -1.92     -0.96      0.00
     -0.96     -0.96      0.96
      0.00     -2.88      0.00
      0.00     -3.82      0.00
      0.96     -3.82     -0.96
      0.00     -2.88     -0.96
     -0.96     -0.96      0.00
     -0.96     -1.92      0.00
      0.00     -0.96      0.96
      0.00     -0.96      1.92
     -0.96     -0.96      1.92
     -0.96     -0.96      1.92
     -0.96     -1.92      0.96
      0.00     -0.96      0.96
      0.00     -0.96      1.92
      0.00      0.00      1.92
      0.00      1.92      1.92
      0.00      1.92      1.92
     -0.96      0.96      2.88
      0.00      0.00      2.88
      0.96     -0.96      3.82
      0.00     -0.96      2.88
      0.00      0.00      1.92
      0.00      0.96      0.96
      0.00      0.96      0.96
      0.00      0.96      0.00
      0.00      0.00     -0.96
      0.00     -0.96      0.00
      0.00     -0.96      0.00
      0.00      0.00      0.00
      0.96     -0.96     -0.96
      0.96     -0.96     -0.96
      1.92      0.00     -0.96
      0.96      0.00     -0.96
      0.96      1.92     -0.96
      0.00      1.92     -0.96
     -0.96      2.88      0.00
     -0.96      1.92     -0.96
     -0.96      0.00     -1.92
      0.00      0.00     -1.92
      0.00     -0.96     -1.92
      0.96      0.00     -0.96
      0.00      0.96     -0.96
     -0.96      1.92      0.00
     -0.96      0.96      0.00
     -2.88      0.96      0.00
     -2.88      0.96      0.00
     -2.88      0.00     -0.96
     -0.96      0.00     -0.96
      0.96      0.00     -0.96
      0.96     -0.96     -1.92
      0.96     -0.96     -0.96
      0.96     -0.96      0.00
      0.00     -0.96      0.00
     -0.96      0.96      0.96
     -0.96      0.00      0.00
      0.96      0.00      0.00
      0.00      0.00     -0.96
      0.00      0.00     -0.96
      0.00      1.92     -1.92
      0.96      0.96     -0.96
      0.96      1.92     -0.96
      0.00      0.96     -0.96
      0.00      0.00      0.00
      0.00     -0.96      0.00
      0.00      0.00      0.00
      0.00      0.00      0.00
      0.00      0.00      0.96
      0.00     -0.96      0.96
     -0.96     -0.96      0.96
     -0.96     -1.92      0.96
     -1.92     -1.92      1.92
     -0.96     -1.92      1.92
     -0.96     -1.92      1.92
     -0.96     -1.92      2.88
      0.00     -1.92      1.92
      0.00     -1.92      1.92
      0.96     -2.88      1.92
      1.92     -2.88      1.92
      0.96     -2.88      1.92
      0.96     -1.92      0.96
      0.00     -1.92      1.92
      0.00     -0.96      0.00
     -0.96     -0.96      0.00
      0.00     -0.96      0.00
      0.00     -0.96      0.00
      0.00      0.00      0.96
      0.00      0.96      0.00
      0.96      0.96     -0.96
      0.00      0.00     -0.96
     -0.96      0.96     -1.92
     -0.96      1.92     -0.96
     -1.92      1.92      0.00
     -0.96      1.92      0.96
      0.00      2.88      0.96
      0.00      2.88      0.00
      0.96      1.92     -0.96
      0.96      1.92     -1.92
      0.96      1.92     -1.92
      0.96      1.92     -1.92
      0.00      0.96     -1.92
      0.00      0.96     -0.96
      0.00      0.00     -1.92
      0.00      0.00     -1.92
      0.00      0.00     -0.96
     -0.96      0.00     -0.96
     -0.96      0.00     -0.96
     -0.96      1.92     -1.92
     -0.96      0.96     -2.88
     -0.96      0.96     -2.88
      0.00      0.96     -2.88
      0.00      0.00     -2.88
      0.00      0.00     -1.92
      0.00     -0.96     -0.96
     -1.92     -0.96      0.00
     -1.92     -0.96      0.00
     -1.92     -0.96      0.96
     -0.96     -0.96      1.92
     -0.96     -0.96      2.88
      0.96     -0.96      2.88
      1.92     -0.96      2.88
      0.96     -1.92      1.92
      0.96     -1.92      1.92
      0.00     -1.92      1.92
     -0.96     -0.96      2.88
     -0.96     -1.92      2.88
     -0.96     -2.88      3.82
      0.00     -2.88      4.78
      0.96     -2.88      3.82
      0.96     -1.92      2.88
      0.96     -1.92      1.92
      0.00     -1.92      0.96
      0.00     -1.92      0.00
      0.00     -0.96      0.00
      0.00     -0.96      1.92
     -0.96      0.00      0.96
     -0.96      0.96      1.92
     -0.96      0.96      0.96
     -0.96      0.96      0.96
     -0.96      0.96      0.00
     -0.96      1.92      0.00
     -0.96      1.92     -0.96
      0.00      1.92     -1.92
      0.96      1.92     -1.92
      0.96      1.92     -1.92
      0.96      1.92     -1.92
      0.96      1.92     -1.92
      0.00      1.92     -1.92
      0.00      0.96     -1.92
      0.00      0.96     -2.88
     -0.96      0.96     -2.88
     -1.92      0.96     -2.88
     -2.88      1.92     -3.82
     -1.92      0.96     -2.88
     -1.92      0.96     -2.88
      0.00      0.96     -1.92
      0.96     -0.96     -1.92
      0.96     -0.96     -0.96
      0.96     -0.96     -0.96
      0.96     -0.96     -0.96
     -0.96     -0.96      0.00
     -0.96      0.00      0.00
     -1.92      0.00      0.00
     -2.88      0.96      0.00
     -1.92      0.00      0.96
     -0.96     -0.96      0.96
      0.00     -0.96      0.96
      0.96     -0.96      0.96
      0.96     -0.96      0.00
      0.00     -0.96      0.00
      0.96     -1.92     -0.96
      0.00     -1.92      0.00
     -0.96     -0.96      0.96
     -0.96      0.00      1.92
      0.00     -0.96      2.88
      0.96     -0.96      2.88
      1.92     -1.92      2.88
      1.92     -1.92      2.88
      0.96     -1.92      1.92
      0.96     -0.96      1.92
      0.00     -0.96      0.96
     -0.96      0.00      0.96
     -0.96      0.00      0.96
     -0.96      0.00      1.92
      0.00      0.96      1.92
      0.00      0.96      1.92
      0.00      0.00      1.92
     -0.96      0.00      1.92
     -1.92      0.00      0.96
     -0.96      0.96      0.96
     -0.96      0.96      0.96
     -0.96      0.96      0.96
     -0.96      1.92      0.96
      0.00      0.96      0.00
      0.00      1.92      0.00
     -0.96      0.96     -0.96
     -0.96      0.96     -0.96
     -0.96      0.96     -1.92
     -0.96      1.92     -1.92
      0.00      1.92     -1.92
      0.00      1.92     -1.92
      0.96      1.92     -1.92
      0.00      0.96     -1.92
      0.96      0.00     -1.92
      0.00      0.00     -1.92
      0.96     -0.96     -1.92
      0.96      0.00     -2.88
      0.96      0.00     -2.88
      0.00     -0.96     -2.88
      0.00     -0.96     -2.88
     -0.96     -0.96     -1.92
     -0.96      0.00     -1.92
     -0.96      0.00     -1.92
     -0.96      0.00     -1.92
     -0.96     -1.92     -0.96
      0.00     -1.92     -1.92
     -0.96     -2.88      0.00
     -0.96     -1.92      0.00
     -0.96      0.00      0.00
     -0.96      0.00      0.96
      0.96     -0.96      0.96
      0.00     -0.96      0.96
      0.96     -0.96      0.96
      0.00     -0.96      0.96
      0.00     -0.96      1.92
      0.00     -0.96      0.96
     -0.96     -0.96      1.92
     -0.96     -0.96      0.96
     -0.96      0.00      0.96
     -0.96      0.00      0.96
      0.00     -0.96      1.92
      0.00      0.00      1.92
      0.00      0.00      1.92
      0.00     -0.96      1.92
      0.00      0.00      1.92
     -0.96      0.00      0.96
      0.00      0.96      0.96
      0.00      0.96      1.92
      0.00      0.96      1.92
      0.00      1.92      0.96
     -0.96      2.88      0.96
      0.96      1.92      1.92
      0.00      1.92      1.92
      0.00      1.92      1.92
      0.00      0.96      1.92
      0.00      0.00      0.96
      0.00      0.00      0.96
      0.00      0.00      0.00
      0.00      0.96      0.00
     -0.96      1.92     -0.96
     -0.96      1.92     -0.96
     -0.96      1.92     -1.92
     -0.96      0.96     -1.92
     -0.96      0.00     -1.92
      0.00     -0.96     -1.92
      0.00     -1.92     -1.92
      0.00     -1.92     -1.92
      0.00     -1.92     -1.92
      0.00     -1.92     -1.92
      0.00     -0.96     -2.88
      0.96     -0.96     -2.88
      0.00     -0.96     -1.92
      0.00     -1.92     -1.92
      0.00     -2.88     -1.92
      0.00     -2.88     -1.92
     -0.96     -2.88     -0.96
     -0.96     -0.96     -0.96
      0.00      0.00     -0.96
     -0.96      0.00     -0.96
      0.00      0.96      0.00
      0.00     -0.96      0.00
      0.00     -0.96      1.92
     -0.96     -1.92      1.92
     -0.96     -1.92      1.92
     -0.96     -1.92      2.88
     -0.96      0.00      2.88
     -0.96      0.00      2.88
     -0.96      0.96      1.92
     -0.96      1.92      1.92
     -0.96      1.92      0.96
     -0.96      0.96      0.96
      0.96      0.00      0.96
      0.00      0.00      0.96
      0.00      0.00      0.00
      0.00      0.96      0.00
      0.00      0.96      0.00
      0.00      0.96      0.00
     -0.96      0.96     -0.96
     -0.96      1.92      0.96
      0.00      1.92      0.00
      0.00      0.00      0.00
      0.96     -0.96      0.00
      0.00     -0.96      0.00
      0.00     -0.96      0.96
      0.00      0.00      0.96
      0.00      0.96      0.96
      0.00      0.96      0.96
      0.00      0.00      0.96
      1.92     -0.96      0.00
      0.96     -1.92      0.00
      0.00     -1.92     -0.96
     -0.96     -1.92      0.00
     -0.96     -1.92     -0.96
     -0.96     -1.92     -1.92
     -0.96     -1.92     -1.92
      0.96     -1.92     -1.92
      0.00     -1.92     -1.92
      0.96     -0.96     -0.96
      0.00      0.00     -1.92
     -0.96      0.00     -1.92
     -0.96      0.00     -2.88
     -0.96      0.00     -1.92
      0.00      0.00     -1.92
     -0.96      0.00     -1.92
     -0.96      0.00     -0.96
      0.00      0.96     -0.96
      0.00      0.96      0.00
      0.00      0.96      0.00
      0.00      0.96      0.96
     -0.96      0.96      1.92
     -1.92      0.96      1.92
     -1.92      0.96      1.92
     -0.96      0.96      1.92
      0.00      0.96      1.92
      0.96      0.00      1.92
      0.00      0.00      1.92
      0.00      0.00      1.92
      0.00      0.00      0.96
      0.00      0.00      1.92
     -0.96      0.96      0.96
     -0.96      0.96      0.96
      0.00      0.00      0.96
      0.96      0.00      0.96
      0.96     -0.96      0.96
      0.96      0.00      1.92
      0.96     -0.96      0.96
      0.00      0.00      0.00
     -0.96      0.00     -0.96
      0.00      0.00      0.00
     -0.96     -0.96      0.00
      0.00      0.00      0.00
      0.96      0.00      0.00
      0.96     -0.96      0.00
      0.00      0.00     -0.96
      0.00     -0.96      0.00
      0.00     -0.96      0.00
     -0.96     -0.96      0.00
     -0.96     -0.96      0.00
      0.00     -0.96      0.00
      0.00     -0.96      0.00
      0.00     -0.96      0.00
     -1.92     -0.96     -0.96
     -1.92     -0.96     -0.96
     -1.92     -0.96     -0.96
     -1.92      0.00     -1.92
     -0.96      0.00     -1.92
     -0.96     -0.96     -1.92
     -0.96      0.00     -1.92
     -0.96      0.00     -1.92
     -0.96      0.00      0.00
      0.00      0.00     -0.96
      0.00      0.00      0.00
      0.00      0.00      0.96
      0.96      0.00      0.96
      1.92      0.00      0.96
      0.00      0.96      0.96
      0.00      0.96      0.96
      0.00      0.96      0.96
      0.00      0.96      0.96
      0.00      0.96      0.96
      0.00      1.92      0.96
      0.00      1.92      0.96
      0.00      0.96      0.00
      0.00      0.96      0.00
      0.00      0.96     -0.96
      0.00      0.00      0.00
      0.00      0.00      0.00
     -0.96      0.96      0.00
      0.00      0.96      0.00
      0.00      0.00     -0.96
      0.96      0.00     -0.96
      0.96     -0.96      0.00
      0.96     -0.96      0.00
      0.00      0.00      0.00
      0.00      0.00      1.92
     -0.96     -0.96      0.96
     -0.96      0.00      0.96
     -0.96     -0.96      0.96
      0.00      0.00      1.92
      0.00     -0.96      1.92
      0.00     -0.96      2.88
      0.00     -1.92      2.88
      0.00     -0.96      1.92
      0.00     -1.92      1.92
     -0.96     -1.92      0.96
     -0.96     -0.96      0.96
     -0.96     -0.96      0.96
      0.00      0.00      0.00
     -0.96      0.00     -1.92
      0.00      0.00     -0.96
      0.00      0.00     -1.92
     -0.96      0.00     -1.92
      0.00      0.00     -1.92
     -1.92      0.00     -1.92
     -0.96     -0.96     -0.96
     -0.96      0.00     -1.92
     -0.96      0.00     -1.92
      0.00      0.96     -1.92
     -0.96      0.96     -1.92
     -0.96      0.00     -0.96
     -0.96      0.00      0.00
      0.00      0.00      0.00
      0.96      0.00      0.00
      0.96      0.00      0.96
      0.96      0.00      0.00
      0.00      0.00      0.00
      0.00      0.00      0.00
      0.00      0.96      0.00
      0.00      0.00      0.96
      0.96      0.96      0.96
      0.00      0.00      0.00
      0.00      0.00      0.96
      0.00      0.00      0.00
      0.00      0.00      0.00
      0.96      0.96      0.96
      0.00      0.96      0.00
      0.00      0.96      0.00
     -0.96      0.96      0.00
     -0.96      0.96      0.00
      0.00      0.96      0.00
      0.00      0.96      0.00
      0.00      0.00      0.96
     -0.96      0.00      0.00
     -0.96      0.00      0.00
     -0.96      0.00      0.00
     -0.96      0.00      0.96
      0.00     -0.96      1.92
      0.00     -0.96      0.96
      0.00     -0.96      0.96
      0.00     -1.92      0.00
      0.00     -0.96      0.00
      0.00     -0.96      0.00
      0.00      0.00      0.00
     -0.96      0.00      0.00
     -0.96     -0.96      0.96
      0.00     -0.96      1.92
     -0.96     -0.96      1.92
     -0.96     -0.96      1.92
     -0.96     -0.96      0.96
     -0.96      0.00      0.00
      0.00      0.00      0.00
      0.00      0.96      0.00
      0.96      0.96      0.00
      0.00      0.00      0.00
      0.00      0.00      0.00
      0.00      0.00     -0.96
      0.00     -0.96     -0.96
      0.00      0.00     -0.96
      0.00      0.00     -0.96
      0.00      0.00      0.00
     -0.96      0.00     -0.96
     -0.96      0.00      0.00
     -0.96      0.00      0.00
      0.00      0.00     -0.96
      0.00      0.00     -1.92
      0.00      0.00     -1.92
      0.00     -0.96     -1.92
      0.00      0.00     -1.92
      0.96      0.96     -1.92
      0.00      0.96     -0.96
     -0.96      0.96      0.00
      0.00      0.96      0.00
     -0.96      0.00      0.00
      0.00      0.00      0.00
      0.00      0.00      0.96
      0.00      0.00      0.00
      0.00      0.00      0.00
      0.00      0.00      0.00
     -0.96      0.00      0.00
     -0.96      0.00      0.96
     -0.96      0.00      0.96
      0.00      0.00      0.00
      0.00      0.00      0.00
     -0.96      0.00      0.96
     -0.96     -0.96      0.00
      0.00     -0.96      0.96
     -0.96     -0.96      0.96
     -0.96     -0.96      1.92
      0.00     -0.96      1.92
      0.96     -0.96      1.92
      0.00     -0.96      1.92
      0.00      0.00      1.92
      0.96      0.00      1.92
      0.00     -0.96      1.92
      0.96      0.00      1.92
      0.00      0.00      0.96
      0.00      0.00      0.96
     -0.96      0.00      0.96
     -1.92      0.00      0.00
     -0.96      0.00      0.00
     -0.96      0.00      0.00
     -0.96      0.00      0.00
      0.00      0.96     -0.96
      0.00      0.96     -0.96
      0.96      0.96     -0.96
     -0.96      0.96     -1.92
      0.00      0.00     -0.96
      0.00      0.00     -1.92
     -0.96      0.00     -1.92
      0.00      0.00     -2.88
      0.00      0.96     -3.82
      0.00      0.96     -3.82
      0.00      0.96     -2.88
      0.00      0.96     -2.88
      0.96      0.96     -1.92
      0.96      0.00     -1.92
      0.00     -0.96     -1.92
     -0.96     -0.96     -0.96
     -0.96     -1.92      0.00
     -0.96     -0.96      0.00
     -0.96      0.00      0.00
     -0.96      0.00      0.00
      0.00      0.00      0.00
      0.00     -0.96      0.96
     -0.96     -0.96      0.96
     -0.96      0.00      0.96
     -0.96     -0.96      0.96
      0.00     -0.96      0.96
      0.96     -0.96      0.96
      0.00     -0.96      0.96
      0.00     -0.96      0.96
      0.00      0.00      0.96
      0.00      0.00      0.96
      0.96      0.00      0.96
      0.00      0.00      0.96
      0.00      0.00      0.96
      0.00      0.00      0.96
     -0.96      0.00      0.96
     -0.96      0.00      0.00
     -0.96      0.00      0.00
     -0.96      0.00      0.00
     -0.96      0.00      0.00
      0.00      0.00      0.00
      0.00      0.00      0.00
      0.00      0.00      0.96
      0.00      0.00      0.00
     -0.96      0.00      0.96
      0.00      0.00      0.00
      0.00      0.00      0.96
      0.00      0.00      0.96
     -0.96      0.00      0.96
      0.00      0.96      1.92
      0.96      0.96      0.96
      0.00      1.92      0.00
     -0.96      0.96      0.00
      0.00      0.96     -0.96
      0.00      0.96     -0.96
      0.00      0.00      0.00
      0.00      0.00      0.00
      0.00     -0.96      0.00
      0.00      0.00      0.00
      0.00      0.00      0.00
     -0.96     -0.96     -0.96
      0.00     -0.96     -0.96
      0.00     -1.92     -1.92
      0.00     -0.96     -1.92
      0.00     -0.96     -1.92
      0.00     -0.96     -0.96
      0.00     -1.92     -0.96
     -0.96     -0.96     -0.96
     -0.96     -1.92      0.00
      0.00     -1.92      0.00
     -0.96     -0.96      0.00
     -0.96     -0.96     -0.96
      0.00     -0.96     -0.96
      0.00     -0.96     -0.96
      0.96     -0.96     -1.92
      0.00      0.00     -0.96
      0.00      0.00      0.00
      0.00     -0.96      0.96
     -0.96      0.00      0.96
     -1.92      0.00      0.96
     -1.92      0.96      0.96
      0.00      1.92      0.00
      0.00      1.92      0.00
      0.96      1.92      0.00
      0.96      0.96      0.00
      0.96      0.96      0.96
      0.00      0.96      0.96
      0.00      0.00      1.92
     -0.96      0.96      1.92
     -1.92      0.96      1.92
     -0.96      0.96      1.92
     -0.96      0.96      0.96
      0.00      0.96      1.92
      0.00      0.96      0.96
      0.00      0.96      1.92
      0.96     -0.96      0.96
      0.00      0.00      0.00
      0.00     -0.96      0.00
      0.00     -0.96      0.00
      0.00     -0.96      0.00
      0.00      0.00      0.00
     -0.96     -0.96     -0.96
      0.00      0.00     -1.92
     -0.96      0.00     -1.92
      0.00     -0.96     -0.96
     -0.96     -0.96     -1.92
      0.00      0.00     -0.96
      0.00     -1.92     -1.92
      0.96     -1.92     -1.92
      0.00     -1.92     -1.92
     -0.96     -1.92     -0.96
     -0.96     -0.96      0.00
     -0.96      0.00      0.00
     -0.96     -0.96      0.00
      0.00     -1.92      0.00
      0.00     -1.92      0.00
      0.00     -1.92      0.00
      0.00     -0.96      0.96
      0.00      0.00      0.96
      0.00      0.00      0.96
      0.00      0.00      0.96
      0.96      0.00      0.96
      0.00      0.96      1.92
     -0.96      0.96      0.96
     -1.92      0.96      0.96
     -0.96      1.92      0.96
      0.00      0.96     -0.96
      0.00      0.96     -0.96
      0.00      1.92      0.00
      0.00      1.92      0.00
      0.96      1.92      0.96
      0.00      1.92      0.00
      0.00      1.92      0.00
      0.00      1.92      0.00
     -0.96      1.92     -0.96
      0.00      1.92     -0.96
     -0.96      1.92     -0.96
      0.00      0.96      0.00
      0.96     -0.96      0.96
      0.96     -0.96      1.92
      0.96     -0.96      0.96
      0.00     -0.96      0.00
      0.00     -0.96      0.96
     -0.96     -1.92      0.00
      0.00     -1.92      0.00
      0.00     -1.92     -0.96
     -0.96     -0.96      0.00
      0.00     -1.92     -0.96
      0.00     -1.92      0.00
      0.96     -0.96      0.00
      0.96     -1.92     -0.96
      0.96     -1.92     -0.96
      0.96     -1.92     -0.96
     -0.96     -1.92     -0.96
     -1.92     -0.96      0.00
     -1.92     -0.96      0.00
     -0.96      0.00      0.00
      0.00      0.00      0.00
      0.00      0.00      0.00
      0.00      0.00      0.00
      0.00      0.96      0.00
     -0.96      0.96     -0.96
     -0.96      0.96     -0.96
     -0.96      0.96     -0.96
     -0.96      0.00     -0.96
      0.00      0.00      0.96
      0.00      0.96      0.96
      0.00      0.96      0.96
      0.96      0.96      0.96
      0.96      0.96      0.96
      0.96      0.96      0.96
      0.00      0.96      0.96
     -0.96      0.96      0.96
     -0.96      0.00      0.00
     -1.92      0.00      0.96
     -0.96      0.00      0.00
     -0.96      0.96      0.00
     -0.96      0.00      0.00
      0.96      0.96      0.00
      0.00      0.00      0.00
      0.00     -0.96      0.00
     -0.96     -0.96      0.00
      0.00     -0.96      0.96
      0.00      0.00      0.96
      0.00      0.00      0.96
      0.00     -0.96      0.00
      0.00     -0.96      0.00
      0.96      0.00      0.00
      0.00      0.00      0.00
      0.00      0.00      0.00
      0.00     -0.96      0.00
      0.00     -0.96      0.00
