**************************************************************************************
                       INSTITUTO DE INGENIERIA, UNAM
                  Coordinacion de Instrumentacion Sismica
  Ciudad Universitaria, Apartado Postal 70-472, Coyoacan 04510, Mexico, D.F.
 Tel.(52-5)622-3414    Fax.(52-5)616-1514    e-mail: isismica@pumas.iingen.unam.mx
**************************************************************************************
ARCHIVO ESTANDAR DE ACELERACION:
VERSION DEL FORMATO                    : 2.0
NOMBRE DEL ARCHIVO                     : ACAC9911.191
FECHA Y HORA DE CREACION               : Tue Apr 11 17:48:49 2000
REF. CATALOGO ACELEROGRAMAS, SMIS 1995 : REGISTRO NO.      /PAG.    


================================================================================
DATOS DE LA ESTACION:
NOMBRE DE LA ESTACION                  : ACAPULCO CENTRO CULTURAL
CLAVE DE LA ESTACION                   : ACAC
LOCALIZACION DE LA ESTACION            : AV. COSTERA MIGUEL ALEMAN CERCA DE LA PLAYA DE
                                       : ICACOS, EN EL CENTRO CULTURAL GUERRERENSE, A 300M
                                       : DEL CICI. ACAPULCO, GUERRERO. 
                                       : 
                                       : 
COORDENADAS DE LA ESTACION             : 16.84851 LAT. N
                                       : 99.85157 LONG. W
ALTITUD (msnm)                         : 13
TIPO DE SUELO                          : ARENA - LIMO - ARCILLA
                                       : 
                                       : 
INSTITUCION RESPONSABLE                : INSTITUTO DE INGENIERIA UNAM 
                                       : 

================================================================================
DATOS DEL ACELEROGRAFO: 
MODELO DEL ACELEROGRAFO                : DCA-333
NUMERO DE SERIE DEL ACELEROGRAFO       : 112
NUMERO DE CANALES                      : 3
ORIENTACION C1-C6 (rumbo;orientacion)  : /V/N90E/N00E
ORIENTACION C7-C12 (rumbo;orientacion) :
VEL. DE MUESTREO, C1-C6 (muestras/s)   : /100/100/100
VEL. DE MUESTREO, C7-C12 (muestras/s)  :
ESC. COMPLETA DE SENSORES, C1-C6, (g)  : /2/2/2
ESC. COMPLETA DE SENSORES, C7-C12 (g)  :
FREC. NAT. DE SENSORES, C1-C6, (Hz)    : /30.5/30.0/31.0
FREC. NAT. DE SENSORES, C7-C12 (Hz)    :
AMORTIGUAMIENTO DE SENSORES, C1-C6     : /0.70/0.70/0.70
AMORTIGUAMIENTO DE SENSORES, C7-C12    :
INTERVALO DE MUESTREO, C1-C6 (s)       : /0.01/0.01/0.01
INTERVALO DE MUESTREO, C7-C12 (s)      :
UMBRAL DE DISPARO, C1-C6 (Gal)         : /8/8/8
UMBRAL DE DISPARO, C7-C12 (Gal)        :
MEMORIA DE PREEVENTO (s)               : 4
TIEMPO DE POSEVENTO (s)                : 15


================================================================================
DATOS DEL SISMO:
FECHA DEL SISMO [GMT]                  : 1999/11/19
HORA EPICENTRO (GMT)                   : 04:56:29.5
MAGNITUD(ES)                           : /Mc=4.4
COORDENADAS DEL EPICENTRO              : 16.56 LAT. N
                                       : 99.69 LONG. W
PROFUNDIDAD FOCAL (Km)                 : 15
FUENTE DE LOS DATOS EPICENTRALES       : Instituto de Geofisica, UNAM
                                       : SSN

================================================================================
DATOS DE ESTE REGISTRO:
HORA DE LA PRIMERA MUESTRA (GMT)       : 04:56:41    
EXACTITUD DEL TIEMPO (s)               : 0.5  
DURACION DEL REGISTRO (s), C1-C6       : /14.43/14.43/14.43                      
DURACION DEL REGISTRO (s), C7-C12      : 
NUM. TOTAL DE MUESTRAS, C1-C6          : /1443/1443/1443                       
NUM. TOTAL DE MUESTRAS, C7-C12         : 
ACEL. MAX.(Gal), C1-C6                 : /-6.11/9.56/-6.70                     
ACEL. MAX., C1-C6, EN LA MUESTRA       : /320/325/409                          
ACEL. MAX.(Gal), C7-C12                : 
ACEL. MAX., C7-C12,EN LA MUESTRA       : 
UNIDADES DE LOS DATOS                  : Gal (cm/s/s)
FACTOR DE DECIMACION                   : 1
FORMATO DATOS (FORTRAN,10 campos/dato) : 3F10.2


================================================================================
CALIDAD DEL ACELEROGRAMA:
REGISTRO DIGITAL COMPLETO, CON TIEMPO ABSOLUTO CORRECTO.


================================================================================
COMENTARIOS:














================================================================================
DATOS DE ACELERACION:
---------+---------+---------+---------+---------+---------+---------+---------+
   CANAL-1   CANAL-2   CANAL-3
         V      N90E      N00E
---------+---------+---------+---------+---------+---------+---------+---------+
     -0.37     -0.01     -0.00
     -0.37     -0.01     -0.00
     -0.37     -0.01     -0.00
     -0.37     -0.01     -0.00
     -0.37     -0.01     -0.00
     -0.37     -0.01     -0.00
     -0.37     -0.01     -0.00
      0.59     -0.01     -0.00
      0.59     -0.01     -0.00
     -0.37     -0.01     -0.00
     -0.37     -0.01     -0.00
     -0.37     -0.01     -0.00
     -0.37     -0.01      0.96
      0.59      0.95     -0.00
      0.59     -0.01     -0.00
      0.59     -0.97     -0.96
     -0.37     -0.01     -0.00
     -0.37     -0.01     -0.00
      0.59     -0.01     -0.00
      0.59     -0.01     -0.00
      0.59      0.95     -0.00
     -0.37      0.95     -0.00
     -0.37     -0.01     -0.00
      0.59     -0.01     -0.00
      0.59     -0.01      0.96
      0.59     -0.01     -0.00
     -0.37     -0.01     -0.96
     -0.37     -0.01     -0.00
     -0.37     -0.01     -0.00
      0.59     -0.01     -0.00
      0.59     -0.01      0.96
     -0.37     -0.01     -0.96
     -0.37     -0.01     -0.00
     -0.37     -0.01     -0.00
     -0.37     -0.01     -0.00
      0.59     -0.97     -0.00
      0.59     -0.97     -0.00
      0.59     -0.01     -0.00
      0.59     -0.01     -0.00
      0.59     -0.01     -0.00
      0.59      0.95     -0.00
     -2.28     -0.01     -0.00
     -0.37     -0.01     -0.00
     -0.37     -0.97     -0.00
      0.59     -0.01     -0.00
      0.59     -0.01     -0.00
      0.59     -0.01     -0.00
      0.59      0.95     -0.96
     -0.37     -0.01     -0.00
     -0.37     -0.01     -0.00
     -0.37     -0.01     -0.00
      0.59     -0.01     -0.00
     -0.37     -0.01     -0.00
     -0.37     -0.01     -0.00
     -0.37     -0.97     -0.00
     -0.37     -0.01     -0.00
     -0.37     -0.01     -0.00
     -0.37     -0.97     -0.00
     -0.37     -0.01     -0.00
      0.59     -0.01     -0.00
      0.59     -0.01     -0.00
      0.59     -0.01      0.96
     -0.37     -0.01     -0.00
     -0.37     -0.01     -0.00
     -0.37     -0.01     -0.00
     -0.37     -0.01     -0.00
     -0.37      0.95     -0.00
      0.59     -0.01     -0.00
      0.59     -0.01      0.96
      0.59     -0.01     -0.00
      0.59     -0.01     -0.96
     -0.37      0.95     -0.00
     -0.37     -0.01     -0.00
     -0.37     -0.01     -0.00
     -0.37     -0.01     -0.96
      0.59     -0.01     -0.00
     -1.33     -0.01     -0.00
     -0.37     -0.01     -0.00
     -0.37     -0.01     -0.00
      0.59     -0.97     -0.00
     -0.37     -0.01     -0.00
     -0.37     -0.01     -0.00
     -0.37     -0.01     -0.00
     -0.37     -0.01     -0.00
      0.59     -0.01     -0.00
      0.59     -0.01     -0.00
     -0.37     -0.01     -0.00
     -0.37     -0.01     -0.00
     -0.37     -0.01     -0.00
      0.59     -0.01     -0.00
     -0.37     -0.01     -0.00
      0.59     -0.01     -0.00
     -0.37     -0.01     -0.00
     -0.37      0.95      0.96
      0.59      0.95     -0.00
     -0.37     -0.01     -0.00
     -0.37     -0.01     -0.00
     -0.37     -0.01     -0.00
     -0.37     -0.01     -0.00
      0.59     -0.01     -0.00
      0.59     -0.01     -0.00
      0.59     -0.01     -0.00
     -0.37     -0.97     -0.00
     -0.37     -0.01     -0.00
     -0.37     -0.01     -0.00
     -0.37     -0.01     -0.00
     -0.37     -0.01     -0.00
     -0.37     -0.01     -0.00
      0.59     -0.97     -0.00
      0.59     -0.01     -0.00
      0.59     -0.01     -0.00
      0.59     -0.01      0.96
     -0.37     -0.01     -0.00
     -0.37     -0.01     -0.00
      0.59     -0.01     -0.00
     -0.37     -0.01     -0.00
     -0.37     -0.01     -0.00
     -0.37     -0.01     -0.00
      0.59     -0.01     -0.00
     -0.37     -0.01     -0.00
     -0.37     -0.01     -0.00
     -0.37      0.95     -0.00
      0.59     -0.01     -0.00
     -0.37     -0.01     -0.00
      0.59     -0.01     -0.00
     -0.37     -0.01     -0.00
     -0.37     -0.01     -0.00
     -0.37     -0.01     -0.00
     -1.33     -0.01     -0.00
     -0.37      0.95     -0.00
      0.59     -0.01     -0.00
      0.59     -0.97     -0.00
      0.59     -0.97     -0.00
     -0.37     -0.97     -0.00
     -0.37     -0.01      0.96
     -0.37     -0.01     -0.00
     -0.37     -0.01     -0.00
     -0.37     -0.01     -0.00
      0.59     -0.01     -0.00
      0.59     -0.01     -0.00
      0.59     -0.01     -0.00
     -0.37     -0.01     -0.00
     -0.37     -0.01     -0.00
     -0.37     -0.01     -0.00
     -0.37     -0.01     -0.00
      0.59      0.95     -0.00
      0.59     -0.01     -0.00
      0.59     -0.01     -0.00
     -0.37     -0.01     -0.00
      0.59     -0.01     -0.00
     -0.37     -0.01     -0.00
      0.59     -0.01     -0.00
     -0.37     -0.97     -0.00
     -0.37     -0.01     -0.00
     -0.37     -0.01     -0.00
     -0.37     -0.01     -0.00
     -0.37      0.95     -0.00
     -0.37     -0.01     -0.96
     -0.37     -0.01     -0.00
      0.59     -0.01     -0.00
      0.59     -0.01     -0.00
      0.59     -0.01     -0.96
     -0.37     -0.01     -0.00
     -0.37     -0.01     -0.00
      0.59     -0.01     -0.00
      0.59     -0.01     -0.00
      0.59     -0.01     -0.00
      0.59     -0.01     -0.00
     -0.37     -0.01     -0.96
     -0.37     -0.01     -0.00
     -0.37     -0.01     -0.00
     -0.37     -0.01     -0.00
     -0.37     -0.01     -0.00
      0.59     -0.01     -0.00
      0.59     -0.01     -0.00
      0.59     -0.01     -0.00
     -0.37     -0.01     -0.00
     -0.37     -0.01     -0.00
      0.59     -0.01     -0.00
      0.59     -0.01     -0.00
     -0.37     -0.01     -0.00
     -0.37     -0.01     -0.00
     -0.37     -0.01     -0.00
     -0.37     -0.01     -0.00
     -0.37      0.95     -0.00
      0.59     -0.01     -0.00
     -0.37     -0.01      0.96
     -0.37     -0.01     -0.00
     -0.37     -0.01      0.96
      0.59     -0.01     -0.00
      0.59     -0.01     -0.00
      0.59     -0.01     -0.00
     -0.37     -0.01     -0.00
     -0.37     -0.01     -0.00
      0.59     -0.01     -0.00
      1.54     -0.01     -0.00
      1.54      0.95     -0.00
     -0.37     -0.01     -0.00
     -0.37     -0.01     -0.00
     -0.37     -0.01     -0.00
     -0.37     -0.01     -0.00
     -0.37      0.95     -0.00
      0.59      0.95     -0.00
      0.59     -0.01     -0.00
      0.59     -0.01     -0.00
     -0.37     -0.01     -0.00
     -1.33     -0.01     -0.00
     -0.37     -0.01     -0.00
     -0.37     -0.01     -0.00
      0.59     -0.01     -0.00
     -0.37     -0.01     -0.00
     -0.37     -0.01     -0.00
      0.59     -0.01      0.96
      1.54     -0.01     -0.00
      0.59     -0.01     -0.00
     -0.37     -0.01     -0.00
     -0.37     -0.01     -0.00
     -0.37     -0.01     -0.00
     -0.37     -0.01     -0.00
      0.59     -0.01     -0.00
     -0.37     -0.01     -0.00
     -0.37     -0.01     -0.00
     -0.37      0.95     -0.00
     -0.37     -0.01     -0.00
      0.59     -0.01     -0.00
      0.59     -0.97     -0.00
      0.59     -0.97     -0.00
      0.59     -0.01     -0.00
     -0.37     -0.01     -0.00
     -1.33     -0.01     -0.00
     -0.37      0.95     -0.00
      0.59     -0.01     -0.00
      0.59     -0.01     -0.00
      1.54     -0.01     -0.00
      0.59     -0.01     -0.00
      0.59     -0.01     -0.00
     -0.37     -0.01     -0.00
     -0.37     -0.01     -0.00
     -0.37     -0.01      0.96
     -0.37     -0.01     -0.00
     -0.37     -0.01     -0.00
     -0.37     -0.01     -0.00
      0.59     -0.01     -0.00
      0.59     -0.97      0.96
      0.59     -0.97     -0.00
     -0.37     -0.01     -0.00
     -0.37     -0.01     -0.00
     -0.37     -0.01     -0.00
     -0.37     -0.01     -0.00
      0.59     -0.01     -0.00
     -0.37     -0.97     -0.00
     -0.37      0.95     -0.00
     -0.37     -0.01     -0.00
     -0.37     -0.97     -0.00
     -0.37     -0.01     -0.00
     -1.33     -0.01     -0.00
      0.59     -0.01     -0.00
      1.54     -0.01     -0.00
      1.54     -0.01     -0.00
      0.59      0.95     -0.00
     -0.37     -0.01      0.96
     -0.37     -0.01      0.96
     -0.37     -0.01      0.96
     -0.37     -0.01     -0.00
     -0.37     -0.01     -0.00
      0.59     -0.01     -0.00
      1.54     -0.01     -0.00
      0.59     -0.01     -0.00
     -0.37      0.95     -0.00
      0.59      0.95     -0.00
      1.54      0.95     -0.00
      1.54     -0.01     -0.96
      0.59     -0.01     -0.96
     -1.33     -0.01     -0.96
     -0.37     -0.01     -0.96
      0.59     -0.01     -0.00
      0.59     -0.01     -0.00
     -0.37      0.95     -0.00
     -0.37      0.95     -0.00
     -1.33     -0.01     -0.00
     -1.33     -0.01     -0.00
     -2.28     -0.01     -0.00
     -2.28     -0.01     -0.96
     -1.33     -0.01     -0.00
      0.59     -0.01      0.96
      1.54     -0.01      0.96
      2.50     -0.01      1.91
      1.54     -0.01      1.91
     -1.33     -0.97      0.96
     -1.33     -0.01      0.96
     -1.33     -0.97     -0.00
      0.59     -0.97      0.96
      2.50     -1.92      0.96
      3.46     -2.88      1.91
      1.54     -1.92      1.91
     -1.33     -0.01      1.91
     -4.20      0.95      0.96
     -4.20      2.86     -0.00
     -2.28      2.86     -1.91
      0.59      1.90     -2.87
      1.54     -0.01     -2.87
      2.50     -0.97     -2.87
      1.54     -1.92     -1.91
     -0.37     -0.01     -1.91
     -2.28      0.95     -0.96
     -0.37      2.86     -1.91
      0.59      2.86     -1.91
      1.54      0.95     -2.87
      3.46     -0.97     -2.87
      5.37     -2.88     -1.91
      3.46     -5.75     -0.96
      0.59     -6.71     -0.00
     -0.37     -4.80      1.91
     -0.37     -0.97      2.87
     -0.37      1.90      2.87
     -0.37      1.90      2.87
      0.59      0.95      1.91
     -0.37     -0.97      1.91
     -2.28     -0.97      1.91
     -5.16     -0.97      2.87
     -6.11      1.90      3.83
     -5.16      3.82      2.87
     -2.28      5.73      2.87
      0.59      7.65      1.91
      1.54      8.60      0.96
      1.54      9.56      0.96
     -0.37      7.65     -0.00
     -0.37      3.82     -0.96
      1.54     -0.97     -1.91
      2.50     -3.84     -2.87
      2.50     -3.84     -2.87
      1.54     -1.92     -0.96
      0.59     -0.97      0.96
      0.59     -2.88      2.87
     -0.37     -4.80      0.96
     -1.33     -6.71     -1.91
     -2.28     -7.67     -4.79
     -1.33     -7.67     -4.79
      0.59     -6.71     -3.83
      2.50     -5.75     -2.87
      3.46     -3.84     -1.91
      3.46     -0.01     -0.96
      1.54      1.90     -0.00
     -0.37      2.86      0.96
      0.59      1.90      1.91
      2.50     -0.01      0.96
      1.54     -0.01     -0.96
      0.59      0.95     -0.96
      0.59      2.86     -0.00
     -1.33      4.78      1.91
     -1.33      5.73      2.87
     -2.28      6.69      2.87
     -2.28      6.69      2.87
     -4.20      5.73      1.91
     -1.33      1.90     -0.00
     -1.33     -0.97     -0.00
     -2.28     -2.88     -0.00
     -2.28     -3.84      0.96
     -1.33     -3.84     -0.00
     -0.37     -5.75     -0.00
      0.59     -6.71     -0.00
      0.59     -6.71     -0.00
      0.59     -2.88     -0.00
     -0.37      1.90     -1.91
     -1.33      3.82     -2.87
     -0.37      1.90     -2.87
      1.54     -0.97     -1.91
      2.50     -1.92     -0.96
      2.50      0.95     -1.91
      1.54      3.82     -3.83
      2.50      5.73     -3.83
      3.46      6.69     -3.83
      5.37      5.73     -1.91
      2.50      4.78     -0.00
     -0.37      3.82      1.91
     -2.28      1.90      2.87
     -3.24     -0.97      4.79
     -3.24     -1.92      4.79
     -3.24     -3.84      3.83
     -2.28     -2.88      1.91
     -0.37     -0.97      0.96
     -0.37     -0.01      0.96
     -0.37     -0.01      1.91
     -1.33     -0.97      1.91
     -1.33     -1.92      1.91
     -1.33     -2.88      0.96
     -0.37     -4.80      0.96
     -0.37     -6.71     -0.00
      1.54     -6.71     -0.00
      1.54     -3.84     -0.00
      2.50     -0.01     -1.91
      2.50      2.86     -3.83
      1.54      3.82     -3.83
      2.50      3.82     -1.91
      1.54      2.86     -0.00
      1.54      0.95      1.91
     -0.37      0.95      2.87
     -1.33      1.90      2.87
     -0.37      2.86      0.96
     -0.37      1.90      1.91
     -0.37     -0.01      1.91
     -0.37     -0.97      1.91
     -0.37     -0.97      0.96
     -1.33     -0.01      1.91
     -2.28     -0.01      0.96
     -2.28     -0.97     -0.00
     -1.33     -1.92     -0.96
     -1.33     -0.97     -3.83
     -0.37     -0.97     -4.79
     -0.37     -0.01     -6.70
      0.59     -0.01     -6.70
      1.54     -0.01     -4.79
      2.50      0.95     -2.87
      3.46      0.95     -2.87
      3.46      0.95     -2.87
      3.46      1.90     -2.87
      1.54      0.95     -0.96
     -0.37      0.95     -0.00
     -0.37      0.95      0.96
     -1.33      1.90      1.91
     -1.33      2.86      2.87
     -1.33      3.82      3.83
     -1.33      3.82      4.79
     -2.28      2.86      4.79
     -1.33      1.90      4.79
     -1.33      0.95      3.83
     -1.33     -0.97      2.87
     -1.33     -1.92      0.96
     -0.37     -2.88      0.96
     -0.37     -1.92      0.96
      1.54     -0.97     -0.00
      1.54     -0.97     -0.00
      1.54     -1.92     -0.96
      0.59     -2.88     -1.91
     -0.37     -2.88     -2.87
     -0.37     -2.88     -1.91
      0.59     -1.92     -0.96
      1.54     -1.92     -0.96
      3.46     -1.92     -0.96
      3.46     -1.92      0.96
      2.50     -2.88      2.87
     -0.37     -1.92      4.79
     -2.28     -0.97      4.79
     -2.28     -0.97      3.83
     -2.28     -0.01      2.87
     -1.33      0.95      2.87
     -0.37      1.90      1.91
      1.54      3.82      0.96
      1.54      3.82      0.96
     -0.37      3.82     -0.96
     -1.33      3.82     -1.91
     -1.33      2.86     -2.87
     -1.33      2.86     -2.87
     -0.37      1.90     -2.87
     -0.37      0.95     -2.87
      0.59      0.95     -2.87
      0.59      0.95     -3.83
      0.59      0.95     -3.83
      0.59     -0.01     -2.87
      0.59     -0.97     -2.87
      0.59     -1.92     -1.91
      0.59     -1.92     -0.96
      2.50     -2.88     -0.96
      1.54     -2.88     -0.00
      1.54     -2.88      0.96
      1.54     -2.88      1.91
      1.54     -2.88      1.91
      0.59     -2.88      1.91
      0.59     -1.92      1.91
      0.59     -0.01      1.91
     -0.37      0.95      2.87
     -1.33      0.95      1.91
     -2.28      0.95      0.96
     -3.24      0.95      0.96
     -2.28      1.90     -0.96
     -2.28      1.90     -0.96
     -2.28      2.86     -1.91
     -2.28      2.86     -1.91
     -2.28      2.86     -1.91
     -0.37      1.90     -1.91
      0.59      1.90     -0.00
      1.54      0.95      0.96
      1.54     -0.01      1.91
      0.59     -0.97      2.87
      1.54     -0.01      2.87
      0.59      0.95      1.91
      0.59      0.95      1.91
      1.54     -0.01      0.96
      1.54     -0.97      1.91
      2.50     -2.88      2.87
      1.54     -2.88      2.87
      0.59     -3.84      2.87
     -0.37     -3.84      1.91
     -0.37     -1.92      0.96
     -0.37     -1.92      0.96
     -0.37     -0.97      1.91
     -1.33     -0.97      1.91
     -0.37     -0.01      1.91
     -0.37      0.95      0.96
      0.59     -0.01      0.96
      1.54     -0.01      0.96
      1.54     -0.01     -0.00
      1.54      0.95     -0.96
      1.54      1.90     -1.91
     -0.37      1.90     -2.87
     -1.33      1.90     -3.83
     -1.33      0.95     -3.83
     -0.37     -0.01     -4.79
     -0.37     -0.01     -5.74
     -1.33     -0.01     -5.74
     -2.28     -0.01     -4.79
     -2.28     -0.01     -4.79
     -2.28     -0.01     -3.83
     -1.33     -0.01     -3.83
     -0.37     -0.01     -2.87
     -0.37     -0.01     -1.91
      0.59     -0.01     -1.91
      1.54     -0.97     -0.96
      0.59     -1.92      0.96
      1.54     -1.92      1.91
      1.54     -0.97      3.83
      2.50     -0.01      4.79
      2.50     -0.01      5.74
      1.54     -0.01      5.74
      1.54      0.95      4.79
     -0.37      1.90      3.83
     -0.37      1.90      3.83
     -2.28      1.90      4.79
     -2.28      1.90      4.79
     -1.33      1.90      4.79
     -2.28      1.90      2.87
     -1.33      0.95      1.91
     -2.28      0.95      0.96
     -0.37      0.95     -0.00
     -0.37      0.95     -0.96
      0.59      0.95     -1.91
      1.54      0.95     -2.87
      1.54     -0.01     -2.87
      1.54     -0.97     -2.87
      2.50     -1.92     -1.91
      1.54     -1.92     -0.96
      2.50     -1.92     -0.96
      1.54     -0.97     -0.96
      0.59     -0.97     -0.96
      0.59     -0.97     -0.00
      0.59     -1.92     -0.00
     -0.37     -0.97      0.96
     -1.33     -0.01      1.91
     -1.33     -0.01      2.87
     -1.33     -1.92      0.96
     -2.28     -1.92      1.91
     -2.28     -0.01     -0.00
     -3.24      1.90     -0.00
     -2.28      1.90     -0.96
     -2.28      1.90     -2.87
     -1.33     -0.01     -2.87
     -0.37     -0.97     -2.87
     -0.37     -0.97     -2.87
      1.54     -0.97     -2.87
      1.54     -0.01     -2.87
      1.54      0.95     -2.87
      2.50     -0.01     -2.87
      3.46     -0.01     -1.91
      3.46      0.95     -0.96
      3.46     -0.01      0.96
      2.50     -0.01      1.91
      1.54     -0.01      2.87
      1.54     -0.97      2.87
      1.54     -0.97      2.87
      0.59     -0.97      2.87
     -0.37     -0.01      1.91
     -1.33      1.90      2.87
     -3.24      1.90      1.91
     -3.24      0.95      0.96
     -3.24     -0.01      1.91
     -3.24     -0.01      0.96
     -2.28      0.95     -0.00
     -2.28      0.95     -0.00
     -1.33     -0.01     -0.96
     -1.33     -0.01     -1.91
     -1.33     -0.01     -2.87
     -0.37      0.95     -2.87
      0.59      0.95     -2.87
      1.54      0.95     -1.91
      1.54      0.95     -0.96
      3.46      0.95     -0.00
      3.46      0.95     -0.00
      3.46      0.95      0.96
      2.50      1.90      0.96
     -0.37      0.95      1.91
      0.59     -0.01      3.83
     -0.37     -0.01      3.83
      0.59     -0.01      3.83
      0.59     -0.01      2.87
     -0.37     -0.01      1.91
     -0.37     -0.01      2.87
     -1.33     -0.97      1.91
     -2.28     -1.92      1.91
     -2.28     -1.92      0.96
     -2.28     -0.97     -0.00
     -1.33     -1.92     -0.96
     -0.37     -1.92     -1.91
      0.59     -1.92     -2.87
      0.59     -1.92     -2.87
      1.54     -1.92     -1.91
      1.54     -1.92     -0.96
      0.59     -0.97     -1.91
      0.59     -0.97     -0.96
      0.59     -0.97     -0.96
      0.59     -0.97     -0.96
      0.59      0.95     -1.91
      0.59      1.90     -0.96
     -0.37      0.95     -0.00
     -0.37      0.95      0.96
     -0.37      0.95      0.96
     -0.37      1.90      0.96
     -0.37      1.90      0.96
     -0.37      1.90      0.96
     -0.37      1.90     -0.00
     -0.37      1.90      0.96
     -0.37      0.95     -0.00
     -0.37      0.95     -0.00
     -0.37     -0.01     -0.00
      0.59     -0.97     -0.00
      0.59     -0.97     -0.00
      1.54     -0.01     -0.96
      1.54     -0.01     -1.91
      0.59     -0.01     -1.91
     -0.37     -0.01     -0.96
     -0.37      0.95     -0.96
     -0.37      0.95     -0.96
     -1.33      1.90     -0.00
     -1.33      0.95     -0.00
     -1.33      1.90     -0.00
     -0.37      1.90     -0.00
     -0.37      0.95      0.96
     -0.37      0.95      0.96
      0.59      0.95      0.96
     -0.37      0.95      0.96
     -0.37      0.95      0.96
     -0.37      0.95      1.91
     -0.37     -0.01      1.91
      0.59     -0.97      1.91
      0.59     -1.92      1.91
      0.59     -1.92      1.91
      0.59     -2.88      1.91
      1.54     -1.92      1.91
      0.59     -1.92      0.96
      0.59     -0.97     -0.00
     -0.37     -0.97     -0.00
     -0.37     -0.97     -0.96
     -1.33     -0.97     -0.96
     -1.33     -0.97     -0.96
     -0.37     -0.97     -1.91
     -0.37     -0.01     -1.91
     -0.37     -0.01     -2.87
     -1.33     -0.01     -2.87
     -1.33     -0.01     -2.87
     -1.33     -0.01     -2.87
     -1.33     -0.01     -1.91
     -1.33     -0.01     -0.96
     -0.37     -0.01     -0.96
     -0.37     -0.01     -0.00
      0.59      0.95     -0.00
      0.59      0.95     -0.00
      1.54      0.95     -0.00
      1.54      0.95      0.96
      1.54      1.90      0.96
      1.54      0.95      0.96
      0.59      0.95      0.96
     -0.37      0.95      1.91
     -0.37      0.95      1.91
     -0.37      0.95      1.91
     -0.37      0.95      1.91
     -0.37     -0.01      0.96
     -0.37      0.95      0.96
     -0.37      0.95     -0.00
     -0.37      0.95     -0.00
     -0.37     -0.01     -0.00
     -0.37      0.95     -0.00
      0.59      0.95     -0.96
     -0.37     -0.01     -0.96
     -0.37     -0.01     -0.96
     -0.37     -0.97     -0.00
      0.59     -0.97     -0.00
      1.54     -0.97      0.96
      1.54     -0.97     -0.00
      1.54     -0.97     -0.96
      0.59     -0.97      0.96
      0.59     -0.97      0.96
     -0.37     -0.97      0.96
     -0.37     -0.01      0.96
     -0.37     -0.97      0.96
     -0.37     -0.01      0.96
     -0.37     -0.97      0.96
     -0.37     -0.97      0.96
     -0.37     -0.01      0.96
     -1.33     -0.01      0.96
     -1.33     -0.01     -0.00
     -1.33     -0.01     -0.96
     -0.37     -0.01     -0.96
      0.59     -0.01     -0.00
      0.59     -0.97     -0.00
     -0.37     -0.01     -0.00
      0.59     -0.01     -0.00
      0.59     -0.01     -0.00
      0.59     -0.01     -0.96
      0.59      0.95     -0.96
      0.59     -0.01     -0.96
      0.59     -0.01     -0.00
      0.59     -0.01     -0.00
      0.59     -0.01     -0.00
      0.59     -0.01     -0.00
      1.54     -0.01     -0.00
      1.54     -0.01     -0.00
     -0.37     -0.01     -0.00
     -0.37     -0.01     -0.00
     -0.37      0.95     -0.00
     -2.28      0.95     -0.00
     -1.33      0.95     -0.00
     -0.37      0.95     -0.00
      0.59      0.95     -0.00
      0.59      0.95     -0.00
      0.59      0.95     -0.00
     -0.37      0.95      0.96
     -0.37      0.95      0.96
     -0.37      0.95     -0.00
     -0.37      1.90     -0.00
      0.59      0.95      0.96
      0.59      0.95      0.96
      0.59     -0.01      0.96
      0.59     -0.01      0.96
      0.59     -0.97      0.96
     -0.37     -0.01      0.96
     -0.37     -0.01     -0.00
      0.59     -0.01     -0.00
      0.59     -0.01     -0.00
     -0.37     -0.01     -0.96
      0.59     -0.97     -0.96
     -0.37     -0.97     -0.00
     -0.37     -0.97     -0.00
     -0.37     -0.97     -0.96
     -0.37     -0.97      0.96
      0.59     -1.92      0.96
      0.59     -1.92     -0.96
      0.59     -1.92     -0.00
      0.59     -1.92     -0.00
      0.59     -0.97      0.96
     -0.37     -0.97     -0.00
     -0.37     -0.97      0.96
     -0.37     -0.97     -0.00
     -0.37     -1.92     -0.00
      0.59     -1.92     -0.00
      0.59     -1.92     -0.00
      0.59     -0.01     -0.96
     -0.37     -0.01     -0.96
     -0.37     -0.01     -0.96
     -0.37     -0.01     -0.96
      0.59     -0.01     -0.00
      0.59      1.90     -0.00
      0.59      0.95     -0.00
      0.59      1.90     -0.00
      0.59      1.90     -0.96
      0.59      1.90     -0.96
      0.59      1.90     -0.00
     -0.37      1.90     -0.00
     -0.37      1.90      0.96
      0.59      1.90      0.96
      0.59      0.95      0.96
      0.59      1.90      0.96
      0.59      1.90      0.96
      0.59      0.95      1.91
     -0.37      0.95      0.96
     -0.37      0.95      0.96
     -0.37      0.95     -0.00
     -0.37     -0.01     -0.00
     -0.37     -0.01     -0.00
      0.59     -0.97     -0.00
      0.59     -0.97     -0.00
      0.59     -1.92     -0.96
     -0.37     -3.84     -0.96
     -0.37     -2.88     -0.96
     -0.37     -1.92     -1.91
     -0.37     -1.92     -1.91
     -0.37     -2.88     -0.96
     -0.37     -1.92     -0.96
      0.59     -1.92     -0.96
      0.59     -1.92     -0.96
      0.59     -0.97     -0.96
      0.59     -0.97     -0.00
     -0.37     -0.97     -0.00
     -0.37     -0.01      0.96
     -0.37     -0.01      0.96
     -1.33      0.95      0.96
     -0.37      0.95      0.96
     -0.37     -0.01      0.96
      0.59     -0.97      1.91
      0.59     -0.01      1.91
     -0.37     -0.01      1.91
     -0.37      0.95      1.91
      0.59      0.95      0.96
      0.59      0.95      0.96
      0.59     -0.01     -0.00
      0.59     -0.01     -0.00
     -0.37      0.95     -0.00
      0.59      0.95     -0.00
      0.59      0.95     -0.96
      0.59      0.95     -0.96
     -0.37      0.95     -0.96
     -0.37      1.90     -0.96
     -0.37      1.90     -0.96
     -0.37      0.95     -0.96
     -0.37      0.95     -0.00
     -0.37      0.95     -0.00
     -0.37      0.95     -0.00
     -1.33     -0.01      0.96
     -0.37      0.95      0.96
     -0.37     -0.01     -0.00
     -0.37      0.95      0.96
     -0.37      0.95      0.96
      0.59     -0.01      0.96
      0.59     -0.01      0.96
     -0.37     -0.97      1.91
     -0.37     -1.92      0.96
      0.59     -0.97     -0.00
      0.59     -0.97     -0.00
      0.59     -0.97     -0.96
      0.59     -0.97     -0.96
      0.59     -0.97     -0.96
      0.59     -0.97     -0.96
     -0.37     -1.92     -0.00
      0.59     -1.92     -0.96
     -0.37     -1.92     -0.96
     -0.37     -0.97     -0.96
      0.59     -0.97     -0.00
     -0.37     -0.97     -0.96
      0.59     -0.01     -0.96
     -0.37     -0.01     -0.00
     -0.37     -0.01     -0.00
     -0.37      0.95     -0.00
     -0.37      0.95     -0.00
     -0.37      0.95     -0.00
     -0.37      0.95     -0.00
     -0.37      0.95     -0.00
      0.59      0.95     -0.00
      0.59      0.95     -0.00
      0.59      0.95     -0.00
      1.54      0.95      0.96
      0.59      0.95      0.96
      0.59      0.95     -0.00
     -0.37      0.95     -0.00
      0.59      0.95     -0.00
      0.59      0.95     -0.00
      0.59     -0.01     -0.00
      0.59     -0.01     -0.00
      0.59     -0.01     -0.00
      0.59     -0.01     -0.00
     -0.37     -0.01     -0.00
     -0.37     -0.01     -0.00
     -0.37     -0.01     -0.96
     -0.37     -0.01      0.96
     -0.37     -0.01      0.96
     -0.37     -0.97     -0.00
     -0.37     -0.97     -0.00
     -0.37     -0.01     -0.00
     -0.37     -0.01     -0.00
     -0.37     -0.01     -0.00
      0.59     -0.01     -0.00
     -0.37     -0.01     -0.00
      0.59     -0.01     -0.00
      0.59      0.95     -0.00
      0.59      0.95     -0.00
      0.59     -0.01     -0.00
      0.59     -0.97     -0.00
      0.59     -0.97      0.96
      0.59     -0.01     -0.00
      0.59     -0.01     -0.00
     -0.37     -0.01     -0.00
     -0.37     -0.97     -0.00
      0.59     -1.92      0.96
      0.59     -0.97      0.96
      0.59     -0.97      0.96
      0.59     -1.92      0.96
     -0.37     -0.97     -0.00
     -0.37     -0.01     -0.00
     -0.37     -0.01     -0.00
     -0.37     -0.01     -0.00
     -0.37      0.95     -0.00
      0.59     -0.01     -0.00
      0.59     -0.01     -0.00
      0.59     -0.01     -0.96
     -0.37      0.95     -0.96
     -0.37      0.95     -0.00
     -0.37      1.90     -0.00
      0.59      0.95     -0.96
      0.59      0.95     -0.96
     -0.37      0.95     -0.96
      0.59      0.95     -0.96
      0.59      0.95     -0.96
     -0.37      0.95     -0.96
     -0.37     -0.01     -0.00
     -0.37     -0.01     -0.00
     -1.33     -0.01     -0.00
     -0.37     -0.97     -0.00
     -0.37     -0.97     -0.00
     -0.37     -0.01     -0.00
     -0.37     -0.97     -0.00
     -0.37     -0.97     -0.00
     -0.37     -0.97     -0.00
     -0.37     -0.97      0.96
     -0.37     -0.97     -0.00
     -0.37     -0.97      0.96
      0.59     -0.01      0.96
      0.59     -0.01     -0.00
     -0.37     -0.01     -0.00
      0.59     -0.01      0.96
      0.59     -0.01      0.96
      0.59     -0.01      0.96
     -0.37     -0.01      0.96
     -0.37     -0.01     -0.00
     -0.37     -0.01     -0.00
     -0.37     -0.01     -0.00
     -0.37     -0.01     -0.00
     -0.37      0.95     -0.00
      0.59      0.95     -0.00
      0.59     -0.01     -0.00
      0.59     -0.01     -0.00
     -0.37     -0.01     -0.00
     -0.37     -0.01     -0.00
      0.59     -0.01     -0.00
     -0.37      0.95     -0.00
     -0.37     -0.01     -0.00
     -0.37     -0.01     -0.00
      0.59     -0.01     -0.00
      0.59     -0.01      0.96
      0.59     -0.01     -0.00
      0.59     -0.01      0.96
      0.59     -0.01     -0.00
      0.59     -0.01      0.96
     -0.37      0.95      0.96
     -0.37      0.95      0.96
      0.59      0.95     -0.00
      0.59      0.95     -0.00
      0.59     -0.01     -0.00
      0.59     -0.01     -0.00
     -0.37     -0.01     -0.00
     -0.37      0.95     -0.00
     -0.37     -0.01     -0.00
     -0.37     -0.01     -0.00
     -0.37     -0.01     -0.00
      0.59     -0.01     -0.00
      0.59     -0.01     -0.00
      0.59     -0.01     -0.96
     -0.37     -0.01     -0.00
     -0.37     -0.97     -0.96
      0.59     -0.97     -0.00
      0.59     -1.92     -0.00
      0.59     -0.97     -0.00
      0.59     -0.97     -0.00
      0.59     -0.97     -0.00
      0.59     -0.97     -0.00
     -0.37     -0.97      0.96
     -0.37     -0.97      0.96
     -0.37     -0.97      0.96
     -0.37     -0.01      0.96
     -0.37     -0.01      0.96
      0.59     -0.01      0.96
      0.59     -0.01      0.96
      0.59     -0.01      0.96
     -0.37     -0.01      0.96
     -0.37      0.95     -0.00
      0.59      0.95      0.96
     -0.37     -0.97      0.96
      0.59      0.95      0.96
     -0.37      0.95     -0.00
      0.59      0.95     -0.00
     -0.37     -0.01     -0.00
      0.59     -0.01     -0.96
     -0.37     -0.01     -0.00
      0.59     -0.01     -0.00
      0.59     -0.01     -0.00
      0.59     -0.01     -0.96
     -1.33     -0.01     -0.00
     -0.37     -0.01     -0.00
      0.59     -0.01     -0.00
      0.59     -0.01     -0.00
      0.59     -0.01     -0.00
      0.59     -0.01     -0.00
      0.59     -0.01     -0.00
      0.59     -0.01     -0.00
     -0.37      0.95     -0.96
     -0.37      0.95     -0.00
      0.59     -0.01     -0.00
     -0.37     -0.01     -0.00
      0.59     -0.01     -0.00
      0.59     -0.01     -0.00
      0.59     -0.01     -0.00
      0.59     -0.01     -0.00
      0.59     -0.01     -0.00
      0.59     -0.01     -0.00
     -0.37     -0.97     -0.00
     -0.37     -0.97     -0.00
     -0.37     -0.01     -0.00
      0.59     -0.01     -0.00
     -0.37     -0.97     -0.96
     -0.37     -1.92     -0.00
     -0.37     -0.01     -0.00
     -0.37     -0.01     -0.00
     -0.37     -0.01     -0.00
     -0.37     -0.97     -0.00
     -0.37     -0.97     -0.00
     -0.37     -0.01      0.96
      0.59     -0.97     -0.00
     -0.37     -0.97      0.96
     -0.37     -0.01      0.96
     -0.37     -0.01      0.96
     -0.37     -0.01      0.96
      0.59     -0.01     -0.00
      0.59     -0.01     -0.00
      0.59     -0.01     -0.00
      0.59      0.95      0.96
     -0.37      0.95     -0.00
     -0.37      0.95     -0.00
      0.59     -0.01     -0.00
      0.59     -0.01     -0.00
      0.59      0.95     -0.00
      0.59      0.95     -0.00
     -0.37      0.95     -0.00
     -0.37     -0.01     -0.00
     -0.37      0.95     -0.00
     -0.37     -0.01     -0.96
     -0.37     -0.01     -0.00
     -0.37     -0.01     -0.00
     -0.37      0.95     -0.00
     -0.37     -0.01     -0.00
      0.59     -0.01     -0.00
     -0.37     -0.97     -0.00
     -0.37     -0.01     -0.00
     -0.37     -0.01     -0.00
     -0.37     -0.01     -0.00
     -0.37      0.95     -0.00
      0.59      0.95     -0.00
      0.59     -0.01      0.96
      0.59     -0.01      0.96
      0.59     -0.01     -0.00
     -0.37     -0.01     -0.00
     -0.37     -0.01     -0.00
      0.59     -0.01      0.96
      0.59     -0.01      0.96
      0.59     -0.01     -0.00
      0.59     -0.01     -0.00
      0.59     -0.01     -0.00
     -1.33     -0.01     -0.00
     -0.37     -0.01     -0.00
     -0.37     -0.01     -0.00
     -0.37     -0.97     -0.00
     -0.37     -0.01     -0.00
     -0.37     -0.01     -0.00
     -0.37     -0.01     -0.00
      0.59     -0.01     -0.00
      0.59     -0.01     -0.00
     -0.37     -0.01     -0.00
      0.59     -0.01     -0.00
     -0.37     -0.01     -0.00
      0.59     -0.01      0.96
      0.59     -0.01      0.96
     -0.37     -0.01     -0.00
      0.59     -0.01     -0.00
      0.59     -0.01      0.96
      0.59     -0.01     -0.00
     -0.37      0.95     -0.00
     -0.37      0.95     -0.00
     -0.37      0.95     -0.00
     -0.37     -0.01     -0.00
     -0.37      0.95     -0.00
      0.59      0.95     -0.00
     -0.37      0.95     -0.00
      0.59     -0.01     -0.00
     -0.37     -0.97     -0.00
      0.59     -0.01     -0.00
      0.59     -0.01     -0.00
      0.59     -0.01     -0.00
      0.59     -0.97     -0.00
     -0.37     -0.01      0.96
     -0.37     -0.01     -0.00
      0.59     -0.01     -0.00
     -0.37     -0.01      0.96
     -0.37     -0.01     -0.00
     -1.33      0.95     -0.00
     -0.37     -0.01     -0.00
     -0.37     -0.01     -0.00
      0.59     -0.01     -0.00
      0.59     -0.01     -0.00
     -0.37     -0.01     -0.00
     -0.37     -0.01     -0.00
     -0.37     -0.01     -0.00
      0.59     -0.01     -0.00
     -0.37     -0.97     -0.00
     -0.37     -0.01     -0.00
     -0.37     -0.01     -0.00
      0.59     -0.01     -0.00
      0.59     -0.01     -0.00
      0.59     -0.97     -0.00
      0.59     -0.01     -0.00
      0.59     -0.01     -0.00
      0.59     -0.01     -0.00
     -0.37     -0.97     -0.00
      0.59     -0.97      0.96
      0.59     -0.01      0.96
      0.59     -0.01      0.96
      0.59     -0.01     -0.00
      0.59     -0.01      0.96
      0.59     -0.01     -0.96
     -0.37     -0.01     -0.00
      0.59     -0.01      0.96
     -0.37     -0.01      0.96
      0.59     -0.01      0.96
     -0.37     -0.01     -0.00
     -0.37      0.95     -0.00
     -0.37      0.95     -0.96
     -0.37     -0.01     -0.00
     -0.37     -0.01     -0.00
     -0.37     -0.97     -0.00
     -0.37     -0.01     -0.00
     -0.37     -0.01     -0.00
     -0.37     -0.01     -0.00
     -0.37     -0.01     -0.00
     -0.37     -0.01     -0.00
      0.59     -0.01     -0.00
      0.59     -0.01     -0.00
     -0.37     -0.01      0.96
      0.59     -0.01      0.96
      0.59     -0.01      0.96
      0.59     -0.01      0.96
      0.59     -0.01      0.96
      0.59     -0.01     -0.00
      0.59     -0.01     -0.00
      0.59     -0.01     -0.00
      0.59     -0.01     -0.00
     -0.37     -0.01     -0.00
     -0.37     -0.01     -0.00
     -0.37     -0.01     -0.00
     -0.37     -0.01     -0.00
     -0.37     -0.01     -0.00
     -0.37     -0.01     -0.00
      0.59      0.95     -0.96
      0.59     -0.01     -0.00
     -0.37     -0.01     -0.00
     -0.37     -0.01     -0.00
     -0.37     -0.01     -0.00
      0.59     -0.01     -0.00
      0.59     -0.01     -0.00
      0.59     -0.01     -0.96
      0.59     -0.01     -0.00
      0.59     -0.01     -0.00
     -0.37     -0.01     -0.00
      0.59     -0.01     -0.00
      0.59     -0.97     -0.00
      0.59     -0.97     -0.00
      0.59     -0.97      0.96
      0.59     -0.01     -0.00
     -0.37     -0.01     -0.00
     -0.37     -0.01     -0.00
     -0.37     -0.01      0.96
     -0.37     -0.01     -0.00
      0.59     -0.01     -0.00
      0.59     -0.01     -0.00
     -0.37     -0.01     -0.00
     -0.37     -0.01     -0.00
     -0.37     -0.01     -0.00
      0.59     -0.01     -0.00
     -0.37     -0.97     -0.00
      0.59     -0.01     -0.00
      0.59      0.95     -0.00
      0.59      0.95     -0.00
     -0.37     -0.01     -0.00
      0.59     -0.01     -0.00
     -0.37     -0.01     -0.00
      0.59     -0.01     -0.00
      0.59     -0.01     -0.00
      0.59     -0.01     -0.00
      0.59     -0.01     -0.00
      0.59     -0.01     -0.00
      0.59     -0.01     -0.00
      0.59     -0.01     -0.00
     -0.37     -0.01     -0.00
     -0.37     -0.01     -0.00
     -0.37     -0.01     -0.00
      0.59     -0.01     -0.00
     -0.37     -0.01     -0.00
      0.59     -0.01     -0.00
     -0.37     -0.01     -0.00
      0.59      0.95     -0.00
     -0.37      0.95     -0.00
     -0.37      0.95     -0.00
     -0.37     -0.01     -0.00
      0.59     -0.01     -0.00
      0.59     -0.01     -0.00
     -0.37     -0.01     -0.00
      0.59     -0.01     -0.00
     -0.37     -0.01     -0.00
     -0.37     -0.01     -0.00
      0.59     -0.01     -0.00
     -0.37     -0.01     -0.00
     -0.37     -0.01     -0.00
      0.59     -0.01     -0.00
     -0.37     -0.01     -0.00
      0.59     -0.01      0.96
     -0.37     -0.01     -0.00
      0.59     -0.01      0.96
     -0.37     -0.01     -0.00
     -0.37     -0.01      0.96
      0.59     -0.01     -0.00
      0.59     -0.01     -0.96
      0.59     -0.01     -0.00
     -0.37     -0.01     -0.00
     -0.37     -0.01     -0.00
     -0.37     -0.01     -0.96
     -0.37     -0.01     -0.00
     -0.37     -0.01     -0.00
      0.59     -0.01     -0.00
      0.59     -0.01     -0.00
     -0.37     -0.01     -0.00
      0.59     -0.01     -0.00
     -0.37     -0.01     -0.00
     -0.37      0.95     -0.00
      0.59      0.95     -0.00
      0.59     -0.01     -0.00
      0.59     -0.01     -0.00
      0.59     -0.01     -0.00
      0.59     -0.01     -0.00
     -0.37     -0.01     -0.00
     -0.37     -0.97     -0.96
     -0.37     -0.01     -0.00
      0.59     -0.01     -0.00
      0.59     -0.01     -0.00
      0.59     -0.01     -0.00
      0.59     -0.01     -0.00
     -0.37     -0.01     -0.00
     -0.37     -0.01     -0.00
      0.59      0.95     -0.00
     -0.37     -0.01     -0.00
     -0.37     -0.01     -0.00
     -0.37     -0.01     -0.00
     -0.37     -0.01      0.96
      0.59     -0.01      0.96
      0.59     -0.01     -0.00
      0.59     -0.01      0.96
      0.59     -0.01      0.96
     -0.37     -0.01      0.96
      0.59     -0.01      0.96
      0.59     -0.01     -0.00
      0.59     -0.97      0.96
      0.59     -0.01     -0.00
      0.59     -0.01     -0.00
     -0.37     -0.97     -0.00
      0.59     -0.01     -0.00
      0.59     -0.01     -0.00
      0.59     -0.01     -0.96
     -0.37     -0.01     -0.00
     -0.37     -0.01     -0.00
     -0.37     -0.01     -0.00
      0.59     -0.97     -0.00
      0.59     -0.01     -0.00
      0.59     -0.01     -0.00
     -0.37     -0.01     -0.00
     -0.37     -0.01     -0.00
     -0.37     -0.01     -0.00
     -0.37     -0.01     -0.00
     -0.37     -0.01     -0.00
      0.59     -0.01     -0.00
     -0.37     -0.01     -0.00
     -0.37     -0.01     -0.00
      0.59     -0.01     -0.00
      0.59     -0.01     -0.00
     -0.37     -0.01     -0.00
     -0.37     -0.01     -0.00
      0.59     -0.01     -0.00
      0.59     -0.01     -0.00
     -0.37     -0.01     -0.00
      0.59     -0.01     -0.00
     -0.37     -0.01     -0.00
     -0.37      0.95     -0.00
     -0.37     -0.01     -0.00
     -0.37     -0.01     -0.00
     -0.37     -0.01     -0.00
      0.59     -0.01     -0.00
      0.59      0.95     -0.00
      0.59     -0.01     -0.00
     -0.37     -0.01     -0.00
     -0.37     -0.01     -0.00
      0.59     -0.01     -0.00
      0.59      0.95      0.96
      0.59     -0.97      0.96
      0.59     -0.01     -0.00
      0.59     -0.01     -0.00
      0.59     -0.01      0.96
      0.59     -0.01     -0.00
      0.59     -0.01     -0.00
      0.59     -0.01      0.96
     -0.37     -0.97      0.96
     -0.37     -0.97     -0.00
     -0.37     -0.01     -0.00
      0.59     -0.01      0.96
      0.59     -0.01     -0.00
      0.59     -0.01     -0.00
      0.59     -0.01     -0.00
     -0.37     -0.01     -0.00
     -0.37     -0.01     -0.00
     -0.37     -0.01     -0.00
     -0.37     -0.01     -0.00
      0.59     -0.01     -0.00
     -0.37     -0.01     -0.00
      0.59     -0.97     -0.00
      0.59     -0.01     -0.96
      0.59     -0.01     -0.00
      0.59     -0.01     -0.00
     -0.37     -0.01     -0.96
     -0.37     -0.01     -0.00
     -0.37     -0.01     -0.00
      0.59     -0.01     -0.00
      0.59     -0.01     -0.00
      0.59     -0.01     -0.00
      0.59     -0.01     -0.00
      0.59     -0.01     -0.96
      0.59     -0.01     -0.00
     -0.37     -0.01     -0.00
      0.59      0.95     -0.00
     -0.37     -0.01     -0.00
      0.59     -0.01     -0.00
      0.59     -0.01     -0.00
     -0.37     -0.01     -0.00
     -0.37     -0.01     -0.00
     -0.37     -0.01     -0.00
     -0.37     -0.01     -0.00
      0.59     -0.01     -0.00
      0.59     -0.01     -0.00
      0.59     -0.01     -0.00
      0.59     -0.01     -0.00
     -0.37     -0.01      0.96
      0.59     -0.01      0.96
     -0.37     -0.97      0.96
      0.59     -0.01     -0.00
     -0.37     -0.01     -0.00
      0.59     -0.01     -0.96
      0.59     -0.01     -0.00
      0.59     -0.01      0.96
      0.59     -0.01     -0.00
      0.59      0.95     -0.00
      0.59     -0.01     -0.00
      0.59     -0.01      0.96
      0.59     -0.01      0.96
      0.59     -0.01     -0.00
     -0.37     -0.01      0.96
     -0.37     -0.01     -0.00
     -0.37     -0.01     -0.00
     -0.37     -0.01     -0.00
      0.59     -0.01     -0.00
      0.59     -0.01     -0.00
      0.59     -0.01     -0.00
      0.59     -0.01     -0.00
     -0.37     -0.01     -0.00
      0.59     -0.01     -0.00
      0.59     -0.01     -0.00
      0.59     -0.01     -0.00
      0.59     -0.01     -0.00
      0.59     -0.01     -0.00
      0.59     -0.01     -0.00
      0.59     -0.01     -0.00
      0.59     -0.01     -0.00
      0.59     -0.01     -0.00
      0.59     -0.01     -0.00
     -0.37     -0.01     -0.00
     -0.37     -0.01     -0.00
     -0.37     -0.01     -0.96
     -0.37     -0.01     -0.96
     -0.37     -0.01     -0.00
      0.59     -0.01     -0.00
     -0.37     -0.01     -0.96
      0.59     -0.01     -0.00
     -0.37     -0.01     -0.00
     -0.37     -0.01     -0.00
     -0.37     -0.01     -0.00
      0.59     -0.01     -0.00
      0.59     -0.01     -0.00
     -0.37     -0.01     -0.00
      0.59     -0.01      0.96
      0.59     -0.01      0.96
      0.59     -0.01      0.96
      0.59     -0.01      0.96
     -0.37     -0.01     -0.00
      0.59     -0.01     -0.00
     -0.37      0.95      0.96
      0.59     -0.01     -0.00
     -0.37      0.95     -0.00
      0.59     -0.01      0.96
      0.59      0.95      0.96
      0.59     -0.01     -0.00
     -0.37     -0.01      0.96
     -0.37     -0.01      0.96
     -1.33     -0.01      0.96
      0.59     -0.01     -0.96
     -0.37     -0.01     -0.00
     -0.37     -0.01     -0.00
     -0.37     -0.01     -0.00
     -0.37     -0.01     -0.00
     -0.37     -0.97     -0.00
     -0.37     -0.01     -0.00
      0.59     -0.01     -0.00
     -0.37     -0.97     -0.00
     -0.37     -0.97     -0.00
      0.59     -0.97     -0.00
     -0.37     -0.01     -0.00
     -0.37     -0.01     -0.00
     -0.37     -0.01     -0.00
     -0.37     -0.01     -0.00
      0.59     -0.01     -0.00
      0.59     -0.01     -0.00
      0.59     -0.01     -0.00
     -0.37     -0.01     -0.96
     -0.37     -0.01     -0.00
     -0.37     -0.01     -0.00
     -0.37     -0.01     -0.00
      0.59     -0.01     -0.00
      0.59     -0.01     -0.00
      0.59     -0.01     -0.00
      0.59     -0.01     -0.00
     -0.37     -0.01     -0.00
     -0.37     -0.01     -0.00
     -0.37     -0.01     -0.00
      0.59     -0.01     -0.00
      0.59     -0.01     -0.00
      0.59     -0.01     -0.00
      0.59     -0.01     -0.00
      0.59     -0.01     -0.00
      0.59     -0.01     -0.00
      0.59     -0.01     -0.00
     -0.37     -0.01     -0.00
     -0.37     -0.01     -0.00
      0.59      0.95     -0.00
     -0.37      0.95     -0.00
      0.59      0.95     -0.00
      0.59     -0.01     -0.00
      0.59     -0.01     -0.00
