********************************************************************************
                       INSTITUTO DE INGENIERIA, UNAM
                  Coordinacion de Instrumentacion Sismica
  Ciudad Universitaria, Apartado Postal 70-472, Coyoacan 04510, Mexico, D.F.
 Tel.(52-5)622-3414    Fax.(52-5)616-1514    e-mail: isismica@pumas.iingen.unam.mx
**************************************************************************************
ARCHIVO ESTANDAR DE ACELERACION:
VERSION DEL FORMATO                    : 2.0
NOMBRE DEL ARCHIVO                     : ACAC8903.061
FECHA Y HORA DE CREACION               : Mon Mar 23 16:20:58 1998
REF. CATALOGO ACELEROGRAMAS, SMIS 1995 : REGISTRO No. 1296 /PAG. 140


================================================================================
DATOS DE LA ESTACION:
NOMBRE DE LA ESTACION                  : ACAPULCO CENTRO CULTURAL
CLAVE DE LA ESTACION                   : ACAC
LOCALIZACION DE LA ESTACION            : AV. COSTERA MIGUEL ALEMAN CERCA DE LA PLAYA DE
                                       : ICACOS, EN EL CENTRO CULTURAL GUERRERENSE, A 300M
                                       : DEL CICI. ACAPULCO, GUERRERO. 
                                       : 
                                       : 
COORDENADAS DE LA ESTACION             : 16.84851 LAT. N
                                       : 99.85157 LONG. W
ALTITUD (msnm)                         : 13
TIPO DE SUELO                          : ARENA - LIMO - ARCILLA
                                       : 
                                       : 
INSTITUCION RESPONSABLE                : INSTITUTO DE INGENIERIA UNAM 
                                       : 

================================================================================
DATOS DEL ACELEROGRAFO: 
MODELO DEL ACELEROGRAFO                : DCA-333
NUMERO DE SERIE DEL ACELEROGRAFO       : 123
NUMERO DE CANALES                      : 3
ORIENTACION C1-C6 (rumbo;orientacion)  : /V/N90E/N00E
ORIENTACION C7-C12 (rumbo;orientacion) :
VEL. DE MUESTREO, C1-C6 (muestras/s)   : /100/100/100
VEL. DE MUESTREO, C7-C12 (muestras/s)  :
ESC. COMPLETA DE SENSORES, C1-C6, (g)  : /2/2/2
ESC. COMPLETA DE SENSORES, C7-C12 (g)  :
FREC. NAT. DE SENSORES, C1-C6, (Hz)    : /32.0/31.0/30.0
FREC. NAT. DE SENSORES, C7-C12 (Hz)    :
AMORTIGUAMIENTO DE SENSORES, C1-C6     : /0.66/0.66/0.68
AMORTIGUAMIENTO DE SENSORES, C7-C12    :
INTERVALO DE MUESTREO, C1-C6 (s)       : /0.01/0.01/0.01
INTERVALO DE MUESTREO, C7-C12 (s)      :
UMBRAL DE DISPARO, C1-C6 (Gal)         : /6/6/6
UMBRAL DE DISPARO, C7-C12 (Gal)        :
MEMORIA DE PREEVENTO (s)               : 4
TIEMPO DE POSEVENTO (s)                : 15


================================================================================
DATOS DEL SISMO:
FECHA DEL SISMO [GMT]                  : 1989/03/06
HORA EPICENTRO (GMT)                   : 16:46:45.0
MAGNITUD(ES)                           : /Mc=2.60
COORDENADAS DEL EPICENTRO              : 16.775 LAT. N 
                                       : 99.835 LONG. W 
PROFUNDIDAD FOCAL (km)                 : 6  
FUENTES DE LOS DATOS EPICENTRALES      : INSTITUTO DE INGENIERIA UNAM
                                       : 

================================================================================
DATOS DE ESTE REGISTRO:
HORA DE LA PRIMERA MUESTRA (GMT)       : 16:46:52.00
EXACTITUD DEL TIEMPO (s)               : 1.00
DURACION DEL REGISTRO (s), C1-C6       : /14.91/14.91/14.91                      
DURACION DEL REGISTRO (s), C7-C12      : 
NUM. TOTAL DE MUESTRAS, C1-C6          : /1491/1491/1491                       
NUM. TOTAL DE MUESTRAS, C7-C12         : 
ACEL. MAX.(Gal), C1-C6                 : /-5.15/7.90/6.67                      
ACEL. MAX., C1-C6, EN LA MUESTRA       : /236/166/150                          
ACEL. MAX.(Gal), C7-C12                : 
ACEL. MAX., C7-C12,EN LA MUESTRA       : 
UNIDADES DE LOS DATOS                  : Gal (cm/s/s)
FACTOR DE DECIMACION                   : 1
FORMATO DATOS (FORTRAN,10 campos/dato) : 3F10.2


================================================================================
CALIDAD DEL ACELEROGRAMA:
REGISTRO INCOMPLETO EN SU PARTE INTENSA, O CON MUCHOS GLITCHES, O
PELICULA ATORADA, O DUDOSO POR ALGUNA FALLA DEL APARATO. EN GENERAL UN
ACELEROGRAMA NO CONFIABLE QUE SOLO PERMITE TENER UNA IDEA APROXIMADA
===============================================================================
COMENTARIOS:
El canal 1 presenta transitorios en la se~al.













===============================================================================
DATOS DE ACELERACION:
---------+---------+---------+---------+---------+---------+---------+---------+
   CANAL-1   CANAL-2   CANAL-3
         V      N90E      N00E
---------+---------+---------+---------+---------+---------+---------+---------+
      0.60     -0.72     -0.03
      2.51      0.24     -0.99
      2.51     -0.72     -0.03
     -1.32     -0.72     -0.03
     -1.32     -0.72     -0.99
      2.51      0.24     -0.03
     -1.32      0.24     -0.03
     -1.32     -0.72     -0.03
     -2.27     -0.72     -0.03
     -1.32     -0.72     -0.03
      2.51     -0.72     -0.03
      2.51      0.24     -0.03
     -1.32     -0.72     -0.99
     -0.36      0.24     -0.03
      2.51      0.24     -0.03
     -1.32     -0.72     -0.03
     -2.27      0.24     -0.03
     -1.32      0.24      0.93
      2.51      0.24     -0.03
      2.51      0.24     -0.03
     -2.27      0.24     -0.99
     -1.32      0.24     -0.03
      2.51      0.24     -0.03
      2.51     -0.72     -0.99
     -1.32      0.24     -0.03
     -1.32      0.24     -0.99
     -2.27      0.24     -0.99
      0.60      0.24     -0.03
      2.51     -0.72     -0.03
      2.51      0.24     -0.03
     -2.27      0.24     -0.03
     -1.32      0.24     -0.03
     -2.27      0.24     -0.03
      2.51      2.15     -0.03
     -0.36      0.24     -0.03
      0.60     -0.72     -0.03
      0.60      0.24     -0.99
     -1.32      0.24     -0.03
     -1.32      1.20     -0.03
     -1.32      0.24     -0.03
      2.51     -0.72     -0.03
      2.51     -0.72     -0.03
     -1.32      0.24     -0.03
     -1.32      0.24     -0.03
     -1.32      0.24     -0.03
     -1.32     -0.72     -0.03
     -1.32     -0.72     -0.03
     -2.27      0.24     -0.03
     -1.32      0.24     -0.03
      2.51     -1.67     -0.03
      2.51     -0.72     -0.03
      0.60      0.24     -0.03
     -1.32     -0.72     -0.03
      2.51      0.24     -0.03
     -0.36      0.24     -0.03
     -2.27      0.24     -0.03
     -1.32      0.24     -0.03
      2.51      0.24     -0.03
      2.51      0.24     -0.03
      0.60      0.24     -0.03
     -1.32      0.24     -0.99
     -1.32      0.24     -0.03
     -2.27      0.24     -0.03
     -1.32     -0.72     -0.03
     -1.32      0.24     -0.99
      0.60      1.20     -0.03
     -1.32     -0.72     -0.03
     -1.32     -0.72     -0.99
     -1.32      2.15     -0.03
     -1.32      2.15     -0.03
      0.60      0.24     -0.03
     -1.32     -0.72     -0.03
     -1.32      0.24     -0.99
     -1.32      1.20     -0.03
     -1.32      0.24      1.88
     -2.27      0.24      0.93
     -1.32      0.24     -0.03
      2.51      0.24     -0.03
      2.51      0.24     -0.03
     -1.32     -0.72     -0.99
     -2.27     -0.72     -0.99
     -1.32      0.24     -0.03
      2.51     -0.72     -0.03
      2.51     -0.72     -0.03
      2.51      0.24     -0.03
     -0.36      0.24     -0.99
     -1.32      0.24     -0.03
     -1.32     -1.67     -0.03
      2.51     -1.67     -0.03
      2.51      0.24      0.93
     -1.32      1.20     -0.03
     -2.27      0.24     -0.03
      2.51     -0.72     -0.03
      2.51     -0.72     -0.03
     -1.32     -1.67     -0.03
     -1.32      0.24     -0.03
     -0.36      1.20     -0.99
      2.51      0.24     -0.99
      0.60     -0.72     -0.03
     -1.32     -0.72     -0.03
     -1.32      0.24      0.93
     -1.32     -0.72     -0.03
     -2.27      0.24     -0.03
     -1.32      2.15     -0.03
     -0.36      0.24     -0.03
      2.51     -0.72     -0.03
      2.51      0.24     -0.03
      2.51      0.24     -0.03
     -1.32      0.24     -0.03
     -2.27      0.24     -0.03
      0.60      0.24      1.88
     -0.36      2.15     -0.03
     -1.32      0.24     -0.99
     -1.32     -0.72     -0.03
      2.51      0.24     -0.03
      2.51      0.24     -0.03
      2.51      0.24     -0.03
     -1.32      0.24     -0.03
     -2.27     -1.67     -0.03
     -2.27     -0.72     -0.03
      2.51     -1.67      0.93
      2.51      0.24      0.93
      2.51     -0.72     -0.03
      2.51      0.24     -0.03
      0.60      1.20     -0.99
     -1.32      0.24     -0.03
     -1.32     -0.72     -0.03
     -2.27     -0.72     -0.03
     -1.32      0.24     -0.99
      2.51      2.15     -0.99
      2.51      0.24     -0.03
     -2.27      0.24     -0.03
     -1.32      0.24     -0.99
     -2.27      1.20     -0.03
     -1.32      3.11     -0.03
     -1.32      1.20     -0.99
     -2.27      1.20     -0.99
     -2.27      1.20     -0.99
      2.51      2.15     -0.99
      2.51      1.20     -0.99
      2.51      1.20     -0.99
     -2.27     -0.72     -0.99
     -2.27     -0.72     -0.99
      2.51      0.24     -0.99
     -0.36     -0.72     -0.99
     -1.32     -5.50      0.93
     -1.32     -6.46      2.84
     -2.27     -4.55      2.84
     -1.32     -3.59      2.84
      2.51     -3.59      2.84
      2.51     -2.63      6.67
      2.51     -0.72      6.67
      2.51      2.15      2.84
      0.60      1.20      2.84
     -1.32     -0.72      2.84
     -0.36      0.24      1.88
     -2.27      4.07     -0.03
     -2.27      5.03     -0.99
     -1.32      2.15     -0.99
     -1.32     -0.72      1.88
      2.51     -0.72      0.93
      2.51      2.15     -1.94
     -1.32      2.15     -2.90
     -1.32     -0.72     -2.90
     -2.27      0.24     -2.90
     -1.32      4.07     -2.90
      2.51      7.90     -1.94
      2.51      3.11     -0.03
     -1.32      1.20     -0.03
     -3.23      4.07     -0.99
      2.51      3.11     -0.03
      2.51     -2.63      6.67
      2.51     -3.59      6.67
      2.51     -2.63     -0.99
      2.51     -1.67     -2.90
      2.51     -2.63     -0.03
     -2.27     -0.72      1.88
     -3.23      1.20      0.93
     -1.32      3.11     -0.99
     -1.32      2.15      0.93
     -1.32      0.24      2.84
     -1.32      2.15     -0.03
      2.51      2.15     -0.99
      2.51      2.15     -0.99
      2.51      3.11     -1.94
      2.51      2.15     -1.94
      2.51     -0.72     -2.90
      2.51     -0.72     -1.94
     -0.36      0.24     -0.99
     -3.23      0.24     -0.99
     -2.27     -3.59     -0.99
     -1.32     -3.59     -0.99
     -2.27     -2.63     -1.94
     -3.23     -3.59     -0.99
     -2.27     -3.59     -0.99
     -1.32     -2.63     -3.86
      2.51     -0.72     -2.90
      2.51     -2.63      1.88
      2.51     -3.59      6.67
      2.51     -1.67      6.67
      2.51      0.24      1.88
     -1.32     -2.63      1.88
     -1.32     -4.55      6.67
     -2.27     -3.59      6.67
     -3.23     -0.72      2.84
     -2.27      2.15     -0.03
      2.51      1.20     -0.99
      2.51      2.15     -0.99
     -0.36      1.20     -0.03
      2.51      5.03      1.88
     -1.32      5.98      3.80
     -2.27      5.03      1.88
     -4.19      4.07     -0.99
     -1.32      2.15     -0.99
     -1.32     -0.72     -0.99
     -1.32     -0.72     -0.03
     -1.32      0.24     -1.94
     -1.32      2.15     -1.94
     -1.32      1.20     -0.99
     -2.27      2.15     -0.03
      2.51      0.24      2.84
      2.51      1.20      2.84
     -1.32      3.11      0.93
      0.60      2.15      0.93
      2.51      0.24     -0.99
      2.51      0.24     -0.99
      2.51      2.15     -0.03
      2.51      0.24      0.93
      2.51     -0.72      0.93
      2.51     -0.72      2.84
      2.51      0.24      1.88
     -1.32      0.24     -0.03
     -2.27     -1.67     -0.99
     -2.27     -1.67     -0.99
     -3.23      0.24     -3.86
     -4.19      0.24     -2.90
     -5.15     -0.72     -1.94
     -1.32     -0.72     -0.99
      2.51     -1.67     -0.99
      2.51     -0.72     -0.99
      2.51     -2.63     -0.03
      2.51     -3.59      1.88
      2.51     -3.59      1.88
      2.51     -1.67      1.88
     -1.32     -2.63      1.88
     -1.32     -1.67     -0.99
     -1.32     -0.72     -0.99
     -2.27      0.24     -1.94
     -1.32      0.24      0.93
      0.60      0.24      1.88
      2.51     -0.72     -0.03
      2.51     -0.72      0.93
      2.51      0.24      1.88
      2.51      1.20      2.84
      2.51      1.20      0.93
     -1.32      2.15      0.93
     -1.32      2.15     -0.03
     -3.23      2.15     -0.99
     -1.32      0.24     -0.99
     -1.32      0.24     -0.03
     -2.27      2.15      0.93
     -2.27      2.15      0.93
     -2.27      3.11     -0.03
     -2.27      4.07     -0.03
      2.51      4.07      0.93
      2.51      2.15      0.93
      2.51      0.24      1.88
      2.51      0.24     -0.03
      2.51     -0.72     -0.03
      2.51     -0.72     -0.03
      0.60     -0.72     -0.03
     -2.27      1.20     -0.03
     -1.32      2.15     -0.99
      2.51      0.24     -0.99
      2.51     -1.67     -0.03
      2.51     -1.67     -0.03
      2.51     -0.72     -0.03
     -1.32     -0.72     -0.03
     -1.32     -1.67      0.93
      0.60     -1.67      0.93
     -2.27     -2.63      0.93
     -2.27     -3.59      1.88
     -1.32     -2.63     -0.03
      2.51     -1.67     -0.03
     -1.32     -1.67     -0.03
     -2.27     -2.63      1.88
      2.51     -0.72      0.93
      2.51     -0.72      0.93
     -2.27     -0.72      0.93
     -2.27      0.24      0.93
     -1.32      2.15      0.93
      2.51      0.24     -0.03
      2.51     -0.72     -0.99
      2.51      0.24     -0.99
      2.51      0.24     -0.99
      2.51      0.24     -0.99
     -2.27      0.24     -0.99
     -1.32      2.15     -0.99
     -1.32      3.11     -1.94
     -1.32      2.15     -0.99
      2.51      2.15     -0.99
      2.51      0.24     -0.99
      2.51      0.24     -0.99
      2.51      2.15     -2.90
     -1.32      4.07     -0.99
     -2.27      4.07     -0.99
     -1.32      2.15     -0.03
     -1.32      1.20      1.88
     -2.27      0.24      1.88
     -3.23      1.20      1.88
     -1.32      0.24      1.88
     -1.32      0.24      1.88
     -1.32     -0.72      2.84
     -1.32     -0.72      6.67
     -1.32      0.24      3.80
     -1.32      0.24      6.67
      2.51     -0.72      6.67
      2.51     -0.72      6.67
      2.51     -0.72      6.67
     -1.32     -0.72      1.88
     -0.36     -0.72      1.88
     -1.32     -0.72      1.88
     -1.32      0.24      0.93
      0.60     -1.67     -0.03
      0.60     -0.72     -0.99
      0.60      0.24     -0.99
      2.51     -0.72     -0.99
      2.51     -0.72     -0.99
      2.51     -0.72     -0.99
     -0.36     -0.72     -0.99
      0.60     -0.72     -2.90
     -1.32     -0.72     -0.99
     -2.27     -0.72     -0.99
     -1.32     -0.72     -1.94
     -1.32     -0.72     -0.99
     -1.32     -0.72     -0.99
     -1.32     -0.72     -0.99
     -1.32     -1.67     -0.99
      2.51     -1.67     -0.99
      2.51     -0.72     -0.03
     -1.32     -0.72     -0.03
      2.51     -0.72      0.93
      2.51      0.24     -0.03
      2.51      0.24     -0.99
     -2.27     -0.72     -0.03
     -1.32      0.24     -0.03
     -1.32      0.24      0.93
     -3.23      1.20     -0.03
     -1.32      1.20     -0.03
     -0.36      3.11     -0.99
      2.51      3.11     -0.03
      2.51      3.11     -0.99
      2.51      3.11     -1.94
     -0.36      2.15     -0.03
     -2.27      4.07     -0.03
     -1.32      2.15     -0.03
     -2.27      2.15     -0.03
     -2.27      2.15     -0.03
     -1.32      0.24     -0.99
     -1.32      0.24     -0.99
     -1.32      0.24     -0.03
     -2.27      0.24     -0.03
     -2.27     -0.72     -0.03
      0.60     -0.72     -0.03
      2.51     -0.72     -0.03
      2.51     -1.67      1.88
      2.51     -0.72      1.88
      2.51     -0.72      2.84
      2.51     -1.67      0.93
      2.51     -1.67     -0.03
      2.51     -0.72      1.88
      2.51     -2.63      1.88
      2.51     -0.72      2.84
      2.51     -0.72      2.84
     -1.32     -0.72      1.88
      0.60     -0.72      1.88
     -1.32     -0.72      2.84
     -2.27      0.24      2.84
     -2.27      0.24      2.84
     -2.27      1.20      2.84
     -1.32      0.24      2.84
     -1.32     -0.72      0.93
     -2.27     -0.72     -0.03
     -1.32      0.24      1.88
     -1.32      0.24      1.88
     -2.27     -0.72     -0.03
     -1.32     -0.72     -0.99
     -1.32      0.24     -0.99
     -1.32      0.24     -0.99
      2.51      1.20     -0.99
      2.51      1.20     -0.99
      2.51      0.24     -0.99
      2.51      0.24     -1.94
      2.51     -0.72     -1.94
      2.51      0.24     -0.99
      2.51      1.20     -1.94
      2.51      2.15     -2.90
      2.51      2.15     -0.99
      2.51      2.15     -1.94
     -0.36      0.24     -0.99
     -2.27      0.24     -1.94
     -2.27      1.20     -0.99
     -2.27      2.15     -2.90
     -1.32      0.24     -1.94
     -1.32      2.15     -1.94
     -1.32      0.24     -2.90
     -2.27     -0.72     -0.99
     -1.32     -1.67     -0.99
     -1.32     -0.72     -1.94
     -1.32     -0.72     -0.99
     -1.32     -0.72     -0.03
      2.51     -1.67      0.93
      2.51     -2.63      0.93
      2.51     -2.63      1.88
      2.51     -2.63      1.88
      2.51     -0.72      2.84
     -1.32     -0.72      2.84
      2.51     -0.72      3.80
      2.51     -0.72      2.84
     -1.32     -0.72      2.84
     -0.36      0.24      1.88
      2.51      0.24      2.84
     -0.36      2.15      2.84
      2.51      1.20      1.88
      2.51      2.15      0.93
      2.51      2.15      1.88
     -0.36      2.15      2.84
     -1.32      2.15      0.93
     -1.32      2.15      1.88
     -1.32      2.15     -0.03
     -1.32      1.20     -0.03
     -1.32      2.15     -0.99
     -1.32      1.20     -0.99
     -2.27      0.24     -0.99
     -2.27      0.24     -0.99
     -1.32      0.24     -0.03
     -1.32      0.24     -0.99
     -1.32     -0.72     -0.99
     -1.32     -0.72     -0.99
     -0.36     -0.72     -0.99
     -0.36     -0.72     -0.99
      2.51     -0.72     -0.99
      2.51     -0.72     -0.03
      2.51      0.24     -0.03
      2.51     -0.72     -0.99
      2.51     -0.72     -0.99
     -1.32     -0.72     -0.99
      2.51     -0.72     -0.99
      2.51     -0.72     -0.99
     -1.32      0.24     -0.99
     -1.32      0.24     -0.99
     -1.32     -0.72     -1.94
     -0.36     -0.72     -0.99
      2.51      0.24     -0.99
     -1.32      0.24     -0.99
     -2.27     -0.72     -0.03
     -2.27     -0.72     -0.03
     -1.32     -0.72     -0.99
     -1.32      0.24     -0.99
     -1.32     -1.67     -0.99
     -2.27     -0.72     -0.99
     -1.32     -0.72      0.93
     -2.27     -0.72      0.93
     -2.27     -0.72     -0.03
     -0.36     -1.67      0.93
      2.51     -0.72     -0.03
      2.51     -0.72      1.88
     -0.36     -0.72      2.84
     -1.32     -0.72      2.84
     -1.32      0.24      1.88
     -1.32      2.15      0.93
      2.51      0.24      1.88
      2.51      0.24      2.84
      2.51      1.20     -0.03
      2.51      3.11     -0.03
      2.51      2.15     -0.03
      2.51      2.15     -0.03
     -1.32      2.15     -0.03
     -1.32      3.11     -0.03
     -1.32      2.15     -0.03
     -1.32      2.15     -0.03
     -2.27      0.24     -0.03
     -1.32      0.24     -0.03
     -1.32      0.24     -0.03
      0.60      0.24     -0.03
     -1.32      1.20     -0.03
     -1.32      0.24     -0.03
     -1.32      0.24     -0.03
     -2.27     -0.72      0.93
     -1.32     -1.67      1.88
     -1.32     -0.72     -0.03
     -1.32     -0.72     -0.03
     -2.27     -0.72     -0.03
     -1.32     -0.72     -0.99
      2.51     -1.67     -0.99
      2.51     -0.72     -0.99
      2.51     -0.72     -1.94
      2.51     -0.72     -0.99
      2.51     -0.72     -1.94
      2.51     -0.72     -1.94
      2.51     -0.72     -0.99
     -1.32     -0.72     -1.94
     -1.32      0.24     -1.94
     -2.27      0.24     -0.99
     -2.27      0.24     -0.99
     -2.27      0.24     -0.99
     -1.32     -0.72     -1.94
     -1.32     -0.72     -0.99
     -1.32     -0.72     -0.03
     -1.32     -0.72      0.93
     -1.32     -0.72     -0.03
     -2.27      0.24     -0.03
     -1.32      1.20      0.93
     -1.32      2.15      1.88
     -1.32      1.20      1.88
      2.51      0.24      2.84
      2.51      0.24      2.84
      2.51      0.24      1.88
      2.51      0.24      2.84
      2.51      0.24      2.84
      2.51      0.24      1.88
      2.51      0.24      1.88
     -1.32      0.24      1.88
     -1.32      0.24      2.84
      0.60      1.20      1.88
     -1.32      0.24      0.93
     -1.32      0.24      0.93
     -1.32     -0.72     -0.03
     -2.27     -0.72     -0.03
     -2.27      0.24     -0.03
     -1.32      1.20     -0.99
     -1.32      1.20     -0.99
     -2.27      1.20     -0.99
     -1.32      0.24     -0.99
     -2.27      0.24     -0.99
     -2.27     -0.72     -1.94
     -1.32     -0.72     -0.99
     -1.32      0.24     -0.99
     -1.32      0.24     -0.99
      2.51      0.24     -0.99
      2.51      1.20     -0.99
      2.51      0.24     -0.99
      2.51      0.24     -1.94
      0.60      2.15     -0.99
     -1.32      0.24     -0.99
     -1.32     -0.72     -1.94
     -1.32     -0.72     -1.94
     -0.36     -0.72     -0.99
     -1.32     -0.72     -0.99
     -1.32     -0.72     -0.03
     -1.32      0.24     -0.03
     -2.27     -0.72     -0.03
     -1.32     -0.72     -0.03
     -1.32     -0.72     -0.03
      2.51     -1.67      2.84
      2.51     -0.72      2.84
     -1.32     -0.72      2.84
     -0.36     -0.72      1.88
      0.60     -0.72      0.93
     -0.36     -0.72      1.88
      2.51     -1.67      1.88
      2.51      0.24      2.84
      2.51      0.24      2.84
      2.51      0.24      1.88
     -1.32     -0.72      1.88
     -2.27      0.24      2.84
     -1.32      0.24      2.84
     -2.27      1.20      1.88
     -1.32      1.20      0.93
     -0.36      2.15      0.93
      2.51      2.15     -0.03
     -1.32      1.20     -0.03
     -1.32      2.15      0.93
     -1.32      0.24     -0.03
     -1.32      0.24     -0.03
      2.51     -0.72     -0.99
      2.51     -0.72     -0.99
      2.51     -0.72     -0.99
     -1.32      1.20     -0.99
     -1.32      1.20     -2.90
     -1.32      2.15     -1.94
     -1.32      1.20     -0.99
     -1.32      0.24     -0.99
     -0.36      0.24     -0.99
     -1.32     -0.72     -0.99
      2.51     -1.67     -0.99
      2.51     -0.72     -1.94
     -1.32      0.24     -0.99
     -2.27      0.24     -0.99
     -1.32      0.24     -1.94
     -1.32      0.24     -0.99
     -2.27     -1.67     -0.99
     -0.36     -0.72     -0.03
     -0.36     -0.72     -0.99
     -1.32     -0.72     -0.03
      0.60      0.24     -0.03
      2.51      0.24      1.88
      2.51     -0.72      2.84
     -1.32     -0.72      1.88
      0.60     -0.72      2.84
     -1.32     -1.67      1.88
     -1.32     -0.72      2.84
      2.51     -0.72      2.84
      2.51     -0.72      2.84
     -1.32     -0.72      2.84
     -1.32     -0.72      2.84
     -1.32      0.24      1.88
     -2.27      0.24      1.88
     -1.32     -0.72      1.88
      2.51      2.15      1.88
      2.51      0.24     -0.03
      2.51      0.24     -0.99
      2.51      0.24     -0.03
      2.51      0.24     -0.03
      2.51      0.24     -0.99
      0.60      0.24     -0.99
     -2.27      0.24     -1.94
     -1.32      0.24     -2.90
     -1.32      0.24     -0.99
     -1.32      0.24     -1.94
     -2.27      0.24     -1.94
     -1.32      0.24     -0.99
     -2.27      0.24     -0.99
     -1.32      0.24     -0.99
     -1.32     -0.72     -1.94
     -1.32     -0.72     -0.99
     -2.27     -0.72     -0.99
     -1.32      0.24     -0.99
     -0.36      0.24     -0.99
      2.51     -0.72     -0.03
      2.51     -0.72      0.93
      2.51     -0.72      0.93
      2.51     -0.72      0.93
     -1.32     -0.72     -0.03
     -1.32     -0.72      1.88
      0.60      0.24      0.93
     -0.36     -0.72      2.84
      0.60      0.24      1.88
      2.51      0.24      1.88
      2.51      0.24      1.88
      2.51     -0.72      1.88
      2.51      0.24      1.88
      2.51      2.15      1.88
     -0.36      0.24     -0.03
      2.51      1.20      0.93
     -1.32      2.15      0.93
     -2.27      0.24      0.93
     -1.32      0.24      0.93
     -1.32      0.24     -0.03
      2.51      0.24      1.88
     -0.36      1.20     -0.03
     -1.32      2.15      0.93
     -1.32      2.15     -0.03
     -2.27      2.15     -0.03
     -1.32      0.24     -0.03
     -1.32      0.24     -0.03
     -1.32      0.24     -0.99
      0.60      0.24     -0.99
      2.51      0.24     -0.99
      2.51     -0.72     -0.99
     -1.32      0.24     -0.99
     -0.36      0.24     -0.99
     -1.32      0.24     -0.99
     -1.32      0.24     -0.99
     -1.32     -0.72     -1.94
     -2.27     -1.67     -1.94
     -1.32     -1.67     -0.99
     -1.32     -0.72     -0.99
     -2.27     -0.72     -0.99
     -1.32     -0.72     -0.99
     -1.32     -0.72     -0.03
      2.51     -0.72     -0.03
      0.60     -0.72      1.88
     -1.32     -0.72     -0.03
     -1.32     -0.72      1.88
     -1.32     -0.72      0.93
     -1.32     -1.67      1.88
     -2.27     -0.72      1.88
      0.60      0.24     -0.03
      2.51     -0.72      0.93
      2.51     -0.72      1.88
      2.51      0.24      1.88
      0.60      2.15      0.93
     -1.32      0.24      0.93
     -1.32      1.20      1.88
     -2.27      2.15      1.88
     -1.32      2.15      0.93
     -0.36      1.20      0.93
      2.51      1.20      0.93
      2.51      1.20     -0.03
      2.51      2.15     -0.03
      2.51      1.20     -0.99
     -1.32      2.15     -0.99
     -1.32      1.20     -1.94
     -1.32      1.20     -0.99
     -1.32      0.24     -0.99
     -1.32      0.24     -0.99
     -1.32      0.24     -0.99
     -1.32      0.24     -0.99
     -2.27      0.24     -0.99
     -1.32      0.24     -0.99
     -1.32      0.24     -1.94
     -1.32      0.24     -0.99
      0.60     -0.72     -0.03
     -1.32     -0.72     -0.03
      2.51     -1.67      0.93
     -1.32     -0.72      1.88
      2.51     -0.72      1.88
      2.51     -1.67     -0.03
      0.60     -0.72      0.93
      2.51     -0.72      0.93
      0.60     -0.72      1.88
     -1.32     -0.72      0.93
     -1.32     -0.72      0.93
     -1.32     -0.72      1.88
     -1.32     -0.72      2.84
     -1.32     -0.72     -0.03
     -2.27     -0.72      0.93
     -1.32     -0.72     -0.03
     -1.32     -0.72     -0.03
     -1.32      0.24     -0.03
     -1.32      0.24     -0.03
      0.60      0.24     -0.03
     -1.32      0.24     -0.03
      0.60      0.24     -0.99
     -1.32      0.24     -0.99
     -2.27      1.20     -0.99
     -1.32      2.15     -0.99
     -1.32      2.15     -0.99
     -1.32      1.20     -0.99
     -1.32      0.24     -1.94
     -0.36      1.20     -1.94
     -0.36      2.15     -1.94
      0.60      2.15     -0.99
     -1.32      2.15     -0.99
     -1.32      2.15     -0.99
     -1.32      0.24     -0.99
     -2.27      2.15     -0.03
     -1.32      2.15     -0.99
     -1.32      0.24     -0.03
     -1.32      0.24     -0.03
      2.51      0.24     -0.03
     -2.27      0.24     -0.03
     -1.32      0.24     -0.03
     -1.32     -0.72      1.88
     -2.27      0.24      1.88
      0.60      0.24      1.88
      2.51     -0.72     -0.03
     -1.32     -0.72      0.93
     -1.32     -0.72      1.88
     -0.36     -0.72      0.93
      2.51     -0.72      0.93
      2.51     -1.67      0.93
      2.51     -0.72     -0.03
      2.51     -0.72     -0.03
     -0.36     -0.72     -0.03
     -1.32     -0.72      0.93
     -1.32     -0.72      1.88
     -1.32      0.24      1.88
     -1.32      0.24     -0.03
      2.51     -0.72     -0.03
      2.51     -0.72     -0.03
     -0.36     -0.72     -0.03
     -1.32      0.24     -0.03
     -1.32      0.24     -0.99
     -2.27      0.24     -0.03
     -2.27      0.24     -0.03
     -2.27     -0.72     -0.99
      0.60     -0.72     -0.03
      2.51      0.24     -0.03
      0.60      0.24     -0.99
     -1.32      0.24     -0.99
     -1.32      0.24     -0.03
     -2.27      1.20     -0.03
     -1.32      0.24     -0.03
     -1.32      1.20     -0.03
     -0.36      2.15     -0.03
      0.60      2.15     -0.03
     -0.36      1.20     -0.03
      2.51      2.15     -0.03
     -0.36      2.15     -0.03
     -0.36      2.15     -0.99
      0.60      2.15     -0.03
     -0.36      1.20     -0.03
     -1.32      2.15     -0.99
     -1.32      1.20     -0.03
     -1.32      0.24     -0.03
      2.51      0.24     -0.03
     -1.32     -0.72     -0.03
      0.60      0.24     -0.99
     -1.32      0.24     -0.99
     -1.32     -0.72     -0.99
     -1.32     -1.67     -0.03
     -1.32     -0.72     -0.03
     -2.27     -1.67     -0.03
     -1.32     -0.72     -0.99
     -1.32     -0.72     -0.03
      2.51     -0.72     -0.03
     -1.32     -1.67     -0.03
     -1.32     -1.67     -0.03
     -1.32     -1.67     -0.99
     -1.32     -0.72     -0.03
      0.60     -0.72     -0.03
     -1.32     -0.72      1.88
     -1.32     -0.72      1.88
     -1.32     -0.72     -0.03
     -1.32      0.24     -0.03
      2.51      0.24     -0.03
     -0.36     -0.72     -0.03
      2.51      0.24     -0.99
     -0.36     -0.72     -0.03
     -1.32      0.24     -0.03
     -1.32      0.24     -0.03
      2.51      0.24     -0.03
      0.60     -0.72      1.88
     -1.32      0.24     -0.03
     -2.27      1.20     -0.03
     -1.32      2.15     -0.03
     -1.32      0.24     -0.03
      0.60      2.15     -0.03
     -1.32      2.15     -0.03
      2.51      0.24     -0.03
      2.51      2.15      0.93
      0.60      2.15      0.93
     -0.36      0.24      0.93
     -1.32      2.15      1.88
     -2.27      2.15     -0.03
     -2.27      0.24     -0.03
     -1.32      1.20     -0.03
      2.51      0.24     -0.99
      2.51      0.24     -0.03
     -1.32      0.24     -0.03
     -1.32      0.24     -0.03
     -1.32      0.24     -0.03
     -1.32      0.24     -0.03
     -1.32      0.24     -0.99
     -1.32     -0.72     -0.99
     -1.32      0.24     -0.99
      2.51     -0.72     -0.03
     -1.32     -0.72     -0.03
      2.51     -0.72     -0.99
      2.51     -1.67     -0.99
      2.51     -1.67     -0.03
     -1.32     -0.72     -0.99
     -1.32     -0.72     -0.03
     -1.32     -0.72     -0.03
     -1.32     -0.72     -0.03
     -1.32     -0.72     -0.03
     -1.32     -0.72     -0.03
      0.60     -0.72     -0.99
      0.60     -0.72     -0.03
     -1.32     -0.72     -0.03
      0.60     -0.72     -0.03
     -1.32     -0.72     -0.03
     -1.32      0.24     -0.03
      0.60     -0.72      1.88
     -1.32      0.24      0.93
     -1.32      0.24     -0.03
     -1.32      0.24     -0.03
     -1.32      0.24     -0.03
     -2.27      0.24     -0.03
      0.60      0.24     -0.03
     -1.32      0.24     -0.03
      0.60      0.24     -0.03
     -1.32      0.24     -0.03
     -1.32      1.20      0.93
     -1.32      2.15      1.88
     -1.32      2.15     -0.03
      2.51      1.20     -0.03
      2.51      1.20     -0.03
      2.51      1.20     -0.03
      2.51      0.24     -0.03
     -1.32      0.24     -0.03
     -1.32      2.15     -0.03
     -1.32      0.24      0.93
     -1.32      0.24     -0.03
     -1.32      2.15     -0.99
     -1.32      0.24     -0.99
      0.60      2.15     -0.03
     -1.32      0.24     -0.99
     -0.36      0.24     -0.03
      0.60     -0.72     -0.03
     -1.32     -0.72     -0.03
     -1.32     -0.72     -0.99
     -1.32     -0.72     -0.99
     -1.32     -0.72     -0.03
     -2.27     -1.67     -0.99
     -1.32     -0.72     -0.99
     -1.32     -0.72     -0.03
     -1.32     -0.72     -0.03
     -1.32     -0.72     -0.03
     -1.32     -0.72     -0.03
     -1.32     -0.72     -0.03
     -1.32     -0.72     -0.99
     -0.36     -1.67     -0.03
     -0.36     -1.67     -0.03
      2.51     -0.72     -0.03
      2.51     -0.72     -0.03
     -1.32     -0.72     -0.03
     -2.27     -0.72      0.93
     -0.36      0.24      0.93
      2.51     -0.72      1.88
     -1.32      0.24     -0.03
     -1.32      0.24      0.93
     -1.32      0.24      0.93
     -2.27      0.24      1.88
     -2.27     -0.72     -0.03
     -1.32      0.24     -0.03
      2.51     -0.72     -0.03
     -0.36      0.24     -0.03
      0.60      0.24     -0.03
     -0.36      0.24     -0.03
     -1.32      0.24      0.93
     -2.27      0.24     -0.03
     -2.27      0.24     -0.03
     -2.27      2.15     -0.99
     -1.32      0.24     -0.03
     -0.36      0.24     -0.99
      2.51     -0.72     -0.99
      0.60      0.24     -0.03
     -1.32      0.24     -0.03
     -0.36      0.24     -0.03
      0.60      0.24     -0.03
     -1.32      1.20     -0.03
     -2.27      0.24     -0.03
     -1.32     -0.72     -0.99
     -1.32     -0.72     -0.99
     -1.32     -0.72     -0.03
     -1.32      0.24     -0.03
     -1.32     -0.72     -0.99
      0.60      0.24     -0.99
     -1.32     -1.67     -0.03
     -1.32     -0.72     -0.03
     -2.27     -0.72     -0.03
     -1.32     -0.72     -0.03
     -1.32     -0.72      0.93
      0.60     -0.72     -0.03
     -1.32     -0.72      0.93
     -1.32     -0.72     -0.03
     -1.32     -0.72     -0.03
     -2.27      0.24      1.88
      0.60     -0.72     -0.03
     -1.32     -0.72     -0.03
      2.51     -0.72     -0.03
     -1.32      0.24     -0.03
     -1.32      0.24      0.93
     -1.32     -0.72     -0.03
      0.60      0.24     -0.03
     -1.32      0.24     -0.03
      2.51      0.24     -0.99
     -1.32      0.24     -0.99
     -1.32      2.15     -0.03
      0.60      0.24     -0.03
      0.60      2.15     -0.03
     -1.32      0.24     -0.03
     -1.32      0.24     -0.99
      0.60     -0.72     -0.03
      0.60     -0.72     -0.03
     -1.32      0.24     -0.03
     -1.32      0.24     -0.03
      0.60      0.24      0.93
     -1.32      0.24     -0.03
     -1.32     -0.72     -0.03
      0.60     -0.72     -0.03
     -1.32     -0.72     -0.03
     -1.32      0.24     -0.03
      2.51     -0.72     -0.03
     -1.32      0.24     -0.03
     -0.36      0.24     -0.03
      2.51     -0.72     -0.03
      0.60     -0.72     -0.03
     -1.32      0.24     -0.03
     -1.32      0.24     -0.03
      0.60      0.24     -0.99
     -1.32     -0.72     -0.03
     -1.32      0.24     -0.03
     -2.27      0.24     -0.03
     -1.32      0.24     -0.03
     -1.32      0.24     -0.03
     -1.32      0.24     -0.99
     -1.32      0.24     -0.03
     -1.32      0.24     -0.03
     -1.32     -0.72     -0.03
     -1.32      0.24     -0.03
     -1.32      0.24     -0.03
     -1.32      0.24     -0.03
     -1.32     -0.72      1.88
      0.60      0.24     -0.03
      0.60     -0.72      0.93
     -1.32      0.24      0.93
      0.60      0.24     -0.03
     -1.32     -0.72     -0.03
     -1.32     -0.72     -0.03
     -1.32      0.24     -0.03
      2.51     -0.72     -0.03
     -0.36      0.24     -0.03
     -0.36     -0.72      0.93
      2.51     -0.72     -0.03
      2.51     -0.72      0.93
     -1.32      0.24      0.93
     -1.32      0.24     -0.03
     -1.32      0.24     -0.03
     -2.27      0.24     -0.99
     -2.27      0.24     -0.03
     -1.32     -1.67     -0.03
     -0.36     -0.72     -0.03
     -1.32     -0.72     -0.03
      0.60     -0.72     -0.03
      2.51      0.24     -0.03
      0.60     -0.72     -0.03
     -1.32      0.24     -0.03
     -1.32      0.24     -0.03
     -1.32     -0.72     -0.99
     -1.32     -0.72     -0.03
     -1.32      0.24     -0.03
     -1.32      0.24     -0.03
     -1.32      0.24     -0.03
     -1.32      0.24     -0.03
     -1.32      0.24     -0.03
      0.60     -0.72     -0.03
     -1.32     -0.72     -0.03
     -1.32      0.24     -0.03
      0.60      0.24     -0.03
     -1.32      0.24     -0.03
     -1.32      0.24     -0.03
     -1.32      0.24     -0.03
     -1.32      0.24     -0.03
      0.60      0.24     -0.03
     -0.36      0.24     -0.03
      0.60      0.24     -0.03
     -1.32      0.24     -0.03
     -1.32      0.24     -0.03
     -1.32      0.24     -0.03
     -1.32      0.24     -0.03
     -1.32      0.24     -0.03
     -1.32      0.24     -0.03
     -0.36      0.24     -0.03
     -1.32      0.24     -0.99
     -1.32      0.24     -0.03
     -1.32     -0.72     -0.03
     -1.32      0.24     -0.03
     -0.36      0.24      0.93
      2.51     -0.72     -0.03
     -0.36      0.24     -0.03
     -1.32      0.24     -0.03
     -1.32      0.24     -0.03
     -1.32      0.24     -0.03
     -0.36     -0.72     -0.03
      0.60     -0.72     -0.03
     -0.36     -0.72     -0.03
     -1.32      0.24     -0.03
      0.60     -0.72     -0.03
      0.60     -0.72     -0.03
     -1.32     -0.72     -0.03
     -1.32      0.24     -0.99
     -1.32     -0.72     -0.03
     -1.32      0.24     -0.03
     -1.32      0.24     -0.99
     -1.32      0.24     -0.99
      0.60      0.24     -0.99
      2.51     -0.72     -0.03
     -1.32      0.24     -0.03
     -1.32      0.24     -0.99
     -2.27      0.24     -0.99
     -1.32      0.24     -0.03
     -1.32      0.24     -0.03
      2.51      0.24     -0.03
      2.51      0.24     -0.03
      2.51      0.24     -0.03
      2.51      0.24     -0.03
      0.60      0.24     -0.99
     -1.32      0.24      0.93
     -1.32      0.24      1.88
     -1.32     -0.72     -0.03
     -1.32      0.24     -0.03
      0.60      0.24     -0.03
     -0.36      0.24      0.93
      0.60     -0.72     -0.03
     -0.36      0.24      0.93
     -1.32      0.24     -0.03
     -1.32      0.24     -0.03
     -1.32      0.24     -0.03
     -1.32      0.24     -0.03
     -1.32      0.24     -0.03
     -1.32      0.24     -0.03
     -2.27      0.24     -0.03
     -1.32      0.24     -0.03
     -1.32     -0.72     -0.03
      2.51      0.24     -0.03
      2.51      0.24     -0.03
      2.51      0.24     -0.99
     -1.32      0.24     -0.03
     -1.32      0.24     -0.03
     -2.27      0.24     -0.03
     -2.27      0.24     -0.03
     -1.32      0.24     -0.03
     -1.32     -0.72     -0.99
      0.60      0.24     -0.03
     -0.36     -0.72     -0.03
      2.51      0.24     -0.99
     -1.32      0.24     -0.03
     -1.32      0.24     -0.03
     -2.27      0.24     -0.03
     -1.32      0.24      1.88
     -1.32      0.24     -0.03
     -1.32     -0.72     -0.03
     -1.32      0.24     -0.03
     -1.32     -0.72     -0.03
      2.51      0.24     -0.03
     -1.32      0.24     -0.03
     -1.32      0.24     -0.03
     -1.32      0.24     -0.99
     -1.32      0.24      0.93
     -1.32      0.24      1.88
     -1.32      0.24      1.88
     -1.32      0.24     -0.03
     -1.32      0.24     -0.03
     -0.36      0.24     -0.03
      0.60     -0.72     -0.99
      0.60      0.24      0.93
     -1.32      0.24      0.93
     -1.32      0.24     -0.03
     -1.32      0.24     -0.03
     -1.32      0.24     -0.03
     -1.32      0.24     -0.03
      2.51     -0.72     -0.03
     -1.32      0.24     -0.99
      0.60      0.24     -0.03
     -0.36      0.24     -0.03
      2.51      0.24     -0.03
     -1.32     -0.72     -0.03
     -2.27      0.24     -0.03
     -1.32      0.24     -0.03
      0.60      0.24     -0.03
     -1.32      0.24     -0.03
     -1.32      0.24     -0.99
      0.60      0.24     -0.03
     -1.32      0.24     -0.99
     -1.32      0.24     -0.99
      0.60      0.24     -0.99
     -1.32     -0.72     -0.03
     -1.32      0.24     -0.03
     -1.32      0.24     -0.03
     -1.32      0.24     -0.03
     -1.32     -0.72     -0.03
     -1.32      0.24     -0.03
      0.60     -0.72     -0.03
     -1.32     -0.72     -0.03
      0.60     -0.72     -0.03
      2.51     -0.72     -0.03
      2.51     -0.72     -0.03
     -1.32      0.24      0.93
     -1.32     -0.72      1.88
     -1.32      0.24     -0.03
     -1.32      0.24      0.93
     -1.32      0.24     -0.03
     -1.32      0.24     -0.03
      0.60      0.24     -0.03
     -0.36     -0.72     -0.03
     -0.36     -0.72     -0.03
      0.60     -0.72     -0.03
     -1.32      0.24     -0.03
     -1.32      0.24     -0.03
     -1.32      0.24     -0.03
     -1.32      0.24     -0.03
      0.60      0.24     -0.03
     -1.32     -0.72     -0.03
      2.51      0.24     -0.03
     -1.32      0.24     -0.03
     -1.32      0.24     -0.03
     -1.32      0.24     -0.03
     -1.32     -0.72     -0.99
     -1.32      0.24     -0.03
     -2.27      0.24     -0.99
     -0.36      0.24     -0.03
     -1.32      0.24     -0.99
     -1.32      0.24     -0.99
     -1.32      0.24     -0.03
     -1.32      0.24     -0.03
     -1.32     -0.72     -0.03
      0.60      0.24      0.93
     -0.36      0.24     -0.03
      0.60     -0.72      0.93
     -1.32      0.24     -0.03
     -1.32      0.24     -0.03
     -1.32      0.24     -0.03
     -1.32     -0.72     -0.03
      2.51     -0.72     -0.03
      0.60     -0.72     -0.03
     -1.32     -0.72     -0.03
     -2.27     -0.72     -0.03
      0.60     -0.72     -0.03
     -1.32      0.24     -0.03
     -2.27     -0.72     -0.99
     -1.32     -0.72     -0.99
      0.60     -0.72     -0.03
      0.60     -0.72     -0.99
     -1.32     -0.72     -0.03
     -1.32      0.24     -0.03
     -1.32      0.24     -0.03
      0.60      0.24     -0.03
      0.60      0.24     -0.03
     -1.32      0.24     -0.03
     -1.32      0.24     -0.03
     -1.32      0.24     -0.99
      0.60      0.24     -0.03
     -0.36      0.24     -0.03
      2.51      0.24     -0.03
      2.51     -0.72     -0.03
     -1.32      1.20     -0.03
     -1.32      0.24     -0.03
      0.60      0.24     -0.03
     -0.36      0.24     -0.03
      2.51      0.24     -0.99
     -1.32      0.24     -0.03
      0.60      0.24     -0.99
      0.60     -0.72     -0.03
     -1.32      0.24     -0.03
     -1.32      0.24     -0.99
      2.51      0.24     -0.99
     -1.32      0.24     -0.03
     -1.32      0.24     -0.99
     -1.32      0.24     -0.99
     -1.32      0.24     -0.03
     -1.32      0.24     -0.03
     -1.32      0.24     -0.03
      0.60     -0.72     -0.99
     -1.32      0.24     -0.03
      0.60      0.24     -0.03
     -0.36      0.24     -0.03
      0.60      0.24     -0.03
     -1.32     -0.72     -0.03
     -1.32      0.24     -0.03
     -0.36      0.24      0.93
     -1.32     -0.72     -0.03
      0.60     -0.72     -0.03
     -1.32      0.24     -0.03
     -1.32      0.24      0.93
     -1.32      0.24     -0.03
     -1.32     -0.72      0.93
     -1.32     -0.72     -0.03
     -1.32      0.24     -0.03
     -1.32      0.24     -0.03
     -0.36      0.24     -0.03
     -1.32      0.24     -0.03
     -1.32      0.24     -0.03
     -1.32     -0.72     -0.03
     -0.36     -0.72     -0.03
      0.60      0.24     -0.03
      2.51     -0.72     -0.99
      0.60      0.24     -0.03
     -1.32      0.24     -0.03
     -0.36     -0.72     -0.03
     -0.36     -0.72     -0.03
      0.60      0.24     -0.03
     -1.32     -0.72     -0.03
     -1.32     -0.72     -0.03
     -1.32     -0.72     -0.99
     -1.32      0.24     -0.03
     -1.32      0.24     -0.99
     -1.32      0.24     -0.99
     -1.32      0.24     -0.03
     -1.32      0.24     -0.99
     -1.32     -0.72     -0.03
     -1.32      0.24     -0.99
     -1.32      0.24     -0.03
     -1.32     -0.72     -0.03
     -0.36     -0.72     -0.03
     -1.32      0.24     -0.03
     -1.32      0.24     -0.03
      2.51      0.24     -0.03
     -1.32      0.24     -0.03
      0.60      0.24     -0.03
     -1.32     -0.72     -0.03
      2.51     -0.72     -0.03
      0.60     -0.72      0.93
      2.51      0.24      0.93
      2.51      0.24      1.88
     -1.32      0.24      0.93
     -1.32      0.24     -0.03
     -2.27     -0.72     -0.03
     -1.32     -0.72     -0.03
      0.60      0.24     -0.03
     -1.32     -0.72     -0.03
      2.51     -0.72     -0.03
     -1.32      0.24     -0.03
     -1.32      0.24     -0.03
     -1.32      0.24     -0.03
     -1.32      0.24      0.93
     -1.32      0.24     -0.03
     -2.27      0.24     -0.03
     -1.32     -0.72     -0.03
     -2.27      0.24     -0.03
     -1.32      0.24     -0.03
     -1.32      0.24     -0.03
      0.60     -0.72     -0.03
      2.51      0.24     -0.03
      2.51      0.24     -0.03
      0.60      0.24     -0.03
     -2.27      0.24     -0.99
     -1.32      0.24     -0.03
     -1.32     -0.72     -0.03
      2.51     -0.72     -0.03
      2.51      0.24     -0.99
     -1.32      0.24     -0.03
     -1.32      0.24     -0.03
     -2.27     -0.72     -0.03
      2.51      0.24     -0.03
      2.51      0.24     -0.03
      2.51      0.24     -0.99
      0.60      0.24     -0.03
     -2.27      0.24     -0.03
     -2.27      0.24     -0.99
     -2.27      0.24     -0.03
     -2.27      0.24     -0.03
     -1.32      0.24     -0.03
      0.60      0.24      0.93
      2.51      0.24     -0.03
     -1.32      0.24      0.93
     -1.32      0.24     -0.03
     -1.32      0.24     -0.03
     -1.32      0.24     -0.03
     -0.36     -0.72      0.93
      0.60      0.24     -0.03
     -1.32      0.24     -0.03
     -1.32      0.24     -0.03
     -1.32      0.24     -0.03
     -1.32      0.24     -0.03
     -1.32     -0.72     -0.03
      0.60      0.24     -0.03
     -0.36     -0.72     -0.99
     -1.32      0.24     -0.03
     -1.32      0.24     -0.03
     -1.32     -0.72     -0.03
     -1.32      0.24     -0.03
     -2.27      0.24     -0.03
     -1.32     -0.72     -0.03
     -1.32      0.24     -0.03
     -1.32      0.24     -0.03
      0.60      0.24     -0.03
     -0.36      0.24     -0.03
     -1.32      0.24     -0.03
     -1.32      0.24     -0.03
      0.60      0.24     -0.03
     -1.32      0.24     -0.03
     -1.32      0.24     -0.03
     -1.32      0.24     -0.03
     -1.32      0.24     -0.99
     -1.32      0.24     -0.99
      2.51     -0.72     -0.03
     -0.36      0.24     -0.03
     -1.32      0.24     -0.03
     -1.32      0.24     -0.03
      2.51      0.24     -0.03
      0.60      0.24     -0.03
     -1.32      0.24     -0.03
     -1.32     -0.72     -0.03
     -1.32     -0.72     -0.99
     -2.27      0.24     -0.03
     -1.32      0.24      0.93
     -1.32     -0.72     -0.03
     -1.32      0.24      0.93
     -1.32     -0.72      0.93
     -1.32     -0.72     -0.03
     -1.32     -0.72     -0.03
     -1.32      0.24     -0.99
     -1.32     -0.72     -0.03
      2.51      0.24     -0.03
      2.51      0.24     -0.03
      2.51     -0.72     -0.03
     -1.32     -0.72     -0.03
     -1.32      0.24     -0.03
     -1.32      0.24     -0.03
     -1.32      0.24     -0.03
     -1.32     -0.72     -0.03
     -1.32     -0.72     -0.03
     -2.27      0.24     -0.03
     -1.32      0.24     -0.03
     -1.32      0.24     -0.03
     -1.32      0.24     -0.99
     -1.32      0.24     -0.99
     -0.36      0.24     -0.03
     -1.32      0.24     -0.03
     -1.32      0.24      0.93
     -1.32      0.24     -0.03
     -1.32      0.24     -0.03
     -2.27      0.24     -0.03
     -1.32      0.24     -0.03
     -1.32     -0.72     -0.03
      0.60      0.24     -0.03
      2.51      0.24     -0.03
      2.51      0.24     -0.03
     -1.32      0.24     -0.03
     -1.32      0.24     -0.03
      0.60      0.24     -0.03
     -0.36      0.24     -0.03
     -0.36      0.24     -0.03
     -0.36      0.24     -0.03
     -1.32      0.24     -0.03
     -1.32     -0.72     -0.99
     -1.32      0.24     -0.03
     -1.32     -0.72     -0.03
     -1.32     -0.72     -0.03
      0.60      0.24     -0.03
     -1.32     -0.72     -0.03
     -1.32     -0.72     -0.03
     -2.27      0.24     -0.03
     -1.32      0.24     -0.03
     -0.36     -0.72     -0.03
      2.51     -0.72     -0.03
     -1.32      0.24     -0.03
     -1.32      0.24     -0.03
     -1.32      0.24     -0.03
     -1.32     -0.72     -0.03
      0.60      0.24     -0.03
      2.51     -0.72     -0.03
      2.51      0.24     -0.99
     -1.32     -0.72      0.93
     -1.32      0.24     -0.03
     -1.32      0.24     -0.03
     -2.27      0.24     -0.03
     -1.32      0.24     -0.03
      0.60      0.24     -0.03
     -1.32     -0.72     -0.03
     -1.32      0.24     -0.03
     -1.32      0.24     -0.03
     -1.32      0.24     -0.03
      2.51     -0.72     -0.03
     -1.32      0.24     -0.03
     -1.32      0.24     -0.03
     -1.32      0.24     -0.03
     -1.32      0.24     -0.03
     -1.32      0.24     -0.03
     -1.32      0.24     -0.03
     -0.36      0.24     -0.03
     -1.32      0.24      0.93
     -1.32      0.24      0.93
     -2.27      0.24     -0.03
     -1.32      0.24     -0.03
      2.51      0.24     -0.03
      2.51      0.24     -0.03
      2.51     -0.72     -0.03
      0.60      0.24     -0.03
      0.60      0.24     -0.03
     -1.32     -0.72      0.93
     -1.32     -0.72     -0.03
     -1.32      0.24     -0.03
     -1.32     -0.72     -0.99
     -1.32      0.24     -0.03
     -1.32     -0.72     -0.03
     -1.32      0.24     -0.03
     -1.32     -0.72     -0.03
     -1.32      0.24     -0.03
     -1.32     -0.72     -0.99
     -1.32      0.24     -0.99
      0.60      0.24     -0.99
     -1.32     -0.72     -0.99
     -1.32      0.24     -0.03
     -1.32     -0.72     -0.03
      0.60     -0.72     -0.03
     -1.32      0.24     -0.03
     -0.36      0.24     -0.03
      0.60     -0.72     -0.03
      0.60      0.24     -0.03
     -1.32      0.24     -0.03
     -1.32      0.24     -0.03
     -1.32      0.24     -0.99
     -1.32     -0.72     -0.03
      0.60      0.24     -0.03
     -1.32     -0.72     -0.03
     -1.32      0.24     -0.03
     -1.32      0.24     -0.03
      0.60      0.24     -0.03
     -1.32      0.24     -0.03
     -1.32      0.24     -0.03
      0.60      0.24     -0.03
     -1.32      0.24      0.93
     -1.32      0.24     -0.03
     -1.32      0.24     -0.03
     -1.32      0.24     -0.03
     -0.36     -0.72     -0.03
     -0.36      0.24     -0.03
      2.51      0.24     -0.99
     -0.36      0.24     -0.99
     -2.27      0.24     -0.03
     -0.36      0.24     -0.99
      0.60      0.24     -0.03
     -2.27      0.24     -0.03
     -1.32      0.24     -0.03
     -1.32      0.24     -0.03
     -2.27      0.24     -0.03
     -2.27      0.24     -0.03
