********************************************************************************
                       INSTITUTO DE INGENIERIA, UNAM
                  Coordinacion de Instrumentacion Sismica
  Ciudad Universitaria, Apartado Postal 70-472, Coyoacan 04510, Mexico, D.F.
 Tel.(52-5)622-3414    Fax.(52-5)616-1514    e-mail: isismica@pumas.iingen.unam.mx
**************************************************************************************
ARCHIVO ESTANDAR DE ACELERACION:
VERSION DEL FORMATO                    : 2.0
NOMBRE DEL ARCHIVO                     : ACAD9309.101
FECHA Y HORA DE CREACION               : Tue Mar 26 23:50:11 1996
REF. CATALOGO ACELEROGRAMAS, SMIS 1995 : REGISTRO No. 4721 /PAG. 427


================================================================================
DATOS DE LA ESTACION:
NOMBRE DE LA ESTACION                  : ACAPULCO ESCUELA DIANA
CLAVE DE LA ESTACION                   : ACAD
LOCALIZACION DE LA ESTACION            : CENTRO REGIONAL ADMINISTRATIVO DE PROFESORES,
                                       : ANTES "ESCUELA SECUNDARIA FEDERAL NO.1", A 300M
                                       : DEL MONUMENTO A LA DIANA. ACAPULCO, GUERRERO.
                                       : 
                                       : 
COORDENADAS DE LA ESTACION             : 16.86225 LAT. N
                                       : 99.87147 LONG. W
ALTITUD (msnm)                         : 23
TIPO DE SUELO                          : LIMO ARENOSO
                                       : 
                                       : 
INSTITUCION RESPONSABLE                : INSTITUTO DE INGENIERIA UNAM 
                                       : 

================================================================================
DATOS DEL ACELEROGRAFO: 
MODELO DEL ACELEROGRAFO                : DCA-333
NUMERO DE SERIE DEL ACELEROGRAFO       : 167
NUMERO DE CANALES                      : 3
ORIENTACION C1-C6 (rumbo;orientacion)  : /V/N90E/N00E
ORIENTACION C7-C12 (rumbo;orientacion) :
VEL. DE MUESTREO, C1-C6 (muestras/s)   : /100/100/100
VEL. DE MUESTREO, C7-C12 (muestras/s)  :
ESC. COMPLETA DE SENSORES, C1-C6, (g)  : /1/1/1
ESC. COMPLETA DE SENSORES, C7-C12 (g)  :
FREC. NAT. DE SENSORES, C1-C6, (Hz)    : /30.0/30.0/30.0
FREC. NAT. DE SENSORES, C7-C12 (Hz)    :
AMORTIGUAMIENTO DE SENSORES, C1-C6     : /0.70/0.70/0.70
AMORTIGUAMIENTO DE SENSORES, C7-C12    :
INTERVALO DE MUESTREO, C1-C6 (s)       : /0.01/0.01/0.01
INTERVALO DE MUESTREO, C7-C12 (s)      :
UMBRAL DE DISPARO, C1-C6 (Gal)         : /6/6/6
UMBRAL DE DISPARO, C7-C12 (Gal)        :
MEMORIA DE PREEVENTO (s)               : 4
TIEMPO DE POSEVENTO (s)                : 15


================================================================================
DATOS DEL SISMO:
FECHA DEL SISMO [GMT]                  : 1993/09/10
HORA EPICENTRO (GMT)                   : 10:50:23.7
MAGNITUD(ES)                           : /Mb=4.80/Mc=4.80
COORDENADAS DEL EPICENTRO              : 16.570 LAT. N 
                                       : 98.940 LONG. W 
PROFUNDIDAD FOCAL (km)                 : 20
FUENTES DE LOS DATOS EPICENTRALES      : SSN
                                       : INSTITUTO DE GEOFISICA, UNAM

================================================================================
DATOS DE ESTE REGISTRO:
HORA DE LA PRIMERA MUESTRA (GMT)       : 10:50:49.00
EXACTITUD DEL TIEMPO (s)               : 1.00
DURACION DEL REGISTRO (s), C1-C6       : /21.37/21.37/21.37                      
DURACION DEL REGISTRO (s), C7-C12      : 
NUM. TOTAL DE MUESTRAS, C1-C6          : /2137/2137/2137                       
NUM. TOTAL DE MUESTRAS, C7-C12         : 
ACEL. MAX.(Gal), C1-C6                 : /-6.70/-20.58/-21.05                  
ACEL. MAX., C1-C6, EN LA MUESTRA       : /486/569/559                          
ACEL. MAX.(Gal), C7-C12                : 
ACEL. MAX., C7-C12,EN LA MUESTRA       : 
UNIDADES DE LOS DATOS                  : Gal (cm/s/s)
FACTOR DE DECIMACION                   : 1
FORMATO DATOS (FORTRAN,10 campos/dato) : 3F10.2


================================================================================
CALIDAD DEL ACELEROGRAMA:
REGISTRO DIGITAL COMPLETO, CON TIEMPO ABSOLUTO CORRECTO.


===============================================================================
COMENTARIOS:














===============================================================================
DATOS DE ACELERACION:
---------+---------+---------+---------+---------+---------+---------+---------+
   CANAL-1   CANAL-2   CANAL-3
         V      N90E      N00E
---------+---------+---------+---------+---------+---------+---------+---------+
      0.00      2.39      1.91
     -0.48      0.96      3.35
     -0.48     -0.48      4.31
      0.00     -1.44      4.31
      0.48     -1.91      3.83
     -0.48     -2.87      2.87
     -0.48     -2.87      0.96
     -0.48     -1.91     -0.48
      0.00     -1.44     -0.96
      0.48      0.00     -1.44
     -0.48      0.48     -0.96
     -0.48      0.48      0.00
      0.48      1.44      0.48
      0.96      1.44      0.96
      0.48      0.96      0.96
      0.48      0.48      0.96
      0.96      0.00     -0.48
      1.44     -0.48     -1.44
      0.96      0.48     -1.91
     -0.48      0.96     -1.91
     -0.96      1.44     -1.44
     -0.96      1.44     -0.96
     -0.96      0.96     -0.48
     -0.96      0.48     -0.96
     -0.96      0.00     -1.91
     -1.44     -0.48     -1.91
     -0.96     -0.48     -0.96
     -0.48      0.00      0.96
      0.00      0.00      1.44
      0.00      0.00      1.44
      0.00     -0.48      0.96
      0.00     -0.48      0.96
      0.96      0.00      0.96
      0.96      0.00      0.48
      0.96      0.48     -1.44
      0.96      0.96     -2.39
      1.44      1.44     -2.87
      1.44      1.44     -2.39
      0.48      0.96     -0.96
     -0.96      0.00      0.00
     -1.44     -0.48      0.48
     -0.96     -1.44      0.96
     -0.96     -1.91      1.91
     -0.96     -1.91      3.35
     -0.48     -1.44      3.83
      0.00     -0.96      3.35
      0.48     -0.48      2.39
      0.48      0.00      0.96
      0.48      0.96      0.00
      0.00      1.44     -0.48
      0.96      1.44     -1.44
      0.48      0.96     -2.39
      0.00      0.48     -2.87
     -0.48      0.48     -3.83
     -0.48     -0.48     -3.83
      0.48     -0.48     -3.35
      0.48     -0.96     -2.87
      0.00     -1.44     -1.91
     -0.48     -0.96      0.00
      0.00     -0.48      0.96
      0.96     -0.48      1.44
      0.96     -0.48      1.44
      0.00     -0.48      1.91
     -0.96      0.00      2.39
      0.00      0.00      1.91
      0.48      0.96      1.44
      0.96      1.91      1.44
      0.48      2.39      1.44
      0.96      2.39      0.48
      0.48      2.39      0.00
      0.48      2.39     -0.48
      0.00      2.39     -0.96
     -0.48      1.91     -1.44
     -0.48      1.44     -2.39
     -0.96      0.96     -1.44
     -1.44      0.48     -0.96
     -1.44     -0.96     -0.48
     -0.96     -1.44     -0.96
     -0.96     -2.87     -1.44
      0.48     -2.87     -0.96
      0.96     -2.87     -0.96
      1.91     -2.87      0.00
      1.44     -3.35      0.48
      0.48     -2.87      1.44
      0.48     -2.39      1.91
      0.96     -1.91      1.91
      0.48     -1.44      2.39
     -0.96     -0.48      2.87
     -0.96      0.48      2.87
     -0.96      1.44      1.91
     -0.96      1.91      0.48
      0.00      2.87     -0.96
      0.48      3.35     -1.44
      0.96      3.83     -1.91
      0.48      4.79     -1.91
      0.00      5.26     -2.39
      0.00      5.26     -2.87
     -0.48      3.83     -3.83
     -0.48      2.87     -3.35
     -0.48      0.96     -2.39
      0.00     -0.48     -1.91
      0.00     -2.39     -1.44
      0.00     -4.31     -0.96
      0.96     -5.26     -0.48
      0.96     -4.79      0.96
      0.48     -4.79      2.87
      0.00     -3.83      4.31
      0.00     -2.39      4.31
     -0.96     -1.91      3.35
     -0.96     -1.44      2.39
      0.00     -0.48      1.44
      0.48      0.96      0.96
     -0.48      1.44      0.96
      0.00      1.91      0.96
      0.48      1.91      0.48
      0.48      2.39     -0.48
      0.00      3.35     -1.91
      0.00      4.79     -2.39
     -0.48      4.79     -1.91
     -0.48      4.31     -0.96
     -1.44      2.39     -0.96
     -0.48      0.96     -1.44
      0.00     -0.48     -1.91
     -0.48     -1.91     -1.91
     -0.48     -2.87     -0.96
      0.00     -2.87     -0.96
      0.48     -2.87      0.48
      0.00     -2.87      0.96
     -0.48     -3.83      0.96
      0.00     -4.31      0.96
      0.48     -4.31      0.96
      0.96     -3.35      0.48
      0.96     -1.91      0.96
      0.48      0.48      1.91
      0.48      2.39      0.96
      0.00      3.35     -0.96
      0.48      5.26     -1.91
      0.48      5.74     -2.39
     -0.48      4.79     -2.39
     -0.96      3.35     -0.96
     -0.48      1.91      0.00
      0.48      0.96      0.48
      0.96      1.44      0.96
      0.96      1.44      0.96
      0.48      0.96      0.96
      0.96      0.00     -0.48
      0.48     -2.39     -2.39
     -0.96     -4.31     -1.91
     -1.44     -5.26      0.00
     -0.96     -4.79      1.44
      0.00     -3.35      1.91
      0.48      0.00      0.96
      0.48      1.91      0.00
      0.48      2.39     -0.96
      0.48      1.44     -0.48
      0.48      0.48     -0.96
      0.00      0.00     -0.48
      0.00      0.00     -0.48
     -0.96      0.48      0.48
     -1.44      0.96      0.96
     -0.48      1.44      0.48
      0.48      0.96     -0.96
      0.96      1.44     -1.44
      0.48      0.48     -1.44
     -0.48     -0.48     -0.48
     -0.96     -1.91      0.96
      0.00     -2.87      0.96
      0.48     -2.39      0.00
      0.48     -1.91      0.00
      0.00     -1.91      0.48
      0.00     -1.44      0.48
      0.00     -0.96      0.00
      0.00      0.00     -0.96
     -0.48      0.00     -0.96
      0.00     -0.48      0.48
      0.96      0.48      1.44
      0.48      1.91      1.91
      0.00      3.35      1.44
      0.48      4.79      0.96
      0.96      4.79      0.48
      1.91      4.79      0.00
      0.96      4.31      0.00
     -0.96      3.83     -0.48
     -0.48      3.35     -1.44
     -0.48      1.91     -2.39
     -0.48      0.48     -2.39
     -0.96     -0.48     -0.96
      0.00     -0.96      0.96
      0.48     -1.44      1.44
      0.96     -2.39      0.96
      0.96     -2.39     -0.48
      0.00     -2.39     -1.91
     -0.48     -3.35     -2.39
      0.00     -3.35     -1.44
      0.96     -2.87      0.00
      0.00     -1.91      1.44
     -0.96     -2.39      1.44
     -0.96     -3.35      0.48
     -0.48     -3.35     -0.48
     -0.48     -2.39     -0.48
     -0.96     -0.48      0.48
     -0.96      1.44      0.48
     -0.96      1.44      1.44
     -0.96      1.44      0.96
     -0.48      0.96      0.48
      0.00      0.48     -0.48
      0.48      0.96     -0.48
      0.96      3.35     -0.48
      0.96      5.26     -0.48
      0.96      5.74     -1.44
      1.44      4.31     -2.87
      1.91      2.87     -3.35
      0.96      1.91     -1.44
      0.00      0.96      0.48
     -0.96     -0.48      0.96
     -0.48     -1.91      0.96
      0.48     -3.35      0.00
      0.00     -3.83     -0.96
     -0.96     -4.31     -0.96
     -0.48     -4.31      0.96
      0.48     -4.31      2.39
      0.48     -3.83      3.35
     -0.48     -2.87      1.91
     -0.96     -1.91      0.48
     -0.48      0.48      0.00
      0.00      2.39      0.00
      0.00      2.87      0.48
      0.96      2.87      0.00
      1.44      2.87     -0.96
      0.48      3.83     -2.39
     -0.48      4.31     -2.87
     -0.96      3.83     -2.39
     -0.96      2.87     -1.91
      0.96      2.87     -1.44
      0.96      3.35     -0.96
      0.48      2.87      0.00
      0.48      0.96     -0.48
      0.96     -1.44     -0.96
      0.96     -2.87      0.48
      0.00     -3.83      1.91
     -1.91     -3.83      2.87
     -1.91     -2.87      2.39
     -0.48     -2.39      1.44
      0.48     -2.87      0.00
      0.48     -2.39      0.00
      0.00     -2.87      0.96
      0.48     -2.87      0.48
      1.44     -2.39      0.48
      1.44     -0.96      0.48
      0.00      0.48      0.48
     -0.96      1.44      0.00
     -0.96      2.39     -0.48
     -0.48      2.87     -1.44
      0.00      3.35     -2.39
     -0.48      2.87     -2.39
     -0.48      2.87     -1.44
      0.00      2.87     -0.48
      0.00      2.39     -0.48
      0.48      1.44     -0.48
      0.48      1.91     -0.96
      0.48      1.91      0.00
      1.44      0.96      0.96
      1.44      0.00      0.48
      0.96     -0.48     -0.96
      0.00     -0.96     -1.44
      0.48     -1.44     -0.48
      0.96     -2.87      1.44
      0.48     -3.35      2.39
     -0.48     -2.87      2.39
     -0.96     -1.91      1.44
     -0.48     -1.44      0.96
     -0.48     -1.44      0.00
     -0.96     -1.44      0.00
     -1.44     -0.48      0.48
     -0.96      0.96      0.96
      0.00      1.44      0.48
     -0.48      2.39     -0.48
     -0.96      3.35     -1.44
     -0.96      3.35     -2.39
      0.48      2.87     -1.91
      1.44      1.91     -0.48
      0.96      1.44      0.48
      0.00      0.96      1.44
      0.00      0.48      1.91
      0.96     -0.48      1.91
      1.44     -1.91      1.91
      0.96     -3.35      0.96
      0.96     -4.31     -0.48
      0.48     -3.83     -1.91
      0.48     -1.44     -1.44
      0.96      0.96     -1.44
      0.96      1.44     -0.96
      0.00      0.48     -1.44
     -0.96     -0.48     -1.44
     -1.91     -0.48     -0.96
     -2.39     -0.48     -0.96
     -1.91      0.96     -1.44
     -0.96      2.87     -1.91
      0.48      4.31     -1.44
      0.48      4.31      0.48
      0.96      2.39      2.39
      0.96      0.96      1.44
      0.48      0.96      0.48
     -0.96      1.44     -0.48
     -0.96      1.91     -0.96
     -0.48      0.96     -0.96
      0.00     -0.48     -0.48
      0.00     -1.91     -0.48
      0.00     -1.91     -0.48
      0.48     -1.44      0.48
      0.48     -1.91      0.96
      0.00     -2.39      1.91
      0.48     -2.39      0.96
     -0.96     -1.91      1.91
     -1.44     -1.44      1.91
     -0.96     -1.44      1.44
     -0.48     -2.87      0.96
      0.00     -4.31     -0.96
      0.00     -4.31     -1.91
     -0.96     -2.39     -1.44
     -0.96     -0.96      0.00
      0.96      0.00     -0.96
      0.48      0.48     -2.87
     -0.48      1.44     -3.35
     -0.48      3.35     -2.39
      0.00      5.26     -1.91
     -0.96      4.79     -0.96
     -1.44      3.35      0.48
     -0.48      2.39      1.44
      0.48      0.48      1.91
      0.96      0.00      1.44
      0.48      0.96      0.96
      0.96      2.87      0.48
      0.96      4.31     -0.48
      0.48      3.83     -1.91
      0.48      3.35     -2.87
      0.48      3.83     -2.87
      0.96      2.87     -2.39
      1.91      1.44     -1.44
      1.91     -0.48     -0.48
      1.91     -2.39      0.00
      0.96     -2.87     -0.48
     -0.96     -1.91      0.00
     -1.91     -1.44      0.48
     -1.44     -0.48      0.00
     -0.48     -1.44     -0.48
      0.48     -3.83      0.96
      0.48     -7.18      3.83
      0.96     -9.57      5.74
      0.00     -9.09      6.22
     -0.96     -6.70      5.74
     -1.44     -5.26      4.79
     -0.48     -4.31      4.79
      0.48     -3.83      5.26
      0.48     -2.87      5.74
     -0.96     -1.44      4.79
     -2.87     -0.48      1.91
     -1.91      0.48      0.00
      0.00      3.35     -1.91
      0.48      6.70     -3.35
     -0.48      9.57     -4.79
      0.00     11.96     -7.18
      0.96     13.88     -9.57
      1.44     13.40    -12.44
      1.44     11.01    -14.36
      0.96      8.61    -14.83
      0.96      5.74    -13.40
      1.44      2.39     -9.57
      1.91     -0.48     -3.35
      2.87     -3.35      1.91
      2.87     -6.22      4.31
      2.39     -8.13      4.31
      0.96     -8.61      4.79
     -0.48     -8.61      8.13
     -1.44     -9.09     11.01
     -1.91     -7.66     11.48
     -0.96     -5.26      9.57
     -1.91     -3.35      6.22
     -3.35     -0.48      3.35
     -3.83      0.96      1.44
     -3.35      1.44      0.48
     -2.39      0.96      0.96
      0.00      0.48      2.39
      0.48      0.48      0.96
     -0.48      0.96     -1.44
      0.00      1.91     -3.35
      1.91      2.39     -2.87
      4.31      1.44     -0.48
      3.83     -0.48      2.39
      2.39     -0.96      3.83
      2.39      0.96      2.87
      2.87      3.35      1.44
      0.96      3.35      0.48
     -0.96      0.48     -0.48
     -1.91     -0.96     -1.44
      0.00      0.48     -2.39
      1.91      3.83     -1.91
      2.87      7.18     -0.96
      0.96      6.22      0.96
     -0.96      2.39      0.96
     -1.44     -0.48     -1.91
     -1.44     -0.48     -4.79
     -1.91     -0.48     -5.74
     -2.87     -1.44     -3.83
     -2.39     -4.79     -0.96
     -0.96     -7.66      0.96
      0.96     -8.61      0.96
      1.44     -7.66     -0.96
      0.00     -3.83     -4.79
     -2.87      0.48     -6.22
     -3.83      3.83     -5.74
     -3.35      4.31     -3.83
     -2.39      4.79     -1.44
     -2.39      5.74      0.48
     -2.39      7.18      2.87
     -0.96      7.66      5.26
      0.48      3.83      5.74
      0.96     -2.87      3.83
      1.91     -9.09      1.44
      2.87    -11.01      0.48
      3.83     -9.57      2.39
      4.79     -4.79      8.61
      4.31     -0.48     11.48
      2.39      0.48      6.70
      0.48     -0.96     -3.83
     -1.44     -1.91    -11.48
     -2.87     -0.96    -13.40
     -3.35      3.35     -8.61
     -1.44      6.70     -1.44
     -0.48      5.74      4.31
      0.00      0.96      6.22
     -0.48     -2.39      5.74
     -1.91     -2.39      3.83
     -1.91      1.44      2.39
     -0.96      3.35      1.91
      0.48      0.96      1.91
      2.87     -2.39      0.96
      4.79     -3.83     -1.91
      4.31     -2.87     -7.66
      1.91     -1.91    -14.83
      0.48      0.96    -19.62
      1.44      6.70    -19.62
      2.39     14.36    -13.88
      0.48     18.18     -3.35
     -2.87     15.79      6.22
     -2.87      8.13     12.92
     -1.91      2.87     16.27
     -2.39      0.96     17.23
     -4.79      0.48     17.23
     -5.26     -2.87     14.83
     -2.39     -9.09     10.53
      1.44    -13.88      6.70
      3.83    -16.75      3.35
      4.79    -16.27      0.00
      5.74    -13.88     -5.74
      4.31    -11.48    -11.96
      0.96     -9.09    -13.40
     -1.44     -6.22     -9.09
     -1.44     -1.91     -3.83
      0.48      3.35     -2.39
      0.96      6.70     -2.39
      0.48      7.18     -1.44
      0.48      6.70     -0.48
      0.96      7.66     -1.44
     -0.48      8.13     -2.39
     -2.39      9.09      0.48
     -2.39      9.09      5.26
     -0.96      8.13      5.74
      0.96      6.70      2.87
      1.44      4.79      0.00
      0.48      3.83     -0.96
     -0.96      2.87      1.44
     -1.44      0.48      5.26
     -1.44     -2.39      7.18
     -0.48     -5.26      4.79
     -0.48     -7.66      0.48
     -0.48    -10.53     -1.91
     -0.48    -11.96     -3.35
      1.91    -12.44     -6.22
      3.83     -9.09    -10.05
      2.39     -2.87     -9.09
     -0.48      2.39     -2.87
     -1.44      4.31      4.79
     -0.48      4.79      5.74
     -0.48      5.26      2.87
     -3.83      4.79      0.96
     -6.70      4.31      0.48
     -5.26      4.31      0.48
     -1.44      4.79      0.48
      0.48      4.31      2.87
      0.48      2.87      7.66
      0.00      1.44     10.53
      1.44     -0.48      6.70
      2.39     -2.87     -0.96
      0.00     -4.31     -6.22
     -2.39     -2.39     -8.61
     -1.91      0.48    -12.44
      0.48      1.91    -16.75
      3.35      3.35    -18.18
      4.79      5.26    -14.83
      3.83      5.74     -9.57
      1.44      3.35     -5.74
      0.96      0.00     -2.87
      1.91     -1.44      1.91
      1.44     -2.87      7.66
      0.48     -4.31     13.40
     -0.48     -6.22     16.75
      0.00     -8.61     19.14
      0.96     -9.09     19.14
      0.48     -9.09     16.27
     -2.87     -7.18      9.57
     -4.79     -4.31      1.44
     -4.31      0.00     -4.31
     -2.39      4.79     -7.66
     -0.96      8.13     -9.09
     -0.48     10.53     -7.66
      0.00     10.53     -6.22
      0.48      9.09     -7.18
     -0.48      7.66     -8.61
     -2.39      7.18     -8.61
     -2.39      5.26     -7.66
      0.96      0.96     -4.31
      3.83     -4.79     -0.48
      4.79     -9.57      3.83
      3.83    -14.36      6.22
      2.39    -17.23      6.22
      2.39    -15.79      4.79
      1.91    -10.53      5.26
      0.48     -4.31      8.61
     -1.44      0.48     11.01
     -1.91      4.79      8.13
     -0.48      8.13      3.35
      0.96     10.53     -0.48
      0.96     10.53     -1.91
      1.91     10.05     -4.31
      3.83     11.48     -5.74
      3.35     12.44     -6.22
      1.44     11.96     -4.79
     -0.48     11.01     -2.87
     -1.91      8.61     -2.87
     -3.83      3.83     -6.22
     -5.74     -1.44     -7.18
     -5.74     -5.74     -5.26
     -5.26    -10.53     -1.44
     -3.35    -13.88      1.44
     -1.91    -15.79      3.83
      0.48    -16.27      6.70
      3.83    -17.23     10.53
      3.83    -18.18     11.96
      1.44    -15.79     11.48
      0.00     -8.13     12.92
      0.96     -0.48     11.96
      0.96      5.26      7.66
     -0.96      8.61      1.91
     -2.39     11.48     -3.35
     -1.44     15.31     -8.61
      0.00     19.14    -12.92
     -1.44     19.62    -17.23
     -2.39     16.75    -19.62
     -1.91     12.92    -21.05
     -0.48     10.53    -20.58
      0.48     10.53    -17.71
      2.39     10.53    -11.96
      2.87      7.66     -5.74
      3.35      0.48     -2.39
      3.35     -7.18      0.00
      3.35    -13.88      3.35
      2.87    -18.18      7.66
      1.91    -20.10     13.88
      0.96    -20.58     18.66
     -1.44    -19.14     20.58
     -2.87    -17.71     20.58
     -2.87    -16.75     20.58
     -2.39    -14.83     19.14
     -1.44     -9.09     14.36
     -1.44     -0.48     10.05
     -1.44      6.70      4.79
     -0.96     12.44      0.00
      0.00     15.31     -4.31
     -0.96     14.83    -10.05
     -1.91     13.88    -17.23
      0.00     14.36    -21.05
      2.39     12.92    -18.66
      1.91      8.61    -17.23
      1.44      5.74    -14.36
      2.39      7.66     -8.13
      1.91      9.09     -3.35
     -0.96      7.66     -1.44
     -1.91      5.26     -0.48
     -1.44     -0.48      0.96
     -2.87     -7.18     -0.48
     -0.96    -11.01      0.96
      1.44    -13.40      5.26
      2.87    -13.88      7.66
      2.87     -9.57      8.13
      3.83     -4.79      9.57
      2.87     -2.87      8.61
      1.91     -1.91      5.74
      0.48     -1.44      1.44
     -1.44     -1.44      0.00
     -2.87      0.00      0.96
     -3.35      0.96      2.87
     -1.91      0.48      6.70
     -1.44      0.00      4.79
     -1.91      2.87      2.39
     -2.87      4.31      0.48
     -2.87      2.39     -2.87
     -0.96      0.00     -3.83
      0.96     -1.44     -5.74
      0.48     -1.91     -8.13
      0.48     -0.96     -9.57
      1.91      2.39     -7.66
      2.39      5.74     -5.26
      1.91      7.66     -3.35
      1.91      7.66     -0.96
      1.44      5.26      0.96
      0.00      3.83      1.44
      0.96      4.79      3.83
      1.91      5.26      6.70
      1.44      2.87      7.66
      0.96     -0.48      6.70
      0.96     -1.91      4.79
      1.44     -3.35      3.35
      0.48     -3.83      0.00
     -0.48     -5.26     -2.39
     -1.44     -9.09     -3.35
     -2.87    -11.96     -2.39
     -1.44    -12.92     -2.39
      0.00    -12.44     -2.87
     -1.44    -11.01     -3.83
     -1.44     -7.18     -4.31
      0.00     -2.87     -1.44
      0.00     -0.96      0.00
      0.00      2.39      0.48
      0.96      5.26      0.96
      0.00      8.61      0.00
     -0.48     12.92     -0.48
      0.00     14.36     -1.44
     -0.96     13.40     -2.39
     -0.48     12.44     -3.83
      0.48     11.48     -4.79
      0.00      8.61     -3.35
     -0.48      4.79     -1.44
     -0.48      0.96     -0.48
      0.48     -1.44     -0.96
      0.96     -1.44      0.96
      0.48     -1.44      3.83
      0.48     -2.39      7.18
     -0.48     -4.79      8.13
     -0.96     -8.13      6.70
     -0.96    -12.92      4.79
     -0.96    -15.31      1.91
     -0.96    -12.92      0.00
     -0.48     -9.57     -0.96
      0.00     -6.22     -0.96
      0.00     -5.74     -1.44
      0.00     -5.74     -0.96
     -0.48     -2.87     -1.44
     -1.44      2.87     -2.87
     -0.96      8.13     -2.87
      0.00      9.09     -2.87
      0.00      9.09     -4.31
      0.48     10.05     -4.79
      0.96     11.01     -4.79
      0.96     11.96     -5.74
      2.87     11.96     -5.74
      2.87     11.01     -3.35
      1.44      7.66      0.48
      1.44      2.87      4.79
      0.96     -1.91      4.79
      0.96     -5.26      5.26
      0.00     -6.22      6.70
     -0.96     -7.66      8.61
     -0.96     -9.09      8.13
      0.48     -9.57      7.18
      0.96     -9.09      4.79
     -0.96     -7.66      1.91
     -0.48     -6.22      0.00
      0.00     -6.22     -1.44
     -0.48     -5.26     -2.87
     -1.91     -3.35     -2.87
     -3.35     -2.39     -3.35
     -2.87     -0.48     -4.79
     -1.91      1.91     -5.74
     -0.96      6.70     -5.26
     -0.96     10.53     -3.35
     -0.48     10.53     -2.87
      0.48      8.13     -2.87
      0.96      6.22     -4.31
      0.48      5.74     -4.31
      0.96      5.74     -3.35
      1.44      5.26     -1.91
      1.44      3.35     -1.44
      1.91      0.48     -0.48
      1.44     -2.39      1.91
      0.48     -4.79      5.26
      0.48     -5.26      8.13
      0.48     -4.31      9.57
      0.00     -3.83      9.09
      0.48     -3.35      6.22
      0.96     -1.91      4.31
      0.48     -0.48      1.91
      0.00      0.48     -1.91
     -0.48     -0.48     -4.79
     -0.48     -2.87     -6.22
      0.00     -4.79     -6.22
      0.48     -4.79     -6.22
      0.96     -3.35     -6.70
      0.00      0.48     -6.22
     -0.48      3.35     -5.26
     -0.96      4.31     -3.35
     -1.44      2.39      0.48
     -2.39      0.00      3.83
     -1.91     -1.91      5.74
     -1.91     -1.91      6.70
     -0.96     -1.44      5.74
      0.96     -0.96      2.87
      2.39     -0.96     -0.96
      2.39     -0.96     -3.35
      1.91     -1.44     -2.39
      0.96     -1.91      0.96
      0.96     -0.48      3.83
     -0.48      2.39      5.26
     -2.39      3.35      4.79
     -1.91      2.39      2.87
     -0.48      2.39      0.00
      0.96      4.31     -0.96
      1.91      7.18     -0.48
      1.44      8.61      0.48
      1.44      8.13      0.96
      1.44      6.22     -0.96
      0.48      5.26     -3.35
     -0.96      5.26     -5.74
     -1.91      4.79     -7.66
     -1.91      2.87     -8.13
     -2.39      0.00     -6.70
     -1.91     -4.31     -4.31
     -1.44     -8.13     -2.87
     -1.44    -10.53     -1.91
     -1.44    -11.48     -0.48
     -1.44    -11.96      0.00
     -1.44    -11.96      1.91
     -1.44    -11.96      3.35
     -0.96    -11.96      3.35
      0.00    -10.05      3.35
      0.96     -7.18      1.91
      1.44     -3.83      1.44
      1.91      0.48      2.87
      1.91      6.70      3.83
      0.96     11.01      4.31
      0.48     13.88      4.79
      0.96     15.79      5.74
      1.44     16.75      5.26
      1.44     15.31      4.31
      0.96     12.44      3.35
      1.91      8.13      1.91
      1.44      4.79     -1.91
      0.96      2.87     -4.79
      0.96      1.44     -6.70
      0.96     -0.48     -7.18
      0.48     -4.31     -5.74
     -0.48     -8.61     -4.31
     -0.96    -11.96     -3.35
     -1.44    -13.40     -2.39
     -1.91    -12.44     -1.91
     -1.44     -9.57     -0.96
     -0.48     -7.18      0.48
      0.00     -6.22      1.44
      0.96     -4.79      3.35
      0.48     -1.91      5.26
      0.00      1.91      5.26
     -0.96      4.79      4.79
     -0.48      6.22      3.83
      0.48      6.70      3.35
      0.96      7.66      2.87
      0.96      7.66      3.35
      0.96      7.18      3.35
      0.96      5.26      2.39
      0.48      2.87      0.00
      0.00      0.00     -2.87
     -0.96     -1.44     -6.70
     -1.44     -2.39    -10.05
     -1.44     -1.44    -12.44
     -0.48      2.39    -12.44
     -0.96      3.83     -9.57
     -0.96      1.44     -4.31
     -0.48     -2.87     -0.96
     -0.48     -5.74     -0.48
     -1.44     -6.70     -0.96
     -0.96     -6.22     -0.48
      0.00     -4.31      0.48
      1.44     -2.39      0.96
      1.91     -0.96      2.87
      1.44     -0.96      4.31
      1.44     -0.48      6.22
      1.91      0.48      9.09
      1.44      1.91     11.48
      0.96      3.83     11.96
      1.44      5.74     10.05
      1.91      7.18      6.70
      0.96      7.66      2.39
     -0.96      7.18      0.00
     -1.91      3.83     -1.44
     -2.39      0.00     -2.87
     -2.39     -4.31     -4.31
     -1.91     -8.13     -5.74
     -2.39     -8.61     -7.66
     -2.39     -7.66     -9.09
     -2.39     -6.70     -9.09
     -1.91     -4.31     -7.66
     -0.48     -1.44     -6.22
     -0.48      1.44     -4.79
     -1.44      2.39     -3.83
     -1.91      2.87     -3.35
     -0.96      4.31     -2.87
      0.48      4.79     -1.91
      0.96      3.83      1.44
      1.91      2.39      5.74
      2.39      0.48     10.05
      2.39     -0.48     12.44
      1.91     -1.44     11.01
      1.44     -2.39      7.66
      0.00     -3.83      4.79
      0.00     -4.79      3.83
      0.96     -4.31      3.83
      0.96     -3.83      2.87
      0.96     -2.87      1.44
      0.48     -2.39     -0.96
      0.48     -1.44     -5.26
      0.96      0.96     -9.57
      0.96      3.83    -11.96
      0.00      6.70    -11.96
     -0.96      8.61    -10.05
     -0.96      8.13     -7.18
     -0.48      6.22     -4.79
      0.00      3.35     -2.87
     -0.48      1.44     -0.96
     -0.96      0.00      1.44
      0.48      0.00      3.35
      1.44      0.48      5.26
      1.91      0.00      7.18
      0.48     -1.44      9.09
      0.48     -2.87      9.57
      0.48     -2.87      7.66
      0.48     -2.87      5.26
      0.00     -2.39      3.35
      0.48     -1.91      3.35
      0.48     -1.91      2.39
      0.96     -1.91      1.44
      0.96     -0.96      0.48
      0.00      0.48     -0.48
     -1.91      1.44     -0.96
     -2.87      1.44     -1.91
     -2.39      0.48     -3.83
     -1.44      0.00     -6.22
      0.00      0.96     -8.13
      0.48      1.91     -9.09
      0.48      1.44     -8.61
      0.96     -0.48     -7.66
      1.44     -1.44     -6.22
      0.48     -0.48     -3.83
     -1.44      1.44     -0.48
     -3.35      2.87      2.87
     -2.87      2.39      5.26
     -1.91      1.44      6.22
      0.00      0.00      5.74
      0.48     -2.39      4.31
      0.48     -4.31      3.35
      0.96     -3.83      2.87
      0.96     -2.39      1.44
      0.00     -0.96      0.96
     -1.44      0.48      0.96
     -1.44      1.44      0.00
     -0.96      2.39     -1.44
     -0.48      3.83     -1.91
     -0.96      4.31     -1.91
      0.00      1.91     -1.91
      0.96      0.00     -1.91
      2.39      0.00      0.00
      2.87      0.00      1.44
      2.39     -0.96      2.39
      2.39     -1.91      2.39
      2.39     -2.39      1.44
      1.44     -1.44      1.44
      0.48     -1.44      1.44
     -0.96     -1.91      0.96
     -1.44     -2.39      0.00
     -0.48     -1.44     -1.44
     -0.48      0.48     -1.44
      0.00      2.39     -1.44
     -0.48      2.87     -1.44
     -0.48      1.91     -1.91
      0.00      0.96     -0.96
      0.00      0.00     -0.48
      0.00      0.00     -0.48
     -0.48      0.48     -1.44
     -0.48      1.44     -2.87
     -0.48      1.91     -3.35
      0.48      1.91     -2.39
      0.00      0.00     -0.48
      0.48     -1.91      0.96
      0.00     -4.31      0.48
      0.00     -5.74     -0.48
      0.00     -6.70      0.00
      0.00     -6.22      1.91
      0.00     -4.31      3.35
      0.00     -1.91      3.83
      0.00      0.48      4.79
      0.00      2.87      5.74
     -0.48      3.83      5.74
     -0.96      3.83      3.35
     -0.48      3.83     -0.48
      0.00      3.83     -3.83
      0.00      4.31     -6.22
      0.00      4.31     -7.18
      0.48      2.87     -7.18
      0.48      0.96     -5.74
      0.48     -0.48     -3.35
      0.00     -0.48     -1.44
      0.00      0.00     -0.96
     -0.96      0.00     -1.91
     -0.96      0.00     -1.91
     -0.48      0.48     -1.44
      0.96      0.96      0.96
      0.96      0.48      2.87
      0.96      0.48      5.74
      0.48     -0.48      7.66
      0.00     -2.87      8.13
      0.00     -4.79      6.70
     -0.48     -4.31      4.31
      0.00     -2.87      3.35
      0.48     -0.48      3.35
      1.91      1.44      1.91
      2.39      1.44      0.48
      1.91      1.44     -1.44
      0.48      1.91     -3.35
     -0.96      2.39     -5.26
     -1.44      2.87     -6.22
     -0.96      2.39     -6.22
     -0.48      1.44     -5.26
     -0.48      1.44     -3.83
     -0.48      2.39     -2.87
     -0.96      2.87     -2.87
     -0.96      1.91     -4.31
     -0.48      0.96     -4.79
     -0.48      0.00     -3.35
     -0.48     -1.44     -0.96
      0.00     -2.87      0.48
      0.48     -1.91      1.91
      0.00      0.00      3.35
     -0.48      1.91      5.26
      0.00      0.96      7.18
      0.00      0.00      7.66
     -0.48      0.00      6.70
     -0.48      0.96      4.79
     -1.44      0.96      2.39
     -1.44     -0.48      0.96
      0.00     -2.87      0.00
      0.96     -3.83     -0.96
      0.48     -3.35     -1.44
      0.00     -2.39     -2.39
     -0.48     -2.39     -3.83
      0.00     -2.39     -4.31
      0.00     -2.39     -4.31
     -0.48     -2.39     -3.35
     -0.48     -1.91     -3.35
      0.00     -1.44     -3.35
      0.00      0.00     -1.91
      0.00      0.00      0.96
      0.48      0.00      2.87
      0.96      1.44      2.87
      0.96      2.87      2.39
      0.96      4.31      2.39
      1.91      5.74      2.87
      0.96      6.70      3.83
      0.48      7.18      3.35
      0.96      6.22      2.39
      0.96      5.26      0.96
      0.96      3.35      0.00
      0.00      0.96     -0.48
      0.48     -1.91     -2.39
      0.48     -3.35     -2.87
      0.00     -4.31     -2.39
     -0.96     -4.79     -1.44
     -1.44     -6.70     -0.96
     -0.96     -8.61     -0.96
     -0.96     -9.57     -1.91
     -1.44     -8.61     -2.87
     -1.91     -7.18     -2.87
     -0.96     -5.74     -2.39
     -0.48     -3.83     -1.91
      0.00     -0.96     -1.44
      0.96      2.87      0.00
      1.44      7.18      1.44
      0.48     10.05      1.91
      0.00     11.48      2.39
     -0.48     10.05      2.87
      0.48      8.13      2.39
      0.96      5.74      1.44
      0.96      3.83      0.96
      0.96      1.91      1.44
      0.48      0.00      1.91
      0.48     -1.91      1.91
      0.96     -3.35      0.00
      0.00     -3.35     -1.44
     -0.48     -2.39     -1.91
     -0.96     -1.44     -2.39
     -0.96      0.00     -2.87
     -0.96      0.48     -2.39
     -0.96      0.00     -1.44
     -0.48     -0.96     -0.96
      0.00     -1.91     -0.48
      0.00     -2.39      0.48
     -0.48     -1.44      0.96
     -0.48      0.00      0.48
      0.00      0.00      0.00
      0.48     -0.48      0.00
      0.48      0.00      0.00
      0.00      0.96      0.00
     -0.48      0.96     -0.96
      0.00      0.48     -2.39
      0.00      0.48     -3.35
     -0.96      0.96     -2.39
     -0.96      1.91     -1.91
     -0.96      1.91     -2.87
      0.00      0.48     -2.87
      0.00     -1.44     -1.44
     -0.48     -2.87      0.00
     -0.48     -3.35      0.48
      0.00     -2.39      0.00
      1.44     -0.96      0.48
      2.87      0.00      2.39
      2.87     -0.48      4.31
      2.39     -1.91      4.31
      0.96     -2.39      3.35
      0.00     -2.39      0.96
     -0.48     -1.44     -0.96
     -1.44      0.00     -1.44
     -0.96      0.96     -0.48
      0.00      2.87      0.96
      0.96      4.31      1.44
      1.44      5.26      1.44
      0.48      4.31      1.91
      0.00      2.87      2.87
     -0.48      1.44      2.39
     -0.96      0.00      1.44
     -1.44     -0.96      0.48
     -1.91     -1.44     -0.48
     -1.44     -1.91     -1.91
     -0.48     -2.39     -2.87
      0.00     -3.35     -2.87
      0.00     -3.83     -2.39
     -0.96     -3.35     -1.91
      0.00     -2.39     -1.44
      0.00     -1.44     -0.96
      0.48      0.00     -0.48
      0.00      1.44      0.00
     -0.48      1.91      0.96
     -0.96      2.39      1.44
     -0.48      3.35      0.96
      0.00      5.26      0.48
      0.00      6.22      0.00
      0.00      5.26      0.00
      0.00      3.83      0.00
      0.00      2.87      0.00
      0.00      2.39      0.00
     -0.96      0.96     -0.48
     -0.96     -0.96     -1.44
     -0.48     -1.44     -1.44
      0.00     -2.39     -1.44
      0.48     -3.35     -1.44
      0.96     -4.31      0.00
      0.96     -4.79      0.96
      1.44     -3.83      2.39
      0.96     -2.87      2.87
      0.48     -1.91      2.87
      0.00     -1.44      2.39
     -0.48     -0.48      2.87
     -0.48      0.00      3.35
     -0.48      0.96      2.87
      0.00      1.91      0.96
      0.00      2.87     -0.96
      0.00      4.31     -2.39
     -0.48      4.79     -3.35
     -0.48      3.83     -2.87
      0.00      3.35     -2.87
     -0.48      2.39     -2.39
     -0.48      1.44     -1.91
     -0.48     -0.48     -1.44
     -0.48     -2.39     -0.96
     -0.96     -2.39     -0.96
     -0.96     -2.39     -1.91
     -0.96     -2.87     -2.87
      0.00     -3.35     -2.87
      0.48     -3.35     -2.39
      0.48     -2.39     -0.48
      0.96     -2.39      0.96
      1.44     -2.87      0.96
      1.44     -2.39      0.00
      1.44     -1.44      0.48
      0.96      0.48      0.96
      0.96      2.39      1.91
      1.44      4.31      2.39
      0.96      5.26      3.83
      0.48      5.26      4.79
      0.00      4.31      4.79
      0.00      2.87      3.35
      0.00      1.91      0.96
      0.00      0.48      0.00
      0.00     -0.48     -0.48
     -0.48     -1.44     -0.96
      0.00     -1.91     -2.39
      0.00     -1.91     -3.83
     -0.96     -1.91     -5.26
     -1.44     -1.44     -5.74
     -1.44     -1.91     -6.22
     -0.96     -2.39     -5.74
     -0.48     -2.39     -4.79
     -0.48     -1.91     -1.91
     -0.48     -1.44      0.48
      0.48     -1.44      2.87
      0.48      0.48      4.31
      0.48      1.44      5.26
      0.48      1.91      5.74
      0.96      1.44      5.26
      1.44      0.48      4.79
      0.96      0.00      4.79
      0.96      0.00      4.79
      0.48      0.96      3.83
      0.96      2.87      1.91
      0.48      4.31      0.00
      0.00      4.79     -0.96
     -0.96      4.31     -0.96
     -1.44      3.35     -2.87
     -0.96      1.91     -4.79
     -0.96      0.48     -6.22
     -0.96     -0.96     -6.70
     -1.44     -1.44     -6.22
     -1.44     -2.87     -5.26
     -0.48     -3.35     -3.83
      0.00     -3.83     -1.91
      0.00     -3.83      0.00
     -0.48     -3.83      0.96
     -0.48     -3.35      1.44
      0.48     -3.35      1.44
      0.48     -2.87      1.44
      0.48     -1.91      1.91
      0.00     -0.48      2.39
      0.48      1.44      1.91
      0.48      2.39      2.39
      0.48      2.87      2.87
      0.48      3.35      2.87
      0.48      4.31      1.91
      0.00      5.26      1.44
     -0.48      4.79      1.44
     -0.48      3.35      1.44
      0.00      1.44      0.96
      0.48     -0.96      0.48
      0.48     -2.87     -0.48
      0.48     -4.79     -0.96
      0.48     -4.79     -2.39
      0.48     -4.31     -3.35
      0.00     -3.35     -3.35
      0.00     -1.91     -2.87
      0.00     -0.48     -0.96
      0.48     -0.48      0.48
      0.00     -0.96      0.96
      0.48     -1.44      1.44
      0.48     -0.48      1.44
      0.48      0.48      1.91
      0.48      2.87      2.39
      0.96      4.79      2.39
      0.96      5.74      2.87
      0.48      5.74      1.91
      0.00      5.26      0.96
     -0.48      4.31      0.00
     -0.48      2.87     -0.96
      0.00      0.48     -1.91
      0.96     -0.96     -2.87
      0.96     -0.96     -3.35
      0.00     -0.96     -3.83
      0.00     -0.96     -4.31
      0.00     -1.44     -5.74
     -0.96     -2.39     -5.74
     -1.91     -4.31     -5.74
     -1.91     -4.31     -4.79
     -1.44     -3.83     -2.87
     -0.48     -2.39     -0.96
      0.96     -0.48      0.96
      0.96      0.96      2.39
      0.48      1.44      3.83
      0.00      0.96      5.26
      0.00      0.96      7.18
     -0.48      0.00      8.61
     -0.96     -1.44      7.66
     -0.96     -2.87      6.22
     -0.96     -3.35      4.79
      0.00     -2.87      3.83
      0.48     -1.91      2.39
      0.48      0.00      0.48
      0.00      1.91      0.00
      0.00      2.87     -0.96
     -0.48      3.35     -2.87
     -0.48      4.31     -5.26
     -0.96      4.79     -6.70
     -0.48      4.79     -7.66
     -0.48      3.83     -7.66
     -0.48      2.39     -7.18
      0.00      0.48     -6.70
      0.00      0.48     -5.74
      0.00      0.96     -4.31
      0.00      0.96     -1.44
      0.00     -0.48      0.96
      0.48     -1.91      2.87
      0.96     -3.83      3.83
      0.96     -4.79      5.26
      0.96     -4.79      5.74
      0.48     -3.83      6.22
      0.96     -2.87      6.22
      0.96     -1.91      6.70
      0.00     -1.44      7.66
      0.96      0.00      6.70
      0.48      0.48      4.79
      0.48      1.91      2.39
      0.48      2.87      0.96
      0.48      3.83     -0.48
      0.00      4.31     -1.91
     -0.96      4.31     -3.83
     -0.96      3.83     -5.74
     -0.96      2.39     -6.70
     -0.96      0.48     -7.18
     -0.48     -0.48     -7.18
      0.48     -0.96     -6.22
      0.96      0.00     -5.26
      0.96      0.96     -3.35
      0.48      1.44     -0.96
      0.00      0.48      0.96
      0.00     -1.44      2.39
      0.00     -2.87      2.87
      0.00     -2.39      2.87
     -0.48     -1.91      2.87
      0.00     -1.91      3.35
      0.48     -1.91      3.35
      0.48     -1.44      2.87
      0.00     -0.48      2.87
     -0.48     -0.96      3.35
     -0.48     -1.44      2.87
     -0.96     -1.44      1.44
     -0.96     -1.44      0.00
     -1.44     -1.44     -1.44
     -0.96     -0.48     -2.87
      0.00      0.48     -4.31
      0.00      0.96     -4.31
      0.00      0.96     -3.83
     -0.48      0.48     -3.35
      0.00      0.48     -3.35
      0.00      1.44     -2.87
      0.00      3.35     -1.91
      0.00      4.79     -0.48
      0.00      5.74      1.91
      0.48      6.22      3.83
      0.96      5.26      4.79
      0.96      2.87      4.79
      0.96      0.48      4.79
      0.96     -2.39      3.83
      0.96     -4.31      1.91
      0.96     -4.79     -0.48
      0.96     -4.79     -1.91
      0.48     -4.31     -2.87
      0.00     -4.31     -2.87
     -0.48     -4.31     -2.87
     -0.48     -4.31     -2.87
     -0.96     -2.87     -2.87
     -0.48     -1.44     -2.87
     -0.48      0.96     -1.91
      0.00      2.87     -1.44
      0.48      4.31      0.00
      0.96      5.74      0.48
      0.96      5.74      0.48
      0.48      5.26      0.48
     -0.48      3.83      0.48
     -0.48      2.39      0.96
      0.00      0.96      0.96
      0.00     -0.48      0.96
      0.48     -1.91      1.91
      0.00     -3.35      2.39
      0.48     -4.31      2.87
      0.00     -3.83      2.87
     -0.48     -3.83      2.87
     -1.44     -3.35      2.39
     -0.96     -2.39      0.96
     -0.48     -1.44      0.48
      0.00      0.48     -0.96
     -0.48      1.44     -1.44
     -0.48      2.39     -2.39
     -0.96      2.87     -2.39
     -0.96      2.87     -2.87
     -0.96      2.87     -2.87
     -0.96      2.87     -3.35
     -0.96      2.39     -4.31
     -0.48      1.91     -4.79
      0.48      2.39     -3.83
      0.96      2.39     -2.87
      0.48      0.96     -1.44
      0.48     -0.48     -0.48
      0.48     -2.39      0.48
      0.48     -3.83      1.44
      0.48     -4.31      2.87
      0.96     -3.35      3.35
      1.44     -2.39      4.31
      1.44     -0.96      5.74
      0.96      0.00      6.22
      0.48     -0.48      5.74
     -0.48     -0.96      4.79
     -0.96     -1.44      2.87
     -0.48     -1.91      0.96
      0.00     -1.44     -0.48
      0.00      0.00     -2.39
      0.48      1.44     -4.31
      0.96      2.39     -5.74
      0.96      2.87     -5.74
      0.00      3.35     -5.26
      0.00      2.87     -4.79
     -0.48      1.91     -4.31
     -0.96      0.96     -3.83
     -0.96      0.96     -2.39
     -0.48      0.48     -0.96
      0.48      0.00      0.48
      0.96      0.48      0.96
      0.96      0.96      1.44
      0.48      0.96      2.39
      0.00      0.48      2.87
     -0.48      0.00      3.35
      0.00      0.00      3.35
      0.00     -0.96      3.83
      0.00     -1.44      3.35
     -0.48     -1.91      3.35
     -0.48     -1.44      3.35
      0.00      0.00      2.87
      0.00      0.96      1.91
     -0.96      0.48      0.96
     -0.96      0.00     -0.48
     -0.96     -0.48     -1.91
     -0.96     -0.48     -2.87
     -0.96      0.48     -3.35
     -0.48      0.48     -3.35
     -0.48      0.48     -3.83
     -0.48     -0.48     -4.31
     -0.48     -0.96     -4.79
     -0.48     -0.96     -4.31
     -0.96     -0.96     -3.35
     -0.96     -1.44     -2.39
     -0.96     -0.96     -0.96
     -0.96     -0.48      0.96
      0.00     -0.96      2.39
      0.96     -0.48      3.83
      1.44      0.48      4.79
      1.91      1.44      5.26
      1.91      2.39      5.74
      1.91      2.87      6.22
      1.44      3.83      5.74
      0.96      4.31      4.31
      0.96      3.83      2.87
      0.48      2.39      0.00
      0.00      0.48     -2.39
      0.00     -0.96     -4.31
      0.48     -1.91     -4.79
      0.96     -2.39     -5.26
      0.48     -2.39     -5.26
      0.00     -2.87     -4.31
     -0.48     -3.35     -4.31
     -0.48     -2.87     -4.31
     -0.96     -1.44     -3.35
     -0.96     -0.48     -2.87
     -1.44     -0.48     -2.39
     -0.96     -0.48     -1.91
      0.00      0.48     -0.96
      0.96      0.96      0.48
      0.96      1.91      2.39
      0.48      1.44      4.79
      0.48      0.96      6.70
      0.00      0.48      6.70
      0.00      0.00      6.22
      0.00      0.48      4.79
      0.48      0.96      2.87
      0.48      1.44      1.91
      0.96      1.44      0.96
      0.96      0.96     -0.48
      0.48      0.96     -1.91
      0.00      0.00     -3.35
     -0.96     -0.48     -4.31
     -1.44     -1.44     -4.31
     -0.96     -1.44     -4.79
     -0.48     -1.44     -4.31
      0.00     -0.96     -3.35
      0.00     -0.96     -1.44
      0.00      0.48     -0.48
      0.00      1.44     -0.48
      0.00      2.39     -1.44
     -0.48      2.39     -0.96
     -0.48      2.39      0.00
     -0.48      1.91      1.44
      0.00      0.96      1.44
      0.48      0.48      1.44
      0.00      0.00      1.44
     -0.48     -0.48      2.39
     -0.96     -0.96      3.35
     -0.96     -1.44      3.83
     -0.96     -1.91      3.83
      0.00     -2.39      3.83
      0.00     -2.39      2.87
      0.00     -2.39      0.96
      0.48     -1.91     -0.96
      0.48     -1.44     -2.39
      0.48      0.48     -3.83
      0.48      1.44     -4.79
      0.48      2.39     -4.79
      0.00      2.39     -3.83
      0.00      2.39     -2.87
     -0.48      1.91     -2.39
      0.00      1.91     -1.91
      0.00      2.39     -1.44
      0.48      2.87     -0.48
      0.48      2.87      1.44
      0.48      1.91      2.87
      0.96      0.00      3.35
      0.96     -1.44      2.87
      0.48     -2.39      3.35
      0.48     -3.35      2.87
      0.48     -3.35      3.83
      0.00     -2.39      3.35
     -0.48     -1.44      2.87
     -0.96     -0.48      1.44
     -0.96     -0.96      0.48
     -0.96     -1.91      0.00
     -0.96     -2.87     -0.48
     -0.96     -2.87     -0.96
     -0.48     -2.39     -0.96
      0.48     -0.96     -1.44
      0.96      0.48     -1.44
      1.91      1.91     -2.39
      1.91      2.39     -3.35
      0.96      2.87     -3.83
      0.00      3.35     -4.79
     -0.96      2.87     -5.26
     -0.96      2.87     -4.79
     -0.96      1.91     -3.83
     -0.48      1.91     -2.39
      0.00      1.91     -0.96
      0.48      1.91      1.44
      0.96      1.44      3.83
      0.96      0.48      5.26
      0.48     -0.48      6.70
     -0.48     -1.44      6.70
      0.00     -1.91      6.22
      0.48     -1.91      4.79
      0.96     -1.91      3.83
      0.96     -2.39      1.91
      0.96     -1.91      0.00
      0.00     -0.96     -1.91
     -0.48      0.48     -2.87
     -0.96      0.96     -3.35
     -0.96      1.44     -3.83
     -0.96      1.44     -4.79
     -0.96      0.96     -4.79
     -0.96      0.48     -5.26
     -0.96      0.00     -4.79
     -0.48     -0.48     -3.83
      0.00     -0.96     -2.87
      0.00     -0.48     -1.91
      0.00      0.00     -0.48
      0.00      0.48      0.48
      0.00      0.00      1.44
      0.00     -0.48      2.39
      0.00     -1.44      2.87
      0.00     -1.44      3.83
      0.00     -1.91      5.26
      0.48     -1.91      6.22
      0.96     -1.44      6.22
      0.96     -0.48      5.26
      0.96      0.48      3.83
      0.96      1.44      1.91
      0.48      2.39      0.48
      0.48      3.83     -0.96
      0.00      4.31     -2.39
      0.00      4.31     -3.83
      0.00      2.87     -5.74
     -0.48      1.91     -6.22
     -0.48      1.44     -5.74
     -0.48      0.48     -5.26
     -0.48     -0.48     -4.31
     -0.48     -1.44     -3.35
     -0.48     -2.39     -1.91
     -0.48     -2.87      0.96
     -0.48     -2.87      2.39
      0.00     -2.87      2.87
      0.48     -1.91      2.87
      0.48     -1.44      2.87
      0.96     -0.96      3.35
      0.48     -0.48      3.83
      0.00      0.00      4.31
      0.48      0.00      4.31
      0.48      0.48      2.87
      0.48      0.96      1.44
      0.00      0.48      0.48
     -0.96      0.48     -0.48
     -0.96      0.48     -1.44
     -0.48      0.96     -2.87
      0.00      0.48     -3.83
     -0.48      0.00     -4.79
     -0.48      0.00     -5.26
     -0.48     -0.48     -5.74
     -0.48      0.00     -4.79
     -0.48      0.48     -3.83
     -0.48      0.48     -3.35
     -0.48      0.48     -1.44
      0.00      0.48      0.48
      0.48      0.48      1.91
      0.96      0.96      2.87
      1.44      1.44      3.83
      1.44      1.44      5.26
      1.44      0.96      5.74
      1.44      0.48      6.22
      1.44     -0.48      5.74
      0.96     -0.48      4.79
      0.00     -0.48      2.87
      0.00     -0.48      1.44
      0.00     -0.48     -0.96
     -0.48     -0.48     -1.91
     -0.48     -0.96     -3.35
     -0.48     -0.48     -3.83
     -0.96      0.48     -4.31
     -0.96      0.48     -3.83
     -0.96      0.00     -2.87
     -0.48      0.00     -2.39
     -0.48     -0.48     -2.39
      0.00     -0.48     -2.39
      0.00      0.48     -1.91
      0.00      1.44     -0.96
      0.00      1.91     -0.48
      0.00      1.91      0.00
      0.00      1.44      0.00
      0.00      0.96      0.96
     -0.48      0.48      1.44
      0.00      0.00      1.91
      0.00     -0.48      2.39
      0.48     -1.44      2.39
      0.00     -1.91      2.39
      0.48     -1.44      1.91
      0.00     -0.96      0.96
      0.00      0.00     -0.48
     -0.96      0.00     -0.96
     -0.96      0.48     -1.44
     -0.48      0.96     -1.91
     -0.48      1.44     -2.87
     -0.48      1.44     -2.87
      0.00      0.96     -1.91
      0.48      0.00     -1.44
      0.48      0.00     -0.48
      0.48     -0.48      0.48
      0.96      0.00      1.44
      0.48     -0.48      1.91
      0.00     -0.96      2.39
      0.00     -1.44      1.91
      0.00     -2.39      1.44
      0.48     -1.91      0.96
      0.48     -0.96      0.48
      0.48     -0.48      0.00
      0.00     -0.48      0.00
      0.48      0.00      0.00
      0.48      0.48     -0.48
      0.00      0.48      0.00
     -0.48      0.48      0.48
     -0.96     -0.48      0.96
     -0.48     -0.96      0.96
      0.00     -0.96      0.00
      0.48     -0.48     -0.48
      0.48      0.00     -0.96
      0.96      0.96     -0.96
      0.96      1.91     -1.44
      0.48      2.39     -1.91
      0.48      2.87     -1.91
      0.00      2.39     -1.91
     -0.48      2.39     -1.91
     -0.48      1.91     -1.44
     -0.96      1.44     -0.48
     -0.48      0.96      0.00
      0.00      0.48      0.96
     -0.48     -0.48      0.96
      0.00     -0.96      0.96
      0.00     -1.44      0.96
      0.00     -1.91      1.44
      0.00     -2.39      1.44
      0.00     -1.91      0.96
      0.00     -1.91      0.96
      0.00     -1.91      0.96
      0.00     -1.44      0.48
      0.48     -1.44     -0.48
      0.00     -0.48     -1.44
      0.00      0.48     -0.96
      0.00      1.44     -0.96
      0.00      1.91     -0.48
      0.48      1.91      0.00
      0.00      1.91      0.48
     -0.96      1.91      0.96
     -0.96      1.91      0.96
      0.00      1.44      0.00
      0.48      0.96     -0.48
      0.48      0.96     -0.96
      0.00      0.48     -0.96
      0.00      0.00     -0.96
      0.00     -0.96     -0.96
      0.00     -1.44     -0.48
      0.48     -1.44     -0.48
      0.00     -1.91      0.00
      0.00     -1.91      0.96
      0.48     -1.44      1.44
      0.48     -0.48      0.96
      0.48      0.00      0.48
      0.00      0.48      0.00
     -0.48      0.48     -0.48
     -0.48      0.48     -0.96
     -0.48      0.48     -0.96
     -0.48      0.96     -1.44
      0.00      0.48     -1.44
      0.00      0.96     -0.96
      0.00      1.44     -0.48
      0.00      1.44      0.00
      0.00      0.96      0.48
     -0.48      0.96      0.48
     -0.48      0.48      0.48
     -0.48      0.48      0.00
      0.00      0.00      0.48
      0.48     -0.48      0.48
      0.48     -0.48      0.48
      0.00     -0.96      0.00
      0.00     -0.48     -0.48
      0.00     -0.48     -0.96
     -0.48     -0.96     -0.96
     -0.48     -0.96      0.00
     -0.48     -1.44      0.96
     -0.48     -1.44      1.44
      0.00     -1.44      1.44
      0.00     -1.44      0.96
      0.48     -0.96      0.96
      0.48     -0.48      0.48
      0.48      0.00      0.00
      0.96      0.96     -0.48
      0.96      1.44     -0.48
      0.96      1.91      0.00
      0.48      2.39      0.00
      0.00      2.39      0.00
      0.00      2.39     -0.48
      0.00      1.91     -0.48
      0.00      1.91     -0.96
      0.00      1.44     -1.44
      0.00      0.96     -1.44
      0.48      0.48     -1.44
      0.00      0.00     -0.96
      0.00     -0.96     -0.48
     -0.48     -1.44      0.00
     -0.48     -1.91      0.48
      0.00     -1.91      0.96
      0.00     -1.91      1.44
      0.00     -1.91      1.44
      0.00     -1.44      1.44
      0.48     -0.96      0.96
      0.48     -1.44      0.96
      0.48     -0.48      0.48
      0.00     -0.48      0.48
     -0.48      0.00      0.48
      0.00      0.48      0.96
      0.00      0.96      0.48
      0.00      1.44      0.00
      0.00      1.44     -0.96
      0.48      1.91     -1.91
      0.48      1.91     -2.39
      0.00      1.91     -2.39
      0.00      1.44     -1.91
      0.00      0.96     -1.91
      0.00      0.48     -1.44
      0.00      0.48     -1.44
      0.00      0.48     -0.96
      0.00      0.48      0.00
      0.00      0.48      0.96
      0.00      0.48      0.96
      0.00      0.48      1.91
      0.00     -0.48      2.39
      0.00     -1.44      2.39
      0.00     -2.87      2.39
      0.00     -2.87      2.39
      0.00     -2.39      1.91
      0.00     -1.91      0.96
      0.00     -1.44      0.00
      0.00     -0.48     -0.96
      0.00     -0.48     -2.39
      0.00      0.00     -3.35
      0.00      0.96     -2.39
      0.00      2.39     -1.91
      0.00      2.87     -2.39
      0.00      2.87     -2.87
     -0.48      2.39     -1.91
     -0.48      1.91     -0.48
     -0.48      1.44      0.96
     -0.48      0.96      1.91
      0.00      0.00      1.91
      0.48     -0.48      1.91
      0.48     -1.44      1.44
      0.48     -1.44      0.96
      0.48     -1.44      0.96
      0.48     -0.96      0.00
      0.48     -1.44      0.00
      0.00     -1.44      0.00
      0.00     -1.44     -0.48
      0.00     -1.44     -0.96
      0.48     -0.48     -1.44
      0.48      0.48     -1.44
      0.48      0.96     -0.96
      0.96      1.91     -0.96
      0.00      1.91     -0.96
      0.00      1.44     -0.96
     -0.96      0.48     -0.48
     -0.96     -0.48      0.00
     -0.96     -0.96      0.48
     -0.48     -0.48      0.48
      0.00     -0.48      0.48
      0.00      0.00      0.96
      0.48      0.96      1.91
      0.96      0.96      2.87
      0.48      0.48      2.39
      0.00      0.00      1.44
      0.00      0.00      0.48
     -0.48      0.00      0.00
     -0.48     -0.48     -0.48
      0.00     -0.48     -0.96
      0.48      0.00     -0.96
      0.48      0.00     -0.96
      0.48      0.48     -0.48
      0.00      0.96     -0.48
      0.00      0.96     -0.96
      0.00      0.96     -1.44
     -0.48      0.96     -1.91
     -0.48      0.96     -1.91
     -0.48      0.96     -0.96
      0.00      0.48     -0.96
      0.00      0.00      0.00
      0.00      0.00      0.48
     -0.48     -0.48      0.48
      0.00      0.00      0.00
      0.48      0.00      0.48
      0.00      0.00      0.96
      0.00      0.00      1.44
      0.00     -0.48      1.91
      0.48     -0.48      1.44
      0.48     -0.48      1.44
      0.48     -0.48      0.96
      0.00     -0.48      0.48
      0.00     -0.48     -0.48
      0.00     -0.48     -0.96
      0.00      0.48     -1.44
      0.00      0.48     -0.96
      0.00      0.96     -0.96
      0.00      0.48     -0.48
      0.00      0.96      0.00
      0.00      0.48     -0.48
      0.00      0.48     -0.48
      0.00      0.00     -0.96
      0.00      0.00     -1.44
      0.00      0.00     -0.96
     -0.48     -0.48     -0.48
      0.00     -0.48      0.00
      0.00     -0.48      0.00
      0.00     -0.48      0.00
      0.00     -0.96      0.00
      0.00     -0.96      0.48
      0.00     -1.44      0.48
      0.00     -1.44      0.48
      0.48     -2.39      0.96
      0.48     -1.91      0.96
      0.00     -0.96      0.48
      0.48      0.48     -0.48
      0.00      1.44     -0.48
      0.48      2.39      0.00
      0.48      2.87      0.48
      0.48      3.35      0.48
      0.48      2.87      0.48
      0.00      2.87      0.00
      0.00      1.91     -0.48
     -0.48      0.96     -0.48
     -0.48      0.00     -0.48
     -0.48     -0.96     -0.96
      0.00     -1.44     -0.96
      0.00     -1.44     -1.44
      0.00     -1.91     -0.96
      0.00     -1.91     -0.96
      0.00     -1.44      0.00
      0.00     -1.44      0.48
      0.00     -0.48      0.96
      0.00      0.00      0.96
      0.00      0.48      0.48
      0.00      0.48      0.48
      0.48      1.44      0.00
      0.96      1.91      0.48
      0.96      1.91      0.96
      0.96      1.91      1.91
      0.48      1.91      1.91
      0.00      1.44      1.44
      0.00      0.48      0.48
     -0.48     -0.48     -0.48
      0.00     -0.96     -0.96
      0.00     -1.44     -0.96
      0.00     -1.91     -0.96
      0.00     -1.91     -0.96
      0.48     -1.44     -1.44
      0.00     -0.48     -1.44
      0.00      0.00     -1.91
     -0.48     -0.48     -1.44
     -0.48     -0.48     -0.96
     -0.48      0.00     -0.48
     -0.48      0.48      0.00
     -0.48      0.48      0.48
      0.00      0.48      0.48
      0.48      0.48      0.48
      0.00      0.48      0.48
      0.00      0.96      0.48
      0.00      1.44      0.00
      0.00      1.44     -0.48
      0.00      1.44     -0.96
      0.00      1.44     -0.48
      0.00      0.96      0.00
      0.00      0.48      0.00
      0.00     -0.48      0.48
      0.00     -0.96      0.96
      0.48     -1.44      0.96
      0.48     -1.91      0.96
      0.48     -2.39      0.96
      0.48     -1.91      0.96
      0.48     -1.44      0.00
      0.00     -0.48     -0.48
      0.00     -0.48     -1.44
      0.00     -0.48     -1.44
      0.00      0.48     -1.44
      0.00      0.96     -0.96
      0.00      1.44     -0.48
      0.48      1.91     -0.48
      0.00      1.91      0.00
      0.00      2.39      0.96
      0.00      2.39      1.44
      0.00      1.91      0.96
      0.00      1.91      0.96
      0.00      1.44      0.48
      0.00      0.96      0.00
      0.48      0.00     -0.48
      0.00     -0.48     -0.96
      0.00     -1.44     -1.44
      0.00     -1.44     -1.44
      0.00     -1.44     -0.96
      0.00     -1.44      0.00
     -0.48     -1.44      0.96
      0.00     -1.91      0.96
      0.00     -1.91      1.44
      0.00     -2.39      1.44
      0.00     -1.91      0.96
      0.00     -0.96      0.48
      0.00     -0.48     -0.96
      0.00      0.00     -1.44
      0.00      0.96     -2.39
      0.00      1.91     -2.39
      0.00      1.91     -1.91
      0.00      1.91     -0.96
     -0.48      1.44      0.00
     -0.48      0.96      0.96
     -0.48      0.00      0.96
      0.00      0.00      0.96
      0.00      0.00      0.96
      0.00      0.48      0.48
      0.48      0.48      0.00
      0.96      0.00     -0.48
      0.96      0.00      0.00
      0.00      0.48      0.00
      0.00      0.48      0.00
      0.00      0.00     -0.48
      0.00      0.48      0.00
      0.00      0.48      0.00
      0.00      0.00      0.00
      0.00      0.00      0.48
     -0.48     -0.48      0.48
     -0.48     -0.96      0.00
     -0.48     -0.48      0.00
     -0.48     -0.96      0.00
     -0.48     -0.96      0.00
      0.00     -0.48     -0.48
      0.00      0.00     -0.48
      0.48      0.00     -0.48
      0.00      0.48     -0.48
      0.48      0.48      0.00
      0.48      0.96      0.48
      0.00      0.96      0.48
      0.00      0.96      0.96
      0.00      0.96      0.96
      0.00      0.96      0.96
      0.00      0.48      0.48
      0.00      0.00      0.48
      0.00      0.00      0.48
      0.00      0.00      0.48
      0.00      0.00      0.00
      0.48      0.00     -0.48
      0.48      0.48     -0.96
      0.48      0.48     -0.96
      0.48      0.96     -0.48
      0.48      0.96     -0.48
      0.48      0.48     -0.48
      0.00      0.48     -0.96
      0.00      0.48     -0.96
      0.00      0.00     -0.48
      0.00     -0.48      0.48
      0.00     -0.48      0.96
      0.00     -0.48      0.48
      0.00     -0.96      0.48
      0.00     -1.44      0.48
      0.00     -1.44      0.00
      0.00     -0.96      0.48
      0.00     -0.96      0.48
      0.00      0.00      0.48
      0.00      0.48      0.00
      0.00      0.48     -0.48
     -0.48      0.48     -0.96
      0.00      0.48     -0.96
     -0.48      0.48     -1.44
      0.00      0.48     -1.44
      0.00      0.96     -0.96
      0.00      0.96     -0.96
      0.00      0.96     -0.48
      0.00      0.96      0.00
      0.00      0.96      0.48
      0.00      0.00      0.48
     -0.48     -0.48      0.48
      0.00     -0.48      0.00
      0.00     -0.48     -0.48
      0.00      0.48     -0.96
      0.00      0.48     -0.96
      0.00      0.48     -0.96
      0.48      0.48     -0.48
      0.00     -0.48      0.00
      0.00     -0.48      0.48
      0.00      0.00      1.44
      0.00      0.00      2.39
      0.00      0.00      1.91
      0.00     -0.48      1.91
      0.00     -0.48      0.96
      0.00      0.00      0.48
      0.00      0.48     -0.48
      0.00      0.48     -1.44
      0.48     -0.48     -1.91
      0.00     -1.44     -1.91
      0.00     -1.44     -1.44
     -0.48     -0.96     -0.96
     -0.48     -0.48     -0.96
     -0.48     -0.48     -0.96
      0.00     -0.48     -0.48
      0.00     -0.48      0.00
      0.48      0.00      0.48
      0.48      0.48      0.96
      0.48      0.96      0.96
      0.48      1.44      0.48
      0.48      1.44      0.96
      0.48      1.91      0.48
      0.48      2.39      0.96
      0.00      2.39      0.96
      0.00      2.39      0.48
      0.00      1.44      0.00
      0.00      0.00     -0.48
      0.00     -0.96     -0.48
      0.00     -1.44      0.00
      0.00     -1.44     -0.48
      0.00     -1.44     -0.96
      0.00     -1.44     -0.96
     -0.48     -1.44     -0.96
      0.00     -1.44     -0.48
      0.00     -1.44     -0.48
      0.00     -0.48     -0.96
     -0.48      0.00     -0.96
      0.00      0.48     -0.96
     -0.48      0.48     -0.96
      0.00      0.48     -0.48
      0.00      0.48      0.00
      0.00      0.96      0.48
      0.00      0.96      0.96
      0.00      0.96      1.44
      0.48      0.96      1.44
      0.48      0.96      0.96
      0.00      0.48      0.96
      0.00      0.96      0.96
      0.48      0.48      0.96
      0.00      0.00      0.96
      0.00     -0.96      0.48
     -0.48     -0.96      0.00
     -0.96     -0.96     -0.48
     -0.48     -0.48     -0.96
      0.00     -0.48     -0.96
      0.00      0.00     -1.44
      0.48      0.48     -1.91
      0.00      0.96     -1.91
      0.00      0.96     -1.44
      0.00      0.96     -0.48
      0.00      0.48      0.00
      0.00      0.00      0.00
     -0.48      0.00      0.00
      0.00      0.00      0.48
      0.00      0.48      0.96
      0.00      0.00      0.96
      0.48     -0.48      0.96
      0.00     -0.48      0.96
      0.00     -0.48      0.96
      0.00     -0.48      0.48
      0.00      0.00      0.48
      0.00      0.00      0.48
     -0.48      0.00      0.00
     -0.48      0.00     -0.48
     -0.48      0.00     -0.48
      0.00      0.48     -0.96
      0.00      0.48     -0.96
      0.00      0.48     -0.96
      0.00      0.48     -1.44
      0.48      0.48     -0.96
      0.00      0.96     -0.96
      0.00      0.96     -0.96
      0.00      0.48     -0.96
      0.00     -0.48     -0.96
      0.00     -0.96     -0.96
      0.00     -0.96     -0.48
      0.00     -1.44      0.48
      0.00     -1.44      0.96
      0.96     -0.96      1.91
      0.48     -0.48      1.91
      0.48      0.00      1.91
      0.48      0.00      1.91
      0.48      0.48      1.91
      0.00      0.96      1.91
      0.00      0.96      0.96
      0.00      0.96      0.48
      0.00      0.48     -0.48
      0.00      0.48     -1.44
      0.00      0.48     -1.91
     -0.48      0.00     -2.39
     -0.48      0.00     -2.39
      0.00      0.00     -2.87
      0.00      0.48     -2.39
      0.00      0.48     -1.91
      0.00      0.48     -1.44
     -0.48      0.00     -1.44
      0.00      0.00     -0.96
      0.00     -0.48     -0.48
      0.00     -0.48      0.48
      0.00     -0.48      0.96
      0.48     -0.48      1.91
      0.48     -0.48      2.39
      0.48     -0.48      2.39
      0.00      0.00      2.39
      0.00      0.48      2.39
      0.00      0.48      1.44
     -0.48      0.48      0.96
      0.00      0.48      0.48
      0.00      0.96      0.00
      0.00      0.96     -0.48
      0.48      0.96     -0.96
      0.00      0.96     -1.44
      0.00      0.96     -1.91
      0.00      0.96     -2.39
      0.00      0.48     -2.39
      0.00      0.00     -2.39
      0.00      0.00     -1.91
     -0.48     -0.48     -1.44
      0.00     -0.96     -0.96
      0.00     -1.44     -0.96
      0.00     -1.44     -0.48
      0.00     -1.44      0.00
      0.00     -0.96      0.96
      0.00     -0.96      1.91
      0.48     -0.96      2.39
      0.48     -0.48      2.39
      0.00     -0.48      2.39
      0.00      0.00      1.91
      0.00      0.00      1.91
      0.00      0.00      1.91
      0.48      0.48      1.91
      0.48      0.48      0.96
      0.48      0.96      0.48
      0.48      1.44      0.00
      0.48      1.44     -0.48
      0.00      0.96     -0.96
      0.00      1.44     -1.44
     -0.48      1.44     -1.44
     -0.48      1.44     -1.44
     -0.48      0.96     -1.91
      0.00      0.96     -1.91
      0.00      0.48     -1.91
      0.48      0.00     -1.91
      0.48      0.00     -1.44
      0.48      0.00     -0.96
      0.00     -0.48     -0.48
      0.00     -0.96      0.00
      0.48     -0.96      0.00
      0.00     -0.96      0.48
      0.00     -0.96      0.48
      0.00     -0.48      0.96
      0.00      0.00      0.96
      0.00      0.00      0.96
      0.00      0.00      0.48
     -0.48      0.48      0.96
     -0.48      0.96      0.96
      0.00      0.96      0.96
     -0.48      0.96      0.48
      0.00      0.48      0.48
      0.00      0.00      0.00
      0.00      0.48      0.00
      0.00     -0.48      0.00
     -0.48     -0.48     -0.48
     -0.48     -0.48     -0.48
      0.00     -0.48     -0.96
      0.48      0.00     -0.96
      0.00      0.48     -0.96
      0.00      0.48     -0.96
      0.00      0.48     -0.48
      0.00      0.00      0.00
      0.00      0.48     -0.48
      0.00      0.00     -0.48
      0.00      0.00     -0.48
      0.00     -0.48     -0.48
      0.48     -0.48      0.48
      0.00     -0.48      0.96
      0.00      0.00      1.44
      0.00      0.00      0.96
      0.00      0.00      0.96
      0.00     -0.48      0.48
      0.00     -0.48      0.00
      0.00     -0.48     -0.96
      0.00     -0.48     -0.96
