********************************************************************************
                       INSTITUTO DE INGENIERIA, UNAM
                  Coordinacion de Instrumentacion Sismica
  Ciudad Universitaria, Apartado Postal 70-472, Coyoacan 04510, Mexico, D.F.
 Tel.(52-5)622-3414    Fax.(52-5)616-1514    e-mail: isismica@pumas.iingen.unam.mx
**************************************************************************************
ARCHIVO ESTANDAR DE ACELERACION:
VERSION DEL FORMATO                    : 2.0
NOMBRE DEL ARCHIVO                     : ACAD9305.152
FECHA Y HORA DE CREACION               : Tue Mar 26 23:50:08 1996
REF. CATALOGO ACELEROGRAMAS, SMIS 1995 : REGISTRO No. 4219 /PAG. 385


================================================================================
DATOS DE LA ESTACION:
NOMBRE DE LA ESTACION                  : ACAPULCO ESCUELA DIANA
CLAVE DE LA ESTACION                   : ACAD
LOCALIZACION DE LA ESTACION            : Escuela Secundaria Federal No.1, cerca
                                       : de la Diana. Acapulco, Guerrero.
                                       :
                                       :
                                       :
COORDENADAS DE LA ESTACION             : 16.86225 LAT. N
                                       : 99.87147 LONG. W
ALTITUD (msnm)                         : 6   
TIPO DE SUELO                          : LIMO ARENOSO
                                       : 
                                       : 
INSTITUCION RESPONSABLE                : INSTITUTO DE INGENIERIA UNAM
                                       :

================================================================================
DATOS DEL ACELEROGRAFO: 
MODELO DEL ACELEROGRAFO                : DCA-333
NUMERO DE SERIE DEL ACELEROGRAFO       : 167
NUMERO DE CANALES                      : 3
ORIENTACION C1-C6 (rumbo;orientacion)  : /V/N90E/N00E
ORIENTACION C7-C12 (rumbo;orientacion) :
VEL. DE MUESTREO, C1-C6 (muestras/s)   : /100/100/100
VEL. DE MUESTREO, C7-C12 (muestras/s)  :
ESC. COMPLETA DE SENSORES, C1-C6, (g)  : /1/1/1
ESC. COMPLETA DE SENSORES, C7-C12 (g)  :
FREC. NAT. DE SENSORES, C1-C6, (Hz)    : /30.0/30.0/30.0
FREC. NAT. DE SENSORES, C7-C12 (Hz)    :
AMORTIGUAMIENTO DE SENSORES, C1-C6     : /0.70/0.70/0.70
AMORTIGUAMIENTO DE SENSORES, C7-C12    :
INTERVALO DE MUESTREO, C1-C6 (s)       : /0.01/0.01/0.01
INTERVALO DE MUESTREO, C7-C12 (s)      :
UMBRAL DE DISPARO, C1-C6 (Gal)         : /6/6/6
UMBRAL DE DISPARO, C7-C12 (Gal)        :
MEMORIA DE PREEVENTO (s)               : 4
TIEMPO DE POSEVENTO (s)                : 15


================================================================================
DATOS DEL SISMO:
FECHA DEL SISMO [GMT]                  : 1993/05/15
HORA EPICENTRO (GMT)                   : 03:11:56,0
MAGNITUD(ES)                           : /Mb=5.90/Ms=5.90/Mc=6.00
COORDENADAS DEL EPICENTRO              : 16.470 LAT. N 
                                       : 98.720 LONG. W 
PROFUNDIDAD FOCAL (km)                 : 15 
FUENTES DE LOS DATOS EPICENTRALES      : SSN
                                       : INSTITUTO DE GEOFISICA, UNAM

================================================================================
DATOS DE ESTE REGISTRO:
HORA DE LA PRIMERA MUESTRA (GMT)       : 03:13:06.00
EXACTITUD DEL TIEMPO (s)               : 1.00
DURACION DEL REGISTRO (s), C1-C6       : /28.87/28.87/28.87                      
DURACION DEL REGISTRO (s), C7-C12      : 
NUM. TOTAL DE MUESTRAS, C1-C6          : /2887/2887/2887                       
NUM. TOTAL DE MUESTRAS, C7-C12         : 
ACEL. MAX.(Gal), C1-C6                 : /-8.62/32.54/-30.14                   
ACEL. MAX., C1-C6, EN LA MUESTRA       : /625/815/773                          
ACEL. MAX.(Gal), C7-C12                : 
ACEL. MAX., C7-C12,EN LA MUESTRA       : 
UNIDADES DE LOS DATOS                  : Gal (cm/s/s)
FACTOR DE DECIMACION                   : 1
FORMATO DATOS (FORTRAN,10 campos/dato) : 3F10.2


================================================================================
CALIDAD DEL ACELEROGRAMA:
REGISTRO DIGITAL COMPLETO CON TIEMPO ABSOLUTO CORRECTO.


===============================================================================
COMENTARIOS:














===============================================================================
DATOS DE ACELERACION:
---------+---------+---------+---------+---------+---------+---------+---------+
   CANAL-1   CANAL-2   CANAL-3
         V      N90E      N00E
---------+---------+---------+---------+---------+---------+---------+---------+
      1.44      0.48     -1.44
      1.92      0.48     -0.48
      1.44      0.48      0.00
      0.48      0.48      0.48
     -0.48      0.00      0.48
     -0.48      0.00      0.48
     -0.95     -0.48      0.48
     -0.95     -0.95      0.00
      0.00     -0.95      0.00
      0.00     -1.44     -0.48
      0.00     -1.44     -1.44
      0.00     -1.44     -1.92
      0.48     -0.95     -1.92
      0.48      0.00     -1.92
      0.00      0.48     -1.92
      0.00      1.44     -1.44
      0.48      1.44     -0.48
      0.00      1.92      0.00
     -0.48      1.92      0.95
     -0.48      1.92      1.92
      0.00      1.44      1.92
     -0.48      0.95      1.92
     -0.48     -0.48      1.44
     -0.48     -0.95      0.48
      0.00     -1.44      0.00
      0.48     -1.44     -0.48
      0.00     -1.92     -0.48
      0.00     -2.40     -0.48
     -0.48     -2.40     -0.48
     -1.44     -2.40     -0.95
     -1.44     -1.92     -1.44
     -1.44     -0.95     -0.95
     -0.95      0.00     -0.95
      0.00      0.95     -0.48
      0.48      1.92      0.48
      0.48      3.35      0.95
      0.48      3.83      0.48
      0.48      3.83      0.48
      0.00      2.87      0.48
      0.00      2.40      0.00
     -0.48      0.95      0.00
     -0.48     -0.48     -0.48
      0.00     -1.44      0.00
      0.00     -1.92      0.48
      0.00     -1.92      0.95
     -0.48     -1.92      0.95
      0.00     -1.92      0.48
      0.00     -0.95      0.00
      0.00     -0.95     -0.48
      0.00     -0.48     -0.95
      0.48     -0.48     -0.95
      0.48      0.00     -0.48
      0.48      0.48     -0.48
      0.48      0.95      0.00
      0.48      1.44      0.48
      0.48      1.44      0.48
      0.95      1.92      0.00
      0.48      1.92     -0.48
      0.48      1.92     -0.48
      0.95      1.44     -0.95
      0.48      1.44     -0.95
      0.00      1.44     -0.95
     -0.48      1.44     -1.44
     -0.48      0.95     -1.92
     -0.48      0.95     -1.92
     -0.48      0.00     -1.92
     -1.44     -0.48     -1.44
     -0.95     -0.95     -0.95
     -0.48     -0.95     -0.48
      0.00     -0.95      0.00
      0.48     -0.95      0.00
      0.48     -0.95      0.00
      0.00      0.00     -0.48
      0.00      0.95     -0.48
      0.00      1.44      0.00
      0.00      1.92      0.00
      0.00      0.95      0.48
      0.48      0.95      0.48
      0.48      0.48      0.48
      0.48      0.00      0.48
      0.48      0.00      0.48
      0.95      0.00      0.00
      1.44      0.00     -0.95
      1.44      0.00     -1.44
      0.95     -0.48     -0.95
      0.95     -0.95     -0.95
      1.44     -1.44     -0.95
      0.95     -1.92     -0.95
      0.95     -2.40     -0.48
      1.44     -2.87     -0.95
      0.48     -2.40     -0.95
     -0.48     -1.92     -0.95
     -0.48     -1.44     -0.48
     -0.48     -1.44      0.48
     -0.48     -0.95      0.95
      0.00     -0.48      1.44
      0.00      0.00      1.92
     -0.48      0.48      1.92
     -0.48      0.48      1.44
     -0.48      0.48      0.48
     -0.48      0.95      0.48
     -0.48      0.48      0.00
     -0.48      0.48      0.00
     -0.48      0.00      0.48
     -0.48      0.00      0.48
      0.00      0.00      0.00
      0.48      0.00     -0.95
      0.48      0.00     -1.92
      0.95     -0.48     -2.40
      0.48     -0.48     -2.87
      0.00     -0.95     -3.35
     -0.48     -0.95     -3.35
     -0.48     -0.48     -2.40
     -0.95     -0.48     -1.44
     -0.48      0.00      0.00
     -0.48      0.00      0.95
      0.00     -0.48      1.44
      0.00      0.00      2.40
      0.48      0.48      2.40
      0.00      0.48      2.40
      0.48      0.95      1.92
      0.00      1.44      1.44
      0.00      1.44      0.48
      0.00      1.92      0.00
      0.48      1.44     -0.48
      0.48      1.44     -0.95
      0.48      1.44     -0.95
      0.48      1.44     -1.44
      0.00      0.95     -1.92
      0.00      0.48     -1.92
      0.00      0.00     -1.92
      0.48     -0.48     -0.95
      0.48     -0.48     -0.48
      0.00      0.00     -0.48
      0.00      0.00     -0.95
      0.00      0.00     -1.44
      0.48      0.00     -1.92
      0.48      0.48     -1.92
      0.95      0.95     -1.44
      0.48      0.48     -0.48
      0.48      0.00      0.48
      0.48      0.48      0.95
      0.48      0.48      1.92
      0.48      0.95      2.40
      0.00      0.95      2.87
      0.00      0.48      2.87
      0.00      0.00      2.40
     -0.48     -0.95      1.92
     -0.95     -1.44      1.92
     -0.95     -1.92      1.92
     -0.48     -2.87      1.44
      0.00     -2.87      0.95
      0.48     -2.40      0.00
      0.95     -1.44     -0.95
      0.95     -0.48     -1.92
      0.48      0.48     -2.40
      0.48      0.48     -2.87
      0.95      1.92     -3.35
      0.95      1.92     -3.35
      0.00      1.92     -2.87
     -0.48      0.95     -1.92
     -0.95      1.44     -0.95
     -0.95      1.44      0.00
     -0.95      1.44      0.48
     -0.48      0.95      0.00
      0.00      0.00     -0.48
      0.95     -0.48     -0.48
      0.95     -0.48      0.00
      0.95     -0.48      1.44
      0.48     -1.44      2.40
      0.00     -2.40      2.87
      0.48     -1.92      1.92
      0.48     -0.48      0.95
      0.00      0.95      0.95
      0.48      1.44      0.48
      0.48      1.44      0.48
      0.48      0.95      0.00
      0.00      0.00     -0.48
     -0.48     -0.48     -0.95
     -0.48     -0.95     -1.92
      0.00     -0.95     -2.40
      0.00     -0.48     -2.87
      0.00      0.00     -3.35
     -0.48      0.00     -3.35
     -0.95      0.00     -2.87
     -0.48     -0.48     -1.92
      0.00     -0.95     -1.44
      0.00     -1.44     -0.48
      0.00     -1.92      0.95
      0.48     -1.92      2.87
      0.95     -0.95      4.30
      0.48      0.95      4.79
     -0.48      2.40      3.83
      0.48      2.87      3.35
     -0.48      3.35      2.40
     -0.95      2.40      0.95
     -1.44      0.95     -0.95
     -1.44     -0.48     -1.92
     -0.95     -1.44     -2.40
      0.00     -1.44     -2.40
      0.00     -1.44     -2.87
     -0.95     -0.48     -3.35
     -0.48     -0.48     -3.83
     -0.48     -0.48     -3.83
     -0.95      0.00     -3.83
     -0.95      1.44     -2.87
      0.00      2.87     -1.92
      0.95      3.35     -0.48
      1.92      2.87     -0.48
      1.92      2.40      0.48
      0.95      1.92      0.95
      0.48      1.92      0.95
      0.95      1.92      0.95
      0.48      1.92      1.92
      0.00      0.48      1.92
     -0.48     -1.44      1.92
     -0.95     -2.87      0.95
     -1.44     -3.35      0.48
     -0.95     -3.35      0.00
      0.00     -2.87      0.00
      0.00     -1.92      0.48
      0.48      0.00      0.48
      0.95      0.95      0.95
      0.48      0.95      0.48
      0.48      0.00      0.00
      0.48     -0.95      0.00
      0.00     -1.44     -0.48
      0.00     -1.44     -0.95
      0.00     -1.44     -1.44
      0.00     -0.95     -1.92
     -0.48     -0.95     -1.92
     -0.95     -0.48     -0.95
     -0.48     -0.48      0.00
     -0.48      0.00      0.48
      0.00      0.00      1.44
      0.48      0.48      1.92
      0.95      0.95      0.48
      1.44      0.95     -0.48
      2.40      1.44     -1.92
      2.40      1.92     -2.87
      1.44      2.40     -2.87
      0.48      2.87     -1.92
     -0.48      2.87     -0.48
     -0.95      2.40      0.48
     -1.44      1.92      1.44
     -1.44      0.95      1.92
     -0.95     -0.95      1.44
      0.00     -2.87      0.48
      0.95     -3.35      0.00
      1.44     -2.87     -0.95
      1.92     -1.44     -0.95
      0.95      0.00     -0.95
      0.00      0.00     -0.48
     -1.44      0.00     -0.48
     -0.95     -0.48      0.00
     -0.48     -0.95      0.48
      0.48     -0.95      0.95
      0.48     -0.95      1.44
      0.48     -0.95      0.95
      0.48     -0.48      0.48
      0.48      0.48     -0.48
      0.48      1.92     -1.92
      0.48      1.92     -2.40
      0.48      1.92     -2.40
     -0.48      0.95     -2.40
     -1.44      0.95     -2.40
     -1.44      1.44     -1.44
     -0.95      1.92     -0.48
      0.00      2.40      0.00
      0.95      1.44      0.48
      0.48      0.48      0.48
      0.00      0.00      0.48
      0.00     -0.48      0.48
     -0.48      0.00      0.95
      0.00     -0.48      0.48
      0.48     -1.44     -0.48
      0.48     -1.92     -0.95
      0.95     -2.40     -0.95
      0.95     -1.44     -0.48
      0.95      0.00     -0.48
      0.48      0.00      0.48
      0.48     -0.48      1.44
      0.95     -0.95      0.95
      0.95     -0.95     -0.48
      0.95      0.00     -1.44
      0.95      0.95     -1.44
      0.95      1.44     -0.95
      0.48      1.44     -0.95
     -0.48      0.95     -0.95
     -0.95      0.48     -1.44
     -1.44     -0.48     -0.95
     -1.44     -0.95     -0.48
     -1.92     -0.95      0.00
     -1.44     -0.95      0.48
     -1.44     -0.48      0.00
     -1.44      0.00     -0.48
     -0.95      0.48     -0.48
     -0.48      1.44      0.00
     -0.95      1.92      0.48
     -0.48      2.40     -0.48
      0.00      2.40     -1.44
     -0.48      1.92     -2.40
     -0.48      0.95     -2.87
     -0.48      0.48     -2.87
      0.48      0.48     -2.40
      0.95      0.00     -1.92
      0.95      0.00     -1.44
      0.95      0.00     -0.95
     -0.48     -0.95     -0.95
     -0.48     -1.44     -0.48
      0.00     -2.40      0.48
      0.48     -2.87      1.92
      0.48     -2.87      2.87
      0.95     -3.35      3.83
      0.95     -2.87      4.30
      0.95     -1.44      3.35
      0.48      0.48      2.40
      0.00      1.44      1.44
      0.48      1.44      1.44
      0.95      1.44      0.48
      0.00      0.95     -0.48
     -0.95      0.95     -1.44
     -1.44      1.44     -1.92
     -0.95      1.44     -1.92
      0.00      1.92     -1.92
      0.48      2.40     -1.92
      0.95      1.92     -1.92
      1.92      1.44     -0.95
      1.44      0.00     -0.48
      0.48     -0.48      0.00
      0.00     -0.95      0.00
     -0.48     -1.44      0.00
      0.00     -1.92     -0.48
      0.00     -1.92     -0.48
      0.00     -2.40      0.48
     -0.95     -1.92      1.92
     -1.44     -1.44      3.35
     -1.44     -0.48      3.35
     -1.44      0.00      2.40
     -1.44      0.48      0.00
     -0.48      1.44     -0.95
      0.48      1.92     -0.95
      1.44      1.44     -0.95
      0.95      1.44     -1.44
      0.48      1.44     -1.92
     -0.48      2.40     -2.87
      0.00      2.87     -2.40
     -0.48      1.92     -1.44
     -0.48      0.48     -0.48
     -0.48     -1.92      0.48
     -0.48     -4.79      0.95
      0.00     -6.70      0.95
      0.95     -6.70      0.00
      0.95     -4.79     -0.95
      1.44     -2.40     -1.92
      0.95      0.48     -3.35
      0.48      2.40     -3.83
      0.95      3.83     -3.83
      0.95      4.79     -2.87
      0.48      5.74     -1.44
      0.00      6.70      0.48
      0.48      6.22      0.48
      0.48      4.79      0.48
      0.95      3.35      0.00
      0.95      1.44      0.48
      0.95     -0.95      0.95
      0.95     -3.83      0.95
      0.48     -5.26      0.00
      0.95     -5.26     -0.95
      0.95     -4.30     -0.95
      0.95     -2.40     -1.44
      0.48     -1.44      0.95
     -0.48     -0.95      2.87
     -1.44     -2.40      4.30
     -2.40     -3.83      4.30
     -2.87     -4.79      2.87
     -1.92     -3.83      0.48
     -0.95     -0.95     -1.44
     -0.48      2.87     -3.35
      0.48      5.74     -4.30
      1.92      7.18     -3.83
      2.87      7.18     -3.35
      1.92      6.70     -2.40
      0.95      5.74     -1.44
      0.00      3.83      0.48
      0.00      2.87      1.92
      0.95      3.35      2.87
      1.44      4.79      2.87
      0.95      5.26      2.40
      0.48      3.35      1.92
     -0.48     -0.48      0.48
     -1.92     -4.30     -0.48
     -2.87     -6.70     -1.92
     -1.92     -6.22     -1.92
      0.00     -3.83     -0.95
      0.95     -1.44      0.95
      0.95      0.00      2.40
      0.48     -1.44      2.87
      0.48     -4.30      3.35
     -0.48     -6.70      3.83
     -1.44     -8.13      3.83
     -1.44     -8.62      3.35
     -0.95     -6.70      2.40
      0.00     -2.87      0.48
      1.44      2.40     -0.48
      1.92      7.18      0.00
      1.92      8.62      0.95
      0.95      8.13      1.44
     -0.95      6.22      0.00
     -2.40      4.30     -1.44
     -2.87      2.87     -2.40
     -1.44      0.95     -1.92
      0.00     -1.44     -0.48
      0.95     -3.83      1.44
      1.44     -5.26      2.40
      1.44     -4.79      1.92
      0.00     -2.87      1.44
     -0.48     -1.44      0.95
     -0.95     -0.95     -0.48
     -0.48     -2.87     -2.87
      0.48     -4.79     -7.18
      0.48     -4.30    -10.53
      1.44     -1.44    -12.44
      1.44      2.40    -11.96
      1.92      7.18     -8.62
      0.95     11.01     -3.35
     -0.95     13.40      0.95
     -2.40     13.88      3.35
     -3.35     11.48      4.30
     -3.35      6.70      2.40
     -1.44      0.48     -0.48
      0.48     -3.83     -4.79
      2.87     -5.74     -9.09
      4.79     -5.74    -10.05
      5.74     -5.26     -8.13
      5.26     -5.26     -4.30
      2.87     -7.18     -0.48
      0.00     -9.09      2.40
     -2.40    -10.05      4.30
     -3.83     -9.09      5.74
     -4.79     -8.13      8.13
     -5.74     -7.66      9.09
     -4.30     -7.66      9.09
     -3.35     -6.70      5.74
     -2.87     -4.30      0.00
     -1.44      0.48     -5.74
     -0.48      6.22     -9.09
      0.48     11.48    -10.53
      0.00     14.84    -10.53
      0.00     15.79     -9.57
      0.00     14.84     -6.70
      0.00     12.92     -1.92
      0.48     10.53      3.35
      1.44      8.13      7.66
      2.40      5.74     10.05
      2.87      2.87      9.57
      3.35      1.44      6.22
      3.83     -0.48      2.40
      2.87     -2.40      0.00
      1.92     -7.18      0.00
      1.44    -13.88      1.44
      0.95    -18.66      3.83
     -0.48    -22.01      7.18
     -1.92    -21.05      9.57
     -3.83    -16.75     10.53
     -4.79    -11.48     10.05
     -4.79     -6.70      8.62
     -4.30     -3.83      6.22
     -2.40     -0.95      2.40
     -1.44      2.87     -0.95
     -0.48      7.66     -3.83
      0.48     13.40     -5.74
      0.95     19.14     -6.70
      0.95     23.45     -7.66
      1.92     25.84     -8.13
      2.87     26.80     -7.18
      3.83     23.93     -3.35
      3.83     17.70      1.92
      2.40      8.62      5.74
      1.44     -0.95      4.79
      0.48     -7.66      1.92
      0.00    -11.96     -1.92
      0.48    -12.92     -4.79
      0.95    -12.92     -6.70
      1.92    -11.48     -7.66
      1.44    -10.53     -7.18
     -0.48    -10.53     -4.79
     -3.35    -11.96     -1.92
     -5.74    -13.40     -0.48
     -6.70    -11.96     -0.95
     -5.26     -7.66     -2.40
     -2.87     -3.83     -4.79
      0.00     -0.95     -6.22
      1.92      0.00     -6.22
      1.92      1.44     -5.74
      1.44      4.79     -4.79
      0.00      7.66     -3.83
      0.00      9.09     -4.79
      0.95     10.53     -3.83
      2.87     11.96     -0.95
      2.87     11.96      3.35
      0.48      7.18      6.70
     -2.40      0.48      8.13
     -3.35     -6.70      7.66
     -4.30    -11.48      5.26
     -4.30    -13.88      2.87
     -2.87    -14.36      0.95
      0.48    -11.96     -1.44
      3.83     -7.66     -3.35
      5.26     -4.30     -4.79
      4.79     -3.35     -5.26
      3.35     -3.35     -4.79
      2.87     -1.92     -2.40
      1.92      1.92      0.95
      0.48      4.30      5.26
     -0.48      4.79      9.09
      1.44      6.70     10.05
      3.83     10.53     10.05
      5.74     13.40      9.57
      5.74     14.36      8.13
      4.30     13.40      8.13
      2.87     11.96      9.57
      0.00     10.53     10.53
     -2.40      7.66      9.57
     -2.87      4.30      7.66
     -1.92      1.92      3.83
      0.00      1.44      0.48
      1.92      2.40     -1.92
      3.35      3.35     -3.35
      3.35      3.83     -5.26
      2.40      2.87     -5.74
      0.00     -0.48     -4.79
     -1.92     -5.26     -3.83
     -2.40    -10.53     -4.30
     -1.44    -11.96     -6.22
     -1.44    -11.48    -10.05
     -1.44     -8.62    -12.92
     -0.95     -4.30    -13.88
     -1.44      1.92    -11.01
     -2.87      7.18     -5.26
     -4.30      8.13      0.95
     -6.22      5.26      5.74
     -7.18      0.48      8.13
     -6.70     -3.35      7.66
     -3.35     -4.30      6.70
      0.48     -3.83      6.22
      4.30     -2.87      6.70
      5.74     -4.79      7.18
      6.70     -8.13      6.22
      6.22    -11.01      5.26
      2.87    -12.92      3.35
     -1.44    -13.40      0.95
     -3.35    -11.96     -0.48
     -4.30    -10.05     -3.35
     -4.30     -6.70     -7.18
     -3.35     -2.87    -11.96
     -2.87      0.00    -14.36
     -3.35      2.87    -15.31
     -4.30      3.35    -16.27
     -5.74      3.83    -17.23
     -6.22      5.26    -17.23
     -4.79      7.66    -17.23
     -1.92     11.96    -14.84
      1.44     14.84    -11.01
      3.83     14.84     -7.18
      5.74     10.53     -3.83
      6.70      5.26      0.00
      6.70      0.95      4.30
      5.26     -1.44      7.18
      4.30     -2.87      9.09
      4.30     -3.35     11.48
      3.83     -1.92     15.31
      2.87      0.00     21.05
      1.44      0.48     24.89
      0.95      1.44     25.84
      0.48      2.87     24.41
      0.48      4.30     21.05
      0.95      3.83     17.70
      1.44      1.92     11.48
      2.40     -0.48      1.92
      3.35     -2.40     -6.70
      3.35     -3.35    -13.88
      1.92     -4.30    -19.62
      0.48     -5.26    -23.93
     -1.44     -6.22    -25.36
     -1.92     -6.22    -21.05
     -2.87     -5.74    -11.48
     -4.30     -3.83     -1.92
     -6.22     -2.87      4.30
     -6.70     -0.95      8.13
     -7.18      1.92      9.57
     -5.74      4.79      9.09
     -3.35      6.22      5.26
     -0.48      7.18     -0.95
      1.44      8.13     -6.22
      2.40      9.57     -8.13
      3.35      8.62     -5.26
      4.30      4.79     -1.92
      3.83      0.95      2.40
      2.40     -2.40      4.79
      1.44     -4.79      7.18
      1.92     -6.70      9.57
      2.87     -8.13     10.53
      3.83     -8.13      8.62
      4.79     -6.70      3.83
      4.79     -4.79     -0.95
      4.30     -2.87     -2.87
      1.92     -0.95      0.48
      0.00      0.95      5.26
     -1.44      3.35      7.66
     -1.92      6.70      5.26
     -2.40     10.53     -0.48
     -3.83     11.48     -7.66
     -3.83     10.05    -13.88
     -2.87      6.70    -18.66
     -1.44      4.30    -20.57
      0.48      3.35    -19.14
      2.40      2.40    -13.88
      5.26      0.48     -7.18
      5.26     -0.95     -1.92
      2.87     -2.40     -0.48
     -0.48     -5.26      1.92
     -3.35     -9.57      4.30
     -5.26    -12.92      7.18
     -7.18    -14.36      8.13
     -8.62    -13.88      7.66
     -8.13    -12.92      6.70
     -5.74    -11.48      5.26
     -3.83    -10.53      2.87
     -2.87     -9.09      0.48
     -2.40     -7.18     -2.40
     -1.44     -3.83     -6.22
      0.48      2.40    -10.53
      1.92     10.53    -15.31
      2.87     16.27    -18.18
      4.30     20.10    -19.62
      4.79     20.57    -18.66
      5.74     19.62    -14.84
      6.22     18.18     -9.57
      6.70     15.31     -2.87
      4.79     12.44      3.83
      1.44      8.62      9.09
     -1.44      3.35     11.48
     -2.87     -2.40     12.44
     -4.30     -8.62     13.88
     -4.30    -11.96     19.14
     -1.92    -14.84     23.45
      2.40    -16.75     25.84
      5.26    -16.75     24.89
      5.26    -13.88     21.05
      3.35     -7.66     16.75
      0.48     -1.44     13.88
     -0.48      3.83     10.53
     -1.92      7.66      6.22
     -1.92      8.13      1.44
     -1.44      5.26     -1.92
     -0.48      2.40     -3.83
      0.00      0.95     -7.18
     -0.95      2.87    -11.01
     -0.95      5.26    -13.88
     -1.92      5.26    -15.31
     -2.87      1.92    -17.23
     -4.30     -2.40    -17.70
     -4.30     -6.70    -17.70
     -4.79     -9.09    -16.75
     -4.79     -9.57    -13.88
     -4.30     -8.62     -8.62
     -3.35     -7.18     -3.35
     -0.95     -4.30      1.44
      0.00     -2.40      6.22
      0.00      0.00     11.01
      0.48      2.40     15.79
      0.95      4.30     19.14
      0.95      4.30     19.14
      1.44      2.87     14.84
      2.87      1.92      9.57
      4.30      2.87      6.70
      5.74      4.79      6.70
      6.70      5.26      5.74
      6.70      6.22      0.48
      4.79      7.18     -7.66
      2.40      9.09    -14.84
      1.44     11.01    -19.14
      0.95     11.48    -21.05
      0.95     11.01    -20.57
      0.48      8.62    -19.62
      1.44      4.79    -17.70
      1.92      0.48    -15.79
      1.92     -3.83    -14.36
      1.44     -5.74    -10.53
      0.48     -6.70     -2.87
      1.44     -8.62      6.22
      1.44    -12.44     13.88
      0.00    -17.23     18.18
     -0.95    -22.01     21.05
     -0.48    -24.89     21.54
      0.48    -24.41     20.57
      0.48    -20.10     18.18
      0.95    -13.88     14.36
      1.44     -6.70      9.57
      0.95     -0.48      4.30
     -0.95      6.22      0.95
     -3.83     10.53     -1.92
     -6.22     13.88     -5.26
     -5.74     16.27     -8.13
     -4.79     18.18    -12.44
     -3.83     20.10    -16.75
     -0.95     22.97    -16.75
      1.44     25.36    -15.31
      3.35     25.84    -12.44
      3.35     24.89     -8.62
      0.95     20.10     -2.87
     -1.44     12.92      0.95
     -2.87      3.83      3.35
     -2.40     -6.22      7.18
     -0.95    -17.23     11.96
      1.44    -26.32     14.84
      2.40    -31.11     15.79
      1.92    -31.58     14.84
     -0.48    -29.19     14.36
     -2.87    -24.89     11.96
     -5.26    -18.66      7.66
     -7.18    -11.96      2.87
     -7.66     -4.79     -1.92
     -5.74      2.40     -5.74
     -1.44      9.57    -10.53
      1.92     14.84    -14.84
      3.35     18.18    -18.66
      3.83     20.57    -19.62
      3.35     21.54    -17.23
      2.40     20.10    -13.88
      0.48     16.27    -11.01
      0.48     10.53     -8.13
      1.44      5.74     -5.74
      2.87      0.48     -3.83
      3.83     -4.79     -1.92
      4.30     -8.62      1.44
      5.26    -11.96      5.74
      4.79    -12.92     10.05
      4.30    -12.92     12.44
      2.40    -11.96     12.92
      0.48    -10.05     11.01
     -0.48     -7.66      6.70
     -0.48     -5.26      1.92
      0.00     -2.87     -2.87
      1.44      0.00     -7.18
      4.30      3.83     -9.09
      6.22      6.70     -8.13
      5.74      9.57     -6.22
      3.83     11.01     -3.35
      1.44     10.53     -2.87
     -1.44     10.53     -3.35
     -2.40     10.53     -2.87
     -3.83      8.13     -1.92
     -4.30      5.74     -0.95
     -2.40      3.83      2.40
     -0.95      2.40      5.26
      0.48      0.95      9.09
      0.95      0.00     13.40
      0.95     -1.44     17.70
      0.48     -2.87     20.10
     -0.95     -3.83     19.62
     -2.40     -5.26     18.66
     -4.30     -7.66     15.79
     -5.74    -10.05     11.96
     -6.22    -12.44      7.18
     -4.79    -15.79      2.40
     -3.83    -17.70     -3.35
     -2.40    -16.27     -9.09
     -0.48    -12.92    -13.40
      0.95     -8.13    -17.23
      1.92     -3.83    -22.01
      1.92      0.00    -26.80
      0.95      4.79    -30.14
      0.95     11.01    -29.67
      1.44     17.70    -24.41
      0.95     21.54    -16.75
      0.48     22.97     -9.57
      0.48     22.01     -2.87
      1.44     19.14      2.87
      2.87     15.31      8.13
      3.83     10.53     12.92
      3.83      3.83     16.75
      3.35     -2.87     20.10
      1.92     -9.09     20.57
      0.95    -15.31     19.62
      0.00    -20.10     16.27
     -0.95    -21.54     10.53
     -0.95    -19.14      4.30
     -0.48    -15.31     -0.95
     -0.95    -11.01     -5.74
     -0.48     -4.30     -9.57
      0.00      2.87    -11.96
     -0.95     10.53    -13.40
     -0.48     15.31    -14.36
      1.44     16.75    -13.40
      2.40     14.84    -12.44
      3.35     12.44    -11.01
      3.35      7.66     -8.62
      2.87      1.44     -6.70
      1.92     -3.83     -4.30
      0.48     -7.66     -0.48
     -0.95    -10.53      4.30
     -0.48    -13.88      9.09
     -1.44    -16.75     13.40
     -3.35    -20.10     15.79
     -4.79    -21.54     17.70
     -4.79    -20.10     15.79
     -4.79    -16.75     13.40
     -4.79    -10.05      9.09
     -5.26     -0.95      4.30
     -3.35      9.09      0.00
     -1.92     16.75     -4.30
     -1.92     23.93     -9.09
     -0.48     30.14    -11.96
      0.48     32.54    -14.84
      0.48     31.58    -17.70
      1.92     28.23    -20.57
      2.87     23.93    -20.10
      4.79     19.14    -18.66
      5.74     14.36    -14.84
      5.74      9.09    -10.05
      4.79      2.40     -5.26
      2.87     -4.79      0.95
      0.48    -12.92      7.18
     -1.44    -19.62     13.40
     -2.87    -22.97     18.18
     -3.83    -23.93     21.54
     -3.35    -23.93     21.54
     -2.40    -22.97     20.57
     -2.40    -20.57     15.31
     -2.40    -15.31      8.62
     -0.95     -9.09      3.35
      0.48     -4.30      0.48
      1.44     -0.95     -1.44
      2.40      2.40     -2.87
      2.40      3.83     -3.83
      1.92      4.30     -5.74
      0.95      3.83     -7.18
      0.95      2.87     -7.18
      0.48      2.40     -7.18
      0.00      0.48     -5.26
     -2.40     -4.30     -4.30
     -3.83     -8.13     -4.79
     -4.30     -9.09     -4.79
     -5.26     -6.70     -5.74
     -5.26     -2.87     -6.70
     -3.83      2.87     -3.83
     -2.40      7.18     -0.48
     -0.95     10.53      3.35
      0.95     11.48      6.22
      3.83     11.01      7.66
      4.79      8.62      8.13
      4.79      6.22      7.18
      4.30      6.22      7.18
      4.79      8.13      7.66
      4.79     10.05      9.09
      4.30     10.05     10.05
      3.83     10.53     10.53
      1.92     10.53     10.05
     -0.48      9.09      7.18
     -2.40      5.26      3.35
     -4.30      0.48     -0.48
     -4.79     -4.30     -4.30
     -3.35     -8.13     -6.70
     -2.40    -10.05     -8.62
     -1.44    -10.53    -10.05
     -0.48    -10.05    -10.53
      0.48     -8.62     -9.57
      0.48     -8.13     -7.66
      0.48     -7.66     -4.30
     -0.48     -6.70     -0.95
     -0.95     -6.22      1.92
     -0.95     -5.26      5.26
     -2.87     -4.79      7.66
     -4.30     -2.87      9.09
     -4.30      1.44      8.62
     -3.35      4.79      7.66
     -1.92      8.13      5.74
     -1.44     10.53      3.35
     -1.44     12.92      1.44
     -0.48     13.40      0.48
      0.00     11.48     -1.92
      0.48      9.09     -2.87
      0.95      7.18     -2.40
      1.92      4.79     -1.44
      2.87      2.87     -1.92
      2.87      1.92     -3.35
      1.92      0.00     -5.74
      1.44     -1.44     -8.13
      0.95     -1.92     -8.62
     -0.48     -2.87     -8.13
     -0.95     -2.87     -6.22
     -1.44     -3.83     -4.79
     -2.40     -5.26     -2.40
     -1.44     -5.74      0.00
     -1.44     -6.22      2.40
      0.00     -6.22      5.26
      1.44     -6.70      8.62
      2.40     -6.70     10.53
      1.92     -6.70     11.96
      0.48     -6.22     11.96
     -0.48     -4.79     11.01
      0.00     -3.35      8.62
      0.95     -2.40      5.74
      1.92     -1.44      3.35
      2.87     -0.48      1.44
      3.35     -0.48     -0.95
      2.87     -0.95     -3.83
      0.95     -1.44     -7.66
     -0.95     -1.92    -11.48
     -3.35     -2.87    -14.84
     -4.79     -2.40    -16.27
     -4.79     -1.92    -16.75
     -2.87     -1.44    -15.79
      0.00     -0.48    -12.44
      2.40      0.95     -9.09
      3.83      2.40     -6.22
      4.30      4.30     -4.30
      3.83      5.74     -1.92
      2.87      5.74      0.00
      2.87      5.26      2.87
      2.40      4.30      7.66
      2.40      4.30     12.44
      3.35      5.74     15.79
      3.35      7.66     18.18
      3.83      9.57     18.66
      3.35     11.01     17.23
      3.35     11.96     13.88
      2.87     12.92      8.62
      2.40     13.40      3.83
      3.35     12.44      0.00
      3.35     11.01     -2.87
      2.87      8.62     -6.70
      2.87      5.26    -11.48
      1.92      0.48    -16.75
      0.95     -4.79    -19.62
     -0.95    -11.01    -19.14
     -1.92    -16.27    -17.23
     -2.40    -20.57    -15.31
     -2.40    -24.41    -13.88
     -2.87    -26.32    -11.96
     -3.35    -27.27     -8.62
     -3.35    -26.80     -4.30
     -3.35    -23.93      0.48
     -3.35    -17.70      9.09
     -3.83    -11.48     17.70
     -3.83     -6.22     19.62
     -3.35      0.48     18.18
     -2.87      7.66     14.36
     -1.92     13.88     10.05
     -0.95     18.66      5.74
     -0.48     22.97      0.95
     -0.48     25.84     -2.87
     -0.48     26.80     -6.22
     -0.48     25.36     -9.57
     -0.48     23.45    -12.92
     -1.44     19.62    -15.79
     -2.87     16.75    -17.70
     -2.87     12.44    -18.18
     -2.40      7.66    -18.18
     -0.48      2.87    -16.75
      0.48     -0.95    -13.40
      1.44     -3.35     -8.13
      2.40     -5.74     -1.92
      2.40     -7.66      4.30
      1.92     -7.66      9.09
      0.95     -6.22     11.96
      1.44     -3.83     13.40
      1.92     -1.92     15.31
      2.87     -0.48     16.75
      3.83      0.00     18.18
      4.30      0.00     18.66
      4.30      0.00     16.75
      3.83     -1.44     13.40
      2.87     -4.30      9.09
      0.48     -7.18      4.79
     -1.44     -9.57      0.48
     -2.40    -11.48     -1.92
     -3.35    -13.88     -3.35
     -4.30    -16.27     -4.30
     -4.79    -18.18     -4.30
     -5.74    -19.62     -5.26
     -6.22    -21.05     -7.66
     -6.70    -21.05    -10.05
     -6.22    -19.14    -11.01
     -4.79    -14.84     -9.57
     -3.35    -10.05     -6.70
     -1.44     -4.79     -3.83
     -0.95      0.95     -1.92
      0.00      6.70      0.00
      0.00     11.48      2.40
      0.00     13.88      3.83
      1.44     15.79      4.30
      2.87     15.79      4.30
      3.83     14.84      2.40
      4.79     13.88      0.48
      5.26     13.40      0.00
      5.26     14.84      0.00
      5.26     16.75      0.48
      3.83     18.18      0.48
      1.92     18.18     -0.48
      0.48     16.75     -1.92
     -0.95     14.84     -2.87
     -0.95     11.96     -2.87
      0.00      8.13     -2.40
      1.44      4.79     -2.40
      2.87      1.92     -1.92
      3.35     -1.44     -0.48
      4.30     -4.79      1.44
      4.30     -8.62      3.35
      4.79    -11.48      4.30
      4.79    -14.36      4.79
      5.26    -15.79      5.74
      5.26    -16.27      7.18
      3.35    -15.31      7.66
      2.40    -12.92      8.62
      0.95    -10.05      8.62
     -0.48     -6.70      7.66
     -2.87     -3.83      4.79
     -5.26      0.00      1.92
     -6.22      2.40     -1.92
     -6.22      4.30     -6.22
     -5.74      6.22    -10.53
     -4.30      7.66    -13.88
     -2.87      8.62    -15.31
     -1.92      9.57    -16.27
     -0.48     10.05    -16.75
     -0.48     11.48    -15.31
     -0.95     12.92    -12.44
     -2.40     13.40     -8.62
     -3.83     12.92     -3.83
     -3.83     10.53      0.95
     -3.83      6.22      5.26
     -2.87      1.44      9.09
     -1.92     -3.35     11.96
     -1.44     -8.13     13.40
     -1.44    -11.01     14.36
     -0.48    -12.92     15.31
     -0.48    -14.36     15.31
      0.00    -15.79     14.36
      0.48    -14.84     12.92
      0.00    -13.88      9.57
     -0.48    -13.40      4.79
     -0.95    -11.96     -0.48
     -1.44     -9.57     -5.74
     -1.44     -6.22     -9.57
     -1.44     -2.40    -13.40
     -0.48      2.87    -15.79
     -0.48      6.70    -17.70
     -0.95      9.09    -18.66
     -0.48     11.01    -17.23
      0.48     11.01    -15.79
      0.95     10.05    -13.40
      1.92      7.66    -10.05
      2.40      4.79     -6.70
      2.87      1.44     -3.35
      3.35     -1.44      0.00
      3.83     -4.79      5.26
      3.35     -7.66      9.57
      3.35    -10.53     12.92
      3.35    -12.92     15.79
      2.87    -13.88     17.70
      2.40    -11.96     16.75
      2.40     -8.62     15.31
      2.87     -5.74     11.01
      2.87     -1.92      6.70
      2.87      2.40      4.30
      2.87      6.70      2.87
      2.87     11.48      1.44
      2.87     15.79     -0.48
      1.92     18.18     -3.35
      1.44     19.14     -6.22
      0.95     19.14     -8.13
      0.48     19.14     -9.09
      0.00     17.70     -9.57
     -0.48     15.31     -8.62
      0.00     10.53     -7.66
     -0.48      4.30     -6.70
      0.00     -2.40     -5.74
     -0.48     -8.62     -3.83
     -0.95    -13.40      0.00
     -0.95    -15.79      5.74
     -0.95    -17.70     11.96
     -1.92    -19.62     16.27
     -2.87    -19.62     17.70
     -2.87    -18.18     17.23
     -2.40    -14.84     15.79
     -1.44    -11.01     12.92
     -1.44     -7.18      8.62
     -0.95     -3.35      4.30
     -0.48      1.44      0.00
      0.48      6.70     -3.35
      0.95     11.48     -7.18
      0.00     15.31    -11.48
     -0.95     18.18    -15.31
     -1.92     18.66    -16.75
     -1.92     17.23    -16.27
     -2.87     13.88    -16.27
     -2.40     10.05    -15.31
     -2.40      6.22    -13.40
     -1.44      3.35    -10.05
     -1.44      0.48     -7.66
     -0.95     -1.44     -5.74
     -0.95     -1.92     -3.83
     -0.95     -2.40     -1.92
      0.48     -3.83      0.95
      0.95     -6.70      5.26
      0.95     -9.57      9.09
      1.44     -9.57     11.48
      2.40     -8.13     12.44
      2.87     -7.18     12.92
      2.40     -6.22     12.92
      1.92     -4.79     13.40
      0.95     -3.35     13.40
      0.00     -1.44     11.01
      0.00      0.00      7.66
      0.48      0.00      3.83
      0.48      0.00     -1.44
      0.95      2.40     -6.70
      0.95      4.30    -11.48
      0.48      5.74    -13.88
      0.48      8.62    -14.36
      1.44      9.57    -13.88
      0.95      8.13    -13.40
      0.48      5.74    -11.96
     -0.48      2.40     -9.57
     -0.48     -0.95     -7.18
      0.48     -3.35     -4.79
      0.95     -4.30     -2.87
      1.44     -5.26      0.48
      1.44     -7.18      3.83
      0.00     -8.13      5.74
     -0.95     -8.13      4.79
     -1.44     -6.70      3.35
     -2.40     -5.26      2.87
     -1.92     -3.83      3.35
     -1.92     -2.87      3.35
     -1.44     -1.92      2.87
     -0.95     -0.95      1.92
     -1.44      0.00      1.44
     -1.92      1.92      1.44
     -2.40      4.30      0.00
     -1.44      6.70     -1.44
     -0.48      8.62     -1.92
     -0.48      9.09     -3.35
      0.00      8.13     -4.30
     -0.48      7.18     -4.79
     -0.48      5.26     -5.74
     -0.95      3.35     -6.70
     -1.44      0.95     -7.18
     -1.44     -0.95     -7.18
     -1.92     -2.40     -6.70
     -1.44     -3.35     -5.26
     -0.95     -3.83     -1.92
     -0.48     -4.79     -0.48
      0.00     -5.26      1.92
      0.48     -6.70      3.83
      0.95     -6.70      4.79
      1.44     -6.22      6.22
      1.92     -5.74      7.66
      1.44     -4.30      7.66
      1.92     -3.35      7.18
      1.92     -1.92      5.74
      1.92      0.00      3.83
      2.87      2.87      1.44
      2.87      5.26     -0.48
      3.35      6.70     -0.48
      3.35      7.18     -0.95
      2.40      6.70     -0.48
      0.95      5.74     -1.44
     -0.48      3.83     -1.92
     -1.92      0.00     -1.92
     -2.87     -4.30     -2.40
     -2.87     -7.18     -3.35
     -2.40     -9.09     -4.79
     -0.95     -9.09     -5.26
      0.48     -7.66     -3.83
      1.44     -5.74     -2.40
      1.92     -3.83     -1.44
      1.44     -2.87     -1.44
      0.48     -0.95     -0.95
     -0.48      0.48      0.48
     -0.48      1.92      2.40
      0.00      3.83      3.83
      0.95      5.74      5.26
      0.95      7.66      7.66
      1.44      8.62      8.62
      1.44      8.62      7.66
      0.95      8.13      6.70
      0.48      7.18      5.74
     -0.48      4.79      2.87
     -0.48      1.44     -0.95
     -1.44     -1.92     -4.30
     -1.44     -3.35     -7.18
     -0.48     -3.35     -8.13
     -0.48     -2.87     -8.62
      0.00     -1.92     -7.18
      0.00     -0.48     -5.74
     -0.48     -0.95     -2.87
     -0.48     -0.95      0.00
     -0.95     -0.95      2.40
     -0.48      0.95      4.79
      0.48      1.44      5.74
      0.95      1.44      5.74
      0.95      2.87      5.26
      0.95      3.83      4.79
      0.00      4.79      4.30
     -0.95      5.74      3.35
     -0.95      6.22      1.92
     -0.48      6.22      0.95
     -0.48      5.74      0.00
      0.00      4.30     -1.92
      0.95      2.40     -3.83
      0.95      0.95     -4.30
      1.44      0.00     -4.79
      0.95     -0.48     -3.83
      0.48     -0.95     -3.35
      0.00     -0.48     -3.35
     -0.95     -1.44     -2.40
     -0.95     -2.40     -1.44
     -0.48     -3.83      0.48
      0.48     -4.79      1.92
      0.48     -5.74      2.40
      0.48     -6.70      2.40
      0.95     -7.18      1.92
      0.95     -5.74      1.92
      0.00     -4.30      1.92
      0.00     -2.87      1.44
      0.00     -1.92      0.95
     -0.95     -2.40      0.48
     -1.44     -2.87     -0.48
     -1.92     -3.35     -0.95
     -1.44     -3.83     -1.92
     -0.95     -3.83     -4.30
     -0.48     -2.87     -4.79
     -0.48     -0.95     -4.30
     -0.48      0.48     -3.83
     -0.48      1.44     -2.87
     -0.95      2.40     -1.92
     -1.44      1.92     -1.92
     -1.92      1.44     -1.92
     -0.48      1.44     -1.92
      0.00      0.48     -1.92
      0.48      0.48     -1.92
      0.95     -0.95     -1.92
      1.92     -0.95     -0.95
      2.40     -0.95      0.48
      1.44      0.00      0.95
      0.95      0.95      1.44
      0.48      1.44      1.44
      0.00      1.44      0.95
      0.48      0.95      0.95
      0.48      0.48      1.44
      0.95      0.95      1.44
      1.44      0.48      0.48
      1.44      0.95      0.00
      0.48      1.92     -0.48
      0.48      1.92      0.00
      0.00      2.40      0.48
     -0.48      1.92      1.44
     -0.48      1.92      2.40
     -0.48      0.95      3.35
      0.00      0.95      3.83
      0.48      1.92      3.35
      0.48      3.35      2.40
      0.00      4.79      1.44
      0.00      5.26      0.95
      0.00      4.79     -0.48
      0.00      3.35     -1.44
     -0.48      1.92     -2.40
     -0.48      0.95     -2.87
      0.00      0.48     -2.87
      0.48     -0.95     -3.35
      0.48     -2.40     -3.83
      0.48     -3.35     -4.79
      0.00     -4.30     -4.79
     -0.95     -4.30     -4.79
     -1.92     -3.83     -3.83
     -1.92     -2.87     -2.40
     -1.44     -1.44     -1.44
     -0.48      0.95     -0.48
      0.48      2.87      0.00
      0.48      4.30      1.44
      0.48      5.26      2.87
      0.00      4.79      5.26
     -0.48      4.30      7.18
     -0.95      2.87      7.66
     -0.95      0.00      8.62
     -0.48     -3.35      8.62
      0.00     -6.22      8.62
      0.95     -8.13      7.18
      0.95     -8.62      5.26
      0.95     -9.09      2.40
      0.95     -9.09     -1.44
      0.48     -8.62     -3.83
      0.00     -7.18     -5.74
     -0.48     -5.26     -6.22
     -0.48     -2.40     -6.22
     -0.95      0.95     -6.70
      0.00      3.83     -6.70
      0.48      6.22     -6.70
      0.95      8.13     -5.74
      0.95      9.57     -3.83
      0.95     10.05     -2.87
      0.95      9.57     -0.95
      1.44      8.62      0.95
      1.92      7.18      1.92
      1.92      5.26      2.40
      1.92      2.40      2.40
      1.92      0.00      2.40
      1.92     -2.40      2.87
      1.92     -4.79      2.87
      0.95     -6.70      2.87
      0.00     -8.62      2.40
     -1.44    -10.05      1.92
     -2.87    -10.05      1.92
     -3.35     -8.62      1.92
     -2.87     -7.18      1.44
     -2.40     -5.74      1.44
     -1.92     -4.79      0.48
     -0.48     -2.87     -0.95
      0.00     -0.95     -3.35
      0.48      1.92     -5.74
      0.48      5.26     -7.18
      0.48      7.66     -7.18
      0.95      8.62     -6.22
      0.48      9.09     -4.30
     -0.48      9.09     -2.40
     -1.44      8.13     -0.95
     -1.44      6.22      0.00
     -0.95      3.83      0.95
     -0.48      1.92      0.95
      0.00      1.44      0.95
      0.48      0.00      0.95
      0.48     -0.95      1.44
      0.00     -2.87      0.95
     -0.48     -4.79      0.00
     -1.44     -5.74     -1.92
     -1.92     -6.70     -3.35
     -1.92     -7.18     -4.30
     -1.44     -7.18     -4.30
     -1.44     -6.22     -4.30
     -0.48     -5.74     -3.83
     -0.48     -4.79     -2.87
     -0.95     -2.40     -1.44
     -0.95      0.48      0.48
     -1.92      2.87      2.40
     -0.48      4.79      2.87
      0.00      6.22      3.35
      0.95      7.66      2.87
      1.44      8.62      2.40
      1.92      8.62      1.92
      2.40      7.66      1.44
      1.92      5.26      2.87
      2.40      3.83      3.83
      1.92      2.40      3.83
      1.44      0.95      3.83
      0.48      0.00      4.30
      0.48     -0.95      4.30
      0.48     -2.40      3.35
      0.95     -3.83      1.92
      1.44     -4.79     -0.48
      1.92     -4.79     -1.44
      1.92     -4.79     -3.35
      1.92     -3.83     -4.79
      0.95     -2.40     -5.74
      0.00     -0.95     -6.22
     -1.44      1.44     -5.74
     -1.44      2.87     -4.79
     -1.44      4.79     -2.87
     -1.44      6.22     -1.44
     -1.44      6.70      0.48
     -0.48      6.70      1.44
      0.48      5.26      1.44
      1.44      3.35      1.92
      1.92      1.92      2.87
      1.92     -0.95      4.30
      1.44     -3.83      5.74
      0.95     -6.22      6.22
      0.48     -8.62      6.22
      0.00     -9.57      6.22
      0.48     -9.57      4.79
      0.48     -9.09      3.83
      0.95     -8.62      1.92
      0.95     -6.22      0.48
      0.48     -3.83     -0.48
     -0.48     -1.44     -1.44
     -0.48      0.95     -1.92
     -0.95      3.35     -2.87
     -1.44      5.74     -3.35
     -1.44      7.66     -4.30
     -1.44      9.57     -4.30
     -0.95     10.53     -3.83
     -0.48      9.57     -3.35
     -0.48      8.62     -2.87
     -0.48      5.74     -2.40
      0.00      2.87     -2.87
     -0.48      1.44     -2.40
     -0.48     -0.48     -1.92
     -0.48     -2.40     -1.44
      0.00     -4.30     -0.48
      0.48     -4.79      0.00
      0.00     -5.74      0.00
     -0.48     -6.70      0.00
     -0.95     -7.18      0.48
     -0.48     -6.70      0.48
      0.48     -5.26      0.48
      0.48     -3.35      0.48
      0.95     -1.44      0.48
      0.95      0.48      0.00
      0.48      1.44     -0.48
      0.48      1.92     -1.44
      0.00      1.92     -1.92
      0.00      0.95     -2.87
     -0.48      0.48     -3.35
     -0.48     -0.48     -3.35
     -0.48     -0.95     -3.83
      0.48     -0.95     -3.83
      0.00      0.00     -3.35
      0.00      0.48     -2.87
     -0.48      0.95     -1.92
      0.00      1.92     -0.95
     -0.48      2.87      0.48
     -0.48      3.83      1.44
      0.00      2.87      1.92
      0.00      2.40      2.87
      0.48      0.95      3.35
      0.48     -0.48      4.30
      0.95     -1.44      4.30
      0.95     -2.87      4.79
      1.44     -2.87      4.79
      1.92     -2.40      4.30
      2.40     -1.44      3.35
      1.44     -0.95      1.92
      0.48     -0.95      0.48
      0.48     -1.44     -0.95
     -0.48     -0.95     -2.40
     -1.44      0.00     -3.83
     -1.92      0.00     -5.26
     -2.40      0.00     -6.22
     -2.40      0.48     -7.18
     -1.92      1.44     -7.18
     -1.44      2.40     -6.70
     -1.44      2.87     -5.74
     -0.48      2.87     -4.30
     -0.48      1.92     -2.87
      0.00      0.95     -1.44
      0.95     -0.48      0.48
      1.44     -0.95      1.92
      1.44     -1.44      3.83
      1.44     -0.48      5.74
      1.92      0.48      8.13
      1.44      0.95      9.09
      0.95      1.44      9.57
      0.48      0.95      9.09
      0.00      0.48      7.66
      0.00     -0.48      6.22
      0.00     -0.95      4.30
      0.00     -1.44      2.40
     -0.48     -0.95      0.95
     -0.48     -0.95     -1.44
      0.00     -0.48     -4.30
      0.00      0.48     -7.18
     -0.48      0.95     -8.62
     -0.48      1.92     -9.09
     -0.48      2.40     -8.62
      0.00      2.40     -8.13
     -0.48      2.87     -7.18
      0.00      3.35     -5.26
      0.48      3.83     -2.40
      0.48      4.30      0.00
      0.48      4.79      1.44
      0.48      4.30      3.35
      0.48      3.35      3.35
      0.00      1.92      3.83
     -0.48      0.00      3.83
     -0.48     -1.92      3.35
     -0.48     -4.30      2.40
      0.00     -6.22      1.92
      0.95     -7.18      1.44
      0.95     -7.66      0.95
      0.95     -7.18      0.00
      0.95     -6.22      0.00
      0.95     -4.79      0.00
      0.48     -3.35      0.00
      0.00     -1.92     -0.48
      0.00      0.48     -0.95
      0.48      2.87     -1.92
      0.48      4.79     -2.40
      0.95      6.70     -2.40
      0.48      7.66     -1.92
      0.48      8.13     -1.92
      0.00      7.18     -0.95
     -0.48      5.26     -0.48
     -0.95      2.87      0.00
     -1.44      0.48      0.00
     -1.44     -1.92     -0.48
     -0.48     -3.83      0.00
      0.00     -5.26      0.48
      0.95     -5.74      1.44
      0.95     -5.74      2.40
      0.95     -5.74      2.87
      0.95     -4.79      2.40
      0.48     -3.83      1.92
     -0.48     -2.40      1.44
     -0.48     -0.48      0.48
     -0.48      1.44      0.00
      0.00      2.87     -0.95
     -0.48      3.35     -1.44
      0.48      4.30     -1.92
      0.48      4.30     -1.92
      0.95      3.83     -1.92
      0.95      1.92     -1.92
      0.95      0.48     -2.87
      1.44     -0.95     -2.40
      1.44     -0.95     -1.92
      1.44      0.00     -0.95
      0.95      0.95     -0.95
      0.95      1.44     -0.95
      0.48      0.95     -0.95
      0.00      0.00     -0.95
     -0.48     -0.48     -0.48
      0.00     -0.95      0.48
      0.48     -1.44      1.44
      0.00     -1.92      2.40
     -0.48     -1.92      2.87
      0.00     -2.87      3.35
      0.00     -2.87      3.35
      0.00     -2.40      3.35
     -0.48     -1.92      2.40
     -0.48     -0.95      1.44
     -0.48      0.00      0.00
     -0.48      0.95     -1.44
      0.00      1.92     -3.35
      0.48      2.40     -4.30
      0.48      3.83     -4.30
      0.00      5.26     -3.83
     -0.48      6.70     -1.92
     -0.95      6.70     -0.48
     -1.44      6.70      0.48
     -1.92      5.26      1.44
     -1.44      3.35      1.44
     -0.95      1.92      1.44
      0.00      0.95      2.40
      0.00      0.00      2.40
      0.95     -0.95      1.92
      0.95     -2.40      1.44
      0.48     -4.30      0.48
     -0.48     -5.26      0.00
     -1.44     -5.74     -0.48
     -0.95     -6.22     -0.95
     -0.95     -6.22     -0.95
     -0.48     -6.22     -1.44
     -0.48     -5.26     -1.44
      0.00     -3.35     -1.44
      0.48     -1.92     -0.95
      0.48      0.00     -1.44
      0.00      1.44     -0.95
     -0.48      2.87     -0.95
     -0.48      4.30     -0.95
     -0.95      4.79     -0.95
     -0.95      4.79     -1.44
     -0.48      4.79     -1.44
      0.48      3.83     -1.44
      0.95      2.40     -1.92
      0.95      0.95     -2.87
      0.95     -0.95     -2.40
      0.95     -1.44     -1.92
      0.95     -1.44     -0.95
      0.95     -0.95     -0.48
      0.95     -0.95      0.48
      0.95     -0.48      0.95
      0.95      0.00      1.44
      0.95     -0.48      1.92
      0.48     -0.48      2.87
      0.48     -0.95      2.40
      0.00     -0.48      1.92
      0.00      0.48      1.92
      0.00      1.44      1.92
      0.00      1.92      1.44
     -0.48      1.44      0.48
     -0.48      0.48     -1.44
     -0.48     -0.48     -1.92
     -0.48     -0.95     -2.87
      0.00     -0.95     -3.83
      0.48     -0.48     -4.30
      0.48     -0.95     -4.79
      0.95      0.00     -4.79
      0.48      0.48     -3.83
      0.00      0.48     -1.92
     -0.48      0.48     -0.95
     -0.48      0.95      0.48
     -0.48      0.95      1.44
     -0.48      1.44      2.40
     -0.48      1.92      2.87
      0.00      0.95      3.35
      0.48      0.00      3.83
      0.95     -0.95      4.30
      0.95     -1.92      4.79
      0.95     -2.87      4.30
      0.48     -3.35      2.87
      0.48     -2.87      0.95
      0.00     -2.87     -0.48
      0.00     -2.87     -1.44
      0.00     -3.35     -2.40
     -0.48     -3.35     -3.35
     -0.95     -2.40     -3.35
     -1.44     -1.44     -3.35
     -1.44     -0.95     -3.35
     -1.92      0.48     -3.83
     -1.92      1.92     -2.87
     -1.92      2.87     -1.44
     -0.48      2.87     -0.48
      0.48      2.40      1.92
      0.95      1.44      3.35
      0.95      0.95      4.30
      0.95      0.95      4.30
      0.95      1.44      3.83
      1.44      1.92      4.30
      1.44      1.92      4.30
      1.44      1.92      3.83
      1.44      1.92      2.40
      0.95      1.92      0.95
      0.48      2.40     -0.95
      0.00      2.40     -2.40
      0.00      2.40     -3.35
      0.00      2.87     -4.30
     -0.48      2.87     -4.79
      0.00      2.87     -5.74
      0.48      2.87     -5.74
      0.00      2.40     -5.74
      0.00      1.92     -5.74
      0.00      0.95     -5.26
      0.48     -0.48     -4.30
      0.48     -1.44     -3.83
      0.48     -2.87     -3.35
      0.48     -3.35     -1.92
      0.48     -3.35     -0.95
      0.00     -2.87      0.48
     -0.48     -1.92      1.92
     -0.48     -1.92      2.40
      0.00     -0.48      3.35
      0.48      0.48      2.87
      0.48      0.48      3.35
      0.48      0.48      3.35
      0.48      0.48      3.83
      0.48      0.95      4.30
      0.48      1.44      4.30
      0.48      1.44      4.30
      0.00      0.95      3.83
     -0.48      0.95      2.87
     -0.48      0.00      2.40
      0.48     -0.48      0.95
      0.48     -1.44     -0.48
      0.00     -2.40     -1.92
      0.00     -2.87     -2.87
      0.00     -3.35     -3.35
     -0.48     -2.87     -3.83
     -0.48     -2.40     -3.83
     -0.48     -1.92     -3.35
     -0.95     -0.95     -1.92
     -0.95      0.00     -0.95
     -0.95      0.48      0.48
     -0.48      1.44      1.44
     -0.48      2.40      1.92
     -0.48      3.35      2.40
      0.00      3.83      2.40
      0.48      4.30      1.92
      0.95      3.83      1.44
      0.95      2.87      0.48
      0.95      1.92      0.00
      0.48      0.48     -0.48
      0.00     -0.95     -0.48
      0.00     -2.40     -0.48
     -0.48     -3.83     -0.48
      0.00     -3.83     -0.95
      0.00     -4.30     -1.92
     -0.48     -4.79     -1.92
      0.00     -4.79     -1.92
      0.00     -5.26     -1.92
      0.00     -4.79     -1.92
      0.00     -4.30     -1.92
      0.00     -3.35     -1.92
     -0.48     -2.40     -1.92
      0.00     -1.44     -1.44
      0.00      0.48     -0.48
      0.48      1.92      0.48
      0.48      3.35      0.48
      0.48      4.79      1.44
      0.00      4.79      1.44
     -0.48      5.74      1.92
      0.00      6.22      1.44
      0.48      5.74      1.44
      0.48      5.74      0.95
      0.95      4.79      0.95
      0.95      3.83     -0.48
      0.95      2.87     -0.48
      0.48      1.92     -0.48
      0.95      0.95     -0.48
      0.48      0.48     -0.48
      0.48      0.48     -0.95
      0.00      0.00     -1.44
     -0.48     -0.48     -2.40
     -0.48     -0.95     -2.87
     -0.48     -0.95     -2.40
      0.00     -0.95     -1.92
      0.00     -0.95      0.00
      0.00     -0.48      0.95
     -0.48     -0.48      1.92
     -0.95     -0.48      1.92
     -0.95     -1.44      2.40
     -0.95     -1.92      1.92
     -0.48     -2.40      1.92
     -0.48     -2.87      1.92
      0.00     -3.35      1.92
      0.00     -3.83      1.44
      0.00     -3.35      0.00
      0.00     -2.40     -0.48
      0.00     -1.92     -1.44
      0.00     -0.48     -1.92
      0.00      0.00     -1.92
      0.00      0.95     -1.92
      0.48      1.44     -1.92
      0.48      2.40     -1.92
      0.95      2.87     -1.92
      0.95      3.83     -1.92
      0.95      4.79     -1.92
      1.44      4.79     -2.40
      1.44      4.30     -2.40
      0.95      3.35     -1.92
      0.48      2.40     -0.48
     -0.48      1.92      0.95
     -0.48      1.44      1.44
      0.00      0.48      1.92
      0.48     -0.48      2.40
      0.95     -1.44      2.40
      0.95     -2.87      3.35
      1.44     -3.83      4.79
      1.44     -4.79      5.26
      0.95     -4.30      4.79
      0.00     -4.30      3.35
     -0.48     -3.83      1.44
     -0.48     -3.35     -0.48
     -0.48     -2.87     -1.92
      0.00     -2.40     -2.87
      0.00     -1.44     -4.30
      0.00      0.00     -5.74
      0.00      1.44     -6.70
     -0.48      1.44     -7.18
     -0.95      1.92     -6.70
     -1.44      1.44     -5.74
     -1.44      0.48     -4.30
     -1.44      0.00     -2.87
     -1.92      0.00     -1.92
     -0.95      0.00     -0.95
     -0.48      0.48     -0.48
      0.00      0.48      0.00
      0.48      0.95      0.48
      0.48      0.95      0.95
      0.48      0.95      1.44
      0.48      0.95      1.44
      0.48      0.95      1.44
      0.00      1.44      1.92
      0.00      1.44      2.40
      0.00      1.44      2.40
     -0.48      0.48      1.92
     -0.48      0.00      2.40
     -0.48     -0.48      2.87
     -0.48     -0.95      2.87
     -0.95     -0.95      2.40
     -0.95     -0.95      1.92
     -0.95     -0.95      0.95
     -1.44     -0.95     -0.95
     -1.44     -0.95     -2.40
     -0.95     -0.95     -3.35
     -0.48     -0.48     -3.35
     -0.48     -0.48     -3.35
     -0.95     -0.48     -3.35
     -0.48     -0.48     -2.87
      0.00     -0.48     -1.92
      0.00      0.00     -0.95
      0.48      0.48      0.00
      0.48      0.00      0.00
      0.00      0.00     -0.95
     -0.48      0.00     -1.44
     -0.48      0.00     -2.40
     -0.48      0.48     -2.40
      0.48      1.44     -2.40
      0.48      1.92     -1.92
      0.48      1.92     -0.95
      0.48      1.44      0.00
      0.48      0.95      0.95
      0.48      0.48      0.95
      0.00      0.00      1.44
      0.00     -0.48      1.44
      0.48     -0.95      0.48
      0.95     -0.48     -0.48
      1.44      0.00     -1.44
      1.92      1.44     -1.92
      1.44      1.92     -1.92
      1.44      2.40     -1.44
      1.44      2.40     -0.48
      0.95      2.87      0.48
      0.48      2.87      1.44
      0.00      2.87      1.92
      0.00      2.40      2.40
      0.00      1.92      2.87
      0.00      0.95      2.40
      0.00      0.00      1.92
      0.00      0.00      1.44
      0.48     -0.48      0.95
      0.48     -0.48      1.44
      0.48     -0.48      0.95
      0.00     -0.95      0.00
     -0.48     -1.44     -0.95
     -0.48     -1.92     -1.44
     -0.48     -1.92     -2.40
     -0.48     -2.40     -2.87
     -0.48     -1.92     -2.40
     -0.48     -0.95     -1.44
     -0.48     -0.48     -0.48
     -0.48      0.00      0.48
     -0.48      0.48      1.44
     -0.48      0.95      2.40
     -0.48      1.44      2.40
      0.00      1.92      1.92
      0.48      1.44      0.95
      0.48      0.48      1.44
      0.48     -0.48      1.44
      0.48     -1.44      1.44
      0.00     -1.92      0.95
     -0.48     -2.40      0.48
     -0.48     -2.40      0.00
      0.00     -1.92     -0.48
      0.48     -1.44     -1.44
      0.48     -0.95     -1.44
      0.95     -0.48     -0.95
      0.95      0.48     -0.95
      0.48      0.95      0.00
      0.48      1.44      0.00
      0.48      2.40      0.00
      0.00      1.92     -0.48
      0.00      1.44     -0.48
      0.00      0.95     -0.95
      0.48      0.00     -1.44
      0.48     -1.44     -0.95
      0.95     -2.40      0.00
      0.48     -3.35      0.95
      0.48     -3.83      1.44
      0.48     -4.30      1.92
      0.00     -4.30      1.44
     -0.48     -4.30      0.48
     -0.95     -3.83     -0.95
     -0.95     -3.35     -1.44
     -1.44     -2.40     -1.92
     -1.44     -1.44     -1.92
     -1.92      0.00     -1.92
     -1.44      0.95     -1.92
     -1.44      0.95     -1.44
     -1.92      0.48     -0.95
     -1.92     -0.48     -0.48
     -1.92     -0.48     -0.48
     -0.95     -0.48      0.00
     -0.48      0.48      0.00
      0.00      1.44      0.48
      0.48      1.92      0.95
      1.44      3.35      0.48
      1.44      4.30      0.48
      1.44      4.79      0.00
      0.95      4.79     -0.48
      0.48      4.30     -0.48
     -0.48      3.35     -0.48
     -0.48      2.40     -0.48
     -0.48      0.95      0.00
     -0.48     -0.48      0.48
      0.00     -1.44      0.95
      0.00     -1.92      0.95
      0.48     -1.92      0.00
      0.48     -1.92     -0.95
      0.95     -1.92     -2.40
      0.95     -0.95     -2.40
      0.95     -0.95     -2.40
      1.44      0.00     -1.92
      1.44      0.95     -1.44
      1.44      1.92     -0.95
      0.95      2.40     -0.48
      0.95      2.40      0.48
      0.48      1.92      0.95
      0.48      1.44      1.92
      0.48      0.00      2.87
      0.48     -0.95      3.35
      0.48     -1.92      3.83
      0.95     -1.92      3.35
      0.95     -1.92      2.87
      0.95     -1.44      1.92
      0.95     -0.48      0.95
      0.95     -0.48      0.00
      0.48      0.00     -0.95
      0.48      0.48     -1.44
      0.48      0.48     -1.44
      0.00      0.00     -1.44
      0.48     -0.48     -1.44
      0.00     -0.48     -0.95
      0.00     -0.48     -0.95
      0.00      0.00     -0.95
      0.48      0.48     -0.95
      0.48      0.95     -1.44
      0.00      1.92     -1.44
      0.00      1.92     -0.95
      0.00      1.92     -1.44
      0.00      2.40     -0.95
     -0.48      2.40     -0.95
     -0.48      1.92      0.00
      0.00      1.44      0.48
     -0.48      0.95      0.95
     -0.48      0.00      0.95
     -0.95      0.00      0.95
     -0.48      0.00      0.48
     -0.48      0.00      0.48
      0.00      0.00      0.48
      0.00      0.00      0.48
      0.48     -0.48      0.00
      0.00     -0.48     -0.95
      0.00     -0.48     -1.92
     -0.48      0.00     -2.40
     -0.48      0.48     -2.87
     -0.95      0.48     -2.87
     -0.95      0.48     -2.40
     -0.48      0.48     -1.92
     -0.48      0.48     -1.92
     -0.48      0.00     -0.95
     -0.48      0.00      0.48
      0.00      0.00      1.92
      0.48     -0.48      2.40
      0.95     -0.48      2.87
      0.48     -0.48      2.87
      0.48     -0.48      2.40
      0.48     -0.48      1.44
      0.48     -0.48      0.95
      0.00      0.00      0.48
      0.00     -0.95      0.00
      0.00     -0.95     -0.48
     -0.48     -0.95     -0.95
     -0.48     -0.95     -1.92
     -0.48     -0.95     -3.35
     -0.48     -1.44     -3.83
     -0.48     -0.95     -4.30
     -0.48     -0.95     -4.30
     -0.48      0.00     -3.83
      0.00      0.48     -3.83
      0.00      0.95     -3.35
     -0.48      0.95     -2.40
     -0.48      0.95     -1.92
     -0.48      0.95     -1.44
      0.00      0.95     -0.95
     -0.48      0.95     -0.48
      0.48      1.44      0.48
      0.48      0.95      1.44
      0.95      1.92      1.44
      0.48      1.44      2.40
      0.48      0.95      2.87
      0.48      0.00      2.40
      0.48     -0.95      1.92
      0.48     -1.44      1.44
      0.95     -1.92      1.44
      0.95     -1.92      0.95
      1.44     -1.92      0.00
      1.44     -1.92     -0.48
      0.95     -1.44     -1.44
      0.95     -1.44     -1.92
      0.48     -1.44     -2.87
      0.48     -0.95     -2.87
      0.48      0.00     -2.40
      0.48      0.95     -1.44
      0.48      1.44     -0.48
      0.48      1.44      0.00
      0.48      1.44      0.48
      0.00      0.48      1.44
      0.00     -0.48      1.44
      0.00     -0.95      1.92
      0.48     -0.95      1.92
      0.95     -0.48      1.92
      0.48     -0.48      1.44
      0.48     -0.48      0.48
      0.00      0.00      0.00
     -0.48     -0.48     -0.48
     -0.95     -0.48     -0.48
     -0.95     -0.48      0.00
     -1.44      0.00     -0.48
     -0.95      0.95     -0.48
     -0.48      1.44     -0.48
      0.00      1.92     -0.95
      0.48      2.40     -1.44
      0.00      2.40     -1.44
      0.00      2.40     -1.44
     -0.48      1.92     -0.95
     -0.48      1.44     -0.48
     -0.48      0.95      0.00
     -0.48      0.00      0.00
     -0.48     -0.48      0.00
     -0.48     -0.48     -0.48
      0.00     -0.95     -0.48
      0.48     -0.95     -0.48
      0.48     -0.48      0.00
      0.48     -0.95      1.44
      0.95     -0.95      1.92
      0.95     -0.95      1.92
      1.44     -0.95      1.92
      0.48     -0.95      1.44
      0.48     -0.48      0.95
      0.48      0.00      0.95
      0.00      0.00      0.95
      0.48      0.48      0.95
      0.00      0.48      0.95
      0.00      0.00      0.48
     -0.48      0.00     -0.48
     -0.48      0.00     -0.95
     -0.48      0.48     -1.44
     -0.48      0.95     -1.92
      0.00      1.92     -2.40
      0.00      1.92     -1.92
     -0.48      1.92     -1.92
     -0.48      1.92     -1.92
     -0.95      1.92     -2.40
     -1.44      1.44     -2.40
     -1.44      0.95     -1.92
     -1.44      0.95     -1.92
     -1.44      0.48     -0.95
     -0.95      0.00      0.00
     -0.48      0.00      0.48
      0.00      0.00      0.48
      0.00      0.00      1.44
      0.00      0.00      1.44
      0.00      0.00      1.92
      0.00      0.48      1.92
      0.00      0.48      1.92
      0.00      0.95      1.44
     -0.48      0.95      1.44
     -0.48      0.48      0.95
     -0.48     -0.48      0.48
      0.00     -1.44      0.00
      0.00     -1.92     -0.48
      0.48     -1.92      0.00
      0.95     -1.92      0.00
      0.95     -1.44     -0.48
      0.48     -1.92     -0.95
      0.00     -1.92     -1.92
      0.00     -2.40     -1.92
      0.00     -1.92     -1.92
      0.00     -1.44     -1.44
      0.48     -0.48     -0.95
      0.00      0.00     -0.48
      0.48      0.48      0.00
      0.48      1.44      0.48
      0.48      1.44      0.95
      0.00      1.44      0.95
      0.48      1.44      0.95
      0.00      0.95      0.95
      0.48      0.48      0.95
      0.48      0.00      0.95
      0.48     -0.48      0.00
      0.48     -0.95     -0.48
      0.48     -0.95     -0.95
      0.48     -1.44     -1.44
      0.00     -1.44     -1.44
     -0.48     -1.44     -1.92
     -0.48     -1.92     -1.92
     -0.48     -1.44     -1.92
      0.00     -0.48     -1.92
      0.00      0.95     -2.40
      0.00      1.44     -1.92
      0.00      1.92     -1.92
      0.48      2.40     -1.92
      0.00      2.87     -1.92
     -0.48      2.40     -1.92
     -0.48      1.92     -1.92
     -0.48      0.95     -1.92
      0.00      0.95     -1.92
     -0.48      1.44     -1.44
      0.00      0.95     -0.48
      0.00      0.48      0.48
      0.00      0.00      0.48
     -0.48     -0.48      0.00
     -0.48     -0.48     -0.48
     -0.48     -0.48      0.00
      0.00     -0.48      0.48
      0.95     -0.48      0.48
      0.95     -0.48      0.95
      0.95     -0.48      0.95
      0.95     -0.95      0.95
      0.48     -0.95      0.95
      0.00     -0.95      0.95
      0.00     -0.95      0.95
      0.00     -0.95      0.48
      0.00     -0.95      0.95
      0.00     -0.95      1.44
      0.48     -0.48      0.95
      0.48      0.00      0.48
      0.48      0.00      0.00
      0.48      0.00     -0.48
      0.48      0.48     -0.48
      0.48      0.48     -0.48
      0.48      0.95      0.00
      0.00      0.95      0.00
      0.00      0.95      0.00
      0.00      0.00      0.00
      0.48      0.48     -0.48
     -0.48      0.48     -0.48
      0.00      0.48      0.00
      0.00      0.00      0.00
     -0.48     -0.48      0.00
     -0.48     -0.48      0.00
     -0.48     -0.95      0.00
      0.00     -0.48      0.00
      0.00     -0.95     -0.48
      0.00      0.00     -0.48
      0.00      0.48     -0.95
      0.00      0.95     -1.44
      0.00      0.95     -1.92
      0.00      1.44     -1.44
      0.00      1.92     -0.95
     -0.48      1.92     -0.48
     -0.48      1.44     -0.48
     -0.48      0.95      0.00
     -0.95      0.48      0.00
     -0.48      0.00      0.00
     -0.48     -0.48     -0.48
     -0.48     -0.95     -0.48
     -0.48     -1.44     -0.48
      0.00     -1.92     -0.48
      0.00     -1.92      0.00
      0.00     -1.44      0.48
      0.48     -0.48      0.48
      0.48      0.00      0.48
      0.48      0.00      0.48
      0.48      0.48      0.00
      0.48      0.48      0.00
      0.00      0.00      0.00
      0.00      0.00     -0.48
      0.00      0.00     -1.44
      0.00      0.00     -1.44
      0.00      0.00     -1.44
      0.48      0.00     -0.95
      0.48      0.00      0.00
      0.48     -0.95      0.00
      0.48     -1.44      0.48
      0.00     -2.40      0.00
      0.00     -2.87     -0.48
      0.00     -2.87     -0.95
      0.00     -2.40     -0.95
      0.48     -1.92     -0.95
      0.95     -0.48     -0.48
      0.95      0.95      0.00
      0.48      2.40      0.48
      0.48      3.35      0.48
      0.95      3.83      0.95
      0.48      3.83      0.95
      0.48      3.35      0.95
      0.95      2.87      0.48
      0.95      1.92      0.00
      0.95      1.44      0.00
      0.48      0.48     -0.48
      0.48     -0.48     -0.48
      0.00     -1.44     -0.95
     -0.48     -1.92     -0.95
     -0.48     -2.40     -0.48
     -0.48     -2.87      0.00
     -0.48     -2.40      0.48
      0.00     -1.92      0.00
      0.00     -0.95      0.48
      0.00      0.00      0.95
      0.48      0.95      0.95
      0.95      1.44      0.95
      0.95      2.40      0.95
      0.95      1.92      1.44
      0.95      1.44      1.44
      0.48      0.95      1.44
      0.48      0.48      0.48
      0.48      0.00      0.00
      0.00     -0.48     -0.95
      0.00     -0.95     -1.92
      0.00     -0.95     -2.40
      0.00      0.00     -2.40
      0.00      0.00     -1.92
      0.48      0.48     -1.92
     -0.48      0.48     -1.92
     -0.48      0.00     -0.95
     -0.48      0.00     -0.48
      0.00     -0.48      0.00
      0.00     -0.48      0.00
      0.48     -0.48      0.48
      0.95      0.00      0.95
      0.95     -0.48      1.44
      0.48     -0.48      1.92
      0.48     -0.48      1.92
      0.00     -0.95      1.44
     -0.48     -1.44      0.95
     -0.48     -1.44      0.48
     -0.48     -0.95      0.48
      0.00     -0.48      0.48
      0.00      0.00      0.48
      0.00      0.48      0.00
     -0.48      0.00      0.00
     -0.48      0.95     -0.48
     -0.95      0.95     -0.95
     -0.95      0.95     -0.95
     -0.48      0.48     -1.44
     -0.48      0.48     -1.92
     -0.48      0.48     -1.44
     -0.48      0.48     -0.95
     -0.48      0.95     -0.95
     -0.48      0.48     -0.95
     -0.95      0.00     -0.95
     -0.95     -0.48     -0.95
     -0.95     -0.48     -1.44
     -0.48      0.00     -1.92
      0.48      0.48     -1.92
      0.48      1.44     -1.44
      0.48      1.44     -1.44
      0.48      1.44     -0.95
     -0.48      1.44     -0.95
     -0.48      0.95     -1.44
     -0.95      0.95     -0.95
     -0.95      0.48     -0.95
     -0.48      0.48      0.00
     -0.48      0.48      0.48
     -0.48      0.48      0.95
     -0.48      0.48      0.48
      0.00      0.48     -0.48
      0.00      0.00     -1.44
      0.00     -0.48     -0.95
     -0.48      0.00     -0.48
      0.00      0.48      0.00
      0.48      0.48      0.00
      0.48      0.00      0.48
      0.48     -0.48      0.48
      0.48     -0.95      0.48
      0.48     -1.44      0.48
      0.00     -1.92      0.48
      0.00     -1.92      0.48
      0.00     -1.44      0.48
      0.48     -0.95      0.48
      0.48     -0.48      0.48
      0.00      0.00      0.00
      0.00      0.00     -0.48
      0.48      0.00     -1.44
      0.48      0.00     -1.92
      0.95      0.48     -1.92
      0.48      0.95     -1.92
      0.95      1.92     -1.92
      0.48      2.87     -1.92
      0.00      3.35     -0.95
     -0.48      3.35      0.00
     -0.48      3.35      0.48
     -0.48      3.35      0.95
     -0.48      2.87      1.44
      0.00      2.40      1.44
      0.00      1.92      1.44
      0.48      0.95      1.44
      0.48     -0.48      1.44
      0.48     -1.92      1.44
      0.00     -2.87      1.44
     -0.48     -3.83      1.44
     -0.48     -3.83      0.48
      0.00     -3.83      0.48
     -0.48     -3.83      0.00
     -0.48     -3.35      0.48
     -0.48     -2.87      0.95
     -0.48     -2.40      0.95
     -0.48     -2.40      0.48
     -0.95     -1.92      0.00
     -0.95     -0.95     -0.48
     -0.95      0.00     -0.48
     -0.48      0.95     -0.95
      0.00      1.92     -1.44
      0.00      2.87     -1.44
      0.48      2.87     -1.44
      0.48      4.30     -1.44
      0.00      4.30     -1.44
      0.48      3.83     -1.92
      0.48      3.35     -1.92
      0.95      2.40     -1.92
      0.95      1.44     -1.44
      0.48      0.48     -1.44
      0.48     -0.95     -0.48
      0.48     -1.92     -0.48
      0.48     -2.87     -0.48
      0.48     -3.35     -0.48
      0.48     -3.35     -0.48
      0.00     -2.87     -0.48
      0.00     -2.87     -0.48
      0.00     -1.92     -0.95
      0.48     -1.44     -1.92
      0.48     -0.95     -1.92
      0.48     -0.95     -0.95
      0.00      0.00     -0.48
      0.00      0.48      0.48
      0.00      0.48      0.95
      0.00      0.48      0.95
      0.48      0.48      0.95
      0.00      0.95      0.95
      0.00      0.95      0.95
      0.00      0.95      0.48
      0.48      0.95      0.00
      0.48      0.95     -0.95
      0.48      0.48     -1.44
      0.00      0.48     -1.44
      0.00      0.48     -1.44
     -0.48      0.00     -1.44
      0.00      0.00     -1.44
      0.00     -0.48     -0.95
      0.00     -0.95     -0.48
      0.00     -0.95      0.00
      0.00     -1.44      0.48
      0.00     -0.95      0.48
      0.00     -0.95      0.95
      0.48     -0.95      0.95
      0.00      0.00      0.95
      0.00      0.48      0.48
      0.00      1.44     -0.48
      0.48      1.92     -0.48
      0.48      2.87     -1.44
      0.48      2.87     -1.44
      0.95      2.87     -1.44
      0.48      2.87     -1.44
      0.48      2.40     -1.92
      0.00      1.92     -1.44
      0.48      1.44     -1.44
      0.48      0.95     -0.95
      0.48      0.95     -0.48
      0.00      0.00      0.00
      0.00     -0.95      0.00
      0.48     -1.44      0.48
      0.48     -1.44      0.48
      0.48     -1.44      0.00
      0.48     -1.44      0.00
      0.48     -1.44     -0.48
      0.48     -0.95     -0.48
      0.48     -0.95     -0.48
      0.48     -0.48     -0.48
      0.00     -0.48      0.48
      0.00     -0.48      0.95
     -0.48     -0.48      1.44
     -0.48     -0.48      1.44
     -0.48     -0.48      1.92
      0.00      0.00      1.92
      0.00      0.48      1.44
      0.48      0.48      0.95
      0.48      0.48      0.00
      0.48      0.48      0.00
      0.00      0.48     -0.48
     -0.48      0.48     -0.95
     -0.48      0.95     -1.44
     -0.48      0.48     -1.92
     -0.95      0.48     -1.92
     -0.48      0.48     -1.92
     -0.48      0.48     -1.92
     -0.48      0.48     -1.44
      0.00      0.48     -0.95
     -0.48      0.48     -0.48
     -0.48      0.48      0.00
     -0.48      0.48      0.48
     -0.48      0.00      0.48
     -0.48      0.00      0.48
      0.00     -0.48      0.48
      0.00     -0.48      0.00
      0.00     -0.48      0.00
      0.48     -0.48      0.00
      0.00     -0.48      0.48
      0.00     -0.48      0.48
     -0.48     -0.48      0.48
     -0.95      0.48      0.48
     -0.95      0.48      0.48
     -0.95      0.48      0.00
     -0.95      0.48     -0.48
     -0.95      0.48     -0.48
     -0.48      0.95     -0.48
     -0.48      0.95     -0.95
     -0.48      0.95     -0.95
      0.00      0.95     -0.95
     -0.48      0.48     -0.48
      0.00      0.48     -0.48
      0.00      0.48      0.00
      0.00     -0.48      0.48
      0.00     -0.95      0.48
      0.00     -0.95      0.95
      0.00     -0.95      0.95
      0.00     -0.95      0.95
      0.00     -0.48      0.48
     -0.48     -0.48      0.48
     -0.48     -0.48      0.00
      0.00     -0.48     -0.48
      0.00     -0.48     -0.48
      0.00     -0.48     -0.48
      0.48     -0.95     -0.48
      0.48     -0.48     -0.48
      0.48      0.00     -0.48
      0.48      0.48     -0.95
      0.48      0.95     -0.48
      0.48      1.44     -0.48
      0.48      1.44     -0.95
      0.48      1.92     -1.44
      0.48      2.40     -1.44
      0.48      2.40     -1.44
      0.48      2.40     -1.92
      0.00      1.92     -1.92
      0.00      0.95     -1.44
     -0.48      0.48     -0.48
      0.00     -0.48      0.00
      0.00     -1.44      0.48
      0.00     -2.40      0.95
      0.00     -2.87      0.95
      0.48     -3.35      0.48
      0.48     -3.35      0.00
      0.48     -3.35     -0.48
      0.48     -2.87      0.48
      0.48     -2.40      0.48
      0.00     -0.95      0.95
      0.00      0.00      0.95
      0.00      1.44      1.44
     -0.48      1.92      1.92
      0.00      2.87      1.92
      0.00      2.40      1.44
      0.48      1.92      0.48
      0.48      0.95      0.00
      0.48      0.48     -0.95
      0.48     -0.48     -1.44
      0.48     -0.95     -1.92
      0.48     -1.44     -2.40
      0.48     -1.44     -2.40
      0.00     -1.44     -1.92
      0.00     -1.92     -1.92
      0.48     -1.44     -1.92
      0.48     -0.95     -0.95
      0.48     -0.48     -0.48
      0.48      0.00      0.00
      0.48      0.48      0.48
      0.48      0.95      0.95
      0.00      1.44      1.44
      0.00      1.44      1.44
      0.00      0.48      0.95
      0.48      0.48      0.95
      0.48      0.00      0.48
      0.95      0.00     -0.95
      0.95      0.48     -1.44
      0.95      0.00     -1.92
      0.95      0.00     -1.44
      0.48      0.00     -0.48
      0.48     -0.48      0.00
      0.00      0.00      0.48
     -0.48     -0.48      0.00
     -0.48     -0.95      0.48
     -0.48      0.00      0.95
     -0.48      0.95      0.95
      0.48      0.95      1.44
      0.48      0.95      0.95
      0.48      0.95      0.95
      0.48      0.95      0.95
      0.00      0.48      0.48
      0.00      0.48      0.00
      0.00      0.48      0.00
      0.00      0.00     -0.48
      0.00      0.00     -0.48
      0.48      0.00     -1.44
      0.48     -0.48     -0.95
      0.95     -0.48     -0.95
      0.48      0.00     -1.44
      0.48      0.48     -0.48
      0.48      0.48     -0.48
      0.00      0.95     -0.48
     -0.48      0.95      0.00
      0.00      0.95      0.00
     -0.48      0.95      0.00
     -1.44      0.48      0.00
     -0.48      0.00      0.48
     -0.48      0.00      0.48
     -0.48      0.00      0.48
     -0.48     -0.48      0.48
     -0.48     -0.48      0.95
      0.00     -0.95      0.95
      0.00     -0.95      0.48
      0.00     -0.95      0.00
     -0.48     -0.95     -0.48
      0.00      0.00     -0.48
      0.00      0.48     -0.48
      0.00      0.95     -0.48
      0.00      0.95     -0.48
      0.00      0.95     -0.95
      0.00      0.95     -1.44
      0.00      0.95     -1.44
      0.00      0.95     -1.44
      0.48      0.95     -0.95
      0.48      0.95     -0.95
      0.48      0.48     -1.44
      0.00      0.48     -1.44
      0.48      0.48     -1.92
      0.48      0.48     -2.40
      0.48      0.00     -1.92
      0.00     -0.48     -1.92
      0.48     -0.48     -0.95
      0.48     -0.95     -0.48
      0.48     -0.48      0.00
      0.48     -0.95      0.48
      0.48     -0.95      1.44
      0.00     -0.95      1.44
     -0.48     -1.44      1.44
     -0.48     -0.95      1.44
     -0.95     -0.95      1.44
     -0.48     -0.48      0.95
      0.00     -0.48      0.48
      0.00      0.00      0.00
      0.00      0.00     -0.48
      0.00      0.00     -0.95
      0.00      0.48     -0.95
      0.00      0.48     -1.44
      0.00      0.95     -0.95
      0.00      0.95     -1.44
      0.00      0.95     -1.44
      0.00      0.95     -0.95
      0.00      0.95     -0.95
      0.00      0.95     -0.95
      0.00      0.48     -0.95
      0.00      0.48     -0.48
     -0.48     -0.48      0.48
     -0.48     -0.48      0.48
     -0.48     -0.48      0.48
      0.00     -0.48      0.48
     -0.48     -0.95      0.48
      0.00     -0.48      0.48
      0.00     -0.48      0.48
      0.00     -0.48      0.95
      0.48     -0.48      0.95
      0.48      0.00      0.95
      0.48      0.00      0.48
      0.00      0.48     -0.48
      0.00      0.95     -1.44
      0.00      0.95     -1.92
      0.00      1.44     -1.92
     -0.48      1.44     -2.40
      0.00      1.92     -2.87
      0.00      1.44     -2.87
      0.00      1.44     -3.35
      0.00      1.44     -3.35
     -0.48      0.95     -2.87
     -0.48      0.48     -1.92
     -0.48     -0.48     -1.44
     -0.48     -1.44     -0.48
     -0.48     -1.92      0.00
      0.00     -2.40      0.95
      0.48     -2.87      1.44
      0.48     -2.87      1.92
      0.48     -2.40      2.40
      0.48     -1.92      2.40
      0.48     -1.92      2.40
      0.48     -1.44      1.92
      0.00     -0.95      1.44
      0.00     -0.48      0.48
      0.00      0.00     -0.48
      0.00      0.48     -0.95
      0.00      1.44     -1.44
     -0.48      0.95     -1.92
     -0.48      0.95     -2.87
      0.00      0.48     -2.87
     -0.48      0.48     -2.40
      0.00      0.48     -1.92
      0.00      0.48     -1.92
      0.00      0.48     -1.44
      0.00      0.48     -0.95
      0.00      0.48     -0.95
      0.00      0.48     -0.48
      0.00      0.48      0.00
      0.00      0.48      0.48
      0.00      0.95      0.95
     -0.48      0.48      0.95
     -0.48      0.48      0.48
      0.00      0.48      0.48
      0.00      0.00      0.48
      0.00      0.00      0.48
      0.00     -0.48      0.00
      0.00     -0.48      0.00
      0.00     -0.48     -0.48
     -0.48      0.00     -0.48
     -0.48      0.00     -1.44
     -0.48      0.48     -1.44
     -0.48      0.95     -0.95
     -0.48      0.95     -0.95
     -0.48      0.95     -0.48
      0.00      1.44     -0.48
      0.00      1.44     -0.48
      0.00      1.92      0.00
      0.00      1.92      0.48
      0.48      1.92      0.48
      0.48      0.95      0.95
      0.48      0.00      0.95
      0.48     -0.95      0.95
      0.48     -0.95      0.48
      0.48     -0.48      0.48
      0.48     -0.48      0.00
      0.48     -0.48      0.48
      0.00     -0.95      0.48
      0.00     -1.44      0.95
      0.48     -1.92      0.95
      0.48     -2.40      1.44
      0.00     -2.40      1.44
      0.48     -1.92      0.95
      0.48     -1.44      0.95
      0.48     -0.48      0.48
      0.48      0.00      0.00
      0.48      0.00     -0.48
      0.48      0.48     -0.95
      0.00      0.95     -0.95
      0.00      1.44     -0.95
      0.00      1.44     -0.95
      0.00      1.44     -0.95
      0.00      1.44     -0.48
      0.00      0.95     -0.48
      0.00      0.95      0.00
      0.00      0.48      0.48
     -0.48     -0.95      0.95
      0.00     -0.95      0.95
      0.00     -0.95      0.48
      0.48     -1.44      0.00
      0.48     -1.44      0.00
      0.48     -0.95     -0.48
      0.95     -0.48     -0.95
      0.48      0.00     -0.95
      0.48      0.48     -0.95
      0.48      0.95     -0.95
      0.00      1.44     -0.95
      0.48      1.44     -0.95
      0.00      1.44     -0.48
      0.48      0.95     -0.48
      0.00      0.95     -0.48
      0.48      0.95      0.00
      0.48      0.95      0.00
      0.48      0.48     -0.48
      0.48      0.95      0.00
      0.00      0.48      0.00
     -0.48      0.00      0.00
     -0.48      0.00     -0.48
      0.00      0.00     -0.48
      0.00      0.00      0.00
      0.48      0.00      0.48
      0.48      0.00      0.95
      0.48      0.00      0.95
      0.48      0.00      1.44
      0.00      0.00      1.44
      0.00     -0.48      1.92
     -0.48     -0.95      1.44
      0.00     -0.95      0.95
      0.00     -1.44      0.48
      0.00     -0.95      0.00
      0.00     -0.95     -0.95
      0.48     -0.48     -1.44
      0.48      0.00     -1.44
      0.48      0.00     -1.44
      0.00      0.00     -1.44
     -0.48      0.00     -1.44
     -0.48      0.00     -0.95
      0.00      0.48     -0.95
      0.00      0.95     -0.48
      0.00      0.95      0.00
      0.00      0.95      0.48
      0.00      0.95      0.48
      0.00      0.95      0.00
      0.00      0.95      0.00
      0.00      0.00     -0.48
     -0.48     -0.48     -0.95
      0.00     -1.44     -0.95
      0.00     -1.44     -0.95
      0.48     -1.44     -0.95
      0.48     -1.44     -0.95
      0.48     -0.95     -0.95
      0.00     -1.44     -0.48
      0.00     -1.44     -0.48
      0.00     -1.44     -0.48
      0.00     -1.44     -0.48
      0.00     -1.44      0.00
      0.00     -0.95      0.00
      0.48     -0.48     -0.48
      0.48      0.48     -0.48
      0.00      0.95      0.48
      0.00      1.44      0.95
      0.00      0.95      0.95
      0.00      0.95      1.44
     -0.95      0.95      1.44
     -0.48      0.48      0.95
      0.00      0.00      0.48
      0.48      0.00      0.48
      0.48      0.00      0.00
      0.48      0.00     -0.48
      0.00     -0.48     -0.48
      0.00     -0.48     -0.48
      0.00      0.00     -0.48
      0.00     -0.48     -0.48
      0.00     -0.48     -0.48
      0.00     -0.48      0.00
      0.00      0.00      0.00
      0.00      0.00      0.48
     -0.48      0.48      0.48
      0.00      0.48      0.00
      0.00      0.48      0.00
      0.00      0.48      0.00
      0.00      0.48      0.00
      0.00      0.95      0.48
      0.00      0.95      0.48
      0.48      0.48      0.48
      0.48      0.95      0.00
      0.48      0.95     -0.48
      0.00      1.44     -0.48
      0.00      1.44     -0.95
      0.48      0.95     -0.95
      0.00      0.95     -1.44
      0.00      0.48     -1.44
      0.00      0.00     -1.44
      0.00     -0.48     -1.44
      0.00     -0.95     -1.44
      0.00     -0.95     -0.95
     -0.48     -0.95     -0.95
     -0.48     -1.44     -0.95
     -0.48     -1.44     -0.48
     -0.48     -1.44     -0.48
      0.00     -1.44      0.00
      0.00     -0.95      0.00
      0.00     -0.48      0.48
      0.00      0.00      0.48
      0.48      0.00      0.48
     -0.48      0.48      0.95
      0.48      0.48      0.95
      0.48      0.95      0.48
      0.48      0.95      0.48
      0.48      0.48      0.00
      0.00      0.48     -0.48
      0.00      0.00     -0.48
      0.00      0.00     -0.95
      0.00      0.48     -0.48
      0.00      0.48     -0.48
      0.00      0.48     -0.48
      0.00      0.00     -0.48
      0.00      0.00     -0.95
      0.48     -0.48     -1.92
      0.00      0.00     -1.44
      0.00      0.00     -1.44
      0.00      0.48     -0.95
      0.48      0.95     -1.44
      0.48      0.95     -0.48
      0.48      1.44     -0.48
      0.48      1.44     -0.48
      0.00      1.44      0.00
      0.00      0.95      0.00
      0.00      0.95      0.48
      0.00      0.48      0.48
      0.00      0.48      0.48
      0.00      0.48      0.48
      0.48      0.48      0.48
      0.48      0.48      0.48
      0.48      0.48      0.00
      0.48      0.00      0.00
      0.48      0.00     -0.48
      0.48     -0.48     -0.48
      0.48     -0.48      0.00
      0.48     -0.95      0.48
      0.00     -0.48      0.48
      0.00     -0.48      0.95
      0.00     -0.48      1.44
      0.00     -0.48      1.44
      0.00     -0.48      1.44
      0.00      0.00      0.95
      0.00      0.00      0.95
      0.00      0.48      0.48
     -0.48      0.95      0.00
     -0.48      0.95     -0.48
     -0.48      1.44     -0.95
     -0.48      0.95     -1.44
      0.00      0.95     -1.92
     -0.48      0.48     -1.92
      0.00      0.48     -2.40
      0.00      0.48     -2.40
      0.00      0.48     -2.40
      0.48      0.48     -1.92
      0.48      0.48     -1.92
      0.48      0.00     -1.92
      0.48      0.00     -1.44
      0.00     -0.48     -0.95
      0.00     -0.95     -0.48
      0.00     -0.95     -0.48
     -0.48     -0.95     -0.48
      0.00     -0.95      0.00
     -0.48     -0.95      0.48
     -0.48     -0.95      0.48
     -0.48     -0.48      0.95
     -0.48     -0.48      0.95
     -0.48      0.00      0.95
     -0.48      0.48      0.48
      0.00      1.44      0.48
      0.00      1.92     -0.48
      0.00      1.92     -0.48
      0.00      1.44     -0.48
     -0.48      1.92     -0.48
     -0.48      1.44     -0.48
      0.00      0.95     -0.95
      0.00      0.48     -1.44
      0.00      0.48     -1.44
      0.00      0.00     -0.95
      0.00     -0.48     -0.48
     -0.48     -0.48     -0.48
     -0.48     -0.95      0.48
     -0.48     -1.44      0.48
     -0.48     -1.44      0.48
      0.00     -1.92      0.48
      0.00     -1.44      0.48
      0.00     -1.44      0.00
      0.48     -0.95      0.00
      0.48     -0.95      0.00
      0.95     -0.48      0.00
      0.95      0.48      0.00
      0.95      0.95      0.00
      0.48      1.44     -0.48
      0.48      1.44     -0.95
      0.48      1.44     -0.95
      0.48      1.44     -0.95
      0.48      1.44     -0.48
      0.00      0.48     -0.48
      0.00      0.48     -0.48
      0.00      0.00     -0.48
     -0.48      0.00      0.00
     -0.48      0.00      0.48
      0.00      0.00      0.00
      0.48     -0.48     -0.48
      0.00     -0.95     -0.95
      0.00     -0.95     -0.95
      0.00     -0.95     -0.95
      0.48     -0.95     -0.95
      0.00     -0.95     -0.48
      0.48     -0.48      0.00
      0.48     -0.48      0.48
      0.48     -0.48      0.95
      0.48      0.00      1.44
      0.00      0.00      1.44
      0.00      0.48      1.44
      0.00      0.48      0.95
      0.48      0.95      0.48
      0.48      1.44      0.00
      0.48      1.44      0.00
      0.48      1.44      0.00
      0.48      0.95     -0.48
      0.00      0.48     -0.48
     -0.48     -0.48     -0.48
     -0.48     -0.48     -0.48
     -0.48     -0.95     -0.95
     -0.48     -0.95     -0.95
     -0.48     -0.95     -0.95
      0.00     -0.95     -0.95
      0.00     -0.48     -0.95
      0.00     -0.95     -0.95
      0.00     -0.95     -0.48
     -0.48     -0.95     -0.95
     -0.48     -0.95     -0.48
     -0.48     -0.48     -0.48
      0.00      0.00     -0.48
      0.00      0.00     -0.48
      0.00      0.00      0.00
      0.00      0.48      0.48
      0.00      0.48      0.48
      0.00      0.48      0.95
     -0.48      0.48      1.44
     -0.48      0.48      1.44
      0.00      0.48      1.44
      0.48      0.00      0.95
      0.48      0.00      0.48
      0.48      0.00     -0.48
      0.00      0.00     -0.95
      0.00     -0.95     -1.92
     -0.48     -0.48     -1.92
      0.00     -0.95     -1.92
     -0.48     -0.95     -1.92
      0.00     -0.48     -1.44
      0.00     -0.48     -0.48
      0.00     -0.48     -0.48
      0.00     -0.48      0.00
      0.00      0.00      0.00
      0.00      0.00      0.48
      0.00      0.48      0.95
      0.00      0.48      0.95
      0.48      0.95      0.48
      0.48      0.95      0.48
      0.48      0.95      0.48
