********************************************************************************
                       INSTITUTO DE INGENIERIA, UNAM
                  Coordinacion de Instrumentacion Sismica
  Ciudad Universitaria, Apartado Postal 70-472, Coyoacan 04510, Mexico, D.F.
 Tel.(52-5)622-3414    Fax.(52-5)616-1514    e-mail: isismica@pumas.iingen.unam.mx
**************************************************************************************
ARCHIVO ESTANDAR DE ACELERACION:
VERSION DEL FORMATO                    : 2.0
NOMBRE DEL ARCHIVO                     : ACAD8812.061
FECHA Y HORA DE CREACION               : Tue Mar 24 02:11:03 1998
REF. CATALOGO ACELEROGRAMAS, SMIS 1995 : REGISTRO No. 1270 /PAG. 137


================================================================================
DATOS DE LA ESTACION:
NOMBRE DE LA ESTACION                  : ACAPULCO ESCUELA DIANA
CLAVE DE LA ESTACION                   : ACAD
LOCALIZACION DE LA ESTACION            : CENTRO REGIONAL ADMINISTRATIVO DE PROFESORES,
                                       : ANTES "ESCUELA SECUNDARIA FEDERAL NO.1", A 300M
                                       : DEL MONUMENTO A LA DIANA. ACAPULCO, GUERRERO.
                                       : 
                                       : 
COORDENADAS DE LA ESTACION             : 16.86225 LAT. N
                                       : 99.87147 LONG. W
ALTITUD (msnm)                         : 23
TIPO DE SUELO                          : LIMO ARENOSO
                                       : 
                                       : 
INSTITUCION RESPONSABLE                : INSTITUTO DE INGENIERIA UNAM 
                                       : 

================================================================================
DATOS DEL ACELEROGRAFO: 
MODELO DEL ACELEROGRAFO                : DCA-333
NUMERO DE SERIE DEL ACELEROGRAFO       : 167
NUMERO DE CANALES                      : 3
ORIENTACION C1-C6 (rumbo;orientacion)  : /V/N90E/N00E
ORIENTACION C7-C12 (rumbo;orientacion) :
VEL. DE MUESTREO, C1-C6 (muestras/s)   : /100/100/100
VEL. DE MUESTREO, C7-C12 (muestras/s)  :
ESC. COMPLETA DE SENSORES, C1-C6, (g)  : /1/1/1
ESC. COMPLETA DE SENSORES, C7-C12 (g)  :
FREC. NAT. DE SENSORES, C1-C6, (Hz)    : /30.0/30.0/30.0
FREC. NAT. DE SENSORES, C7-C12 (Hz)    :
AMORTIGUAMIENTO DE SENSORES, C1-C6     : /0.70/0.70/0.70
AMORTIGUAMIENTO DE SENSORES, C7-C12    :
INTERVALO DE MUESTREO, C1-C6 (s)       : /0.01/0.01/0.01
INTERVALO DE MUESTREO, C7-C12 (s)      :
UMBRAL DE DISPARO, C1-C6 (Gal)         : /5/5/5
UMBRAL DE DISPARO, C7-C12 (Gal)        :
MEMORIA DE PREEVENTO (s)               : 4
TIEMPO DE POSEVENTO (s)                : 15


================================================================================
DATOS DEL SISMO:
FECHA DEL SISMO [GMT]                  : 1988/12/06
HORA EPICENTRO (GMT)                   : 14:54:41.7
MAGNITUD(ES)                           : /Mc=4.30
COORDENADAS DEL EPICENTRO              : 16.887 LAT. N 
                                       : 100.065 LONG. W
PROFUNDIDAD FOCAL (km)                 : 12 
FUENTES DE LOS DATOS EPICENTRALES      : INSTITUTO DE INGENIERIA UNAM
                                       : 

================================================================================
DATOS DE ESTE REGISTRO:
HORA DE LA PRIMERA MUESTRA (GMT)       :     
EXACTITUD DEL TIEMPO (s)               :     
DURACION DEL REGISTRO (s), C1-C6       : /16.25/16.25/16.25                      
DURACION DEL REGISTRO (s), C7-C12      : 
NUM. TOTAL DE MUESTRAS, C1-C6          : /1625/1625/1625                       
NUM. TOTAL DE MUESTRAS, C7-C12         : 
ACEL. MAX.(Gal), C1-C6                 : /14.83/41.15/-28.23                   
ACEL. MAX., C1-C6, EN LA MUESTRA       : /397/371/388                          
ACEL. MAX.(Gal), C7-C12                : 
ACEL. MAX., C7-C12,EN LA MUESTRA       : 
UNIDADES DE LOS DATOS                  : Gal (cm/s/s)
FACTOR DE DECIMACION                   : 1
FORMATO DATOS (FORTRAN,10 campos/dato) : 3F10.2


================================================================================
CALIDAD DEL ACELEROGRAMA:
REGISTRO DIGITAL COMPLETO, CARECE DE TIEMPO ABSOLUTO


===============================================================================
COMENTARIOS:














===============================================================================
DATOS DE ACELERACION:
---------+---------+---------+---------+---------+---------+---------+---------+
   CANAL-1   CANAL-2   CANAL-3
         V      N90E      N00E
---------+---------+---------+---------+---------+---------+---------+---------+
      0.48      0.00      0.00
     -2.39      0.00      0.00
      0.00      0.00      0.00
      0.96      0.00     -0.48
     -1.91     -0.48     -0.48
     -1.44      0.00      0.48
      2.39      0.00     -0.48
     -0.48      0.48     -0.96
     -2.87      0.48      0.48
     -1.44     -0.48      0.48
      4.31     -0.48     -0.48
      1.44      0.48      0.96
     -3.83     -0.48     -0.48
      0.48      0.00     -1.91
      0.48      0.48     -0.48
     -0.96     -0.96      0.96
     -1.44     -0.96      0.96
      5.26      0.48     -0.96
      0.96      2.39      0.96
     -4.79      0.48      1.44
      1.44     -0.96      0.48
     -0.96      1.44     -1.44
     -1.91      0.96      0.00
      2.39      0.00     -0.48
      0.48     -0.48     -2.39
     -0.96      0.96      0.00
     -0.96      0.96      2.39
      1.44     -1.91      0.48
     -0.96      0.96      0.48
     -1.91      0.96      0.96
      1.44     -2.39      0.00
      0.96     -1.44     -0.48
     -0.48      0.96      0.00
     -1.44      0.96     -2.39
      0.00      0.00     -1.91
      1.44      0.00      0.48
     -0.48     -0.96      0.48
     -2.87     -0.48      0.00
     -0.96      0.96      0.96
      0.96      0.96      2.39
      0.00      0.96     -1.44
     -0.96      0.48     -2.39
      0.00     -0.48     -0.48
      0.48     -0.96      0.48
     -0.96      0.00      0.48
     -0.96      0.96      0.00
     -0.48      0.96     -1.44
      0.48     -0.48     -0.48
      0.48     -1.91      0.96
      0.96     -1.44      0.48
     -0.96     -0.48      0.00
     -2.39      0.96     -0.48
      0.48      0.96     -0.48
      2.87      0.00     -2.39
     -0.48     -0.48      0.00
     -2.39     -1.91      2.87
     -0.48     -1.44      0.48
      1.91      0.96     -1.91
      0.00      2.39     -0.48
     -1.44      0.96      0.00
      0.48      0.00     -0.48
      0.00      0.48     -0.48
     -0.96     -0.96     -0.48
     -1.44     -0.96      0.00
     -0.48      0.00     -0.48
      1.91      0.48      0.48
      0.96     -0.48      0.96
     -1.44     -1.44      0.48
     -0.48      0.00     -0.48
      0.48      0.96     -0.96
     -0.96      0.48     -0.48
     -0.96     -0.48      0.00
      1.44     -0.48      0.00
      0.96      0.00      0.00
     -1.44     -0.48      0.96
     -0.96      0.00      0.48
      0.96      0.48     -1.44
      0.96      0.96     -0.48
      0.00      0.96      0.48
     -1.44      0.00     -0.48
     -0.96     -0.96     -1.44
      1.44     -1.44      0.48
     -0.96     -0.96      0.96
     -0.96      0.96     -0.48
      1.91      1.44     -0.48
      0.96     -0.48     -0.48
     -1.44     -0.48      0.48
     -1.91      0.96      0.00
     -0.48      0.96     -1.91
      1.44      0.96     -0.48
     -0.48     -0.48      0.48
     -0.48     -0.48      0.48
      0.48      0.48      0.00
      0.48     -0.48     -0.48
      0.00     -1.44      0.00
     -1.44      0.00      0.00
     -0.48      0.48      0.48
     -0.48     -0.48      0.48
      0.96     -0.96     -0.96
      1.44      0.48     -1.44
     -1.91      1.44     -0.96
     -0.96      0.48     -0.48
      0.96     -0.48      0.00
      0.00     -0.96      0.48
      0.48      0.48      1.44
     -0.48      0.48      0.96
     -1.91      0.96      0.00
      0.48      0.96      0.00
      0.48      0.00      0.00
     -0.48     -0.96      0.00
      0.00      0.00      0.48
     -1.44      0.00     -1.44
      0.00     -0.96     -1.44
      0.96      0.00      0.48
      0.48     -0.48     -0.48
     -1.44      0.00     -0.48
     -0.96      0.00      0.48
      2.39     -1.44      0.48
     -0.48      0.00      0.00
     -0.48      0.48     -0.48
      0.00      0.96      0.48
     -0.96     -0.48     -0.48
      0.48     -0.48      0.48
      0.00      0.48      0.00
      0.48      0.48     -0.96
     -0.48      1.44     -0.48
     -0.96      0.00     -0.48
      0.96      0.00     -0.48
     -0.48      0.48      0.00
      0.00     -0.96      0.48
      0.48      0.00      0.00
      0.00      0.48     -0.48
     -0.48      0.00      0.48
     -0.48     -0.48      0.48
      0.96     -0.96     -0.48
      0.48     -0.48     -0.96
     -0.48      0.00      0.00
     -0.48      0.00      0.48
     -0.48     -0.48     -0.48
     -0.48      0.00     -1.44
      0.48      0.48     -0.96
     -0.96      0.48     -0.48
     -0.96      0.00      0.00
      1.44     -0.96      0.96
      0.00      0.00      0.48
     -1.44      0.48      0.96
      0.96      0.96      1.44
      0.48     -0.48     -0.48
     -0.48      0.00      0.48
     -0.48      0.00      0.00
      0.00      0.48     -1.44
     -0.48      0.96     -0.48
     -0.96      0.48      0.48
      0.00     -1.44     -0.96
      1.44     -0.96     -1.44
     -0.96      0.00      0.00
     -1.91     -0.48      0.00
      0.48      0.00      0.48
      1.44      0.48      0.48
      0.00      0.00      0.00
     -0.48      0.00     -0.96
     -0.48      0.48     -0.48
     -1.44      0.48      0.96
     -0.48     -0.48      0.96
      0.96     -0.96     -0.96
     -0.48      0.48     -0.48
     -0.96      0.48      0.48
      0.48     -0.48      0.48
      0.48      0.48      0.48
     -0.48      1.91      0.48
      0.00      0.48     -0.48
      0.00     -0.48     -0.96
      0.00     -0.48      0.48
      0.48     -0.96      0.48
      0.00     -0.96     -0.96
     -0.96      0.96     -0.96
      0.00      0.96     -0.48
     -0.48      0.00     -1.44
      0.00     -0.96     -0.48
     -0.48     -0.48      0.96
     -0.48      0.00      0.48
     -0.48      0.00      0.00
      0.00     -0.48      0.00
      0.00     -0.48      0.48
     -0.48      0.00      0.48
      1.44      0.96      1.44
     -0.96      1.44      0.48
      0.48      0.96     -1.44
      1.91      1.44     -0.96
     -1.91     -0.48      0.00
     -2.39     -1.91      0.96
      0.00     -0.96      0.00
      0.96     -0.96     -1.44
      0.96      0.00     -0.48
      0.00     -0.48      0.00
     -0.96      0.00     -0.96
     -0.96      0.48     -0.48
      0.00      0.00      0.96
      0.48     -0.96      0.48
      0.00      0.00      0.00
     -1.44     -0.48     -0.96
      0.00     -0.48     -0.96
      0.48      0.48      0.48
     -0.48      0.48      0.48
     -0.48      0.48      0.00
     -0.48      0.96      0.00
      0.00      0.96      0.48
      0.96      0.96      0.48
      0.00      0.48     -0.48
     -0.48     -0.48     -0.48
     -0.96      0.00     -0.48
     -0.48     -0.48     -0.96
      0.48     -0.48      0.00
     -0.48     -0.48      0.00
      0.00     -0.48     -0.96
     -0.48      0.00     -0.96
     -0.96     -0.48      0.00
     -0.48     -0.96      0.48
      0.48     -0.48      0.48
      0.00      0.00     -0.48
     -0.48      0.48     -0.48
      0.48      0.96     -0.48
     -0.48      0.96      0.48
     -0.48      0.48      0.96
      0.00      0.00      0.48
      0.48     -0.48      0.48
      0.48     -0.96      1.44
     -0.48     -0.48      0.48
     -0.48      0.00     -0.96
      0.00      0.00     -0.48
     -0.48      0.48     -0.96
      0.00     -0.48     -0.96
      0.48     -0.96     -0.48
     -0.96     -0.48     -0.48
     -0.48      0.48     -0.48
      0.96      0.96      0.48
      0.48      0.96      0.00
     -0.96      0.96     -0.48
      0.00      0.00     -0.48
     -0.48     -0.48      0.00
     -1.44      0.48      0.96
      0.00      0.00      1.44
      0.96     -0.48      0.00
     -0.48     -0.48      0.48
     -0.48     -0.48      0.00
      0.48     -0.96     -0.96
      1.44      0.00     -0.48
     -1.44      0.96     -0.96
     -2.87      0.00     -1.44
      0.48      0.00      0.00
      1.91      0.48      0.48
      0.00      0.48      0.48
     -0.96      0.48      0.96
     -0.48      0.00      0.48
     -0.48      0.00      0.48
     -0.48      0.48     -0.96
      1.44     -0.48     -1.44
      0.48     -0.48     -0.48
     -1.91      0.00      0.00
     -0.96     -0.48     -0.48
      1.91      0.00      0.00
      0.96      0.48      0.96
     -0.96     -1.44      1.44
     -0.48     -1.44      0.96
     -0.48      0.00     -0.48
     -1.44      0.96     -0.48
     -0.96      0.48     -0.96
      0.96      0.48     -1.91
      1.91      1.44     -0.96
     -0.96      0.48      0.96
     -0.96     -1.91      0.96
      0.48     -0.96      0.96
     -0.48     -0.48      0.00
     -1.44     -0.96     -1.44
     -0.96      0.00     -0.48
      1.44      1.44      0.48
      1.44      0.96      0.00
      0.48      0.00     -0.48
     -0.48      0.00     -0.96
     -0.96      0.96     -0.96
     -0.96      0.48     -0.48
      0.00     -0.96     -0.48
      1.44     -0.96     -0.48
     -0.96      0.00      0.00
     -1.44      0.48      0.96
      0.96      0.96      1.44
      1.44      0.96      0.96
      0.48      0.48      1.44
     -0.96     -0.96      0.00
     -0.96     -1.44     -0.96
      0.00     -0.48     -0.96
      0.48     -0.48     -0.48
      0.48      0.96     -0.96
     -0.48      1.44     -1.91
     -0.48      0.96     -1.44
     -0.48     -0.48      0.96
      0.48     -0.48      2.39
      0.48      0.48      1.44
     -1.44      0.96     -0.48
     -0.48      0.48     -0.96
      0.48     -0.96      0.00
     -0.48     -0.96      0.48
      0.00      0.96     -0.48
      1.44      0.96     -1.44
      0.48      0.96     -0.48
     -0.96      0.00      1.44
     -0.96     -0.96      1.44
     -0.96     -1.44      1.44
     -0.48      0.00      0.48
      0.96      0.00      0.00
      0.96     -0.48     -0.96
     -1.44      0.00     -0.96
     -0.48      0.48     -1.44
      1.91      1.44     -1.91
      0.48      1.44     -0.96
     -0.96      0.00      0.48
     -2.39     -0.96      0.48
     -0.48     -1.44      0.48
      1.44      0.00      0.96
     -0.96      0.96      0.48
      0.00      1.91      0.00
      0.48      1.44     -0.48
     -0.48     -0.96     -1.44
     -0.96     -0.48     -0.96
     -0.48      0.48      0.48
      0.96      0.48      0.96
      1.44      0.00      0.00
     -1.44     -0.96     -1.44
     -2.39     -0.96     -0.48
     -0.96     -0.96      0.96
      2.39     -0.48      0.48
      1.91      0.48     -0.96
     -0.96      0.96     -1.44
     -1.91      0.00     -0.48
     -1.44     -0.96      0.48
      1.44      0.00      0.96
      1.44      1.44      0.00
     -0.48      1.91     -0.96
     -1.44      1.44     -0.48
     -0.96      0.00      0.00
      2.39      0.00      0.48
      0.96      0.96      0.00
     -2.87      0.96     -1.44
     -1.91      0.48     -3.35
      1.91     -1.91     -3.35
      1.91     -5.26      0.00
     -0.96     -5.26      2.39
     -2.39     -3.35      2.39
     -0.96      0.48      0.48
      1.91      3.35      0.00
      1.91      4.79      0.48
     -2.39      2.87      0.00
     -4.31     -0.48     -1.44
      1.44     -2.39     -2.87
      4.79     -1.44     -2.87
      1.91      3.35     -1.91
     -2.87      2.39     -0.48
     -4.31     -4.79      0.00
      1.44     -9.09     -0.48
      2.87     -4.79      0.00
     -2.87      0.96      0.96
     -6.22      2.87      3.83
     -0.96     -0.96      7.66
      6.70     -0.96      5.74
      6.70      5.26     -4.79
     -1.44      9.57    -11.96
     -3.83      1.44     -7.66
      2.87    -15.79      1.91
      6.22    -23.93      7.66
      1.91     -6.70      8.13
     -2.39     28.71      3.83
     -6.22     41.15     -2.39
     -7.66     16.27     -0.48
     -2.39    -16.75      7.66
      1.44    -28.23     12.92
      2.39    -13.40     10.05
      6.22      7.18      2.39
      8.61     16.75     -6.70
      4.31     14.83    -10.53
     -4.79      9.57     -7.18
    -10.53      1.91     -6.70
     -9.57     -7.18     -9.57
     -4.31    -11.48     -2.87
     -0.48     -6.22      9.57
      3.35      6.22     15.31
      6.22     10.53     10.05
      7.18     -0.96     -6.22
      6.22    -14.83    -24.88
      2.39    -13.40    -28.23
     -4.31      1.91    -12.92
     -7.18     10.53      4.79
     -3.83     -2.87     12.92
     -2.39    -17.71     16.27
     -7.66    -17.23     17.23
     -8.13     -8.13      8.13
     -0.48      0.96     -8.61
     10.05      4.79    -12.44
     14.83      6.22     -0.48
     12.44     15.79     11.48
      6.22     27.28     13.40
     -2.39     24.88      7.66
    -10.05      4.79     -3.35
    -13.88    -13.88    -13.40
    -13.88    -14.83    -10.53
     -6.22     -6.70      4.31
      3.83     -4.79     10.53
     10.53     -9.09     -0.48
     10.53     -8.13     -6.22
      3.35     -2.87     -2.39
     -2.39      0.96     -4.79
     -6.22      3.83    -13.40
    -10.05      2.39    -14.36
     -8.61     -6.70     -4.31
     -0.96    -11.48      3.35
      6.70     -3.35      2.39
     12.44     10.53      0.96
     10.05     16.75      4.79
      1.91     10.53      9.09
     -3.83     -1.44     10.53
     -5.26     -9.57      8.61
     -4.31     -7.66      2.39
     -2.39      3.83     -0.48
     -0.48     12.92      2.87
      0.48      6.70      1.44
      1.91     -7.66     -8.13
      2.87    -14.36    -16.75
      1.91     -6.22    -14.36
      0.00      7.18     -2.39
     -1.44     15.79      6.70
     -2.87     11.48      8.61
     -3.35     -4.31      4.79
     -1.44    -15.79      1.44
      1.44    -10.53      2.87
      3.83      2.39      4.79
      3.35      9.09      0.48
      1.91      4.31     -5.74
      1.44     -2.87     -5.26
      0.00     -1.44      1.91
     -2.39      1.91      7.66
     -3.35      3.83      4.79
     -3.83      1.44     -0.96
      0.00     -4.31     -3.35
      3.35     -6.22     -3.35
      1.44     -3.35     -5.74
     -1.44      0.96     -8.13
     -1.91      4.31     -5.74
     -1.91      6.22     -2.39
     -1.91      5.74      0.00
     -1.44      2.87      3.83
     -0.48     -3.35      7.66
      2.39     -6.22      6.70
      4.31     -3.83      0.96
      2.87     -0.48     -5.26
     -0.48     -1.44     -7.66
     -1.44     -3.35     -6.22
     -0.96     -0.96     -1.44
     -0.96      0.96      3.83
     -0.96      0.48      5.74
     -0.96     -0.48      6.70
     -0.48      0.00      5.26
     -1.44     -0.96      2.87
     -1.44     -1.91     -0.48
      0.00      0.48     -4.79
      2.39      6.22     -6.22
      2.39      7.66     -1.91
      1.44      1.91      1.91
      0.96     -4.79      1.44
     -0.96     -4.79      2.87
     -2.87     -1.44      5.26
     -2.39      0.96      2.39
     -1.44      1.44     -2.87
     -1.44      1.91     -3.83
     -0.48      0.96     -2.39
      1.91      0.00     -3.35
      2.87      1.44     -4.31
      1.44     -0.48     -2.39
     -0.96     -2.87      0.00
     -2.39     -0.96      0.48
     -1.91      1.44     -0.48
     -2.39     -0.48      1.91
     -0.96     -3.83      4.79
      0.96     -2.39      4.31
      1.44      1.44      2.39
      0.48      4.31      0.96
      0.48      4.31     -1.91
      0.96      3.83     -3.83
     -0.48      0.96     -2.87
     -0.48     -3.83     -0.48
      0.48     -3.83      0.48
      0.96      0.00      1.44
      0.00      1.91      1.44
     -1.91      2.39      0.00
     -2.87      1.91     -1.44
     -1.91      0.00     -1.91
      0.00     -2.87     -2.87
      1.91     -2.87     -2.39
      2.39      0.48      0.96
      1.91      0.48      2.39
      0.48     -2.87     -0.48
      0.48     -3.83     -2.87
     -0.48     -0.96     -1.91
     -2.87      0.00      1.44
     -2.87     -0.48      2.39
     -0.48      0.48      3.35
      1.91      0.48      3.35
      2.39      0.00      2.39
      0.00      1.91     -0.48
     -0.96      4.79     -1.91
     -0.96      4.31     -0.96
      0.00      0.96      0.96
     -0.96     -1.44      2.39
     -1.91     -1.91      1.44
     -1.44     -2.87     -0.96
     -1.91     -3.83     -1.91
     -0.48     -0.96     -1.44
      1.44      2.87     -2.87
      1.44      4.79     -3.83
      1.44      4.79     -3.83
      0.48      1.91     -4.79
      0.48     -1.44     -4.31
     -0.48     -1.44     -1.44
     -1.44      0.00      1.44
     -0.48      0.00      3.83
     -0.96     -2.39      5.26
     -0.96     -3.83      3.83
     -0.96     -2.39      0.96
      0.48      0.00     -0.96
      1.91      1.91     -0.48
      1.91      1.44      0.96
      0.96     -0.96      2.39
      0.48     -3.83      3.35
      0.96     -1.91      3.83
      0.00      0.00      2.87
     -1.91      0.96      1.44
     -1.91      0.48     -1.91
     -0.96      0.96     -5.26
     -0.48      1.91     -4.79
      0.48      2.39     -2.39
      0.48      2.87     -1.44
     -0.48      4.79     -0.96
     -1.44      4.31     -0.48
     -1.44      1.91     -0.48
     -0.48     -0.96      0.48
      0.48     -2.39      1.91
      0.00     -2.87      0.48
     -0.48     -0.96     -2.39
      0.48     -0.48     -1.91
      0.48     -0.96      2.39
     -0.48     -0.96      4.31
     -1.44     -0.96      1.44
     -1.91     -1.44     -3.83
     -0.48     -1.91     -6.70
      0.00     -0.96     -3.35
     -0.48     -0.96      0.96
     -0.48     -0.48      2.87
     -0.96     -1.91      4.31
     -0.48     -2.39      4.79
      0.48      0.48      3.35
      0.48      3.83      0.96
      0.00      3.35     -0.96
      0.48      0.00     -3.35
      0.48     -1.44     -4.31
     -0.48      0.48     -2.39
     -0.48      0.48     -0.48
      0.96     -1.91     -1.91
      0.96     -1.91     -2.39
     -0.48      0.48     -1.44
     -0.48      0.96     -1.91
     -0.96     -0.96     -3.35
     -0.48     -3.35     -4.31
     -0.48     -3.35     -2.39
     -1.44     -0.96      2.87
     -1.44      0.96      6.22
      0.00      0.48      5.74
      0.96      0.00      2.87
      0.96      0.96      0.48
      1.44      1.91      1.44
      1.44      2.87      2.87
      0.96      3.35      4.79
      0.48      2.87      5.74
     -0.48      2.39      2.87
     -0.48      1.44     -1.44
     -0.96     -1.44     -4.31
     -1.44     -3.35     -4.31
     -0.48     -2.39     -1.91
      0.96      0.96      0.48
      0.96      3.35     -0.96
     -0.48      2.87     -2.87
     -1.44     -0.96     -2.87
     -1.44     -2.87     -1.91
     -1.44     -0.96     -1.91
      0.00      0.48     -2.39
      0.96      0.48     -2.87
      0.48      0.96     -1.44
      0.00      0.00      2.39
     -0.48     -0.96      5.26
     -0.96     -0.96      5.74
     -0.96      1.44      3.35
     -1.44      1.44     -0.96
     -0.48     -0.48     -2.39
      0.96     -2.39     -0.96
      0.48     -1.44      0.96
      0.48      1.44      0.48
      0.48      2.87     -1.44
     -0.48      1.44     -2.87
      0.00     -0.48     -2.39
      0.00     -0.48     -3.35
     -0.96      0.00     -4.31
     -0.48      0.00     -2.87
      0.48      0.00     -0.48
      0.00     -0.48      0.00
     -0.96     -0.96     -0.48
     -0.96     -1.44      0.00
     -0.48     -0.96      0.96
     -0.48     -0.48      0.96
      0.00     -0.48      1.44
      0.00     -1.44      0.48
     -0.48     -0.96      0.96
      0.48      0.00      2.39
      0.96      0.96      2.87
      0.00      0.96      2.39
      0.48      0.48      0.96
      0.48      0.48     -0.96
      0.48      0.96     -1.91
      0.00      1.44     -0.48
     -0.48      0.48      0.96
     -0.48      0.48      0.96
      0.48      0.48     -0.48
      0.96     -0.48     -1.44
      0.00     -1.44     -1.91
     -0.48     -2.39     -0.96
     -0.48     -1.91     -0.48
     -0.48     -0.48      0.00
     -0.96      0.48      1.44
      0.00      0.48      2.39
      0.00      0.00      2.87
     -0.48      0.00      2.39
      0.48      0.48      0.48
      0.00      0.96     -1.44
     -0.48      0.00     -1.91
     -0.96     -1.91     -1.91
     -0.48     -1.44     -3.35
     -0.96      0.48     -2.39
     -0.96     -0.48     -1.44
      0.96     -1.91      0.00
      1.91     -1.91      0.00
      0.48      0.00      0.48
     -1.91      2.87      0.96
     -2.39      4.31     -0.48
     -1.44      2.87     -0.96
      0.48      0.96      0.00
      0.96      1.44      1.44
      0.96      2.87      1.44
      0.00      1.91      1.44
     -0.48     -0.48      0.00
     -0.48     -1.44     -1.91
     -0.48     -0.96     -2.87
     -0.48     -0.48     -2.39
     -0.48     -0.96     -0.48
     -0.96     -2.87      1.44
     -0.48     -3.83      2.87
      0.48     -3.35      1.91
      0.96     -1.44      0.00
      1.91      0.96     -0.96
      1.44      1.91     -0.48
      0.00      1.91      0.48
      0.00      1.91      0.48
     -0.48      0.48      0.00
     -0.48     -0.48      0.00
     -0.48      0.00      0.48
     -0.48      0.96     -0.48
     -0.48      0.96     -0.96
      0.48      0.48     -0.96
      0.96      0.48      0.48
      0.00      0.96      0.48
     -0.96      0.48      0.00
     -1.44      0.00     -1.44
     -1.44     -0.96     -0.48
     -0.96     -2.87      0.96
     -0.48     -3.35      0.48
      0.48     -0.96     -0.48
      1.44      0.96     -1.91
      1.44      1.44     -1.91
      0.96      1.91     -0.96
     -0.48      1.91      0.48
     -1.44      0.48      1.44
     -1.91     -0.48      0.96
     -1.44     -0.96      0.00
     -0.48     -0.96      0.00
      1.44      0.00      0.48
      1.91      1.44      0.96
      0.96      1.91      0.96
     -0.48      0.00      1.44
     -2.39     -1.44      1.44
     -2.39     -2.87      0.96
     -0.96     -3.35     -0.48
     -0.48     -2.39     -1.44
      0.48     -0.48     -1.44
      0.96      2.39     -0.96
      1.44      3.83      0.00
      0.96      3.35      0.00
      0.00      2.39      0.00
     -1.44      0.96      0.00
     -2.39     -0.48      0.00
     -1.44     -0.96     -0.48
     -0.48     -0.96     -0.48
      0.48      0.00     -0.96
      0.96      0.48     -0.96
      1.44      0.00     -0.48
      0.96     -0.96     -0.48
     -0.48     -1.91     -0.48
     -1.44     -2.87     -0.48
     -1.44     -2.39      0.00
     -0.48     -1.44     -0.48
      0.96      0.48     -1.44
      0.48      1.91      0.00
      0.00      2.87      2.39
      0.00      1.91      2.39
      0.00      0.00      0.48
     -0.48     -0.96     -1.44
     -0.96     -0.48      0.00
     -0.96      0.00      0.96
     -0.48      0.48      0.96
      0.96      0.48     -0.48
      1.44      0.96     -0.48
      0.48      1.44     -0.48
     -0.96      1.44      0.48
     -0.96      0.48      1.44
     -1.91     -1.44     -0.48
     -1.91     -1.91     -2.39
     -1.44     -0.96     -2.87
      0.48      0.00     -1.91
      1.44      0.00     -0.48
      2.39      0.48      0.96
      0.48      1.91      1.91
     -1.44      2.39      0.48
     -1.44      0.96     -0.96
     -1.44     -0.96     -1.44
     -0.48     -1.91      0.48
      0.48     -1.44      1.44
      0.48     -0.96      0.96
      0.48     -0.48      0.96
      0.96      0.48      0.96
      0.96      1.91      0.00
      0.00      1.91     -1.44
     -0.96      0.48     -1.44
     -1.44     -0.96     -0.48
     -1.44     -0.96      0.96
      0.00      0.48      1.44
      0.48      0.96      0.00
      0.96      0.00     -0.48
      0.48     -0.48     -0.96
     -0.48      0.00     -0.48
     -0.96      0.48      0.48
     -0.48      0.00      0.96
      0.48      0.00      0.96
      0.00     -0.48      0.48
     -0.96     -1.44      0.48
     -0.96     -2.39      0.00
      0.00     -1.44     -0.96
      0.48     -0.96     -0.96
      0.48     -0.48      0.00
     -0.48     -0.48      0.00
     -0.48      0.48     -0.48
     -0.48      2.39     -0.96
     -0.48      2.87     -1.44
      0.00      1.44      0.00
     -0.48      0.48      0.96
     -0.48      0.48      0.48
     -0.96      0.96     -0.96
      0.00      1.44     -1.44
      0.00      0.48     -1.44
     -0.48     -0.96     -0.48
     -0.96     -1.44      0.48
     -0.48     -1.44      1.44
      0.00     -1.44      1.44
      0.00     -1.91      0.48
      0.48     -1.44     -0.48
      0.96     -1.44     -0.48
      0.96     -0.48      0.48
      0.00      0.00      0.00
     -0.48      0.00     -0.48
     -0.48      0.48     -0.48
      0.00      0.96     -0.48
      0.48      1.44     -0.96
      0.00      1.44     -0.48
     -0.48      0.96      0.96
     -0.48      0.48      2.87
     -0.48      0.96      2.87
      0.00      0.96      0.48
      0.48      1.44     -0.96
     -0.48      0.96     -2.39
      0.00      0.96     -2.39
     -0.48      0.00     -1.91
     -0.48     -0.96     -1.44
     -0.48     -1.44     -0.96
     -0.48     -1.91     -0.48
     -0.48     -1.44      0.96
     -0.48     -2.39      0.96
     -0.96     -1.91      0.48
     -0.48     -1.44      0.00
      0.48     -1.44      0.00
      0.48     -0.48      0.00
     -0.48      0.96      0.00
      0.00      1.44      0.48
      0.00      1.91      0.96
      0.00      1.91      0.48
     -0.48      1.44      0.48
     -0.48      1.91      0.00
     -0.48      1.44      0.96
     -0.48      0.96      2.39
     -0.48      0.00      2.39
      0.00     -0.96      0.00
      0.00     -0.96     -1.44
      0.00     -0.96     -1.91
      0.48     -0.96     -1.44
      0.48     -0.96     -1.44
      0.00     -0.96     -1.91
     -0.48     -0.96     -1.91
     -0.48     -0.48     -1.44
     -0.48      0.48      0.00
     -0.48      0.96      0.96
     -0.48      0.96      0.96
     -0.48      0.96      0.96
     -0.48      0.96      1.44
      0.00      0.48      0.96
     -0.48      0.00     -0.96
     -0.48     -0.96     -0.96
     -0.48     -1.44     -1.44
      0.00     -0.96     -0.96
      0.00      0.96     -0.48
      0.00      1.44     -0.48
      0.00      0.00      0.48
     -0.48      0.00      0.96
     -0.96     -0.96      0.00
     -0.48     -0.96     -1.44
      0.00     -0.96     -0.96
     -0.96     -0.96      0.48
     -0.48      0.00      1.44
      0.48      0.96      0.96
      0.00      1.44      0.48
      0.00      0.96      0.48
     -0.48      0.00      0.96
     -0.48     -0.96      0.96
     -0.48     -1.91      0.00
      0.00     -0.96     -1.44
      0.96      0.96     -1.91
      0.96      2.39     -1.44
      0.96      2.87     -0.96
      0.48      1.91     -0.96
     -0.48      0.48     -0.48
     -0.96     -0.96     -0.96
     -0.96     -0.96     -1.44
     -0.96     -0.96      0.00
     -0.96     -1.44      2.39
     -0.48     -1.91      3.35
      0.00     -1.91      2.39
      1.44     -0.48      0.48
      1.91      0.96     -0.48
      0.96      1.91      0.00
      0.48      0.48     -0.48
      0.00      0.00     -0.96
     -0.96      0.00     -1.44
     -1.44      0.96     -1.44
     -0.96      0.96     -0.96
     -0.48      0.00      0.00
      0.00     -0.48      0.96
      0.00     -0.48      0.48
     -0.48      0.00      0.00
     -0.48     -0.48      0.00
      0.00     -0.48      0.00
      0.00      0.00      0.00
      0.00      0.96     -0.48
      0.00      1.44     -0.96
      0.48      0.96     -0.96
      0.96      0.00      0.00
      0.00     -0.96      0.48
     -0.48     -0.96      0.48
     -0.48     -0.48      0.00
     -0.48     -0.48     -0.48
     -0.48     -0.48      0.00
     -0.48     -0.48      0.48
     -0.48     -0.48      0.96
      0.00     -0.48      0.48
      0.48     -0.48     -0.48
      0.00      0.00     -0.48
     -0.48      0.48      0.00
      0.48      1.44      0.00
      0.48      1.91     -0.48
      0.00      0.96     -0.96
     -0.48      0.00     -1.91
     -0.48      0.00     -1.91
     -0.48      0.96     -0.96
     -0.48      0.48      0.96
      0.00      0.00      0.96
      0.00      0.00      0.96
      0.00      0.48      0.96
      0.00      0.96      0.48
      0.00      0.96      0.00
      0.00      0.48     -0.48
     -0.48     -0.96     -0.48
     -0.48     -1.91     -0.48
      0.00     -2.87     -0.48
      0.48     -1.91     -0.96
      0.00     -0.48     -0.96
     -0.48      0.00      0.00
     -0.48      0.00      0.48
     -0.96     -0.48      0.00
     -0.96      0.00     -0.48
     -0.48      0.48     -0.48
     -0.48      0.96      0.00
      0.00      0.48      0.48
      0.48      0.48      0.48
      0.48      0.00     -0.48
      0.48      0.96      0.00
      0.00      2.39      0.96
      0.00      2.39      0.48
      0.00      1.44     -0.48
     -0.48     -0.48      0.00
     -1.44     -1.44      0.00
     -1.44     -0.96     -0.96
     -0.96     -0.96     -1.91
      0.00     -0.48     -1.91
      0.48      0.00     -1.44
      0.00      0.00      0.00
      0.00     -0.48      0.48
      0.48     -0.96      0.00
      0.00     -1.44     -0.48
     -0.48     -0.96      1.44
     -0.48     -0.48      2.39
      0.48      0.00      1.91
      1.44      0.96      0.96
      0.96      1.91      0.96
      0.48      2.87      1.44
      0.00      2.39      0.48
      0.00      0.96     -0.96
     -0.48     -0.48     -1.44
     -0.96     -1.44     -1.44
     -0.96     -1.91     -0.96
      0.00     -1.91     -0.96
      0.48     -0.48     -0.96
      0.00      0.96     -1.44
     -0.48      0.96     -0.48
     -0.48      0.48      0.00
     -0.48      0.00     -0.48
     -0.48     -0.48     -1.44
     -0.48     -0.48     -1.44
      0.00     -0.48     -0.96
      0.48      0.00     -0.48
      0.48      0.96      0.00
      0.48      0.96      0.96
      0.00      0.96      2.39
     -0.48      0.48      2.39
     -0.96     -0.48      0.96
     -0.96     -0.96     -0.48
     -0.48     -0.48     -0.48
      0.00      0.48      0.48
      0.00      0.96      0.96
     -0.48      0.48      0.48
      0.00     -0.48     -0.48
     -0.48     -0.48     -0.48
      0.00      0.00     -0.96
      0.00      0.48     -1.91
     -0.48      0.48     -1.44
     -0.96     -0.48     -0.96
     -0.48     -0.96     -0.48
      0.48     -0.96      0.96
      0.48      0.00      0.48
      0.48      0.48     -0.48
      0.00      0.48     -0.48
     -0.48      0.48     -0.48
     -0.48      0.00     -0.96
     -0.48      0.48     -0.96
     -0.48      0.48     -0.48
      0.00      0.48      0.48
      0.48      0.96      1.44
      0.48      0.48      1.44
      0.00     -0.48      0.96
     -0.48     -0.96      0.00
      0.00     -0.96      0.00
     -0.48     -0.96     -0.96
     -0.48      0.00     -0.48
     -0.48      0.48      0.00
      0.00      0.00      0.48
      0.00      0.00      0.00
     -0.48     -0.48     -0.96
     -0.48     -0.48     -1.44
     -0.48     -0.48     -0.48
     -0.48     -0.48      0.48
      0.00      0.00      0.96
      0.00      0.96      0.96
      0.00      0.48      0.96
      0.48      0.48      0.96
      0.48      0.96      1.44
      0.00      0.96      1.44
      0.00      0.48      0.96
      0.00      0.00     -0.96
      0.00      0.00     -1.91
      0.00     -0.48     -2.39
     -0.48     -0.96     -1.44
     -0.48     -0.96     -0.96
     -0.48     -0.48     -0.48
     -0.48      0.96      0.00
     -0.48      0.96      0.00
     -0.48      0.48     -0.48
      0.00     -0.96      0.00
      0.00     -0.48     -0.48
      0.00      0.00     -0.48
      0.00      0.00      0.00
      0.48      0.00      0.96
      0.48      0.48      1.44
     -0.48      0.96      1.44
     -0.48      0.96      0.48
     -0.96      0.96     -0.48
     -0.48      0.48     -1.44
     -0.48     -0.48     -0.96
     -0.48     -0.96     -0.48
      0.00     -0.96      0.48
      0.48     -0.96      0.96
      0.96      0.00      0.00
      0.48      0.48     -0.48
     -0.48      0.48     -0.96
     -0.96      0.00     -0.96
     -0.48      0.00     -0.48
     -0.48      0.00      0.00
     -0.48      0.00      0.00
      0.00      0.48      0.00
      0.48      0.00      0.00
      0.96     -0.48      0.48
      0.48     -0.48      0.48
     -0.48     -0.48      0.00
     -0.96     -0.48      0.00
     -0.96      0.00      0.48
     -0.48      0.00      0.48
      0.00      0.00      0.00
      0.00      0.00     -0.48
      0.00      0.00     -0.96
      0.48      0.96      0.00
      0.00      0.96      0.00
      0.00      0.48     -0.48
      0.00      0.00     -0.48
     -0.48      0.00     -0.48
     -0.96      0.48     -0.48
     -0.48      0.00      0.00
      0.00     -0.48      0.48
      0.00     -0.48      0.48
      0.00     -0.48      0.00
     -0.48     -0.48      0.00
      0.00     -0.48      0.00
      0.48      0.48      0.00
      0.48      1.44     -0.96
      0.00      1.91     -1.91
     -0.48      0.96     -1.91
     -0.48      0.00     -1.44
     -0.48     -0.48      0.00
      0.00      0.00      0.96
      0.00      0.48      0.96
      0.00      0.48      0.96
     -0.48     -0.48      0.48
     -0.48     -1.44      0.48
     -0.48     -1.91      0.48
     -0.48     -0.96     -0.48
      0.00     -0.48      0.00
      0.00     -0.48      0.96
      0.00      0.00      0.96
      0.00      0.48      0.00
      0.00      0.96     -0.96
     -0.48      0.96     -0.96
     -0.48      1.44     -0.48
      0.00      1.44      0.48
      0.00      0.96      0.48
      0.00      0.48     -0.48
     -0.48     -0.48     -0.48
     -0.48     -0.96      0.00
     -0.48     -1.44      0.00
      0.00     -0.96     -0.48
      0.00     -0.48     -0.48
     -0.48      0.00     -0.48
     -0.48     -0.48     -0.48
      0.00     -0.48     -0.48
     -0.48     -0.48     -0.96
     -0.48      0.00     -1.44
     -0.48      0.48      0.00
      0.00      0.48      0.48
      0.00      0.96      0.48
     -0.48      1.44      0.00
     -0.48      0.96     -0.48
      0.00      0.48     -0.48
      0.00     -0.48     -0.48
      0.00      0.00     -0.48
     -0.48      0.48     -0.48
      0.48      0.48      0.00
      0.48      0.00      0.00
      0.48     -0.48      0.48
      0.00     -0.48      0.48
      0.00     -0.96      0.96
     -0.48     -0.96      0.48
     -0.48     -0.48      0.00
      0.00      0.00      0.00
      0.00      0.96      0.00
      0.00      0.96      0.00
      0.00      0.48     -0.48
      0.00      0.00     -0.48
     -0.48     -0.48     -0.48
     -0.48     -0.48     -0.96
     -0.48     -0.48     -1.44
     -0.48      0.00     -1.44
     -0.48      0.00     -0.48
     -0.48     -0.96      0.00
     -0.48      0.00      0.48
      0.00      0.96      0.00
      0.48      0.96      1.44
      0.00      0.96      1.44
      0.00      0.48      1.44
      0.00      0.48      0.48
      0.00      0.48     -0.48
      0.00      0.00     -0.96
      0.00      0.00     -0.96
      0.00      0.48      0.00
     -0.48      0.00      0.00
     -0.96      0.00      0.00
     -0.96     -0.96      0.48
     -0.48     -0.96      0.48
     -0.48     -1.44      0.48
      0.00     -1.91      0.48
      0.00     -1.91      0.00
      0.48     -0.48      0.00
     -0.48      0.48     -0.48
      0.00      1.91     -1.44
      0.48      1.44     -1.91
      0.48      0.96     -1.91
      0.00      0.96     -1.44
      0.00      0.96     -0.48
     -0.48      0.96      0.00
     -0.48      0.96      0.96
     -0.48      0.48      1.44
     -0.48      0.00      1.44
     -0.48     -0.48      0.48
     -0.48     -0.96      0.00
      0.00     -0.96     -0.48
      0.00     -1.44     -0.48
      0.00     -0.96      0.00
      0.00     -0.96      0.00
      0.00     -0.48     -0.48
      0.00     -0.48     -0.96
      0.00      0.00      0.00
      0.48      0.96      0.00
      0.00      1.91      0.00
     -0.48      1.91      0.00
     -0.96      1.44      0.00
     -0.48      0.48      0.00
     -0.48      0.00      0.48
     -0.96      0.00      0.48
     -0.48      0.00      0.48
      0.00      0.00      0.00
      0.48      0.00     -0.48
      0.48     -0.48     -0.96
      0.48     -0.96     -0.48
     -0.48     -0.48      0.00
     -0.48     -0.48      0.00
     -0.48     -0.48     -0.96
     -0.48      0.00     -0.96
     -0.48     -0.48     -0.48
     -0.48      0.00      0.48
      0.00      0.00      0.48
      0.00      0.00      0.00
      0.00      0.48      0.00
     -0.48      0.48      0.48
     -0.48      0.48      0.48
      0.00      0.48      0.00
      0.48      0.48     -0.48
      0.00      0.00      0.00
     -0.96     -0.48      0.48
     -0.48     -0.96      0.48
      0.00     -0.48     -0.48
      0.00      0.00      0.00
     -0.48      0.48     -0.48
     -0.48      0.96     -0.96
      0.00      1.44     -0.48
      0.00      0.96      0.00
      0.00      0.00      0.48
      0.00     -0.96      0.00
      0.00     -0.96     -0.48
     -0.48     -0.96     -0.48
     -0.48     -0.48      0.00
     -0.48     -0.48      0.96
      0.00      0.00      0.96
      0.00      0.48      0.48
      0.00      0.48      0.00
     -0.48      0.96     -0.48
     -0.48      0.96     -0.48
     -0.48      0.48      0.00
      0.00      0.00      0.00
      0.00      0.00     -0.48
      0.00      0.48     -0.48
     -0.48      0.96     -0.48
     -0.48      0.48      0.00
     -0.48     -0.48      0.48
     -0.96     -1.44      0.48
     -0.48     -1.91      0.48
      0.00     -1.44      0.00
      0.00      0.00     -0.48
      0.48      0.48     -1.44
      0.48      0.96     -0.96
      0.48      1.44     -0.48
      0.00      0.96     -0.48
     -0.48      0.48      0.00
     -0.96     -0.48      0.96
     -0.48     -0.48      0.96
      0.00      0.48      0.96
      0.00      0.48      0.96
      0.00      0.48      0.00
      0.00     -0.48     -0.96
      0.00     -0.96     -0.96
     -0.48     -0.48      0.00
     -0.48      0.00      0.48
     -0.48      0.00      0.00
     -0.96      0.00     -0.96
     -0.48      0.00     -1.44
      0.00      0.00     -1.44
      0.48      0.96     -0.96
      0.00      0.96      0.00
      0.00      0.96      0.96
      0.48      0.48      0.96
     -0.48      0.00      0.48
     -0.48     -0.48      0.48
     -0.48     -0.48      0.00
      0.00      0.00      0.00
      0.00      0.00     -0.48
      0.00      0.00     -0.48
     -0.48      0.00     -0.48
     -0.48      0.00     -0.48
     -0.48     -0.48      0.48
     -0.48     -0.96      0.96
      0.48     -0.96      0.48
      0.48     -0.48      0.00
      0.00      0.00      0.00
      0.00      0.48      0.48
      0.00      0.00      0.48
      0.00      0.00     -0.48
     -0.48     -0.48     -0.48
     -0.48     -0.48     -0.96
     -0.48      0.00     -0.96
      0.00      0.48     -1.44
      0.00      1.44     -0.48
      0.00      1.91     -0.48
      0.00      1.44      0.00
      0.00      0.96     -0.48
     -0.48      0.00     -0.48
     -0.48      0.00      0.00
     -0.96      0.00      0.48
     -0.48     -0.48      0.48
      0.00     -0.48      0.00
      0.48     -0.48      0.00
      0.48     -0.48      0.48
     -0.48     -0.48      0.48
     -0.48     -0.48      0.48
     -0.48     -0.96      0.00
     -0.48     -1.44      0.00
     -0.48     -0.96     -0.48
      0.00      0.48      0.48
      0.00      1.44      0.48
      0.00      0.96     -0.48
      0.00      0.00     -0.96
     -0.48      0.00     -1.44
     -0.48      0.00     -0.96
     -0.48      0.00      0.00
     -0.48      0.48      0.48
     -0.48      0.96      0.48
      0.00      0.96      0.00
      0.48      0.48     -0.48
      0.48      0.48     -0.48
      0.48      0.96     -0.48
      0.00      0.96      0.00
     -0.48      0.48     -0.48
     -0.48     -0.48     -0.48
     -0.48     -0.96      0.00
     -0.48     -0.96      0.00
     -0.48     -0.48      0.00
     -0.48      0.00      0.48
     -0.48     -0.96      0.48
      0.00     -0.96      0.48
      0.00     -0.96      0.00
     -0.48     -0.48      0.00
      0.00      0.48      0.48
      0.00      1.44      0.48
      0.00      1.91      0.00
      0.00      1.44      0.48
      0.00      0.96      0.00
      0.00      0.00     -0.48
     -0.48     -0.48     -0.48
     -0.48     -0.48     -0.48
     -0.48     -0.96     -0.48
     -0.48     -0.48     -0.48
     -0.48     -0.48     -0.48
      0.00     -0.48     -0.48
     -0.48      0.00     -0.96
      0.00      0.00     -0.96
      0.00     -0.48     -0.96
     -0.48     -0.96     -0.96
     -0.48     -0.96      0.48
     -0.48     -0.48      0.96
      0.00      0.48      0.48
      0.00      0.96      0.48
      0.48      1.44      0.96
      0.00      0.96      0.96
      0.00      0.96      0.48
     -0.48      0.48      0.00
     -0.48      0.48     -0.48
     -0.48      0.00      0.00
     -0.48      0.00      0.00
     -0.48      0.00     -0.48
      0.00      0.00     -0.96
      0.00      0.48     -0.96
      0.00      0.00     -0.48
      0.00      0.00      0.00
     -0.48      0.00      0.00
     -0.48     -0.48      0.48
     -0.48      0.00      0.48
     -0.48      0.00      0.00
      0.00      0.00      0.00
      0.00     -0.48      0.00
      0.00     -0.48      0.48
      0.48     -0.48      0.48
     -0.48     -0.96      0.00
     -0.48     -0.96     -0.48
     -0.48     -0.48     -0.96
     -0.48     -0.48     -0.96
     -0.48      0.00     -0.96
     -0.48      0.48     -0.48
     -0.48      0.96      0.00
      0.00      0.96      0.00
      0.00      0.96      0.48
      0.00      0.48      0.96
      0.00      0.48      0.96
      0.00      0.48      0.48
      0.00      0.48      0.00
      0.00      0.00     -0.48
      0.00      0.00     -0.48
      0.00     -0.48     -0.48
     -0.48     -0.96      0.00
     -0.48     -1.44     -0.48
     -0.48     -1.44     -0.48
     -0.48     -0.96     -0.48
      0.00     -0.48     -0.48
      0.00      0.00     -0.48
      0.48      0.48     -0.48
      0.48      0.48      0.00
      0.00      0.96      0.48
      0.00      0.48      0.48
      0.00      0.00      0.00
     -0.48      0.96      0.00
     -0.48      0.96      0.00
      0.00      0.96      0.00
      0.00      0.48      0.48
      0.00      0.48      0.48
      0.00      0.48      0.48
      0.00      0.00      0.00
     -0.48      0.00      0.00
     -0.48     -0.96      0.00
     -0.48     -1.44     -0.48
     -0.48     -0.96     -0.48
     -0.48      0.00     -0.96
      0.00      0.48     -0.96
      0.48      0.48     -0.48
      0.48      0.00      0.48
      0.00      0.00      0.48
     -0.48     -0.48      0.48
     -0.48     -0.48      0.48
     -0.48     -0.48      0.00
     -0.48     -0.48      0.00
     -0.48     -0.48     -0.96
      0.00      0.00      0.00
      0.00      0.48      0.00
      0.48      0.96      0.00
      0.00      0.96      0.00
      0.00      0.96      0.00
     -0.48      0.48      0.00
     -0.48      0.48     -0.48
     -0.48      0.00      0.00
     -0.48      0.00      0.48
     -0.48      0.00      0.00
      0.00      0.00      0.00
      0.00     -0.48     -0.48
      0.00     -0.48     -0.48
     -0.48     -0.48      0.00
     -0.48      0.00      0.00
     -0.48      0.00      0.00
     -0.48     -0.48      0.00
     -0.48     -0.48      0.00
      0.00     -0.96      0.00
     -0.48     -0.48      0.00
     -0.48      0.00      0.00
     -0.48      0.48      0.00
      0.00      0.48      0.00
      0.00      0.00     -0.96
      0.00      0.00     -0.48
     -0.48      0.00     -0.48
     -0.48      0.48      0.00
      0.00      0.96      0.00
      0.00      0.96      0.00
      0.00      0.48      0.00
      0.00      0.00      0.00
     -0.48      0.00     -0.48
     -0.48     -0.48     -0.48
      0.00     -0.96      0.00
      0.00     -0.96      0.48
     -0.48     -0.48      0.48
     -0.48      0.00      0.48
     -0.48      0.00      0.00
     -0.48      0.48      0.00
      0.00      0.48      0.00
      0.00      0.48     -0.48
      0.00      0.48     -0.96
     -0.48      0.48     -0.96
     -0.48      0.00     -0.48
     -0.48      0.00     -0.48
     -0.48      0.00      0.00
     -0.48      0.00      0.00
     -0.48      0.00      0.00
     -0.48      0.00      0.48
      0.00      0.00      0.00
      0.00     -0.48      0.00
      0.00     -0.48      0.00
     -0.48      0.00      0.00
      0.00      0.48      0.00
      0.00      0.48      0.00
      0.48      0.48      0.00
      0.48      0.96      0.00
      0.00      0.48      0.00
      0.00      0.48      0.00
     -0.48      0.48      0.00
     -0.48      0.00      0.00
     -0.48     -0.48     -0.48
      0.00     -0.48      0.00
      0.00      0.00      0.00
      0.00     -0.48      0.00
      0.00     -0.96      0.48
     -0.48     -0.96      0.48
     -0.48     -0.48     -0.48
     -0.48     -0.48     -0.96
     -0.48      0.00     -0.96
     -0.48      0.00     -0.48
      0.00      0.48      0.00
      0.00      1.44      0.00
      0.00      1.44     -0.48
      0.00      1.44      0.00
      0.00      0.96      0.00
     -0.48      0.00      0.48
     -0.48     -0.48      0.48
      0.00     -0.48      0.00
     -0.48     -0.48      0.48
     -0.48     -0.48      0.00
     -0.48     -0.96     -0.48
     -0.48     -0.96     -0.48
      0.00     -0.48     -0.48
      0.00      0.00     -0.48
      0.00      0.48     -0.48
      0.00      0.00     -0.48
      0.00      0.48      0.00
     -0.48      0.48      0.00
     -0.48      0.48      0.48
      0.00      0.48      0.48
      0.00      0.48      0.48
     -0.48      0.00      0.00
      0.00      0.00      0.00
      0.00      0.00     -0.48
      0.00     -0.48     -0.96
     -0.48      0.00     -0.96
     -0.48      0.48     -0.96
      0.00      0.48     -0.96
      0.00      0.00     -0.48
      0.00      0.00     -0.48
     -0.48      0.00      0.00
     -0.48      0.00      0.00
      0.00      0.48      0.48
     -0.48      0.48      0.48
     -0.48      0.00      0.96
      0.00      0.00      0.96
      0.00      0.00      0.96
      0.00      0.00      0.48
      0.00      0.00      0.00
      0.00     -0.96     -0.48
      0.00     -0.48     -0.48
     -0.48     -0.48     -0.48
      0.00      0.00     -0.48
     -0.48      0.00     -0.48
     -0.48      0.00     -0.48
     -0.48      0.00     -0.48
     -0.48      0.00      0.00
      0.00      0.48      0.00
     -0.48      0.48     -0.48
      0.00      0.96     -0.48
      0.00      0.48     -0.48
     -0.48      0.48     -0.48
      0.00      0.00      0.00
     -0.48      0.00      0.48
      0.00     -0.48      0.48
      0.00      0.00      0.00
      0.00      0.00      0.48
     -0.48     -0.48      0.00
     -0.48      0.00      0.00
      0.00      0.00      0.00
      0.00      0.48      0.00
      0.00      0.48      0.00
      0.00      0.00     -0.48
     -0.48      0.00     -0.48
     -0.48      0.00     -0.48
     -0.48      0.00     -0.48
     -0.48      0.00      0.00
      0.00      0.48     -0.48
      0.00      0.48     -0.48
      0.00      0.00      0.00
      0.00     -0.48      0.00
      0.00      0.00      0.00
      0.00      0.00      0.00
     -0.48      0.00     -0.48
     -0.48      0.00     -0.48
      0.00      0.00     -0.48
      0.00      0.00      0.48
      0.00      0.48      0.96
      0.00      0.48      0.96
     -0.48     -0.48      0.00
      0.00      0.00      0.00
     -0.48      0.00      0.00
      0.00      0.48      0.00
      0.00      0.48      0.00
      0.00      0.96      0.00
      0.00      0.96      0.00
      0.00      0.48      0.00
     -0.48     -0.48      0.00
     -0.48     -0.48     -0.48
     -0.48     -0.48     -0.48
     -0.48     -0.48      0.00
      0.00     -0.48     -0.48
      0.00     -0.48     -0.48
      0.00     -0.48     -0.48
      0.00     -0.48      0.00
      0.00      0.00      0.48
      0.00      0.48      0.00
     -0.48      0.48      0.00
     -0.48      0.48      0.00
      0.00      0.48      0.00
      0.00      0.00      0.00
      0.00      0.00      0.00
      0.00     -0.48      0.00
     -0.48     -0.96      0.48
      0.00     -0.48      0.48
      0.00      0.00      0.48
      0.00      0.00      0.00
     -0.48      0.48      0.00
     -0.48      0.48     -0.48
      0.00      0.00     -0.48
     -0.48      0.00      0.00
     -0.48      0.48      0.00
     -0.48      0.96     -0.48
      0.00      0.48     -0.96
      0.00      0.00     -0.96
     -0.48      0.00     -0.96
      0.00      0.00     -0.48
      0.00      0.48      0.48
     -0.48      0.00      0.48
     -0.48     -0.48      0.96
     -0.48     -0.48      0.96
     -0.48     -0.96      0.48
     -0.48     -0.96      0.48
      0.00     -0.48      0.00
      0.00      0.00      0.00
      0.00      0.00      0.00
      0.00      0.00      0.00
      0.00      0.48     -0.48
      0.00      0.96     -0.48
     -0.48      0.96     -0.48
     -0.48      0.96     -0.48
      0.00      0.48      0.00
     -0.48      0.00      0.00
      0.00     -0.48      0.00
      0.00      0.00      0.00
     -0.48      0.00      0.00
     -0.48      0.00      0.00
     -0.48     -0.48      0.00
     -0.48      0.00      0.00
     -0.48      0.00     -0.48
      0.00      0.00     -0.48
      0.00      0.00      0.00
      0.00      0.00      0.00
      0.00      0.00      0.00
      0.00      0.00     -0.48
      0.00      0.00      0.00
      0.00      0.00      0.00
      0.00      0.00      0.48
     -0.48      0.00      0.96
     -0.48      0.00      0.96
     -0.48      0.00      0.48
     -0.48      0.00      0.00
     -0.48      0.00      0.00
     -0.48      0.00     -0.48
      0.00      0.48     -0.48
      0.00      0.48     -0.48
      0.00      0.48     -0.48
      0.00      0.00     -0.96
      0.00      0.48     -0.96
     -0.48      0.00     -0.48
     -0.48      0.00      0.00
      0.00     -0.48      0.00
      0.00      0.00      0.48
      0.00      0.00      0.48
     -0.48      0.00      0.00
      0.00      0.48      0.48
     -0.48      0.48      0.00
      0.00      0.00      0.00
     -0.48     -0.48      0.00
     -0.48      0.00     -0.48
      0.00      0.00     -0.96
      0.00      0.00     -0.48
      0.00      0.48      0.00
     -0.48      0.00      0.48
     -0.48      0.00      0.48
     -0.48      0.00      0.00
     -0.48      0.00     -0.48
      0.00      0.00     -0.48
      0.00     -0.48     -0.48
      0.00      0.00     -0.48
      0.00      0.48      0.00
     -0.48      0.48      0.00
     -0.48      0.48      0.00
