********************************************************************************
                       INSTITUTO DE INGENIERIA, UNAM
                  Coordinacion de Instrumentacion Sismica
  Ciudad Universitaria, Apartado Postal 70-472, Coyoacan 04510, Mexico, D.F.
 Tel.(52-5)622-3414    Fax.(52-5)616-1514    e-mail: isismica@pumas.iingen.unam.mx
**************************************************************************************
ARCHIVO ESTANDAR DE ACELERACION:
VERSION DEL FORMATO                    : 2.0
NOMBRE DEL ARCHIVO                     : ACAD8912.051
FECHA Y HORA DE CREACION               : Mon Mar 23 16:33:59 1998
REF. CATALOGO ACELEROGRAMAS, SMIS 1995 : REGISTRO No. 1860 /PAG. 187


================================================================================
DATOS DE LA ESTACION:
NOMBRE DE LA ESTACION                  : ACAPULCO ESCUELA DIANA
CLAVE DE LA ESTACION                   : ACAD
LOCALIZACION DE LA ESTACION            : CENTRO REGIONAL ADMINISTRATIVO DE PROFESORES,
                                       : ANTES "ESCUELA SECUNDARIA FEDERAL NO.1", A 300M
                                       : DEL MONUMENTO A LA DIANA. ACAPULCO, GUERRERO.
                                       : 
                                       : 
COORDENADAS DE LA ESTACION             : 16.86225 LAT. N
                                       : 99.87147 LONG. W
ALTITUD (msnm)                         : 23
TIPO DE SUELO                          : LIMO ARENOSO
                                       : 
                                       : 
INSTITUCION RESPONSABLE                : INSTITUTO DE INGENIERIA UNAM 
                                       : 

================================================================================
DATOS DEL ACELEROGRAFO: 
MODELO DEL ACELEROGRAFO                : DCA-333
NUMERO DE SERIE DEL ACELEROGRAFO       : 167
NUMERO DE CANALES                      : 3
ORIENTACION C1-C6 (rumbo;orientacion)  : /V/N90E/N00E
ORIENTACION C7-C12 (rumbo;orientacion) :
VEL. DE MUESTREO, C1-C6 (muestras/s)   : /100/100/100
VEL. DE MUESTREO, C7-C12 (muestras/s)  :
ESC. COMPLETA DE SENSORES, C1-C6, (g)  : /1/1/1
ESC. COMPLETA DE SENSORES, C7-C12 (g)  :
FREC. NAT. DE SENSORES, C1-C6, (Hz)    : /30.0/30.0/30.0
FREC. NAT. DE SENSORES, C7-C12 (Hz)    :
AMORTIGUAMIENTO DE SENSORES, C1-C6     : /0.70/0.70/0.70
AMORTIGUAMIENTO DE SENSORES, C7-C12    :
INTERVALO DE MUESTREO, C1-C6 (s)       : /0.01/0.01/0.01
INTERVALO DE MUESTREO, C7-C12 (s)      :
UMBRAL DE DISPARO, C1-C6 (Gal)         : /5/5/5
UMBRAL DE DISPARO, C7-C12 (Gal)        :
MEMORIA DE PREEVENTO (s)               : 4 
TIEMPO DE POSEVENTO (s)                : 15


================================================================================
DATOS DEL SISMO:
FECHA DEL SISMO [GMT]                  : 1989/12/05
HORA EPICENTRO (GMT)                   : 08:38:01.1
MAGNITUD(ES)                           : /Mc=4.20
COORDENADAS DEL EPICENTRO              : 16.843 LAT. N 
                                       : 99.644 LONG. W 
PROFUNDIDAD FOCAL (km)                 : 16 
FUENTES DE LOS DATOS EPICENTRALES      : INSTITUTO DE INGENIERIA UNAM
                                       : 

================================================================================
DATOS DE ESTE REGISTRO:
HORA DE LA PRIMERA MUESTRA (GMT)       : 08:38:06.00
EXACTITUD DEL TIEMPO (s)               : 1.00
DURACION DEL REGISTRO (s), C1-C6       : /16.18/16.18/16.18                      
DURACION DEL REGISTRO (s), C7-C12      : 
NUM. TOTAL DE MUESTRAS, C1-C6          : /1618/1618/1618                       
NUM. TOTAL DE MUESTRAS, C7-C12         : 
ACEL. MAX.(Gal), C1-C6                 : /4.18/-12.31/-11.47                   
ACEL. MAX., C1-C6, EN LA MUESTRA       : /379/408/395                          
ACEL. MAX.(Gal), C7-C12                : 
ACEL. MAX., C7-C12,EN LA MUESTRA       : 
UNIDADES DE LOS DATOS                  : Gal (cm/s/s)
FACTOR DE DECIMACION                   : 1
FORMATO DATOS (FORTRAN,10 campos/dato) : 3F10.2


================================================================================
CALIDAD DEL ACELEROGRAMA:
REGISTRO DIGITAL COMPLETO, CON TIEMPO ABSOLUTO CORRECTO.


===============================================================================
COMENTARIOS:














===============================================================================
DATOS DE ACELERACION:
---------+---------+---------+---------+---------+---------+---------+---------+
   CANAL-1   CANAL-2   CANAL-3
         V      N90E      N00E
---------+---------+---------+---------+---------+---------+---------+---------+
      0.35      0.13      0.49
     -0.13      0.13      0.01
      0.83      0.13      0.01
      0.83      0.13      0.01
     -0.61      0.13      0.01
      0.83      0.13      0.01
      1.31      0.61     -0.47
     -1.09      0.13     -0.47
     -0.61      0.13      0.01
      0.83      0.61     -0.47
     -0.61      0.13     -0.47
     -1.57     -0.35      0.01
      0.83     -0.35      0.01
      0.35     -0.35     -0.47
     -1.57     -0.83      0.01
      0.35     -0.83      0.01
      0.83      0.13     -0.47
     -0.61      0.13      0.01
      0.35     -0.35      0.49
      0.83      0.13     -0.47
     -0.61      0.61      0.01
     -0.13      0.13      0.49
      0.35     -0.35      0.01
     -0.13      0.61      0.01
     -0.13      1.09      0.49
      0.35      0.13      0.01
      0.35     -0.35      0.01
     -0.13      0.61      0.97
     -0.61      0.13      0.01
      0.35     -0.35      0.01
      0.35      0.13     -0.47
     -0.61     -0.35     -0.47
     -0.61     -0.83      0.01
      0.35     -0.35      0.01
      0.35     -0.35      0.01
     -0.61     -0.83     -0.47
     -0.13      0.13     -0.47
      0.83      0.13     -0.47
     -0.13      0.13     -0.47
     -0.61      0.13      0.01
      1.31      0.61      0.49
      0.35      0.13     -0.47
     -1.09      0.13      0.01
      0.83      0.13      0.01
      0.83      0.61      0.01
     -1.09      0.13      0.49
     -0.13      0.13      0.01
      0.35      0.13      0.01
     -0.61      0.61      0.01
     -0.61      0.13      0.97
      0.35     -0.35     -0.47
      0.35      0.13     -0.47
     -0.61      0.13      0.01
     -0.13     -0.35      0.01
      0.35     -0.83      0.01
     -0.13     -0.35      0.01
      0.35     -0.35      0.01
      0.35     -0.83      0.01
     -0.13      0.13      0.01
      0.35      0.13      0.49
     -0.13     -0.35      0.01
     -0.61      0.13      0.01
      0.35      0.61      0.01
     -0.13      0.13     -0.47
     -0.13      0.13     -0.47
      0.35      0.13      0.01
     -0.61      0.13      0.01
     -0.13      0.13      0.01
      0.35      0.13      0.49
     -0.13     -0.35      0.97
     -0.13     -0.35      0.97
     -0.13      0.13      0.01
      0.83     -0.35      0.01
     -0.61      0.13     -0.47
     -0.13      0.13     -0.47
      0.35      0.13     -0.47
     -0.13     -0.35     -0.95
      0.35      0.13      0.01
      0.35      0.61      0.01
     -0.61      0.13     -0.47
     -0.13     -0.35     -0.47
      0.83     -0.35      0.01
     -0.13     -0.35      0.01
     -0.61     -0.35      0.01
     -0.61     -0.35      0.01
      0.35     -0.35      0.49
      0.35      0.13      0.97
     -0.13      0.13      0.97
     -0.13      0.13      0.01
     -0.61     -0.35      0.01
      0.35     -0.35      0.49
     -0.13     -0.35      0.01
     -0.61      0.13     -0.47
      0.83      0.61      0.01
      0.83      0.13      0.01
     -0.13     -0.35      0.49
     -0.13      0.13      0.01
      0.35      0.61     -0.95
     -0.61      0.13     -0.95
     -0.13      0.13     -0.47
      0.35      0.61     -0.47
     -0.13      0.61     -0.47
     -0.13     -0.35      0.01
     -0.13     -0.83      0.01
     -0.13     -0.83      0.49
      0.35     -0.35      0.97
      0.83     -0.83      0.49
     -0.13     -1.31      0.01
     -0.61     -0.35      0.01
     -0.13      0.61      0.49
      0.35      0.13      0.49
     -0.13      0.61      0.49
     -0.61      0.61      0.49
      0.35      0.61      0.01
      0.35      0.61      0.49
     -0.61     -0.35      0.01
     -0.13     -0.35     -0.95
     -0.13      0.13     -0.95
      0.35      0.61     -0.47
      0.35      0.61      0.01
     -0.13      0.61      0.01
     -0.13      0.61      0.01
     -0.61     -0.35     -0.47
     -0.61     -0.83      0.01
     -0.61     -0.35      0.01
     -0.13     -0.35      0.01
      0.35     -1.31      0.01
     -0.13     -0.35     -0.47
     -0.13      0.13      0.49
      0.35      0.61      0.97
     -0.13      0.61      0.49
     -0.61      0.13      0.97
      0.35      0.13      0.01
     -0.13      0.13     -0.47
     -0.61      0.13     -0.47
      0.35      0.13     -0.47
      0.35      0.13      0.01
      0.35      0.13      0.49
      0.35      0.61      0.49
     -0.13      0.61      0.01
     -0.13      0.61      0.01
     -0.13      0.13     -0.47
     -0.61     -0.83     -0.47
     -0.13     -0.83      0.49
      0.35     -0.35      0.01
      0.35     -0.35      0.01
     -0.61     -0.35      0.49
      0.35     -0.35      0.49
      0.35      0.13      0.49
     -0.13      0.13      0.01
      0.35      0.13      0.01
      0.35     -0.35      0.49
     -0.13      0.13      0.01
     -0.13      0.13      0.01
      0.35      0.61     -0.47
     -0.13      0.61     -0.47
     -0.13      0.61     -0.47
     -0.13      0.61     -0.47
     -0.13      0.13      0.01
     -0.61      0.13      0.01
     -0.61      0.13     -0.47
      0.35     -0.35     -0.47
      0.35     -0.35     -0.47
      0.35     -0.35      0.01
     -0.13     -0.35      0.01
     -0.13      0.13      0.01
      0.35      0.13      0.49
     -0.13     -0.35      0.01
      0.35     -0.35      0.01
     -0.13      0.13      0.01
     -0.61     -0.35      0.49
     -0.13     -0.35      0.01
     -0.13      0.13      0.01
     -0.13      0.13      0.01
     -0.13      0.13      0.01
     -0.13      0.13      0.01
      0.35     -0.35     -0.47
     -0.13      0.13     -0.47
      0.35      0.61      0.01
      0.35      0.61      0.01
      0.35      0.13      0.01
     -0.13      0.13      0.49
     -0.13      0.13      0.01
      0.35     -1.31     -0.47
     -0.13     -0.35     -0.47
     -0.61     -0.35      0.01
      0.35     -0.35      0.01
      0.35      0.13     -0.47
     -0.13      0.13      0.01
     -0.13      0.61      0.01
      0.35      0.61      0.49
     -0.13      0.13      0.49
     -0.13     -0.35     -0.47
     -0.13      0.13     -0.47
      0.35      0.13      0.49
     -0.13     -0.35      0.49
     -0.13     -0.83      0.01
      0.83     -0.35      0.01
     -0.13      0.61      0.97
     -0.13      0.13      0.97
      0.35     -0.35      0.01
      0.35      0.13     -0.47
     -0.61      0.13      0.01
     -0.61     -0.35     -0.47
     -0.13     -0.35     -1.43
     -0.13     -0.35     -0.47
     -0.61      0.13      0.49
      0.35      0.13      0.01
      0.35      0.61     -0.47
     -0.61      0.61      0.01
     -0.13      0.13      0.49
      0.35      0.61      0.01
     -0.13      0.13      0.01
      0.35      0.13      0.01
      0.35      0.13      0.01
     -0.61      0.13      0.01
     -0.13     -0.35      0.01
      0.83     -0.35     -0.47
      0.35     -0.35     -0.47
     -0.13     -0.35      0.01
      0.35     -0.35      0.01
     -0.13     -0.35      0.01
     -0.13     -0.35      0.49
      0.35     -0.35      0.97
     -0.61     -0.35      0.49
     -0.13      0.13      0.49
      0.35      0.13      0.01
     -0.13      0.13      0.01
      0.35      0.61      0.01
     -0.13      0.61      0.01
      0.35      0.61     -0.47
      0.35      0.13     -0.47
     -0.61      0.13     -0.47
     -0.13     -0.35      0.01
      0.35      0.13      0.01
     -0.13      0.13     -0.47
     -0.13      0.13      0.01
      0.35     -0.35      0.01
      0.35     -0.35      0.01
     -0.13     -0.83     -0.47
     -0.13     -0.35     -0.47
     -0.13     -0.35     -0.47
     -0.13     -0.35     -0.47
     -0.13     -0.35      0.01
     -0.13      0.13      0.01
     -0.13      0.13      0.01
      0.35     -0.35      0.49
     -0.13     -0.35      0.97
     -0.13      0.13      0.97
      0.35      0.61      0.97
      0.35     -0.35      0.49
     -0.13      0.13      0.49
     -0.13      0.61     -0.47
      0.35      0.61     -0.95
      0.35      0.61     -0.47
      0.35      0.61      0.01
     -0.61      0.13      0.01
     -1.09      0.13     -0.47
     -0.13     -0.35     -0.47
      0.83     -0.35     -0.95
      0.35     -0.35     -0.47
     -0.13     -0.35      0.49
      0.35     -0.83      0.01
     -0.61     -0.35      0.01
     -0.61     -0.35      0.49
     -0.61     -0.35      0.01
     -0.13     -0.35      0.01
      0.35     -0.35      0.01
      0.83      0.61     -0.47
      1.78      0.61      0.01
      1.31      0.13      0.97
      0.35      0.61      0.01
     -0.13      0.61     -0.47
     -0.13      1.09     -0.47
     -1.09      0.13     -0.47
     -0.61     -0.35      0.01
      0.35      0.13     -0.47
     -0.61      0.13      0.01
     -0.61     -0.35      0.97
     -0.13     -0.35      0.97
      0.35     -0.35      0.49
     -0.13     -0.83      0.01
      0.35     -0.35      0.01
      0.35      0.13     -0.47
      0.35      0.61     -0.95
      1.31      0.13     -0.95
     -0.61      0.13      0.01
     -1.57      0.61      0.97
     -0.13      0.13      0.49
     -0.13     -0.35      0.01
     -0.61     -0.35      0.49
     -0.13      0.13      0.97
     -0.13     -0.35      0.01
     -0.61     -0.35     -0.95
      0.35      0.13     -0.47
      0.35      0.13     -0.47
     -0.13      0.61      0.01
      0.35      0.61      0.97
      0.83     -0.35      0.49
      0.35      0.13      0.49
     -0.13      0.13      0.01
     -0.13     -0.35     -0.95
     -0.61     -0.35     -0.95
     -0.13     -0.35      0.01
      0.35     -0.35     -0.47
     -0.13      0.13     -0.47
     -0.13      0.61      0.97
      0.35      0.61      0.97
      0.35     -0.35      0.97
     -0.13     -0.35      0.49
     -0.13     -0.35     -0.47
     -0.13     -0.83     -1.43
      0.35     -0.35     -0.47
      0.83      0.13      0.01
      0.35      0.61      0.01
     -0.61      0.61      0.01
     -1.09      0.61      0.01
     -0.61     -0.35      0.01
     -0.13     -0.35      0.01
      0.35      0.13     -0.47
      0.35     -0.35      0.01
      0.83     -0.35      0.01
      0.83      0.13      0.49
      0.35     -0.35      0.01
      0.35     -0.35     -0.47
      0.35      0.61     -0.47
     -0.61      0.61      0.01
     -0.61      0.61      0.97
     -0.13      0.61      0.49
     -0.13      0.13      0.01
     -0.13     -0.35      0.01
     -0.13     -0.35     -0.47
      0.35      0.13      0.01
      0.35      0.13      0.01
      0.35     -0.35     -0.95
      0.35     -0.35     -0.47
     -0.61     -0.35      0.01
     -0.13     -0.83      0.01
      0.83     -0.83     -0.47
      0.35      0.13      0.49
     -0.61      0.61      0.97
      0.35      0.61      0.49
     -0.13      0.13     -0.47
     -0.61     -0.35     -0.95
     -0.61     -0.35      0.01
     -0.13     -0.35      0.97
      0.35     -0.35      0.97
      0.35      0.61      0.01
      0.35      1.09      0.01
      0.35      1.57     -0.47
     -0.13      2.04     -1.43
     -0.61      2.04     -1.90
     -0.61      3.00     -2.86
     -0.61      2.52     -2.86
     -1.09      1.57     -2.86
     -1.09      0.61     -1.90
     -0.61     -1.78      0.01
     -0.61     -4.18      2.40
      0.35     -5.61      4.80
      1.31     -6.09      6.23
      1.78     -6.09      5.75
      2.26     -3.22      3.84
      1.31     -0.35      1.45
      0.35      2.52     -1.43
      0.35      4.44     -0.95
     -0.13      2.04     -0.47
     -0.13     -2.74      0.49
     -0.13     -5.13      0.97
     -1.09     -5.13     -0.95
     -0.13     -0.83     -3.34
     -0.13      6.35     -5.73
     -0.61     11.14     -4.78
     -0.61     11.14     -1.43
     -1.09      7.31      1.45
     -2.04      1.57      2.88
     -1.57     -2.74      2.88
     -0.13     -4.66     -0.47
      0.83     -5.61     -5.25
      2.26     -5.13     -7.17
      4.18     -3.22     -5.73
      3.70     -0.83     -1.90
      1.31      1.09      1.92
      0.83      3.00      5.27
     -1.57      3.00      6.23
     -3.00      2.04      4.80
     -3.00      0.13      2.88
     -2.52     -3.22      0.01
     -2.04     -4.66     -1.43
      0.83     -5.13      0.97
      2.74     -4.18      4.80
      3.22     -2.26      7.67
      2.26     -0.83      6.71
     -0.13      0.13      1.45
     -3.00      2.52     -4.78
     -3.00      4.92     -9.08
     -2.52      4.44    -11.47
      0.35      3.00     -9.08
      2.74      2.52     -4.78
      2.74      1.57      0.01
      1.31      1.57      2.88
     -1.09      1.09      2.40
     -2.52     -0.35      0.01
     -1.57      0.13     -1.43
      0.83      3.48     -0.95
      0.83      4.44      1.45
      0.35      3.00      5.75
     -0.13     -2.26      7.19
      0.35     -8.48      4.80
     -0.13    -12.31      3.36
     -0.13    -11.83      1.45
      0.35     -7.53     -0.47
      1.78     -0.83     -0.95
      0.83      4.44     -1.43
     -1.09      6.83     -2.38
     -0.61      6.83     -0.95
      0.35      5.39      0.49
     -1.09      3.00      0.01
     -1.57      1.57     -0.47
     -0.61      0.13     -2.38
      0.35     -1.78     -4.30
      0.83     -1.31     -4.78
      1.78      2.52     -4.30
      0.83      5.87     -2.38
     -1.09      5.87     -0.47
     -1.09      2.52      0.49
     -1.57     -1.78      0.97
     -2.04     -5.61      0.97
     -1.57     -7.05     -1.43
      0.35     -6.57     -1.90
      1.78     -5.13     -0.47
      1.78     -3.70      1.92
      1.31     -3.22      5.27
      0.35     -2.26      7.67
      0.35     -0.35      6.71
     -0.13      3.00      4.32
     -1.09      3.96      2.88
     -0.61      3.00      1.92
     -0.13      3.48     -1.90
     -1.09      3.96     -4.30
     -1.09      4.44     -6.21
     -0.61      3.96     -7.65
      0.35      2.04     -5.73
      1.31      1.57     -3.82
      0.35      1.57     -2.38
     -0.13     -0.35     -0.95
     -0.13     -3.22      0.01
     -0.61     -4.66      1.45
     -0.61     -4.18      2.88
     -0.13     -3.22      3.84
      0.83     -4.18      4.32
      1.78     -3.70      4.32
      0.83     -1.31      3.36
     -0.13      1.09      0.97
      0.35      1.57     -0.95
     -0.13      1.09     -3.82
     -0.61      0.61     -4.78
     -0.61     -0.83     -5.25
     -1.09     -0.83     -4.30
     -0.13      1.09     -1.90
      0.35      3.96      1.45
     -0.13      5.87      4.32
      1.31      5.87      5.75
      0.83      4.44      4.32
     -0.13      0.61      0.97
     -0.61     -4.18     -1.90
     -1.09     -6.57     -4.78
     -2.04     -5.61     -5.25
     -1.09     -1.78     -3.34
      0.83      2.52     -0.95
      1.31      4.44      1.45
     -0.13      3.00      1.92
     -0.61     -0.83      0.97
     -0.61     -4.66      0.01
      0.35     -5.13      0.97
      0.83     -2.74      1.45
      1.78     -1.31      1.92
      1.78      1.09      1.92
      0.35      3.00      1.45
     -0.13      3.00      1.92
     -0.61      3.00      1.92
     -1.09      2.52      0.97
     -1.09      1.09     -0.95
     -0.61     -0.35     -1.43
      0.83     -0.35     -2.38
      1.31     -0.83     -2.86
      1.31     -0.35     -2.86
      0.83      0.61     -3.34
     -0.13      0.13     -2.38
     -1.57     -0.83     -0.47
     -0.61     -2.26      0.49
     -2.04     -3.22      0.01
     -2.52     -2.74     -0.47
     -1.57     -1.78      0.97
      0.35     -1.31      1.45
      1.78     -0.83      1.92
      1.78      0.61      1.92
      1.31      2.04      1.92
      0.83      2.52      1.45
      0.35      2.52      0.97
     -0.61      3.00      0.97
     -1.09      3.48      1.92
     -0.61      3.00      2.40
     -0.13      2.04      0.97
     -0.61      1.09     -0.95
     -0.61     -0.83     -1.43
      0.35     -2.74     -0.95
      0.83     -3.70     -1.90
      1.31     -2.74     -3.34
      0.83     -1.31     -2.86
     -0.61     -0.35     -1.43
     -1.09     -0.83     -1.43
     -1.09     -2.26     -1.43
     -1.57     -3.22     -0.95
     -0.61     -2.74     -0.47
      0.83     -1.31      0.01
      0.83      0.13      0.49
      1.78      1.57      0.01
      1.31      2.52      0.01
     -0.13      3.00      0.97
     -0.13      3.00      1.45
     -0.13      2.52      2.40
     -0.13      2.04      3.84
      0.35      1.57      3.36
     -0.13      1.57      1.92
      0.35      0.13      0.97
      0.83     -0.35      0.49
      1.31      0.13     -0.47
      0.35     -0.35     -1.43
     -0.61     -0.83     -1.90
     -1.57     -2.26     -0.95
     -0.61     -3.22     -0.47
     -0.61     -2.26     -1.43
     -1.09     -0.83     -3.34
     -0.61      0.13     -4.78
     -0.13      0.61     -3.34
      0.35      0.61      0.01
     -0.61      0.61      0.97
     -1.09      1.09      0.97
     -0.61      1.57      0.97
     -0.61      1.09      2.40
     -0.13      0.61      2.88
      0.83     -0.35      2.40
      1.31      0.13      0.97
      1.31      0.13     -0.47
      1.31     -0.83     -0.47
      0.35     -1.31      0.49
     -0.13     -1.31      0.01
     -0.13     -1.78      0.01
     -0.61     -0.83      0.97
     -1.09      0.13      0.97
     -0.13      0.61      0.97
      1.31      1.09      1.45
      0.83      1.57      0.97
      0.35      0.61     -0.47
     -0.61     -0.83     -1.43
     -1.57     -1.78     -1.90
     -0.61     -2.26     -1.90
     -0.13     -0.35     -1.43
     -0.13      1.09     -1.43
      0.35      2.52     -2.38
      0.83      2.52     -2.86
      0.83      1.57     -1.90
      0.35      0.13      0.01
      0.35     -1.31      0.97
      0.83     -1.31      1.45
     -0.13      0.61      2.40
     -0.61      1.57      4.32
     -0.13      1.57      5.27
     -0.13      0.61      3.84
      0.35     -0.35      1.92
      0.35     -0.83      0.49
      0.35     -1.31     -0.47
     -0.13     -1.78     -2.38
     -0.13     -2.74     -3.82
     -0.13     -1.78     -3.82
     -0.13      0.13     -2.38
      0.35      0.61     -1.90
     -0.13      0.61     -1.43
     -0.13      1.57     -0.47
     -0.13      2.04      0.97
     -0.13      1.09      0.97
     -0.13      0.61      0.01
      0.35      1.57      0.01
      0.35      1.57      0.01
      0.83      0.13      0.97
      0.35     -1.78      2.40
     -0.13     -1.78      2.40
      0.35     -1.31      1.92
      0.35     -0.35      0.97
     -1.09     -0.35      0.01
     -1.57     -0.35      0.01
     -1.09     -0.35     -0.47
      0.35      0.13     -0.95
      1.31      0.13     -0.95
      0.83     -0.35     -0.95
      0.35     -1.78      0.01
      0.35     -1.78      0.01
      0.35     -0.83     -1.90
     -0.13      0.61     -2.38
     -0.61      2.04     -1.43
     -0.13      2.04     -0.47
     -0.13      2.04      0.97
     -0.61      1.57      1.45
     -0.61      0.13      0.97
     -0.13     -0.83      0.49
      0.35     -0.83     -0.47
      0.35      0.61      0.01
      0.35      1.09      0.97
      0.35      0.13      1.92
      0.35     -0.83      0.97
      0.35     -0.83      0.01
     -0.13      0.13      0.97
     -0.61     -0.35      0.97
     -0.61     -0.83      0.01
     -0.13     -0.83     -1.90
     -0.13     -0.35     -2.38
      0.35      0.13     -2.38
     -0.13      0.61     -1.43
     -0.13      0.13      0.01
     -0.13     -0.35     -0.47
      0.35      0.13     -0.95
     -0.13      0.61      0.01
     -0.61      1.09      1.45
     -0.13      1.09      0.97
      0.83      1.57     -0.47
      0.83      1.09      0.49
      0.35     -0.35      1.45
     -0.13     -1.31      1.92
     -0.13     -0.83      0.97
     -0.13     -1.31     -0.47
     -0.13     -0.83     -0.95
      0.35      0.13     -0.47
      0.83      0.61      0.97
      0.35      0.13      0.97
      0.35      0.61      0.97
     -0.13      1.09      0.01
     -1.09     -0.35     -1.43
     -0.61     -0.83     -2.38
      0.35     -0.35     -2.38
      0.35      0.61     -1.43
      0.35      1.57      0.01
      0.35      1.09      0.49
     -0.13     -0.83      0.01
     -0.13     -0.35      0.97
     -0.61      0.13      0.97
     -1.57      0.13      0.49
     -0.13     -0.35      0.01
      0.35     -0.35      0.49
      0.83     -0.35      0.97
      0.35      0.13      0.49
      0.35     -0.35      0.49
      0.35     -1.31      0.49
      0.35     -1.31      0.49
     -0.13     -0.35      0.49
     -0.13      0.13      0.49
     -0.13      0.61      0.97
     -0.13      1.57      0.97
      0.35      2.04     -0.47
     -0.61      1.09     -2.38
     -0.61      0.13     -2.38
      0.35     -0.35     -0.95
      0.35      0.13     -0.47
     -0.61      0.13     -0.95
     -0.61     -0.83     -1.90
      0.83     -1.31     -1.90
      0.35     -1.31      0.01
     -0.13     -2.26      1.45
     -0.13     -1.78      1.45
      0.35     -0.83      1.92
      0.35      0.13      1.92
     -0.13      1.09      1.92
     -0.13      1.57      1.45
     -0.13      1.57      0.49
      0.35      1.09     -0.47
     -0.13      2.04     -0.95
     -0.61      2.04     -0.95
     -0.13      1.09     -1.43
      0.35      0.13     -2.38
      0.35      0.61     -2.86
     -0.13      1.09     -1.90
     -0.13     -0.35     -0.47
     -0.61     -1.31      0.49
     -0.13     -1.78      0.97
     -0.13     -1.78      1.45
     -0.13     -1.31      1.45
      0.35     -1.78      0.97
      0.35     -1.31      0.01
      0.35     -0.35      0.01
      0.35      0.61      0.49
      0.35      0.13      0.49
     -0.61     -0.35      0.01
     -0.61     -0.83      0.01
     -0.61      0.13      0.01
     -0.13      0.61      0.01
      0.83      0.61      0.01
      0.83      1.09      0.01
      0.35      2.04      0.01
     -0.13      2.04      0.01
     -0.13      0.61      0.97
     -0.13     -0.35      0.49
     -0.13     -0.35     -0.47
      0.35      0.13     -0.95
      0.35      0.13     -0.95
      0.35      0.13     -0.47
      0.35      0.13     -0.47
     -0.13     -0.83     -0.95
     -0.13     -1.31     -1.43
     -0.61     -1.78     -0.95
     -0.61     -2.26      0.01
     -0.61     -1.78      1.45
     -0.61     -1.31      1.92
     -0.13     -0.35      1.45
      0.35      0.13      0.97
      0.83      0.13      0.97
      0.83      0.61      0.49
      0.35      1.09     -0.95
      0.35      1.57     -1.43
     -0.13      1.57     -0.47
      0.35      1.09      0.01
      0.35      0.61      0.01
     -0.61      0.61     -0.47
     -0.13      0.61     -0.47
     -0.13      0.61      0.01
     -0.61      0.13      0.49
     -0.61      0.13      0.49
      0.35      0.61     -0.47
      0.35      0.13     -0.95
     -0.13     -0.35     -0.47
     -0.61     -1.31      0.01
      0.35     -1.78     -0.47
      0.35     -1.78     -0.47
      0.35     -1.78      0.49
      0.35     -0.35      0.97
      0.83      0.13      0.97
      0.35      0.61      0.97
      0.35      0.61      0.97
      0.35      1.09      0.49
     -0.13      0.61      0.49
     -0.13      0.13      0.49
     -0.61      0.13      0.49
     -0.13      0.61     -0.47
     -0.13      0.61     -1.43
     -0.13      1.09     -0.95
      0.35      0.61     -0.47
     -0.13     -0.35     -0.47
     -0.13     -0.35     -0.47
     -0.13     -0.35     -0.95
     -0.61     -0.83     -0.95
     -0.13     -1.31     -0.95
      0.35     -1.31     -0.47
      0.35     -0.83     -0.95
      0.35      0.13      0.97
      0.83      0.13      0.97
     -0.13     -0.35      1.45
     -0.13     -0.35      1.45
     -0.13      0.13      0.97
     -0.13      0.61      0.97
     -0.13      1.57      0.49
      0.35      1.57     -0.47
     -0.13      0.61      0.01
     -0.13      0.13     -0.47
      0.35      0.13     -0.95
     -0.13      0.61     -0.95
     -0.61      0.13     -0.95
     -0.13     -0.83     -0.95
     -0.13     -0.83     -0.95
     -0.13      0.13     -0.95
     -0.13      0.61     -1.43
     -0.13     -0.83     -0.95
     -0.13     -1.31      0.49
      0.35     -1.78      1.45
      0.35     -1.31      0.97
     -0.13     -0.35      0.49
      0.35      0.61      0.97
      0.35      0.61      0.49
      0.35      1.09      0.49
      0.35      1.57      0.49
     -0.13      0.13     -0.47
     -0.61      0.13     -0.95
     -0.13      0.13     -0.47
     -0.13     -0.35     -0.47
     -0.13     -1.31      0.01
      0.35     -1.31      0.97
     -0.13     -0.35      0.49
     -0.13      0.13      0.97
     -0.13     -0.35      0.97
      0.35     -0.35      0.01
      0.35      0.13     -0.95
     -0.13      0.61     -0.95
     -0.13      0.61     -0.95
      0.35      0.61     -1.43
      0.35      0.13     -0.95
      0.35      0.61     -0.47
      0.35      1.09      0.01
     -0.13      1.09      0.01
     -0.13      0.61      0.49
     -0.61      0.13      0.97
     -0.13     -0.35      0.97
     -0.61     -0.83      0.49
     -0.13     -1.31      0.49
     -0.13     -0.83      1.45
      0.35     -0.35      1.45
      0.35      0.13      0.49
     -0.13      0.13     -0.95
     -0.13     -0.35     -0.95
     -0.13     -0.35     -0.95
     -0.13     -0.83     -1.43
     -0.13     -0.35     -0.95
     -0.13      0.13      0.01
     -0.13      0.61      0.97
     -0.13      0.61      0.97
     -0.13      1.09      0.97
     -0.13      1.09      0.97
     -0.13      1.09      0.97
     -0.13     -0.35     -0.47
     -0.13     -1.31     -1.90
     -0.13     -1.31     -1.90
     -0.13     -0.83     -0.95
     -0.13     -0.83      0.01
      0.35     -0.83      0.49
      0.35     -1.31      0.01
     -0.13     -1.31      0.01
     -0.13     -0.35      0.97
     -0.13      0.13      0.97
     -0.13      0.61      0.97
      0.35      1.09      0.97
      0.35      1.09      0.97
      0.35      1.09      0.49
     -0.13      0.61     -0.47
     -0.13     -0.35     -1.43
     -0.13     -0.35     -0.95
      0.35      0.13      0.01
     -0.13      0.13      0.01
      0.35      0.61      0.49
      0.35      0.61      0.49
     -0.13      0.61      0.01
     -0.13      0.13     -0.47
     -0.13     -0.35     -0.95
     -0.13     -0.35     -0.95
     -0.13     -0.35     -0.47
      0.35     -0.83      0.01
     -0.13     -0.83      0.01
     -0.13     -0.35      0.49
      0.35     -0.35      0.97
      0.35      0.13      1.45
     -0.13      0.13      1.45
     -0.13     -0.35      1.45
     -0.13     -0.35      0.97
     -0.13     -0.35      0.01
      0.35     -0.35     -0.47
      0.35      0.13     -0.95
      0.35      0.61     -1.43
     -0.61      0.61     -0.95
     -0.61      0.61     -0.95
     -0.13      0.61     -0.95
     -0.61      0.61     -0.95
     -0.61      1.09     -0.47
     -0.61      0.61      0.49
      0.35      0.13      0.97
      0.35      0.13      0.97
      0.83     -0.35      1.45
      0.83     -0.83      0.49
      0.83     -0.83      0.49
      0.35      0.13      0.97
     -0.61      0.13      0.01
     -0.61      0.13     -0.95
     -0.13     -0.83     -0.95
     -0.61     -1.31     -0.47
     -0.61     -1.31      0.01
     -0.13     -1.31     -0.95
     -0.13      0.13     -0.95
      0.35      1.09     -0.47
      0.35      1.57      0.01
     -0.13      1.09      0.49
     -0.13      1.09      0.01
      0.35      1.09      0.01
      0.35      0.61      0.01
     -0.13      0.13      0.49
     -0.61     -0.83      0.49
      0.35     -1.31      0.01
      0.35     -0.35      0.01
     -0.13      0.13      0.01
     -0.13      0.61      0.01
      0.35      0.13      0.01
      0.35     -0.83      0.49
     -0.13     -1.31      0.01
     -0.61     -0.83     -0.95
     -0.13     -0.35     -1.43
      0.35     -0.35     -0.95
      0.35     -0.35      0.01
      0.35      0.61      0.01
      0.35      0.61      0.01
     -0.13      0.13     -0.47
     -0.13     -0.35      0.01
     -0.61     -0.83      0.49
     -0.13     -0.83      0.97
     -0.13     -0.35      0.01
      0.35      0.61      0.49
      0.35      0.61      0.97
      0.35      0.61      0.97
      0.35      0.13     -0.47
     -0.13     -0.35     -0.47
     -0.61     -0.35     -0.95
     -0.13     -0.35     -0.95
     -0.13      0.13     -0.47
      0.35      0.61      0.49
      0.35      0.61      0.01
      0.35      0.61      0.01
      0.35      1.09      0.49
     -0.13      0.13      0.49
      0.35     -0.35      0.01
     -0.13     -0.35      0.01
     -0.13     -0.35     -0.47
     -0.13      0.13     -0.47
     -0.13     -0.35     -0.47
     -0.61     -0.83     -0.47
     -0.13     -0.83     -0.47
      0.35     -0.83     -0.95
      0.35     -0.35      0.01
      0.35     -0.35      0.49
     -0.61      0.61      0.97
     -0.13      0.61      0.49
      0.35      0.61     -0.47
     -0.13      0.61      0.97
     -0.13      0.61      0.97
      0.35      0.61      0.97
      0.35      0.61      0.49
      0.35      0.13      0.01
      0.35      0.13      0.01
     -0.13     -0.35     -0.95
     -0.13     -0.35     -0.95
     -0.13      0.13     -0.47
     -0.61      0.13      0.01
     -0.13     -0.35      0.01
     -0.13     -1.31     -0.47
      0.35     -1.31     -0.95
      0.35     -0.83     -1.43
      0.35     -0.35     -1.43
      0.35      0.61      0.01
     -0.13      0.61      0.97
     -0.13      0.61      0.97
     -0.13      0.13      0.97
     -0.61      0.13      0.97
      0.35      0.13      0.97
     -0.13      0.61      0.49
      0.35      0.61      0.01
     -0.13      0.13      0.01
     -0.61     -0.35      0.01
      0.35     -0.35     -0.95
     -0.13      0.13     -0.95
     -0.13      0.13     -0.95
      0.35     -0.35      0.01
     -0.13     -0.35      0.01
     -0.13      0.13      0.01
     -0.13      0.61     -0.47
      0.35      0.61     -0.47
      0.35      0.13      0.49
      0.35     -0.35      0.97
     -0.13      0.13      0.97
     -0.13     -0.35      0.97
     -0.13     -0.35      0.01
     -0.13     -0.83     -0.47
      0.35     -0.35     -0.47
      0.35      0.13      0.01
     -0.13      0.13     -0.47
      0.35      0.13     -0.47
      0.35      0.61      0.49
     -0.13      0.61      0.97
     -0.13      0.61      0.97
     -0.13      0.61      0.01
     -0.13      0.61      0.01
     -0.13      0.13      0.01
     -0.13     -0.35      0.01
      0.35     -0.35     -0.47
      0.35      0.13     -0.47
      0.35      0.61     -0.47
     -0.13      0.13      0.01
     -0.13     -0.35     -0.47
     -0.13     -0.35      0.01
     -0.13     -0.83     -0.47
      0.35     -0.35     -0.47
     -0.13     -0.35     -0.47
     -0.13     -0.35      0.01
      0.35     -0.35      0.01
      0.35      0.61     -0.47
     -0.13      0.61     -0.47
     -0.13      0.61      0.01
     -0.13      0.13      0.97
     -0.13      0.13      0.97
     -0.13      0.13      0.49
     -0.13      0.13      0.01
      0.35      0.13      0.49
      0.35      0.13     -0.47
      0.35      0.13     -0.47
      0.35      0.13      0.01
     -0.13     -0.35      0.49
     -0.13     -0.35      0.01
     -0.13     -0.83     -0.47
     -0.61     -0.35     -0.95
     -0.13      0.13     -0.47
     -0.13      0.13      0.01
     -0.13      0.61      0.01
      0.35      0.61      0.01
      0.35      0.13      0.01
     -0.13      0.13      0.49
     -0.13      0.13      0.49
      0.35      0.13      0.49
     -0.13      0.13      0.01
     -0.13      0.13      0.01
     -0.13      0.13      0.01
      0.35     -0.35      0.01
      0.35      0.13      0.01
     -0.13      0.13      0.01
     -0.13      0.13      0.01
     -0.13     -0.35      0.01
      0.35     -0.35     -0.47
     -0.13     -0.35     -0.47
     -0.13     -0.35     -0.47
     -0.13     -0.35      0.01
      0.35      0.13      0.49
      0.35      0.61      0.97
      0.35      1.09      0.97
     -0.13      0.61      0.49
     -0.61      0.13      0.49
     -0.13     -0.35      0.01
     -0.13      0.13     -0.47
     -0.13      0.13     -0.47
      0.35     -0.35     -0.47
      0.35     -0.83      0.01
     -0.13     -0.83      0.01
     -0.13     -0.35     -0.47
      0.35      0.13     -0.47
     -0.13      0.61     -0.47
     -0.13      0.13      0.01
     -0.13     -0.35      0.49
     -0.13     -0.35      0.01
      0.35      0.61      0.49
      0.35      0.61      0.49
      0.35      0.13      0.97
     -0.13      0.61      0.97
     -0.13      0.13      0.49
     -0.61      0.13      0.01
     -0.13      0.13     -0.47
     -0.13      0.13      0.01
     -0.13     -0.35      0.01
     -0.13     -0.35      0.01
     -0.13      0.13     -0.95
      0.35      0.13     -0.95
      0.35      0.13     -0.47
     -0.13     -0.35     -0.47
      0.35     -0.35      0.01
      0.35     -0.35      0.01
     -0.13     -0.35      0.01
     -0.61      0.13      0.49
     -0.13      0.13      0.01
     -0.13      0.13      0.49
     -0.13     -0.35      0.97
     -0.13      0.13      0.97
     -0.13      0.13      0.49
      0.35     -0.83     -0.47
     -0.13     -0.83     -0.47
      0.35      0.13     -0.47
     -0.13      0.61     -0.95
     -0.13      1.09     -0.95
     -0.13      1.09      0.01
      0.35      0.61      0.97
     -0.13      0.61      0.97
     -0.13      0.61      0.49
     -0.13      0.13      0.49
     -0.13     -0.35     -0.47
      0.35     -0.83     -0.47
      0.35     -0.83     -0.47
      0.35     -0.35      0.01
      0.35     -0.35      0.01
      0.35      0.13      0.01
     -0.61     -0.35      0.49
     -0.13     -0.35      0.49
     -0.61     -0.35      0.49
     -0.13     -0.35      0.01
      0.35     -0.35     -0.47
      0.35     -0.35     -0.47
      0.35      0.13     -0.47
     -0.61     -0.35      0.01
     -0.13      0.13      0.01
     -0.13      0.61      0.01
     -0.13      0.13      0.01
     -0.61      0.61      0.01
     -0.13      0.61      0.01
      0.35      0.61      0.49
      0.35      0.61      0.97
      0.35      0.61      0.49
      0.35      0.13     -0.47
     -0.13      0.13     -0.47
     -0.13      0.13     -0.95
     -0.13      0.13     -0.95
     -0.13      0.13     -0.47
     -0.13     -0.35     -0.47
     -0.13     -0.35      0.01
     -0.13     -0.35      0.01
     -0.13     -0.35      0.49
     -0.13     -0.83      0.49
     -0.13     -0.83      0.49
      0.35     -0.35      0.97
      0.35     -0.83      0.49
     -0.13     -0.35      0.49
     -0.13     -0.35      0.49
      0.35      0.13      0.01
      0.35      0.61     -0.95
      0.35      1.09     -0.47
     -0.13      1.09     -0.47
     -0.13      1.09     -0.95
     -0.13      0.61      0.01
     -0.13      0.61      0.97
     -0.13      0.13      0.97
     -0.13     -0.35      0.49
     -0.13     -0.35      0.01
     -0.13     -0.35     -0.47
     -0.13     -0.35      0.01
     -0.13     -0.35      0.01
     -0.13     -0.83      0.01
     -0.13     -0.83     -0.47
      0.35     -0.35     -1.43
     -0.13     -0.35     -0.95
      0.35      0.13     -0.95
      0.35      0.61     -0.95
      0.35      0.61     -0.47
      0.35      0.61      0.49
     -0.13      0.13      0.97
     -0.13      0.13      1.45
     -0.13      0.13      0.97
     -0.13      0.61      0.97
     -0.13      0.61      0.01
     -0.13      0.13      0.01
      0.35      0.13     -0.47
     -0.13      0.13      0.01
      0.35     -0.35      0.01
      0.35     -0.35      0.01
     -0.13     -0.35     -0.47
     -0.13     -0.35     -0.95
     -0.13     -0.35     -1.43
     -0.13     -0.35     -0.47
      0.35      0.13      0.01
      0.35      0.13      0.49
      0.35      0.13      0.97
     -0.13      0.13      0.49
     -0.13     -0.35      0.01
     -0.13     -0.35     -0.47
     -0.13     -0.35     -0.47
     -0.13     -0.35     -0.47
      0.35      0.13     -0.47
      0.35      0.61      0.01
     -0.13      0.61      0.01
     -0.61      0.13      0.49
      0.35      0.13      0.01
      0.35      0.13      0.01
      0.35      0.13      0.49
      0.35      0.61      0.49
      0.35      0.61      0.01
     -0.13      0.13     -0.47
     -0.13     -0.35     -0.47
     -0.13     -0.83      0.01
     -0.13     -0.83      0.49
     -0.61     -0.35      0.97
      0.35      0.13      0.49
      0.35      0.13      0.01
      0.35      0.13     -0.47
     -0.13      0.13     -0.95
      0.35      0.13     -0.47
      0.35      0.61      0.01
      0.35      0.61      0.49
     -0.13      0.13      0.49
     -0.13     -0.35      0.49
     -0.13     -0.35      0.01
     -0.13     -0.35      0.01
      0.35     -0.35      0.01
      0.35     -0.35      0.01
     -0.13     -0.35      0.49
     -0.13     -0.35      0.01
     -0.13     -0.35     -0.47
      0.35     -0.35      0.01
      0.35      0.13      0.01
     -0.13      0.13      0.01
     -0.61      0.13     -0.47
      0.35      0.13     -0.47
      0.35      0.13      0.01
      0.35      0.61      0.01
     -0.13      0.13      0.01
     -0.13      0.13      0.01
     -0.13      0.13      0.01
     -0.13      0.13      0.01
     -0.13     -0.35      0.49
     -0.13     -0.35      0.49
      0.35      0.13      0.01
      0.35      0.13      0.01
     -0.61      0.13      0.01
     -0.13      0.13     -0.47
     -0.13      0.13      0.01
      0.35      0.13     -0.47
     -0.13      0.61     -0.47
     -0.13      0.13     -0.47
     -0.13     -0.35      0.01
     -0.13     -0.35      0.49
     -0.13      0.13      0.01
     -0.13      0.13      0.49
     -0.13      0.13      0.49
     -0.13      0.13      0.49
     -0.13     -0.35      0.01
     -0.13     -0.35      0.01
      0.35     -0.35      0.01
      0.35     -0.35     -0.47
      0.35     -0.35      0.01
      0.35      0.13      0.01
     -0.13      0.61      0.01
     -0.13      0.61     -0.47
     -0.13      0.13     -0.47
     -0.13      0.13      0.01
     -0.13      0.61      0.01
     -0.13      0.13      0.49
      0.35      0.13      0.01
      0.35      0.61      0.01
     -0.13      0.13      0.01
     -0.13      0.13      0.49
     -0.13      0.13      0.49
     -0.13     -0.35      0.01
     -0.13     -0.35      0.01
     -0.61     -0.83      0.01
     -0.13     -0.35      0.01
      0.35     -0.35      0.01
      0.35      0.13      0.01
      0.35      0.61      0.01
      0.35      0.61      0.01
     -0.13      0.61      0.49
      0.35      0.13      0.49
     -0.13      0.13      0.49
     -0.13     -0.35      0.01
     -0.13     -0.35      0.01
      0.35     -0.35      0.01
      0.35     -0.35      0.01
     -0.13     -0.35      0.01
      0.35      0.13     -0.47
     -0.13      0.61     -0.47
     -0.13      0.61     -0.47
     -0.13      0.13     -0.47
     -0.13     -0.35     -0.47
      0.35     -0.35     -0.47
     -0.13     -0.35      0.01
     -0.13      0.13      0.97
     -0.13      0.61      0.97
     -0.13      0.61      0.97
     -0.13      0.61      0.49
     -0.13      0.13      0.49
     -0.13      0.13      0.01
     -0.13     -0.35      0.01
      0.35     -0.35     -0.47
      0.35     -0.35     -0.47
     -0.13     -0.35      0.01
     -0.13      0.13      0.01
     -0.13     -0.35     -0.47
     -0.13      0.13     -0.47
      0.35      0.13     -0.47
     -0.13      0.13     -0.95
     -0.13      0.13      0.01
     -0.13      0.13      0.01
     -0.13      0.13     -0.47
     -0.13     -0.35      0.01
      0.35     -0.35      0.01
     -0.13     -0.35      0.01
     -0.13      0.61      0.49
      0.35      0.61      0.49
     -0.13      0.61      0.49
     -0.13      0.13      0.97
      0.35     -0.35      0.49
     -0.13     -0.35      0.01
      0.35     -0.35     -0.47
      0.35     -0.35      0.01
     -0.13     -0.35      0.01
     -0.13     -0.35     -0.47
     -0.13     -0.35     -0.47
     -0.13     -0.35      0.01
     -0.13      0.13      0.01
     -0.13      0.13     -0.47
     -0.13      0.13      0.01
     -0.13      0.13     -0.47
     -0.13      0.13     -0.47
      0.35      0.13     -0.47
     -0.13      0.13      0.01
      0.35      0.13      0.97
      0.35     -0.35      0.97
      0.35      0.61      0.97
      0.35      0.61      0.49
     -0.13      0.13      0.49
     -0.13      0.13      0.49
      0.35      0.13      0.01
      0.35      0.13     -0.47
      0.35      0.13     -0.47
      0.35     -0.35     -0.47
     -0.13     -0.35     -0.47
     -0.13     -0.83     -0.47
     -0.13     -0.83      0.01
     -0.13      0.13      0.49
     -0.13      0.13      0.01
     -0.13      0.13      0.01
     -0.61     -0.35      0.49
     -0.13     -0.35      0.01
     -0.13      0.13      0.01
      0.35      0.13      0.01
      0.35      0.13      0.01
      0.35      0.13     -0.95
     -0.13      0.13     -0.95
     -0.13      0.61     -0.47
     -0.61      0.61      0.01
     -0.13      0.13      0.49
     -0.13      0.13      0.49
     -0.13     -0.35      0.97
     -0.13      0.13      0.49
     -0.13      0.13      0.49
      0.35      0.13      0.01
      0.35     -0.35     -0.47
      0.35     -0.35      0.01
     -0.13     -0.35      0.01
     -0.13     -0.35     -0.47
     -0.13     -0.83      0.01
     -0.13     -0.35      0.49
      0.35      0.13      0.49
     -0.13      0.61     -0.47
     -0.13      0.61      0.01
     -0.13      0.61      0.01
     -0.61      0.13      0.01
     -0.13      0.13      0.49
     -0.13      0.13      0.01
      0.35      0.13      0.01
     -0.13     -0.35      0.01
     -0.13     -0.35      0.01
      0.35      0.13      0.01
     -0.13      0.13      0.01
      0.35      0.61      0.01
      0.35      0.13      0.01
     -0.13      0.13     -0.47
     -0.13      0.13     -0.47
     -0.13      0.13      0.01
     -0.61     -0.35      0.01
     -0.13     -0.35      0.49
     -0.13     -0.35      0.49
     -0.13     -0.35      0.49
     -0.13      0.13      0.01
     -0.13      0.13      0.01
     -0.13      0.13     -0.47
     -0.13      0.13     -0.47
     -0.13     -0.35     -0.95
     -0.13     -0.35     -0.47
     -0.13     -0.35      0.01
      0.35     -0.35      0.01
      0.35      0.13      0.01
      0.35      0.13      0.01
     -0.13      0.61      0.01
     -0.13      0.61      0.49
     -0.13      0.61      0.01
     -0.13      0.13      0.01
     -0.13      0.13      0.49
     -0.13      0.13      0.49
     -0.13     -0.35      0.97
     -0.13     -0.35      0.01
     -0.13      0.13      0.01
     -0.13      0.13     -0.47
     -0.13      0.13     -0.47
      0.35      0.13      0.01
      0.35      0.13      0.01
      0.35      0.61     -0.47
      0.35      0.13     -0.47
     -0.13      0.13     -0.47
     -0.13     -0.35     -0.47
     -0.13     -0.35      0.01
     -0.13     -0.35      0.01
     -0.13     -0.35      0.49
     -0.13     -0.35      0.49
     -0.13      0.13      0.49
     -0.13     -0.35      0.49
      0.35     -0.35      0.01
     -0.13     -0.35      0.01
      0.35      0.13      0.01
      0.35      0.61      0.01
      0.35      0.61      0.01
     -0.13      0.13     -0.47
     -0.13      0.13     -0.47
     -0.13      0.13      0.01
     -0.13      0.13      0.01
     -0.13      0.13      0.49
      0.35      0.13      0.49
     -0.13      0.13      0.97
      0.35      0.13      0.49
      0.35      0.13      0.01
      0.35      0.13     -0.47
     -0.13     -0.35     -0.47
     -0.13     -0.35      0.01
     -0.13     -0.35      0.01
     -0.13     -0.35     -0.47
     -0.13      0.13     -0.95
     -0.13      0.13     -0.47
     -0.13      0.13      0.01
     -0.13     -0.35      0.01
     -0.13     -0.35      0.49
     -0.13     -0.35      0.97
     -0.13     -0.35      0.97
      0.35      0.13      0.49
     -0.13      0.13      0.01
      0.35      0.13      0.01
      0.35      0.13     -0.47
     -0.13      0.13     -0.47
     -0.13      0.13      0.01
     -0.13     -0.35      0.01
     -0.13      0.13      0.01
     -0.13      0.13      0.01
     -0.13      0.13      0.01
     -0.13      0.13      0.01
     -0.13      0.13      0.01
      0.35      0.13      0.49
      0.35      0.13      0.49
      0.35      0.13      0.01
     -0.13      0.13     -0.47
     -0.13     -0.35     -0.47
     -0.13     -0.35     -0.47
     -0.13      0.13     -0.47
     -0.13     -0.35     -0.47
     -0.13      0.13      0.01
     -0.13     -0.35      0.49
     -0.13      0.61      0.49
      0.35      0.13      0.49
      0.35      0.13      0.01
     -0.13      0.13      0.01
     -0.13      0.13     -0.47
     -0.13      0.13      0.01
     -0.13     -0.35      0.01
     -0.13     -0.35      0.01
     -0.13      0.13      0.01
     -0.13      0.13      0.01
     -0.13      0.13      0.01
     -0.13      0.13      0.01
     -0.13      0.13      0.01
     -0.61     -0.35      0.01
     -0.13      0.13     -0.47
     -0.13      0.13      0.01
     -0.13      0.13      0.01
     -0.13     -0.35     -0.47
     -0.13      0.13     -0.47
     -0.13      0.13      0.01
     -0.13      0.13      0.01
     -0.13      0.13      0.01
     -0.13      0.13      0.01
     -0.13     -0.35      0.01
      0.35      0.13      0.97
     -0.13      0.13      0.49
     -0.13     -0.35      0.01
     -0.13     -0.35      0.01
      0.35     -0.35     -0.47
     -0.13      0.13      0.01
     -0.13      0.13      0.01
     -0.13      0.13      0.01
     -0.13      0.61     -0.47
     -0.13      0.61      0.01
     -0.13      0.61      0.01
     -0.13      0.13      0.01
      0.35      0.13      0.01
     -0.61      0.61      0.01
     -0.13      0.13      0.49
     -0.13     -0.35     -0.47
     -0.13     -0.35     -0.47
      0.35     -0.35     -0.47
     -0.13      0.13     -0.47
     -0.13     -0.35     -0.47
      0.35     -0.35     -0.47
     -0.13     -0.35     -0.47
     -0.13      0.13      0.01
     -0.61      0.13      0.49
     -0.13      0.13      0.49
     -0.13      0.13      0.49
      0.35      0.13      0.01
     -0.13      0.61      0.01
     -0.13      0.13     -0.47
     -0.13      0.13      0.49
     -0.13      0.13      0.01
      0.35      0.13      0.01
     -0.13     -0.35      0.01
     -0.61     -0.35     -0.47
      0.35     -0.83     -0.47
     -0.13     -0.35     -0.47
     -0.13      0.13      0.01
     -0.13      0.13      0.01
      0.35      0.13      0.01
     -0.13      0.13      0.01
     -0.13      0.13      0.01
     -0.13      0.13      0.01
     -0.13      0.13      0.01
     -0.13      0.13      0.01
     -0.13      0.13      0.01
     -0.13      0.13      0.01
      0.35      0.13      0.01
      0.35     -0.35      0.01
      0.35      0.13      0.01
     -0.13      0.13      0.01
     -0.13      0.13      0.01
      0.35      0.13      0.01
      0.35      0.13      0.49
     -0.13      0.13      0.49
     -0.13     -0.35      0.01
     -0.61     -0.35      0.49
     -0.13     -0.35      0.01
     -0.13     -0.35      0.01
     -0.13     -0.35      0.01
     -0.13     -0.35      0.01
      0.35     -0.35     -0.47
      0.35      0.13     -0.47
     -0.61      0.13      0.01
     -0.13      0.13      0.01
     -0.13      0.13      0.01
     -0.13      0.13     -0.47
     -0.13      0.61      0.01
     -0.13      0.13      0.01
     -0.13      0.13      0.01
      0.35      0.13      0.01
      0.35      0.61      0.01
      0.35      0.13      0.49
     -0.13     -0.35      0.01
     -0.13     -0.35      0.01
     -0.13     -0.83      0.01
     -0.13     -0.35      0.01
     -0.13     -0.35      0.01
     -0.13     -0.35      0.01
     -0.13      0.13      0.01
     -0.13      0.13      0.01
     -0.13      0.13     -0.47
     -0.61      0.13      0.01
     -0.13      0.13      0.49
      0.35      0.13      0.49
     -0.13      0.13      0.49
     -0.13      0.13      0.01
     -0.13     -0.35      0.01
     -0.13      0.13      0.01
     -0.13      0.13      0.01
     -0.13     -0.35     -0.47
     -0.13     -0.83     -0.47
      0.35     -0.35     -0.47
      0.35     -0.35      0.01
     -0.13      0.13      0.01
     -0.61      0.13      0.01
     -0.13      0.13      0.01
     -0.13      0.13      0.01
     -0.13      0.13      0.49
     -0.13     -0.35      0.49
     -0.13      0.13     -0.47
     -0.13      0.13      0.01
      0.35      0.13     -0.47
     -0.13      0.13      0.01
     -0.13      0.13     -0.47
      0.35      0.13     -0.47
     -0.13      0.13      0.01
     -0.13      0.13      0.01
     -0.13      0.13      0.49
     -0.13     -0.35      0.49
     -0.13     -0.35      0.49
     -0.13     -0.35      0.49
     -0.13     -0.35      0.01
      0.35     -0.35      0.01
      0.35     -0.35      0.01
      0.35     -0.35      0.01
      0.35      0.13     -0.47
      0.35      0.61     -0.47
     -0.13      0.61     -0.47
     -0.13      0.13      0.01
     -0.61      0.13      0.01
     -0.13      0.13     -0.47
     -0.13      0.13     -0.47
      0.35      0.13     -0.47
     -0.13      0.61      0.01
      0.35      0.13      0.01
      0.35      0.13      0.49
     -0.13      0.13      0.01
     -0.13      0.13      0.49
     -0.13     -0.35      0.49
     -0.13     -0.35      0.01
      0.35     -0.35      0.01
      0.35     -0.35      0.01
      0.35      0.13     -0.47
      0.35      0.13     -0.47
      0.35     -0.35      0.01
     -0.13     -0.35      0.01
     -0.13     -0.83      0.01
     -0.61     -0.35     -0.47
     -0.13      0.13     -0.47
     -0.13      0.13      0.01
     -0.13      0.13      0.01
     -0.13      0.13     -0.47
      0.35      0.61     -0.47
      0.35      0.61     -0.47
      0.35      0.13      0.01
      0.35      0.13      0.01
      0.35      0.13      0.01
     -0.13      0.13      0.01
      0.35      0.13      0.01
     -0.13      0.13      0.01
     -0.13      0.13      0.01
      0.35      0.13      0.49
     -0.13      0.13      0.01
     -0.13     -0.35      0.01
     -0.13     -0.35      0.01
     -0.13     -0.83      0.01
      0.35     -0.35      0.01
      0.35      0.13      0.01
     -0.13      0.13      0.01
     -0.13      0.13      0.01
     -0.13      0.13      0.01
     -0.13      0.13     -0.47
     -0.13      0.13     -0.47
     -0.13      0.61     -0.47
      0.35      0.13      0.01
     -0.13      0.13      0.01
     -0.13      0.13      0.01
      0.35      0.13      0.01
     -0.13      0.13      0.01
     -0.13      0.13      0.01
