********************************************************************************
                       INSTITUTO DE INGENIERIA, UNAM
                  Coordinacion de Instrumentacion Sismica
  Ciudad Universitaria, Apartado Postal 70-472, Coyoacan 04510, Mexico, D.F.
 Tel.(52-5)622-3414    Fax.(52-5)616-1514    e-mail: isismica@pumas.iingen.unam.mx
**************************************************************************************
ARCHIVO ESTANDAR DE ACELERACION:
VERSION DEL FORMATO                    : 2.0
NOMBRE DEL ARCHIVO                     : ACAD8706.211
FECHA Y HORA DE CREACION               : Thu Mar 19 02:10:33 1998
REF. CATALOGO ACELEROGRAMAS, SMIS 1995 : REGISTRO No. 962 /PAG. 112


================================================================================
DATOS DE LA ESTACION:
NOMBRE DE LA ESTACION                  : ACAPULCO ESCUELA DIANA
CLAVE DE LA ESTACION                   : ACAD
LOCALIZACION DE LA ESTACION            : CENTRO REGIONAL ADMINISTRATIVO DE PROFESORES,
                                       : ANTES "ESCUELA SECUNDARIA FEDERAL NO.1", A 300M
                                       : DEL MONUMENTO A LA DIANA. ACAPULCO, GUERRERO.
                                       : 
                                       : 
COORDENADAS DE LA ESTACION             : 16.86225 LAT. N
                                       : 99.87147 LONG. W
ALTITUD (msnm)                         : 23
TIPO DE SUELO                          : LIMO ARENOSO
                                       : 
                                       : 
INSTITUCION RESPONSABLE                : INSTITUTO DE INGENIERIA UNAM 
                                       : 

================================================================================
DATOS DEL ACELEROGRAFO: 
MODELO DEL ACELEROGRAFO                : DCA-333
NUMERO DE SERIE DEL ACELEROGRAFO       : 121
NUMERO DE CANALES                      : 3
ORIENTACION C1-C6 (rumbo;orientacion)  : /V/N90E/N00E
ORIENTACION C7-C12 (rumbo;orientacion) :
VEL. DE MUESTREO, C1-C6 (muestras/s)   : /100/100/100
VEL. DE MUESTREO, C7-C12 (muestras/s)  :
ESC. COMPLETA DE SENSORES, C1-C6, (g)  : /2/2/2
ESC. COMPLETA DE SENSORES, C7-C12 (g)  :
FREC. NAT. DE SENSORES, C1-C6, (Hz)    : /31.0/32.0/33.0
FREC. NAT. DE SENSORES, C7-C12 (Hz)    :
AMORTIGUAMIENTO DE SENSORES, C1-C6     : /0.66/0.70/0.64
AMORTIGUAMIENTO DE SENSORES, C7-C12    :
INTERVALO DE MUESTREO, C1-C6 (s)       : /0.01/0.01/0.01
INTERVALO DE MUESTREO, C7-C12 (s)      :
UMBRAL DE DISPARO, C1-C6 (Gal)         : /4/4/4
UMBRAL DE DISPARO, C7-C12 (Gal)        :
MEMORIA DE PREEVENTO (s)               : 4
TIEMPO DE POSEVENTO (s)                : 15


================================================================================
DATOS DEL SISMO:
FECHA DEL SISMO [GMT]                  : 1987/06/21
HORA EPICENTRO (GMT)                   : 11:00:55.9
MAGNITUD(ES)                           : /Mc=3.40
COORDENADAS DEL EPICENTRO              : 17.372 LAT. N 
                                       : 99.874 LONG. W 
PROFUNDIDAD FOCAL (km)                 : 32 
FUENTES DE LOS DATOS EPICENTRALES      : INSTITUTO DE INGENIERIA UNAM
                                       : 

================================================================================
DATOS DE ESTE REGISTRO:
HORA DE LA PRIMERA MUESTRA (GMT)       : 11:01:01.00
EXACTITUD DEL TIEMPO (s)               : 1.00
DURACION DEL REGISTRO (s), C1-C6       : /15.01/15.01/15.01                      
DURACION DEL REGISTRO (s), C7-C12      : 
NUM. TOTAL DE MUESTRAS, C1-C6          : /1501/1501/1501                       
NUM. TOTAL DE MUESTRAS, C7-C12         : 
ACEL. MAX.(Gal), C1-C6                 : /2.68/4.99/5.75                       
ACEL. MAX., C1-C6, EN LA MUESTRA       : /397/324/342                          
ACEL. MAX.(Gal), C7-C12                : 
ACEL. MAX., C7-C12,EN LA MUESTRA       : 
UNIDADES DE LOS DATOS                  : Gal (cm/s/s)
FACTOR DE DECIMACION                   : 1
FORMATO DATOS (FORTRAN,10 campos/dato) : 3F10.2


================================================================================
CALIDAD DEL ACELEROGRAMA:
REGISTRO DIGITAL COMPLETO CON TIEMPO ABSOLUTO CORRECTO.


===============================================================================
COMENTARIOS:














===============================================================================
DATOS DE ACELERACION:
---------+---------+---------+---------+---------+---------+---------+---------+
   CANAL-1   CANAL-2   CANAL-3
         V      N90E      N00E
---------+---------+---------+---------+---------+---------+---------+---------+
     -0.19      0.20      0.01
     -0.19      0.20      0.01
     -0.19      0.20      0.01
     -0.19     -0.76      0.01
     -0.19      0.20      0.01
     -0.19      0.20      0.01
     -0.19      0.20      0.01
     -0.19      0.20      0.01
     -0.19     -0.76      0.01
     -0.19      0.20      0.01
     -1.15      0.20      0.01
     -0.19      0.20      0.01
     -0.19      0.20      0.01
     -0.19      0.20      0.01
     -0.19      0.20      0.01
     -0.19      0.20      0.01
     -0.19      0.20      0.01
     -0.19     -0.76      0.01
     -0.19      0.20      0.01
     -0.19      0.20      0.01
     -0.19      0.20      0.01
     -0.19      0.20      0.01
      0.77     -0.76      0.01
     -0.19      0.20      0.01
     -0.19      0.20      0.01
     -0.19      0.20      0.01
      0.77      0.20      0.01
      0.77      0.20      0.01
     -0.19      0.20      0.01
     -0.19     -0.76      0.01
     -0.19      0.20      0.01
     -0.19      0.20      0.01
     -0.19      0.20      0.01
     -0.19     -1.71      0.01
      0.77      0.20      0.01
     -0.19      0.20      0.01
     -0.19      0.20      0.01
     -0.19      0.20      0.01
     -0.19      0.20      0.01
     -0.19      0.20      0.01
      0.77      0.20      0.01
     -0.19      0.20      0.01
      0.77     -0.76      0.01
      0.77      0.20      0.01
     -0.19      0.20      0.01
      0.77      0.20      0.01
     -0.19      0.20      0.01
     -0.19      0.20      0.01
     -0.19      0.20      0.01
     -1.15     -0.76      0.01
     -0.19      0.20      0.01
     -0.19      0.20      0.01
     -0.19     -0.76      0.01
     -0.19     -0.76     -0.95
     -0.19      0.20      0.01
     -0.19      0.20      0.01
     -0.19      0.20      0.01
     -0.19      0.20      0.01
     -0.19      0.20      0.01
     -0.19      0.20      0.01
     -0.19     -0.76      0.01
     -0.19     -0.76      0.01
     -1.15      0.20      0.01
     -0.19      0.20      0.01
      0.77      0.20      0.01
      0.77     -0.76      0.01
     -0.19      0.20      0.01
     -0.19      0.20      0.01
     -0.19      0.20      0.01
     -0.19      0.20      0.01
     -0.19     -0.76      0.01
     -0.19      0.20      0.01
     -0.19      0.20      0.01
      0.77      0.20      0.01
      0.77      0.20      0.01
     -0.19      0.20      0.01
     -0.19      0.20      0.01
     -0.19      0.20      0.01
      0.77      0.20      0.01
     -0.19      0.20      0.01
     -0.19      0.20      0.01
     -0.19     -1.71      0.01
     -0.19      0.20      0.01
     -0.19      0.20      0.01
      0.77      0.20      0.01
     -0.19      0.20      0.01
     -0.19     -0.76      0.01
      0.77     -0.76      0.01
     -0.19      0.20      0.01
     -0.19      0.20      0.01
      0.77      0.20      0.01
     -0.19      0.20      0.01
     -0.19     -0.76      0.01
     -0.19      0.20     -0.95
      0.77      0.20      0.01
     -0.19      0.20      0.01
     -0.19      0.20      0.01
     -0.19      0.20      0.01
     -0.19      0.20      0.01
     -0.19     -0.76      0.97
     -0.19     -0.76      0.01
     -0.19      0.20      0.01
      0.77      0.20      0.01
      0.77     -0.76      0.01
     -0.19      0.20      0.01
     -0.19      0.20      0.01
     -0.19      0.20      0.01
     -0.19      0.20      0.01
     -0.19      0.20      0.01
     -0.19     -0.76      0.01
     -0.19      0.20      0.01
     -0.19      0.20      0.01
      0.77      0.20      0.01
     -0.19      0.20      0.01
      0.77      0.20      0.01
     -0.19      0.20      0.97
     -0.19      0.20      0.01
     -0.19     -0.76      0.01
     -0.19      0.20     -0.95
     -0.19      0.20      0.01
      0.77      0.20      0.01
      0.77      0.20      0.01
     -0.19      0.20      0.01
     -0.19      0.20      0.01
      0.77      0.20      0.01
     -0.19      0.20      0.01
     -0.19      0.20      0.01
     -0.19      0.20      0.01
     -0.19      0.20      0.01
      0.77      0.20      0.01
      0.77      0.20      0.01
     -0.19      0.20      0.01
     -0.19      0.20      0.01
     -0.19     -0.76     -0.95
     -0.19      0.20      0.01
     -0.19      0.20      0.01
     -0.19      0.20      0.01
     -0.19      0.20      0.97
      0.77      0.20      0.01
     -0.19      0.20      0.01
     -0.19      0.20      0.01
     -0.19      0.20      0.01
     -0.19      0.20      0.01
      0.77      0.20      0.01
     -0.19      0.20      0.01
      0.77     -0.76      0.01
     -0.19     -0.76      0.01
     -0.19      0.20      0.01
     -0.19      0.20      0.01
     -0.19      0.20      0.01
      0.77      0.20      0.01
     -0.19      0.20      0.01
      0.77      0.20      0.01
     -0.19      0.20      0.01
     -0.19      0.20      0.01
     -0.19     -0.76      0.01
     -0.19      0.20      0.01
     -1.15      0.20      0.01
     -0.19      0.20      0.01
      0.77     -1.71      0.01
     -1.15      0.20      0.01
     -0.19      0.20      0.01
     -0.19      0.20      0.01
      0.77      0.20      0.01
     -0.19      0.20      0.01
     -0.19     -0.76      0.01
     -0.19      0.20      0.01
     -0.19     -0.76      0.01
      0.77      0.20      0.01
      0.77      0.20      0.01
     -0.19      0.20      0.01
     -0.19      0.20      0.01
      0.77      0.20      0.01
     -0.19     -0.76      0.01
     -0.19      0.20      0.01
     -0.19      0.20      0.01
      0.77      0.20      0.01
     -0.19      0.20      0.01
      0.77      0.20      0.01
     -0.19      0.20      0.01
     -0.19     -0.76     -0.95
      0.77     -0.76      0.01
      0.77     -0.76      0.01
     -0.19      0.20      0.01
     -0.19     -0.76      0.01
     -0.19     -0.76      0.01
     -0.19      0.20      0.01
      0.77     -0.76      0.01
     -0.19      0.20      0.01
      0.77      0.20     -0.95
      0.77      0.20      0.01
      0.77      0.20      0.01
     -0.19      0.20      0.01
     -0.19      0.20      0.01
     -0.19      0.20      0.01
     -0.19     -0.76      0.01
     -1.15      0.20      0.01
      0.77      0.20      0.01
     -0.19     -0.76      0.01
     -0.19      0.20      0.01
     -0.19      0.20      0.01
     -0.19      0.20      0.01
     -0.19     -0.76      0.01
     -0.19     -0.76     -0.95
     -0.19      0.20     -0.95
     -0.19      0.20      0.01
     -0.19      0.20      0.01
      0.77     -0.76      0.01
     -0.19      0.20      0.01
     -0.19      0.20      0.01
     -0.19      0.20     -0.95
      0.77      0.20      0.01
      0.77     -0.76      0.01
     -1.15      0.20      0.97
     -0.19      0.20      0.01
     -0.19      0.20      0.01
     -0.19     -0.76      0.01
     -0.19      0.20      0.01
     -1.15      0.20      0.01
     -0.19     -0.76      0.01
      0.77     -0.76      0.01
     -0.19      0.20      0.01
     -0.19      0.20      0.01
     -0.19      0.20      0.01
     -0.19      0.20      0.01
      0.77      0.20      0.01
     -0.19      0.20      0.01
      0.77      0.20      0.01
      0.77     -1.71      0.01
      0.77      0.20      0.01
      0.77      0.20      0.01
     -0.19      0.20      0.01
     -0.19     -0.76      0.01
     -0.19      0.20      0.01
      0.77     -0.76      0.01
     -0.19     -0.76      0.01
     -0.19      0.20      0.01
     -0.19      0.20      0.01
      0.77      0.20      0.01
      0.77      0.20      0.01
      0.77      0.20      0.01
     -0.19     -0.76      0.01
      0.77      0.20      0.01
     -0.19      0.20      0.01
     -0.19     -0.76      0.01
     -0.19     -0.76      0.01
     -0.19      0.20      0.01
      0.77      0.20      0.01
     -0.19      0.20      0.01
     -0.19      0.20      0.01
      0.77      0.20      0.01
     -0.19      0.20      0.01
      0.77      0.20      0.01
     -0.19      0.20      0.01
      0.77      0.20      0.01
     -0.19      0.20      0.01
      0.77     -0.76      0.01
     -0.19      0.20      0.01
     -0.19      0.20      0.01
     -0.19      0.20      0.01
     -0.19      0.20      0.01
     -0.19      0.20      0.01
      0.77     -0.76      0.01
      0.77     -0.76      0.01
      0.77     -0.76      0.01
     -0.19      0.20      0.01
      0.77      0.20      0.01
     -0.19      0.20      0.01
     -0.19      0.20      0.01
     -0.19     -0.76      0.97
     -0.19      0.20      0.01
      0.77      0.20      0.01
     -0.19      0.20      0.01
     -0.19     -0.76     -0.95
     -0.19      0.20      0.01
      0.77      0.20      0.01
      0.77      0.20      0.01
     -0.19      0.20      0.01
     -0.19     -0.76      0.01
     -0.19      0.20      0.01
      0.77      0.20      0.01
     -0.19      0.20      0.01
     -0.19      0.20      0.01
     -0.19      0.20      0.01
     -0.19     -0.76      0.01
     -0.19     -0.76      0.97
     -0.19     -0.76      0.97
     -0.19     -0.76      0.97
      0.77     -0.76      0.97
     -0.19     -0.76      0.97
     -1.15      0.20      0.01
     -0.19     -0.76     -0.95
      0.77     -0.76     -0.95
      0.77     -1.71     -0.95
     -0.19     -0.76     -0.95
     -0.19      0.20     -0.95
      0.77      1.16      0.01
      0.77      2.11      0.01
     -0.19      2.11      0.01
     -0.19      0.20      0.97
     -0.19     -1.71      0.97
     -0.19     -1.71      0.97
     -1.15     -0.76      1.92
     -0.19      0.20      1.92
     -0.19      0.20      0.01
      0.77      1.16     -0.95
      0.77      3.07     -1.90
      0.77      3.07     -0.95
     -0.19      3.07     -0.95
     -0.19      0.20     -0.95
     -0.19     -1.71     -1.90
     -1.15     -2.67     -0.95
     -1.15     -3.63     -1.90
     -0.19     -2.67     -0.95
      0.77     -2.67     -0.95
      0.77     -2.67      0.97
      0.77     -2.67      1.92
     -0.19     -2.67      2.88
     -0.19     -0.76      1.92
     -0.19      1.16      0.01
      0.77      3.07     -0.95
      0.77      2.11     -0.95
      0.77      2.11      0.01
      0.77      4.03      0.01
      0.77      4.99      0.01
     -0.19      3.07      0.97
     -0.19      1.16      1.92
     -1.15     -0.76      0.97
     -1.15     -1.71      0.01
     -0.19     -2.67      0.97
      1.72     -3.63      0.97
      1.72     -4.59      0.97
      0.77     -3.63      0.01
     -0.19     -1.71     -1.90
     -0.19      0.20     -2.86
     -0.19      0.20     -3.82
     -0.19      0.20     -4.78
     -1.15      0.20     -3.82
     -0.19      1.16     -0.95
     -0.19      1.16      1.92
     -0.19      2.11      3.84
     -0.19      1.16      4.80
     -0.19      2.11      5.75
      0.77      1.16      4.80
      1.72      1.16      3.84
      0.77     -0.76      0.97
     -0.19     -1.71     -2.86
     -0.19     -2.67     -4.78
     -0.19     -2.67     -4.78
     -0.19     -1.71     -3.82
     -1.15     -0.76     -1.90
     -0.19      0.20     -0.95
     -0.19      1.16     -0.95
      0.77      1.16      0.01
     -1.15      0.20      1.92
     -0.19     -1.71      2.88
     -0.19     -1.71      3.84
     -0.19     -0.76      2.88
      0.77     -0.76      0.97
      1.72     -0.76      0.01
      0.77      0.20     -0.95
      0.77      2.11      0.01
     -0.19      2.11     -0.95
     -0.19      2.11     -1.90
     -1.15      2.11     -1.90
     -1.15      1.16     -0.95
     -0.19     -0.76      0.01
      0.77     -2.67      0.01
      0.77     -2.67      0.01
      0.77     -2.67      0.97
     -0.19     -1.71      0.97
     -0.19     -0.76      0.97
     -0.19     -0.76      0.97
      0.77      0.20      0.01
      0.77      0.20      0.01
      0.77     -0.76      0.01
     -0.19     -0.76      0.01
     -0.19      1.16      0.97
     -1.15      1.16      1.92
     -0.19      3.07      0.97
     -0.19      2.11     -0.95
     -0.19      1.16     -3.82
     -0.19     -0.76     -1.90
     -0.19     -1.71     -0.95
     -0.19     -1.71      0.01
      0.77     -1.71     -0.95
      0.77     -0.76      0.97
      0.77      0.20      0.97
      0.77      1.16      0.97
     -0.19      0.20      0.01
     -0.19     -0.76      0.01
     -0.19     -1.71      0.01
     -2.10     -2.67      0.01
     -1.15     -2.67      0.01
     -0.19     -0.76      0.01
      0.77      2.11      0.97
      1.72      4.03      1.92
      2.68      3.07      2.88
     -0.19      0.20      0.97
     -0.19     -1.71      0.97
     -1.15     -3.63     -0.95
     -1.15     -3.63     -1.90
     -1.15     -2.67     -2.86
     -1.15      0.20     -3.82
      0.77      2.11     -2.86
      1.72      3.07      0.01
      1.72      2.11      1.92
     -0.19      1.16      1.92
     -1.15      1.16      0.97
     -1.15      1.16      0.01
     -0.19      1.16      0.97
      0.77      0.20      0.97
      1.72     -0.76      0.97
      1.72     -0.76      0.97
      1.72     -1.71      0.97
      0.77     -1.71      0.01
     -1.15     -2.67      0.01
     -2.10     -2.67     -1.90
     -2.10     -0.76     -2.86
     -0.19      1.16     -0.95
      0.77      1.16      0.97
      1.72      0.20      1.92
      1.72      0.20      0.97
      0.77      0.20      0.01
     -0.19     -0.76      0.01
     -0.19     -0.76     -0.95
     -0.19      0.20     -0.95
     -0.19      1.16     -0.95
     -2.10      2.11      0.01
     -0.19      1.16      0.01
     -0.19     -0.76      0.97
     -1.15     -1.71      1.92
     -0.19     -0.76      0.97
      0.77      1.16      0.97
      1.72      1.16      0.97
      0.77      1.16      0.01
      0.77      0.20      0.01
     -0.19     -0.76     -0.95
     -1.15     -2.67     -1.90
     -1.15     -3.63      0.01
     -1.15     -2.67      0.97
     -0.19     -0.76      0.01
      1.72      2.11      0.01
      2.68      2.11      0.01
      2.68      3.07      0.01
      1.72      2.11      0.01
     -1.15      0.20      0.01
     -2.10     -0.76      0.01
     -2.10     -1.71      0.01
     -1.15     -2.67      0.97
     -0.19     -1.71      0.01
      0.77      0.20     -0.95
      1.72      0.20     -0.95
      1.72      0.20      0.01
      0.77      0.20      0.01
     -0.19      0.20      0.97
     -0.19      0.20      0.01
     -1.15      0.20     -0.95
     -0.19      0.20     -0.95
     -0.19     -0.76      0.97
     -0.19     -0.76      0.97
      0.77     -0.76      0.01
      0.77      0.20      0.01
     -0.19      0.20      0.97
     -0.19      0.20      0.97
     -0.19      0.20      0.01
     -0.19     -0.76      0.01
     -0.19     -1.71      0.01
      0.77     -0.76      0.01
     -0.19     -0.76     -0.95
      0.77     -0.76     -0.95
     -0.19      0.20     -0.95
     -0.19      0.20      0.01
     -0.19     -0.76      0.01
     -0.19      0.20     -1.90
     -0.19      0.20      0.01
     -0.19      0.20      0.97
      0.77      0.20      1.92
      0.77     -0.76      1.92
     -0.19     -0.76      0.97
     -0.19     -0.76      0.01
     -0.19      0.20     -0.95
     -1.15     -0.76     -0.95
     -0.19     -0.76     -0.95
      0.77      0.20      0.01
     -0.19      0.20      0.01
     -0.19      0.20      0.97
     -0.19      0.20      0.97
     -0.19      0.20      0.97
     -0.19     -0.76      0.01
      0.77     -0.76      0.01
     -0.19     -0.76      0.01
     -0.19     -0.76      0.01
     -0.19     -1.71      0.97
     -0.19     -0.76      0.01
     -0.19      0.20     -0.95
     -0.19      1.16     -0.95
     -0.19      0.20     -0.95
     -0.19      0.20     -0.95
     -0.19      0.20      0.01
     -0.19      1.16      0.01
     -0.19      0.20      0.97
     -0.19     -0.76      0.97
     -0.19     -0.76      0.97
     -0.19     -0.76      0.97
      0.77     -0.76      0.97
      0.77     -0.76      0.97
      0.77     -0.76      0.97
      0.77     -0.76      0.01
      0.77      0.20     -0.95
     -0.19      0.20      0.01
     -0.19      1.16      0.01
     -0.19      1.16     -0.95
     -0.19     -0.76     -0.95
     -0.19      0.20     -0.95
      0.77      0.20      0.01
     -1.15      0.20      0.97
     -0.19      0.20      0.97
     -0.19     -0.76      0.97
     -0.19     -0.76      0.97
     -0.19     -0.76      0.97
     -0.19     -0.76      0.97
     -0.19     -0.76     -0.95
      0.77     -0.76      0.01
      0.77      0.20      0.01
      0.77      0.20      0.01
      0.77      0.20      0.01
     -0.19      0.20      0.01
     -0.19      0.20      0.01
     -0.19      0.20      0.97
     -0.19      0.20      0.97
     -0.19      0.20      0.97
     -0.19     -0.76      0.97
      0.77     -0.76      0.01
      0.77     -0.76      0.01
     -0.19      0.20      0.01
      0.77      0.20     -0.95
     -0.19     -1.71     -0.95
     -0.19      0.20     -0.95
     -0.19      0.20     -0.95
     -0.19     -0.76      0.01
     -0.19     -1.71      0.97
     -0.19     -0.76      0.97
      0.77      0.20      0.01
      0.77      0.20      0.01
      0.77      0.20      0.01
      0.77      0.20      0.01
     -0.19      1.16      0.01
      0.77      0.20      0.01
     -0.19      0.20      0.01
     -0.19     -0.76      0.97
     -0.19     -0.76      0.97
     -0.19     -0.76      0.97
      0.77     -0.76      0.01
      0.77     -0.76      0.01
     -0.19      0.20      0.01
     -0.19     -0.76      0.01
     -0.19      0.20     -0.95
      0.77      0.20     -0.95
     -0.19      0.20      0.01
     -0.19     -0.76      0.01
     -0.19      0.20      0.01
      0.77      0.20      0.01
     -0.19      0.20      0.01
      0.77      0.20      0.01
     -0.19      0.20      0.01
     -0.19      0.20      0.01
     -0.19      0.20     -0.95
     -0.19      0.20      0.01
     -1.15     -0.76      0.01
     -0.19      0.20      0.97
     -0.19      0.20      0.97
     -0.19     -0.76      0.97
      0.77     -1.71      0.01
     -0.19     -0.76      0.01
     -0.19     -0.76      0.01
     -0.19      0.20      0.01
     -0.19     -0.76      0.01
      0.77      0.20      0.01
     -0.19      0.20      0.01
     -0.19     -0.76      0.01
     -0.19     -0.76      0.01
     -0.19      0.20      0.01
     -0.19      1.16      0.01
      0.77      1.16      0.01
      0.77      0.20      0.01
      0.77     -0.76      0.01
     -0.19     -0.76      0.01
     -0.19     -0.76      0.01
     -0.19     -0.76      0.01
     -0.19     -0.76      0.01
     -0.19     -0.76      0.01
      0.77      0.20      0.01
     -0.19      0.20      0.01
      0.77      1.16      0.01
      0.77      1.16      0.01
     -0.19      0.20      0.01
     -0.19      0.20      0.97
     -0.19      0.20      0.01
     -0.19     -0.76      0.01
     -0.19     -0.76      0.01
     -0.19     -1.71      0.01
     -0.19     -0.76      0.01
     -0.19     -0.76      0.97
     -0.19     -0.76      0.01
     -0.19      0.20     -0.95
     -0.19      0.20      0.01
     -0.19     -0.76      0.01
      0.77     -0.76     -0.95
      0.77      0.20     -0.95
     -0.19      1.16     -0.95
     -0.19      1.16      0.01
     -0.19      0.20     -0.95
     -0.19      0.20      0.01
     -0.19     -0.76      0.01
     -0.19      0.20      0.97
      0.77      0.20      0.97
      0.77     -0.76      0.01
     -0.19      0.20      0.01
      0.77      0.20      0.01
      0.77      0.20      0.01
     -0.19      0.20      0.01
     -0.19     -0.76      0.01
     -0.19     -0.76      0.01
     -0.19     -0.76      0.01
     -0.19      0.20      0.01
     -0.19     -0.76      0.97
      0.77      0.20      0.01
      0.77      0.20      0.01
      0.77      0.20     -0.95
     -0.19      0.20      0.01
      0.77      0.20      0.01
     -0.19     -0.76      0.01
     -0.19     -0.76      0.97
     -0.19     -0.76      0.01
      0.77      0.20      0.01
     -0.19      0.20      0.01
     -0.19      0.20      0.01
     -0.19      0.20      0.97
      0.77      0.20      0.01
      0.77      0.20      0.01
     -0.19      0.20      0.01
     -0.19      0.20      0.01
     -0.19      0.20      0.01
     -0.19     -0.76      0.01
     -0.19     -0.76      0.01
     -0.19     -0.76      0.97
     -0.19     -0.76      0.97
     -0.19      0.20      0.01
     -0.19      0.20      0.01
     -0.19      0.20      0.01
     -0.19      0.20      0.01
     -0.19     -0.76      0.01
     -0.19      0.20      0.01
     -0.19      0.20      0.01
     -1.15      0.20      0.97
      0.77      0.20      0.01
      0.77      0.20      0.01
     -0.19      0.20      0.01
      0.77      0.20      0.01
     -0.19      0.20      0.01
     -0.19      0.20      0.01
     -0.19      0.20      0.01
     -0.19      0.20      0.01
     -0.19      0.20      0.01
     -0.19      0.20      0.01
     -0.19      0.20      0.01
     -0.19      0.20     -0.95
      0.77      0.20      0.01
     -0.19     -0.76      0.01
     -0.19     -0.76      0.01
     -0.19     -0.76      0.01
     -0.19     -0.76      0.97
     -0.19     -0.76      0.01
     -0.19      0.20      0.01
      0.77      0.20      0.01
      0.77      0.20      0.01
      0.77      0.20      0.01
     -0.19      0.20      0.01
     -0.19      0.20      0.01
     -0.19     -0.76      0.01
     -0.19      0.20      0.01
     -0.19      0.20      0.01
      0.77      0.20     -0.95
      0.77      0.20      0.01
     -0.19      0.20      0.01
     -0.19      0.20      0.01
     -0.19      0.20      0.01
     -0.19     -0.76      0.01
     -0.19     -0.76      0.01
     -0.19      0.20      0.97
     -0.19     -0.76      0.01
     -0.19      0.20      0.01
     -0.19      0.20      0.01
     -0.19      0.20     -0.95
      0.77      0.20      0.01
      0.77     -0.76      0.01
     -0.19      0.20      0.01
     -0.19      0.20      0.01
      0.77      0.20     -0.95
     -0.19      0.20      0.97
      0.77      0.20      0.01
      0.77      0.20      0.97
     -0.19      0.20      0.97
     -0.19      0.20      0.01
     -1.15      0.20      0.01
     -0.19      0.20      0.01
     -0.19     -0.76      0.01
      0.77     -0.76      0.01
      0.77      0.20      0.01
     -0.19     -0.76      0.01
     -0.19      0.20      0.01
     -0.19      0.20      0.01
      0.77      1.16      0.01
      0.77      1.16      0.01
      0.77      0.20      0.01
     -0.19     -0.76      0.97
     -0.19     -0.76      0.97
     -0.19     -0.76      0.01
     -0.19     -0.76      0.01
     -0.19     -0.76      0.01
     -0.19      0.20      0.01
     -0.19      0.20      0.01
     -0.19      0.20      0.01
      0.77      0.20      0.01
     -0.19     -0.76      0.01
     -0.19     -0.76      0.01
     -0.19      0.20      0.97
      0.77     -0.76      0.97
     -0.19     -0.76      0.01
      0.77      0.20      0.01
     -0.19      0.20      0.01
     -0.19      0.20     -0.95
     -0.19      0.20      0.01
     -0.19      0.20      0.01
     -0.19      0.20      0.01
     -1.15     -0.76      0.01
      0.77      0.20      0.01
     -0.19      0.20      0.01
      0.77      0.20      0.01
     -0.19      0.20      0.01
     -0.19      0.20      0.01
     -0.19     -0.76      0.01
     -0.19     -0.76      0.01
     -0.19     -0.76      0.01
     -0.19     -0.76      0.01
     -0.19      0.20      0.01
     -0.19      0.20      0.01
      0.77      0.20      0.01
     -0.19      0.20      0.01
     -0.19      0.20      0.01
      0.77      0.20      0.01
     -0.19      0.20      0.01
     -0.19      0.20      0.01
     -0.19     -0.76      0.01
     -0.19      0.20      0.01
     -0.19      0.20      0.01
     -0.19      0.20      0.01
     -0.19     -0.76      0.01
      0.77     -0.76      0.01
      0.77     -0.76      0.01
     -0.19     -0.76     -0.95
      0.77      0.20      0.01
     -0.19      0.20      0.01
     -0.19      0.20      0.01
     -0.19      0.20      0.01
     -0.19      0.20      0.01
     -0.19      0.20      0.01
     -0.19      0.20      0.01
      0.77      0.20      0.01
      0.77      0.20      0.01
     -0.19      0.20      0.01
      0.77      0.20      0.01
     -0.19      0.20      0.01
     -0.19      0.20      0.01
     -0.19     -0.76      0.01
     -0.19      0.20      0.01
     -0.19      0.20      0.01
     -0.19      0.20      0.01
     -0.19      0.20      0.01
      0.77      0.20      0.01
     -0.19      0.20      0.01
     -0.19     -0.76      0.97
     -0.19     -0.76      0.97
     -0.19     -0.76      0.97
     -0.19     -0.76      0.01
      0.77     -0.76      0.01
     -0.19     -0.76      0.01
     -0.19      0.20      0.01
     -0.19      0.20      0.01
     -0.19      0.20      0.01
     -0.19      0.20      0.01
     -0.19      0.20      0.01
     -1.15      0.20      0.01
     -0.19      0.20      0.01
     -0.19      0.20      0.01
     -0.19      0.20      0.01
     -0.19      0.20      0.01
     -0.19     -0.76      0.01
     -0.19     -0.76      0.01
     -0.19     -0.76      0.01
      0.77     -1.71      0.01
     -0.19     -0.76      0.01
     -0.19     -0.76      0.01
     -0.19     -0.76      0.01
     -0.19     -0.76      0.01
      0.77      0.20      0.01
     -0.19      0.20      0.01
     -0.19      0.20      0.01
     -0.19      0.20      0.97
     -0.19      0.20      0.01
     -0.19      0.20      0.01
     -0.19      0.20      0.01
     -0.19      0.20      0.01
     -0.19      0.20      0.01
      0.77      0.20      0.01
     -0.19     -0.76      0.01
     -0.19     -0.76      0.01
     -0.19      0.20      0.01
     -0.19      0.20      0.01
     -0.19      0.20      0.01
     -0.19      0.20      0.01
     -0.19      0.20      0.01
      0.77      0.20      0.01
      0.77      0.20      0.01
     -0.19      0.20      0.97
     -0.19      0.20      0.01
     -0.19     -0.76      0.01
     -0.19     -0.76      0.01
     -0.19     -0.76      0.01
     -0.19      0.20      0.01
     -0.19      0.20      0.01
     -0.19      0.20      0.01
     -0.19      0.20      0.01
     -0.19      0.20      0.01
     -0.19     -1.71      0.01
     -0.19     -0.76      0.01
     -0.19     -0.76      0.01
     -0.19     -0.76      0.01
     -0.19      0.20      0.01
      0.77      0.20      0.01
     -0.19      0.20      0.01
     -0.19      0.20      0.01
     -0.19      0.20      0.01
     -0.19      0.20      0.01
     -0.19      0.20      0.01
     -0.19      0.20      0.97
     -0.19      0.20      0.01
     -0.19      0.20      0.97
     -0.19      0.20      0.97
     -0.19      0.20      0.01
     -0.19     -0.76      0.01
     -0.19     -0.76      0.01
     -0.19      0.20      0.01
     -0.19      0.20      0.01
     -0.19      0.20      0.01
      0.77      0.20      0.01
     -0.19     -0.76      0.01
     -0.19      0.20      0.01
     -0.19      0.20      0.01
     -0.19      0.20      0.01
     -0.19      0.20      0.01
     -0.19      0.20      0.01
     -0.19      0.20      0.01
     -0.19     -0.76      0.01
     -0.19      0.20      0.01
     -0.19      0.20      0.01
     -0.19      0.20      0.01
     -1.15      0.20      0.01
     -0.19      0.20      0.01
     -0.19      0.20      0.01
     -0.19     -0.76      0.01
      0.77      0.20      0.01
      0.77     -0.76      0.01
     -0.19      0.20      0.01
     -0.19      0.20      0.01
     -0.19      0.20      0.01
      0.77     -0.76      0.01
     -0.19      0.20      0.01
     -0.19      0.20      0.01
     -0.19      0.20      0.01
     -0.19     -0.76      0.01
     -0.19      0.20      0.01
     -0.19      0.20      0.01
      0.77      0.20      0.01
     -0.19      0.20      0.01
     -0.19      0.20      0.01
     -0.19      0.20      0.01
     -0.19      0.20      0.01
     -0.19     -0.76      0.01
     -0.19     -0.76      0.01
     -0.19     -0.76      0.01
     -0.19     -0.76      0.01
     -0.19      0.20      0.01
      0.77      0.20      0.01
     -0.19      0.20      0.01
     -0.19      0.20      0.01
     -0.19      0.20      0.01
     -0.19      0.20      0.01
     -0.19      0.20      0.01
     -0.19      0.20      0.01
      0.77      0.20      0.01
      0.77      0.20      0.01
      0.77      0.20      0.01
     -0.19      0.20      0.01
      0.77      0.20      0.01
     -0.19     -0.76      0.01
     -0.19      0.20      0.01
     -0.19      0.20      0.01
     -0.19     -0.76      0.01
     -0.19      0.20      0.01
     -0.19      0.20      0.01
      0.77      0.20      0.01
      0.77      0.20      0.01
     -0.19     -0.76      0.01
     -0.19      0.20      0.01
     -0.19      0.20      0.01
     -0.19     -0.76      0.01
     -0.19     -0.76      0.01
      0.77     -0.76      0.01
     -0.19     -0.76      0.01
      0.77     -0.76      0.01
     -0.19      0.20      0.01
     -0.19      0.20      0.01
     -0.19      0.20      0.01
     -0.19      0.20      0.01
     -0.19      0.20      0.01
     -0.19      0.20      0.01
     -0.19      0.20      0.01
     -0.19     -1.71      0.01
     -0.19      0.20      0.01
     -0.19      0.20      0.01
      0.77      0.20      0.01
     -0.19     -0.76      0.01
      0.77     -0.76      0.01
     -0.19     -0.76      0.01
     -0.19     -0.76      0.01
     -0.19     -0.76      0.01
     -0.19     -0.76      0.01
     -0.19     -0.76      0.01
      0.77      0.20      0.01
     -0.19      0.20      0.01
     -0.19     -0.76      0.01
     -0.19      0.20      0.01
      0.77     -0.76      0.01
     -0.19      0.20      0.01
     -0.19     -0.76      0.01
      0.77     -0.76      0.01
      0.77     -0.76      0.01
      0.77      0.20      0.01
     -0.19      0.20      0.01
      0.77      0.20      0.01
     -0.19      0.20      0.01
     -0.19      0.20      0.01
     -0.19     -0.76      0.01
     -0.19      0.20      0.01
     -0.19     -0.76      0.01
     -0.19      0.20      0.01
      0.77      0.20      0.01
      0.77      0.20      0.01
      0.77      0.20      0.01
     -0.19      0.20      0.01
     -0.19      0.20      0.01
     -0.19      0.20      0.01
      0.77      0.20      0.01
      0.77      0.20      0.01
     -0.19      0.20      0.01
      0.77      0.20      0.01
      0.77      0.20      0.01
     -0.19      0.20      0.01
      0.77      0.20      0.01
     -0.19     -0.76      0.01
     -0.19      0.20      0.01
     -0.19      0.20      0.01
     -0.19     -0.76      0.01
      0.77     -0.76      0.01
     -0.19      0.20      0.01
     -0.19      0.20      0.01
     -0.19      0.20      0.01
     -0.19      0.20      0.01
     -0.19      0.20      0.01
     -0.19      0.20      0.01
     -0.19      0.20      0.01
     -0.19      0.20      0.01
     -0.19      0.20      0.01
      0.77      0.20      0.01
     -0.19      0.20      0.01
     -0.19      0.20      0.01
     -0.19      0.20      0.01
     -0.19     -0.76      0.01
     -0.19      0.20      0.01
     -0.19     -0.76      0.01
      0.77      0.20      0.01
      0.77      0.20      0.01
      0.77      0.20      0.01
     -0.19      0.20      0.01
     -0.19      0.20      0.01
     -0.19      0.20      0.01
     -0.19      0.20      0.01
     -0.19      0.20      0.01
     -0.19      0.20      0.01
     -1.15      0.20      0.01
      0.77      0.20      0.01
      0.77      0.20      0.01
     -0.19      0.20      0.01
     -0.19     -0.76      0.01
     -0.19      0.20      0.01
      0.77      0.20      0.01
     -1.15      0.20      0.01
      0.77      0.20      0.01
     -0.19     -0.76      0.01
     -1.15     -0.76      0.01
      0.77      0.20      0.01
     -0.19      0.20      0.01
     -0.19      0.20      0.01
      0.77      0.20      0.01
     -0.19      0.20      0.01
     -0.19     -1.71      0.01
     -0.19     -1.71      0.01
     -0.19      0.20      0.01
     -0.19      0.20      0.01
     -0.19      0.20      0.01
     -0.19     -0.76      0.01
      0.77      0.20     -0.95
      0.77      0.20      0.01
     -0.19      0.20      0.01
     -0.19      0.20      0.01
     -0.19     -0.76      0.01
     -2.10      0.20      0.01
     -0.19      0.20      0.01
     -0.19     -0.76      0.01
     -0.19      0.20      0.01
     -0.19      0.20      0.01
      0.77      0.20     -0.95
     -0.19      0.20      0.01
     -0.19      0.20      0.01
     -0.19      0.20      0.01
     -0.19      0.20      0.01
      0.77      0.20      0.01
     -0.19      0.20      0.01
     -0.19      0.20      0.01
      0.77      0.20      0.01
     -0.19      0.20      0.01
     -0.19     -0.76      0.01
     -0.19     -1.71      0.01
     -0.19      0.20      0.01
     -0.19      0.20      0.01
      0.77     -0.76      0.01
     -0.19      0.20      0.01
     -0.19      0.20      0.01
     -0.19      0.20      0.01
      0.77      0.20      0.01
     -0.19      0.20      0.01
     -0.19      0.20      0.01
     -1.15      0.20      0.01
     -0.19     -0.76      0.01
     -0.19     -0.76      0.01
     -0.19      0.20      0.01
     -0.19      0.20      0.01
     -0.19      0.20      0.01
      0.77      0.20      0.01
     -0.19      0.20      0.01
     -0.19      0.20      0.01
     -0.19      0.20      0.01
     -0.19      0.20      0.01
     -0.19      0.20      0.01
      0.77      0.20      0.01
      0.77      0.20      0.01
      0.77      0.20      0.01
      0.77      0.20      0.01
     -0.19      0.20      0.01
     -0.19      0.20      0.01
      0.77      0.20      0.01
     -0.19      0.20      0.01
     -0.19      0.20      0.01
      0.77      0.20      0.01
     -0.19      0.20      0.01
     -0.19      0.20      0.01
      0.77      0.20      0.01
     -0.19      0.20      0.01
     -0.19      0.20      0.01
     -0.19      0.20      0.01
     -0.19      0.20      0.01
     -0.19      0.20      0.01
     -0.19      0.20      0.01
      0.77      0.20      0.97
     -0.19      0.20      0.01
     -0.19      0.20      0.01
     -0.19     -0.76      0.01
     -0.19      0.20      0.01
     -0.19      0.20      0.01
     -0.19     -0.76      0.01
     -0.19      0.20      0.01
     -0.19      0.20      0.01
     -0.19     -0.76      0.01
     -0.19     -0.76      0.01
     -0.19      0.20      0.01
      0.77      0.20      0.01
     -0.19      0.20      0.01
     -0.19      0.20      0.01
     -0.19      0.20      0.01
     -0.19      0.20      0.01
     -0.19      0.20      0.01
      0.77      0.20      0.01
     -0.19      0.20      0.01
      0.77      0.20      0.01
      0.77     -0.76      0.01
     -0.19     -0.76      0.01
     -0.19     -0.76      0.01
     -0.19      0.20      0.01
     -0.19      0.20      0.01
     -0.19      0.20      0.01
     -0.19      0.20      0.01
     -0.19     -0.76      0.01
     -0.19     -0.76      0.01
     -0.19      0.20      0.01
     -0.19     -0.76      0.01
     -0.19      0.20      0.01
     -0.19      0.20      0.01
      0.77      0.20      0.01
     -0.19      0.20      0.01
     -0.19      0.20      0.01
      0.77      0.20      0.01
     -0.19     -0.76      0.01
     -0.19      0.20      0.01
      0.77      0.20      0.01
     -1.15      0.20      0.01
     -0.19      0.20      0.01
     -0.19      0.20      0.01
      0.77      0.20      0.01
     -0.19     -0.76      0.01
     -0.19     -0.76      0.01
     -0.19     -0.76      0.01
     -0.19      0.20      0.01
     -0.19      0.20      0.01
      0.77      0.20      0.01
     -0.19      0.20      0.01
      0.77      0.20      0.01
     -0.19      0.20     -0.95
     -0.19      0.20      0.01
     -0.19      0.20      0.01
     -0.19      0.20      0.01
     -0.19     -0.76      0.01
     -0.19      0.20      0.01
     -0.19     -0.76      0.01
     -0.19      0.20      0.01
     -0.19     -1.71      0.01
     -0.19     -0.76      0.01
     -0.19      0.20      0.01
     -0.19      0.20      0.01
     -0.19      0.20      0.01
     -0.19      0.20      0.01
     -0.19      0.20      0.01
     -0.19      0.20      0.01
     -0.19      0.20      0.01
     -0.19      0.20      0.01
     -0.19      0.20      0.01
     -0.19      0.20      0.01
      0.77      0.20      0.01
     -0.19      0.20      0.01
     -0.19      0.20      0.01
     -0.19      0.20      0.01
     -0.19      0.20      0.01
     -0.19      0.20      0.01
     -0.19     -0.76      0.01
     -0.19      0.20      0.01
     -0.19     -0.76      0.01
     -0.19      0.20      0.01
     -0.19      0.20      0.01
      0.77     -0.76      0.01
     -0.19      0.20      0.01
      0.77      0.20      0.01
      0.77      0.20      0.01
     -0.19      0.20      0.01
      0.77      0.20      0.01
     -0.19      0.20      0.01
      0.77     -0.76      0.01
     -0.19      0.20      0.01
     -0.19      0.20      0.01
      0.77      0.20      0.01
     -0.19     -0.76      0.01
      0.77      0.20      0.01
     -0.19      0.20      0.01
     -0.19      0.20      0.01
      0.77      0.20      0.01
      0.77     -0.76      0.01
     -0.19      0.20      0.01
     -0.19      0.20      0.01
     -0.19      0.20      0.01
     -0.19      0.20      0.01
     -0.19      0.20      0.01
     -0.19      0.20      0.01
     -0.19      0.20      0.01
     -0.19      0.20      0.01
      0.77      0.20      0.01
     -0.19      0.20      0.01
     -0.19      0.20      0.01
     -0.19      0.20      0.01
     -0.19      0.20      0.01
      0.77      0.20     -0.95
     -0.19     -0.76      0.01
     -0.19     -1.71      0.01
     -0.19     -0.76      0.01
     -0.19      0.20      0.01
     -0.19      0.20      0.01
     -0.19      0.20      0.01
     -0.19     -0.76      0.01
     -0.19      0.20      0.01
     -0.19      0.20      0.01
     -0.19     -0.76      0.01
     -0.19      0.20      0.01
      0.77      0.20      0.01
     -0.19      0.20      0.01
     -0.19      0.20      0.01
     -0.19      0.20      0.01
     -0.19      0.20      0.01
     -0.19     -0.76      0.01
     -0.19      0.20      0.01
      0.77      0.20      0.01
     -0.19      0.20      0.01
     -0.19      0.20      0.01
     -0.19     -0.76      0.01
     -0.19      0.20      0.01
      0.77      0.20      0.01
     -0.19      0.20      0.01
     -0.19     -0.76      0.01
      0.77      0.20      0.01
      0.77     -1.71      0.01
     -0.19      0.20      0.01
     -0.19      0.20      0.01
     -0.19      0.20      0.01
     -0.19      0.20      0.01
     -0.19      0.20      0.01
     -0.19      0.20      0.01
     -0.19     -0.76      0.01
     -0.19      0.20      0.01
      0.77      0.20      0.01
     -0.19      0.20      0.01
     -0.19      0.20      0.01
     -0.19      0.20      0.01
     -0.19      0.20      0.01
     -0.19      0.20      0.01
     -0.19      0.20      0.01
     -0.19      0.20      0.01
     -0.19     -0.76      0.01
     -1.15      0.20      0.01
     -0.19      0.20      0.01
     -0.19     -0.76      0.01
     -0.19      0.20      0.01
      0.77      0.20      0.01
     -0.19      0.20      0.01
      0.77      0.20      0.01
     -0.19      0.20      0.01
     -0.19      0.20      0.01
     -2.10      0.20      0.01
     -0.19      0.20      0.01
     -0.19      0.20      0.01
      0.77      0.20      0.01
     -0.19      0.20      0.01
      0.77      0.20      0.01
     -0.19      0.20      0.01
     -0.19      0.20      0.01
     -0.19      0.20      0.01
     -0.19      0.20      0.01
     -0.19     -0.76      0.01
     -0.19      0.20      0.01
     -0.19      0.20      0.01
      0.77      0.20      0.01
     -0.19      0.20      0.01
     -0.19      0.20      0.01
     -0.19      0.20      0.01
     -0.19      0.20      0.01
      0.77      0.20      0.01
      0.77     -0.76      0.01
     -0.19      0.20      0.01
      0.77      0.20      0.01
     -0.19      0.20      0.01
     -0.19      0.20      0.01
     -0.19      0.20      0.01
     -0.19      0.20      0.01
     -0.19     -0.76      0.01
     -0.19     -0.76      0.01
     -0.19     -0.76      0.01
     -0.19     -0.76      0.01
      0.77      0.20      0.01
     -0.19      0.20      0.01
     -0.19      0.20      0.01
      0.77      0.20      0.01
     -0.19      0.20      0.01
      0.77      0.20      0.01
     -0.19      0.20      0.01
     -0.19      0.20      0.01
     -0.19      0.20      0.01
     -0.19     -0.76      0.01
     -0.19      0.20      0.01
     -0.19      0.20      0.01
     -0.19      0.20      0.01
      0.77      0.20      0.01
     -0.19      0.20      0.01
     -0.19      0.20      0.01
     -0.19      0.20      0.01
     -0.19      0.20      0.01
     -0.19     -0.76      0.01
      0.77      0.20      0.01
      0.77      0.20      0.01
      0.77      0.20      0.01
     -0.19     -0.76      0.01
      0.77      0.20      0.01
     -0.19      0.20      0.01
     -0.19      0.20      0.01
     -0.19      0.20      0.01
     -0.19      0.20      0.01
      0.77     -0.76      0.01
     -0.19      0.20      0.01
     -0.19      0.20      0.01
     -0.19      0.20      0.01
     -0.19      0.20      0.01
     -0.19      0.20      0.01
     -0.19      0.20      0.01
     -0.19      0.20      0.01
     -0.19      0.20      0.01
     -0.19      0.20      0.01
     -0.19      0.20      0.01
     -0.19      0.20      0.01
     -0.19      0.20      0.01
      0.77      0.20      0.01
     -0.19      0.20      0.01
     -0.19     -0.76      0.01
     -0.19     -0.76      0.01
     -0.19      0.20      0.01
      0.77      0.20      0.01
     -0.19     -0.76      0.01
     -0.19     -0.76      0.01
     -0.19     -0.76      0.01
     -0.19      0.20      0.01
     -0.19      0.20      0.01
      0.77      0.20      0.01
     -0.19      0.20      0.01
     -0.19      0.20      0.01
     -0.19      0.20      0.01
     -0.19      0.20      0.01
     -0.19      0.20      0.01
     -0.19      0.20      0.01
     -0.19      0.20      0.01
      0.77      0.20      0.01
     -0.19      0.20      0.01
     -0.19      0.20      0.01
     -0.19      0.20      0.01
     -0.19      0.20      0.01
     -0.19      0.20      0.01
     -0.19      0.20      0.01
      0.77      0.20      0.01
      0.77      0.20      0.01
     -0.19      0.20      0.01
     -0.19      0.20      0.01
     -0.19      0.20      0.01
     -0.19      0.20      0.01
     -0.19      0.20      0.01
     -0.19      0.20      0.01
     -0.19     -0.76      0.01
     -0.19      0.20      0.01
     -0.19      0.20      0.01
      0.77      0.20      0.01
     -0.19      0.20      0.01
      0.77     -0.76      0.01
      0.77     -0.76      0.01
     -0.19      0.20      0.01
      0.77      0.20      0.01
     -0.19      0.20      0.01
     -0.19      0.20      0.01
     -0.19      0.20      0.01
     -0.19      0.20      0.01
     -0.19      0.20     -0.95
     -1.15     -0.76      0.01
     -0.19      0.20      0.01
      0.77      0.20      0.01
     -0.19      0.20      0.01
      0.77      0.20      0.01
     -0.19      0.20      0.01
     -0.19      0.20      0.01
     -0.19     -0.76      0.01
     -0.19      0.20      0.01
     -0.19     -0.76      0.01
     -0.19      0.20      0.01
     -0.19      0.20      0.01
     -0.19      0.20      0.01
     -0.19      0.20      0.01
     -0.19      0.20      0.01
      0.77      0.20      0.01
     -0.19      0.20      0.01
     -0.19      0.20      0.01
      0.77     -0.76      0.01
     -0.19     -0.76      0.01
     -0.19     -0.76      0.01
     -0.19      0.20      0.01
     -0.19      0.20      0.01
     -0.19      0.20      0.01
      0.77      0.20      0.01
     -0.19      0.20      0.01
     -0.19      0.20      0.01
     -0.19      0.20      0.01
     -0.19      0.20      0.01
     -0.19      0.20      0.01
      0.77      0.20      0.01
      0.77     -0.76      0.01
      0.77      0.20      0.01
     -0.19      0.20      0.01
     -0.19     -0.76      0.01
     -0.19      0.20      0.01
      0.77      0.20      0.01
     -0.19     -0.76      0.01
      0.77      0.20      0.01
      0.77      0.20      0.01
     -0.19     -0.76      0.01
     -0.19      0.20      0.01
     -0.19      0.20      0.01
     -0.19      0.20      0.01
     -0.19      0.20      0.01
      0.77      0.20      0.01
     -0.19      0.20      0.01
      0.77      0.20      0.01
     -0.19      0.20      0.01
     -0.19      0.20      0.01
      0.77      0.20      0.01
     -0.19      0.20      0.01
      0.77      0.20      0.01
      0.77      0.20      0.01
     -0.19      0.20      0.01
     -0.19      0.20      0.01
     -0.19      0.20      0.01
     -0.19      0.20      0.01
      0.77      0.20      0.01
     -0.19     -0.76      0.01
     -0.19      0.20      0.01
     -0.19      0.20      0.01
     -0.19      0.20      0.01
      0.77      0.20      0.01
      0.77      0.20      0.01
      0.77      0.20      0.01
     -0.19      0.20      0.01
     -0.19      0.20      0.01
     -0.19     -0.76      0.01
     -0.19      0.20      0.01
     -0.19     -0.76      0.01
     -0.19      0.20      0.01
     -0.19      0.20      0.01
     -0.19      0.20      0.01
     -0.19      0.20      0.01
     -0.19      0.20      0.01
     -0.19      0.20      0.01
     -0.19      0.20      0.01
     -0.19      0.20      0.01
     -0.19      0.20      0.01
     -0.19      0.20      0.01
     -0.19      0.20      0.01
     -0.19      0.20      0.01
      0.77     -0.76      0.01
     -0.19      0.20      0.01
     -0.19      0.20      0.01
     -1.15      0.20      0.01
      0.77      0.20      0.01
     -0.19     -0.76      0.01
     -0.19      0.20      0.01
      0.77      0.20      0.01
     -0.19      0.20      0.01
     -0.19      0.20      0.01
     -0.19      0.20      0.01
     -0.19      0.20      0.01
     -0.19      0.20      0.01
     -0.19      0.20      0.01
     -0.19     -0.76      0.01
     -0.19      0.20      0.01
     -0.19      0.20      0.01
      0.77      0.20      0.01
      0.77      0.20      0.01
     -0.19     -0.76      0.01
     -0.19      0.20      0.01
     -0.19      0.20      0.01
     -0.19      0.20      0.01
     -0.19     -0.76      0.01
     -0.19      0.20      0.01
     -0.19     -0.76      0.01
     -0.19      0.20      0.01
      0.77      0.20      0.01
     -0.19      0.20      0.01
     -0.19     -1.71      0.01
     -0.19      0.20      0.01
     -0.19      0.20      0.01
     -0.19      0.20      0.01
      0.77      0.20      0.01
     -0.19     -0.76      0.01
     -0.19     -0.76      0.01
     -0.19      0.20      0.01
     -0.19     -0.76      0.01
      0.77      0.20      0.01
     -0.19      0.20      0.01
     -0.19      0.20      0.01
     -0.19      0.20      0.01
     -0.19      0.20      0.01
     -0.19      0.20      0.01
     -0.19      0.20      0.01
     -0.19      0.20      0.01
