********************************************************************************
                       INSTITUTO DE INGENIERIA, UNAM
                  Coordinacion de Instrumentacion Sismica
  Ciudad Universitaria, Apartado Postal 70-472, Coyoacan 04510, Mexico, D.F.
 Tel.(52-5)622-3414    Fax.(52-5)616-1514    e-mail: isismica@pumas.iingen.unam.mx
**************************************************************************************
ARCHIVO ESTANDAR DE ACELERACION:
VERSION DEL FORMATO                    : 2.0
NOMBRE DEL ARCHIVO                     : ACAD9004.041
FECHA Y HORA DE CREACION               : Thu Feb 26 18:14:50 1998
REF. CATALOGO ACELEROGRAMAS, SMIS 1995 : REGISTRO No. 1972 /PAG. 196


================================================================================
DATOS DE LA ESTACION:
NOMBRE DE LA ESTACION                  : ACAPULCO ESCUELA DIANA
CLAVE DE LA ESTACION                   : ACAD
LOCALIZACION DE LA ESTACION            : CENTRO REGIONAL ADMINISTRATIVO DE PROFESORES,
                                       : ANTES "ESCUELA SECUNDARIA FEDERAL NO.1", A 300M
                                       : DEL MONUMENTO A LA DIANA. ACAPULCO, GUERRERO.
                                       : 
                                       : 
COORDENADAS DE LA ESTACION             : 16.86225 LAT. N
                                       : 99.87147 LONG. W
ALTITUD (msnm)                         : 23
TIPO DE SUELO                          : LIMO ARENOSO
                                       : 
                                       : 
INSTITUCION RESPONSABLE                : INSTITUTO DE INGENIERIA UNAM 
                                       : 

================================================================================
DATOS DEL ACELEROGRAFO: 
MODELO DEL ACELEROGRAFO                : DCA-333
NUMERO DE SERIE DEL ACELEROGRAFO       : 167
NUMERO DE CANALES                      : 3
ORIENTACION C1-C6 (rumbo;orientacion)  : /V/N90E/N00E
ORIENTACION C7-C12 (rumbo;orientacion) :
VEL. DE MUESTREO, C1-C6 (muestras/s)   : /100/100/100
VEL. DE MUESTREO, C7-C12 (muestras/s)  :
ESC. COMPLETA DE SENSORES, C1-C6, (g)  : /1/1/1
ESC. COMPLETA DE SENSORES, C7-C12 (g)  :
FREC. NAT. DE SENSORES, C1-C6, (Hz)    : /30.0/30.0/30.0
FREC. NAT. DE SENSORES, C7-C12 (Hz)    :
AMORTIGUAMIENTO DE SENSORES, C1-C6     : /0.70/0.70/0.70
AMORTIGUAMIENTO DE SENSORES, C7-C12    :
INTERVALO DE MUESTREO, C1-C6 (s)       : /0.01/0.01/0.01
INTERVALO DE MUESTREO, C7-C12 (s)      :
UMBRAL DE DISPARO, C1-C6 (Gal)         : /4/4/4
UMBRAL DE DISPARO, C7-C12 (Gal)        :
MEMORIA DE PREEVENTO (s)               : 4 
TIEMPO DE POSEVENTO (s)                : 15


================================================================================
DATOS DEL SISMO:
FECHA DEL SISMO [GMT]                  : 1990/04/04
HORA EPICENTRO (GMT)                   : 16:59:58.9
MAGNITUD(ES)                           : /Mb=4.40/Ms=4.00/Mc=4.80
COORDENADAS DEL EPICENTRO              : 16.657 LAT. N 
                                       : 99.372 LONG. W 
PROFUNDIDAD FOCAL (km)                 : 15 
FUENTES DE LOS DATOS EPICENTRALES      : INSTITUTO DE INGENIERIA UNAM
                                       : 

================================================================================
DATOS DE ESTE REGISTRO:
HORA DE LA PRIMERA MUESTRA (GMT)       : 17:00:12.50
EXACTITUD DEL TIEMPO (s)               : 1.00
DURACION DEL REGISTRO (s), C1-C6       : /18.76/18.76/18.76                      
DURACION DEL REGISTRO (s), C7-C12      : 
NUM. TOTAL DE MUESTRAS, C1-C6          : /1876/1876/1876                       
NUM. TOTAL DE MUESTRAS, C7-C12         : 
ACEL. MAX.(Gal), C1-C6                 : /-3.83/-14.83/-15.31                  
ACEL. MAX., C1-C6, EN LA MUESTRA       : /406/429/538                          
ACEL. MAX.(Gal), C7-C12                : 
ACEL. MAX., C7-C12,EN LA MUESTRA       : 
UNIDADES DE LOS DATOS                  : Gal (cm/s/s)
FACTOR DE DECIMACION                   : 1
FORMATO DATOS (FORTRAN,10 campos/dato) : 3F10.2


================================================================================
CALIDAD DEL ACELEROGRAMA:
REGISTRO DIGITAL COMPLETO CON TIEMPO ABSOLUTO CORRECTO.


===============================================================================
COMENTARIOS:














===============================================================================
DATOS DE ACELERACION:
---------+---------+---------+---------+---------+---------+---------+---------+
   CANAL-1   CANAL-2   CANAL-3
         V      N90E      N00E
---------+---------+---------+---------+---------+---------+---------+---------+
     -0.48      0.00     -0.96
      0.00     -0.48     -0.48
      0.00     -0.48      0.00
      0.00      0.00      0.48
      0.96      0.48      0.00
      0.48      0.48     -0.48
      0.96      0.48     -0.48
      0.00      0.48      0.00
     -0.96      0.00     -0.48
      0.00     -0.48      0.00
      0.00      0.00      0.00
     -0.96      0.00      0.00
     -0.48      0.48      0.00
      0.48      0.00     -0.96
      0.48     -0.48     -0.96
      0.48     -0.48     -0.48
      0.00      0.48      0.00
     -0.48      0.48      0.00
      0.48      0.00     -0.96
      0.48     -0.48     -0.96
      0.00     -0.48     -0.48
      0.00     -0.48      0.00
      0.00     -0.48      0.00
      0.00      0.00      0.48
      0.00      0.96      0.48
     -0.48      0.96      0.00
     -0.48      0.48     -0.48
      0.48      0.00     -0.48
      0.48     -0.48     -0.48
      0.00      0.00     -0.48
      0.00      0.48      0.00
      0.48      0.48      0.00
      0.00      0.48     -0.48
      0.00      0.00     -0.96
      0.48      0.00     -1.44
      0.48      0.00     -0.96
      0.48     -0.48      0.00
      0.00      0.00      0.48
     -0.48      0.00      0.48
      0.00     -0.96      0.00
      0.00     -0.96     -0.48
      0.48     -0.48     -0.48
      0.00     -0.48      0.48
     -0.48     -0.48      0.48
      0.00     -0.48      0.00
      0.48      0.00      0.00
      0.00      0.00      0.00
     -0.48      0.48      0.00
     -0.48      0.48     -0.48
     -0.96      0.00     -0.48
     -0.96      0.48     -0.48
      0.00      0.96      0.00
      0.48      0.48      0.00
      0.00      0.48      0.00
      0.00      0.96     -0.96
      0.00      0.96     -0.96
      0.48      0.48     -0.48
      0.48     -0.48      0.00
      0.96      0.00     -0.96
      0.48      0.48     -0.96
      0.00      0.48     -0.48
      0.00      0.00     -0.48
     -0.48      0.00     -0.48
     -0.48     -0.48     -0.48
     -0.48     -0.48     -0.48
     -0.48     -0.48      0.00
      0.00     -0.48     -0.48
      0.00      0.00      0.00
      0.00      0.00      0.00
      0.48      0.00      0.00
      0.00      0.48      0.00
      0.00      0.48      0.00
      0.00      0.48      0.00
      0.00      0.48      0.48
      0.48      0.96      0.48
      0.48      0.96      0.00
      0.48      0.96      0.00
      0.48      0.48     -0.48
      0.00      0.48     -0.96
      0.00      0.00     -0.96
      0.48     -0.48     -0.96
      0.00     -0.48     -0.96
      0.00     -0.48     -0.96
      0.48     -0.48     -0.48
      0.48     -0.48     -0.48
     -0.48     -0.48     -0.48
     -0.96     -0.48      0.00
     -0.48     -0.48      0.00
      0.48      0.00      0.48
      0.00      0.00      0.48
      0.00      0.00      0.00
      0.00     -0.48      0.00
      0.48      0.00      0.48
      0.96      0.96      0.96
      0.00      0.96      0.96
     -0.48      0.48      0.48
      0.00      0.00      0.00
      0.00      0.00      0.48
      0.00      0.48      0.48
     -0.48      0.48     -0.96
      0.00      0.00     -1.91
      0.00     -0.48     -1.44
      0.00     -0.48     -0.96
      0.48      0.00     -0.96
      0.48      0.00     -1.91
      0.00      0.00     -1.91
      0.00     -0.48     -1.44
     -0.48     -0.48     -0.96
     -0.48     -0.48     -0.48
      0.00     -0.48      0.00
     -0.48      0.00      0.00
     -0.96      0.48      0.96
      0.00      0.48      0.48
      0.48      0.00      0.48
      0.48      0.00      0.48
      0.00      0.96      0.96
      0.00      0.96      1.91
      0.48      0.48      1.44
      0.48      0.00      0.48
     -0.48      0.00     -0.48
     -0.48      0.00     -0.96
      0.00      0.00     -1.44
     -0.48      0.00     -0.96
      0.00      0.00     -1.44
      0.00      0.00     -1.44
      0.00      0.00     -1.44
      0.48      0.00     -0.96
      0.96      0.00     -0.96
      0.48      0.00     -1.91
      0.00      0.00     -1.44
      0.48      0.00     -0.96
      0.48     -0.48      0.00
     -0.48     -0.96      0.00
     -0.48     -0.48      0.00
     -0.48      0.00      0.00
      0.00      0.48      0.96
      0.00      0.48      1.44
     -0.48      0.96      1.44
      0.48      0.96      0.96
      0.96      0.48      0.96
      0.48      0.00      0.48
      0.00      0.00      0.00
      0.00      0.00     -0.48
      0.48      0.00     -1.44
      0.48      0.00     -1.44
     -0.48      0.00     -1.44
     -0.48     -0.96     -1.44
      0.00     -0.48     -1.44
      0.48     -0.48     -1.44
      0.00      0.00     -0.96
     -0.48     -0.48     -0.96
     -0.48     -0.96     -0.48
      0.00     -0.96     -0.48
     -0.48      0.00      0.00
     -0.48      0.00      0.48
      0.48     -0.48      0.00
      0.48      0.00      0.00
      0.48      0.48      0.00
      0.00      0.96      0.00
      0.00      0.96      0.00
     -0.48      0.96      0.48
      0.48      0.48      0.96
      0.00      0.96      0.48
      0.00      0.48      0.48
      0.00      0.48      0.48
      0.00      0.00      0.48
     -0.48     -0.48      0.00
     -0.48     -0.96     -1.44
      0.00     -0.48     -1.44
      0.48     -0.48     -1.91
      0.96      0.00     -1.44
      0.48     -0.48     -0.96
     -0.48     -0.48     -0.96
      0.00      0.00     -0.48
      0.00      0.00      0.00
     -0.48      0.00      0.00
     -0.48      0.00     -0.48
     -0.48      0.00      0.00
      0.00      0.48      0.00
      0.48      0.96      0.00
      0.48      0.96      0.48
     -0.48      0.48      0.48
     -0.48      0.00      0.48
      0.48      0.00      0.48
      0.96      0.00      0.00
      0.48      0.48      0.00
      0.00      0.48      0.00
      0.00      0.48      0.00
      0.00      0.00     -0.96
      0.48     -0.48     -1.44
     -0.48     -1.44     -1.44
     -0.96     -0.96     -1.44
      0.00     -0.48     -1.44
      0.00     -0.96     -0.96
     -0.48     -0.48     -0.96
     -0.48      0.00     -0.96
     -0.48      0.00     -0.96
      0.00     -0.48      0.00
      0.48     -0.48      0.00
      0.00      0.00      0.48
      0.00      0.96      0.00
      0.48      0.96      0.00
      0.00      0.48      0.00
      0.00      0.48      0.00
      0.48      0.48      0.00
     -0.48      0.96      0.00
      0.00      0.48      0.48
      0.00      0.00      0.96
     -0.48     -0.48      0.96
     -0.96     -0.48      0.00
      0.48      0.00     -0.96
      0.48      0.00     -0.96
      0.48      0.00     -0.48
      0.96      0.00     -0.96
      0.48     -0.48     -1.44
      0.00     -0.48     -0.96
     -0.48     -0.48     -0.96
     -0.48      0.00     -0.96
     -0.48      0.00     -0.96
      0.00      0.00     -0.48
      0.48      0.00      0.00
     -0.48     -0.48      0.00
      0.00     -0.48      0.00
      0.00      0.00      0.00
      0.00      0.48      0.00
      0.96      0.96      0.00
      0.96      0.96      0.00
      0.48      0.48      0.48
      0.00      0.48      0.00
      0.00      0.48      0.00
     -0.48      0.00      0.00
     -0.48     -0.48      0.00
     -0.48     -0.96     -0.48
      0.00     -0.48     -0.96
      0.00      0.00     -0.48
      0.48      0.00     -0.48
      0.00     -0.48      0.00
     -0.48     -0.48     -0.96
      0.00     -0.48     -1.44
      0.00      0.00     -1.44
      0.00      0.00     -0.96
     -0.48     -0.48     -1.44
      0.00      0.00     -0.96
      0.48      0.00     -0.48
      0.48      0.96      0.00
     -0.48      0.96      0.00
     -0.96      0.96      0.00
      0.00      0.96      0.00
      0.96      0.48      0.00
      0.48      0.00      0.48
      0.00      0.00      0.48
      0.00      0.00      0.00
      0.00      0.00      0.00
     -0.48      0.00     -0.48
      0.00      0.00     -0.48
      0.00      0.00     -0.48
      0.00     -0.48      0.00
      0.48     -0.48      0.00
      0.00     -0.48      0.00
     -0.48     -0.96      0.00
     -0.48     -0.48     -0.48
      0.00      0.00     -1.44
      0.48     -0.48     -1.44
      0.48     -0.48     -0.48
      0.48      0.00      0.00
      0.00      0.48      0.00
     -0.48      0.96      0.00
      0.00      0.96      0.00
      0.00      0.48      0.48
      0.48      0.48      0.00
      0.48      0.48      0.00
      0.48      0.48     -0.48
      0.00      0.96      0.00
      0.00      0.96      0.00
      0.00      0.48     -0.48
      0.00      0.00     -0.48
      0.00     -0.48      0.00
      0.00     -0.96      0.00
      0.00     -0.96      0.00
     -0.48     -0.96      0.00
      0.00     -1.44      0.00
      0.00     -0.96      0.00
      0.00      0.00      0.00
     -0.48      0.00     -0.96
      0.00      0.48     -0.96
      0.00      0.48     -0.48
      0.00      0.48     -0.48
     -0.48      0.48     -0.48
      0.00      0.96     -0.96
      0.48      0.00     -1.44
      0.48      0.48     -0.48
      0.00      0.48      0.00
     -0.48      0.48      0.00
     -0.48      0.00      0.00
      0.48      0.00      0.00
      0.00      0.00      0.00
     -0.48      0.00      0.00
     -0.48     -0.48     -0.48
      0.00     -0.96     -0.96
      0.00     -0.48      0.00
      0.48      0.00      0.00
      0.48      0.00      0.48
      0.00      0.00      0.00
     -0.48      0.00      0.00
     -0.48      0.00     -0.48
      0.00      0.00      0.00
      0.48      0.00      0.00
      0.00      0.48      0.48
      0.00      0.48      0.48
     -0.48      0.00      0.00
      0.00     -0.48     -0.96
      0.96      0.48     -1.91
      0.48      0.96     -1.44
      0.00      0.96     -0.96
      0.48      0.48     -0.48
      0.00      0.00     -0.48
     -0.48      0.00     -0.96
      0.00      0.00     -0.96
      0.00      0.00     -0.96
      0.00      0.00      0.00
      0.00      0.00      0.00
      0.00      0.00      0.00
      0.00     -0.48      0.00
      0.48     -0.48      0.00
      0.48     -0.48      0.00
      0.48      0.00      0.00
      0.00      0.00      0.00
      0.00      0.00     -0.48
      0.00      0.00     -1.44
     -0.48      0.00     -1.44
     -0.48      0.48     -1.91
      0.00      0.48     -1.91
      0.00      0.00     -1.44
     -0.48      0.00     -1.44
     -0.96      0.00     -0.96
     -0.48     -0.48     -0.96
      0.00     -0.96      0.00
      0.48     -0.96      0.48
      0.96     -0.48      0.96
      0.96      0.00      1.44
      0.48      0.00      1.44
      0.48      0.48      1.91
      0.48      0.96      2.39
      0.48      0.96      2.87
      0.00      0.96      2.87
      0.00      0.96      2.87
      0.48      0.96      2.39
      0.48      0.96      2.39
      0.48      1.44      1.44
      0.48      1.44      0.96
     -0.48      0.96      0.48
     -0.96      0.48     -0.96
     -0.96      0.00     -2.87
     -0.96      0.00     -4.31
     -1.44     -0.96     -6.22
     -1.91     -1.44     -7.18
     -1.44     -1.91     -7.18
     -1.44     -2.39     -7.66
     -0.96     -1.91     -8.13
     -0.48     -1.44     -7.18
     -0.48     -0.96     -5.26
     -0.48     -1.44     -3.83
      0.00     -2.39     -2.39
      0.00     -3.35      0.48
      0.00     -3.83      4.79
      0.00     -3.35      8.13
      0.48     -1.91     10.05
      0.48     -0.96      9.57
      0.96      0.48      8.13
      0.96      2.39      7.18
      1.44      4.31      5.74
      1.44      4.79      4.31
      1.91      4.31      2.87
      1.91      4.79      0.48
      1.44      5.26     -1.44
      1.44      5.26     -4.31
      2.39      6.22     -7.66
      1.91      5.74     -9.09
      0.96      5.74     -8.13
      0.48      4.79     -6.22
      0.00      2.87     -3.83
     -0.48      0.00     -2.39
     -0.96     -2.39     -1.44
     -0.96     -4.31     -1.44
      0.00     -5.74     -2.87
      0.00     -7.18     -2.87
     -0.48     -8.13     -2.87
     -0.48     -8.61     -0.96
     -0.48     -9.57      1.44
      0.00    -10.53      4.31
      0.48     -9.09      6.70
     -0.48     -5.74      8.61
     -0.96     -2.39      9.09
      0.48      1.91      7.66
      0.48      6.22      4.31
      0.00     10.05      0.96
      0.00     11.48     -0.96
      0.96     11.48     -2.87
      1.91     10.53     -4.31
      0.96      8.61     -6.22
      0.00      6.22     -7.66
      0.00      3.83     -9.09
      0.96      2.87     -9.09
      0.96      2.39     -7.66
     -0.96      0.48     -4.79
     -2.87     -3.83     -0.96
     -3.83     -9.57      2.87
     -3.35    -11.96      5.26
     -3.35    -13.40      5.26
     -2.39    -14.36      4.31
     -0.48    -13.88      2.87
      0.96    -10.05      1.91
      1.91     -3.83      1.44
      2.39      0.96      2.39
      2.39      3.83      0.96
      1.44      7.18     -0.96
      0.48     10.53     -0.96
      0.00     12.44      0.48
      0.00     12.44      0.48
      0.96     11.96     -0.96
      1.44     11.48     -4.31
      1.91     10.05     -4.31
      2.87      7.66     -1.91
      2.39      4.31     -0.48
      0.96      2.39     -0.96
     -0.96      0.48     -0.48
     -2.87     -3.35     -0.48
     -2.87     -8.13     -1.44
     -1.91    -12.44     -1.91
     -1.44    -14.83     -0.48
     -1.44    -14.83     -0.48
      0.48    -12.92     -1.44
      0.48    -10.53     -1.91
     -0.48     -7.66     -1.91
     -1.44     -4.31     -0.96
     -1.44      0.00     -0.96
     -0.96      3.83     -0.48
      0.48      6.70      1.44
      0.96      8.13      4.31
      0.96      8.61      4.79
      2.39     11.01      3.83
      3.35     11.48      3.35
      2.87     10.53      3.35
      1.44      7.66      4.31
     -0.48      3.83      5.26
     -1.91     -1.44      3.83
     -1.91     -6.70     -1.44
     -1.91     -8.61     -6.70
     -1.91     -9.09     -9.57
     -1.44     -8.13     -8.61
     -0.48     -6.70     -5.74
     -0.48     -5.26     -3.35
     -0.48     -3.83     -2.39
      0.00     -3.83     -1.91
      1.44     -1.91      0.00
      1.91      2.39      2.39
      1.44      7.18      4.31
      0.48      8.13      4.31
      0.48      7.18      3.35
      0.96      6.70      2.39
      1.91      6.70      1.91
      1.91      5.26      0.96
      0.96      1.91     -0.96
      0.00      0.00     -1.91
     -0.96     -0.96     -2.39
     -1.91     -1.91     -1.91
     -1.44     -3.83     -2.39
     -0.96     -4.79     -3.83
     -1.44     -4.31     -4.31
     -0.96     -3.83     -2.87
     -0.96     -4.31     -0.48
     -1.44     -5.26      0.00
     -0.96     -5.26     -0.96
      0.00     -2.87     -0.96
      0.48      0.00     -0.48
      0.96      1.91      0.48
      1.91      2.39      1.44
      2.39      1.44      1.44
      1.91      0.00      0.96
      0.96      1.91      0.48
      0.00      6.22      0.00
      0.00      8.61     -0.96
      0.00      7.66     -0.96
     -0.48      5.74      0.00
     -0.96      4.31      0.48
     -1.91      3.35      0.96
     -2.39      2.39      1.44
     -1.44      1.44      1.91
     -0.48     -0.48      2.87
      0.00     -4.31      2.87
      0.48     -8.13      0.00
      0.48     -9.57     -5.74
      0.96     -9.57    -10.05
      0.96     -9.57     -9.09
      0.48     -8.13     -4.79
     -0.48     -4.79     -0.96
     -0.48      0.00     -0.48
      0.00      5.26      0.48
      0.00      6.22      2.87
     -0.48      3.83      4.79
      0.00      0.96      5.26
      0.48      1.91      3.83
      0.96      3.83      1.91
      1.44      5.74      0.96
      2.39      6.70      0.96
      2.39      6.70      0.00
      2.39      5.26     -1.91
      0.96      2.39     -2.87
      0.00     -1.44     -1.91
     -0.48     -5.26      0.00
     -1.44     -6.70      0.96
     -1.44     -5.26      0.96
     -0.48     -2.39      0.96
     -0.48      0.48      0.48
     -0.48      0.96     -0.96
     -1.44      0.00     -2.87
     -1.91     -2.87     -2.87
     -0.96     -3.83     -1.44
      0.00     -2.39     -0.96
      0.00     -1.44     -2.87
     -0.48     -0.96     -5.26
      0.00     -0.48     -5.26
      1.44      0.96     -4.31
      1.44      3.35     -4.31
      0.96      3.83     -3.83
      0.48      2.87     -0.48
      0.96      1.44      3.35
      1.44      1.91      6.70
     -0.48      3.35      8.61
     -1.44      4.79      9.57
     -1.44      5.26      9.09
     -1.44      2.87      7.66
     -0.48     -1.44      6.70
      0.00     -3.35      4.31
     -0.48     -4.31     -0.96
     -0.96     -4.31     -7.18
      0.48     -3.83    -10.53
      1.44     -2.39    -12.92
      0.00     -0.96    -15.31
     -0.48      0.48    -15.31
     -0.48      0.48    -10.53
      0.48      0.00     -3.83
      0.96      0.48      3.35
      0.48      0.96      7.66
      0.00      0.00      9.57
      0.48     -1.44     10.05
      1.44     -2.87      9.57
      0.00     -1.44      8.13
     -0.96      0.96      5.74
     -0.96      1.91      2.87
     -0.48      0.96     -0.96
     -0.48     -0.96     -4.79
     -0.96     -0.96     -7.66
     -1.44     -0.48     -8.13
     -0.48      0.48     -6.70
      0.96      0.48     -5.26
      1.91      1.44     -2.87
      2.39      2.39      0.00
      1.44      3.35      1.91
      0.96      4.79      1.91
      0.96      4.79      1.91
      0.96      2.87      3.35
      0.48      0.00      3.83
      0.48     -2.39      2.39
      0.00     -2.87      0.00
     -0.48     -1.91     -1.91
     -0.96     -1.91     -0.96
     -2.39     -2.87      0.00
     -2.39     -3.83      0.00
     -1.44     -4.31     -0.48
     -0.96     -3.35     -2.39
      0.00     -1.44     -3.35
      0.48     -0.48     -2.39
      0.96     -0.48     -0.48
      0.96      0.48     -0.48
      1.44      3.83     -2.87
      2.39      6.70     -4.31
      1.44      6.22     -3.83
     -0.48      4.31     -0.96
     -1.44      2.87      0.00
     -1.44      1.91     -0.48
     -1.44      0.96     -1.91
     -0.96      0.00      0.00
      0.00     -0.96      2.39
      0.00     -0.96      3.83
     -0.48     -1.91      3.35
      0.00     -3.35      2.39
      0.00     -4.31      1.44
      1.44     -5.26      0.96
      2.39     -5.26      1.44
      1.91     -3.35      0.96
      0.48     -0.48      0.48
      0.00      0.48      0.00
     -0.96      1.91     -0.96
     -0.96      3.35     -2.39
     -0.96      4.31     -2.39
     -0.96      3.35     -1.44
     -0.48      2.39     -1.44
     -0.48      2.39     -1.44
      0.00      2.87     -1.91
      0.00      2.39     -3.35
     -0.48      1.44     -4.31
      0.00     -0.48     -2.87
      1.44     -2.39      0.00
      1.91     -3.35      1.44
      0.48     -3.83      2.87
      0.00     -5.74      3.83
      0.00     -6.22      3.35
      0.00     -4.79      1.91
      0.00     -1.44      1.44
     -0.96      1.91      0.96
     -0.48      4.31      0.48
      0.48      4.79      0.00
      0.96      4.31     -0.96
      0.96      4.31     -1.91
      0.48      4.31     -2.87
     -0.48      3.83     -3.35
     -0.48      2.87     -3.83
     -0.48      0.96     -3.35
      0.00     -1.91     -1.44
      0.00     -3.35     -0.96
      0.00     -3.83     -0.48
      0.48     -4.79      0.00
      0.48     -4.79      0.48
      0.48     -3.83     -0.48
     -0.48     -1.91     -0.48
     -0.96      0.00      0.48
     -1.44      0.48      0.96
     -0.96      0.48      0.96
      0.00      1.44      0.96
      0.48      2.87      1.44
      0.48      2.87      1.44
      0.48      1.91      1.91
      0.96      2.87      1.91
      0.96      3.35      0.96
      0.48      3.35     -1.44
      0.96      1.44     -1.91
      1.44      0.48     -2.39
      0.48      0.48     -2.39
     -0.48      0.00     -2.87
     -0.96     -0.96     -2.87
     -0.96     -2.39     -2.39
     -1.44     -2.87     -1.91
     -1.44     -2.39     -1.91
     -0.96     -2.39     -1.44
     -0.48     -1.44      0.00
      0.00     -0.96      1.44
     -0.96     -1.44      2.87
     -0.48     -2.39      2.87
      0.00     -1.44      0.96
      0.96      0.48      0.00
      1.44      1.44      0.00
      1.44      1.91      0.48
      0.96      1.44      1.44
      0.48      0.96      1.91
      0.00      2.39      0.48
     -0.48      3.35     -0.96
     -0.48      3.83     -1.91
     -0.48      3.35     -2.39
     -0.48      2.39     -1.91
      0.00      0.48     -1.44
      0.48     -1.44     -0.96
      0.48     -2.39     -0.96
      0.48     -2.39     -0.96
     -0.48     -1.91     -0.48
      0.00     -2.39      0.00
      0.96     -2.39      0.00
      0.48     -1.91     -0.96
     -0.48     -1.91     -0.96
     -0.48     -2.39      0.48
     -0.48     -2.39      1.44
      0.00     -0.96      1.91
      0.00      1.44      1.44
     -0.48      2.87      0.48
      0.96      2.39      0.00
      1.91      1.91     -0.96
      1.44      2.39     -0.96
      0.96      2.39      0.00
      0.00      1.44      0.00
      0.00      0.96     -0.48
      0.00      0.96     -1.91
     -0.48      0.48     -2.39
     -0.96     -0.48     -2.39
     -0.48     -1.44     -1.91
     -0.48     -1.91     -0.96
     -0.48     -1.44      0.00
     -0.48     -0.96      0.96
      0.00     -0.48      1.91
      0.00     -0.48      2.87
      0.48     -0.96      2.39
      0.00     -0.96      0.48
      0.00     -0.48     -0.96
      0.48     -0.48     -0.96
      0.00     -0.48     -0.96
     -0.48     -0.48     -0.48
      0.00      0.48      0.00
      0.00      2.39     -1.44
      0.00      3.83     -2.87
      0.00      3.83     -4.31
      0.48      2.87     -3.83
      0.48      1.91     -1.91
      0.48      1.44      0.00
      0.00      0.96      1.44
     -0.48      0.48      3.35
     -0.48      0.00      3.35
      0.00     -0.48      2.39
      0.48     -0.96      0.96
      0.00     -1.91     -0.48
      0.00     -2.87     -0.96
     -0.96     -4.31      0.00
      0.00     -4.79      0.48
     -0.48     -4.31      0.00
     -0.96     -3.35     -1.91
     -0.48     -1.91     -2.39
      0.00      0.00     -2.39
      0.96      0.96     -1.91
      1.44      2.87     -1.44
      1.91      4.31     -0.48
      1.44      5.26      0.48
      0.96      5.74      1.44
      0.48      5.26      1.44
      0.00      4.31      1.44
     -0.96      2.87      0.48
      0.00      1.44      0.48
      0.00      0.48      0.00
      0.48     -1.91     -0.48
      0.00     -3.83     -0.48
     -0.48     -4.31     -0.48
     -0.96     -4.79     -0.48
     -0.96     -4.31     -0.48
     -0.48     -3.35      0.00
     -0.48     -2.39      0.00
      0.00     -1.91      0.96
      0.48     -1.44      1.44
      0.48     -0.48      0.48
      0.48      0.00     -1.91
      0.00      0.48     -3.83
      0.00      1.44     -2.87
      0.00      2.39     -1.44
     -0.48      2.87      0.00
     -0.96      2.39      0.48
     -0.96      1.91      0.48
     -0.48      1.44      0.00
      0.00      1.44      0.00
      0.00      1.44      0.00
      0.00      0.96      0.00
      0.48      0.00      0.48
      0.96     -0.96      0.00
      0.48     -1.44     -0.48
      0.00     -0.96      0.00
      0.00      0.00     -0.48
     -0.48      1.44     -1.44
     -0.48      1.44     -1.91
      0.00      0.48     -1.91
     -0.48     -0.96     -1.44
      0.00     -1.91     -0.48
      0.48     -1.44      0.00
      0.48     -0.48      0.48
      0.00      0.00      0.96
      0.00      0.00      0.96
      0.00      0.48      0.00
      0.00      0.96     -0.96
      0.48      0.96     -0.96
      0.00     -0.48      0.00
     -0.48     -1.91      0.48
     -0.48     -1.44      0.96
     -0.48      0.00      0.00
     -0.48      1.44     -1.44
     -0.48      2.39     -2.87
      0.00      2.87     -2.87
      0.00      1.91     -1.91
      0.48      0.48     -1.44
      0.96     -0.48     -1.91
      0.48      0.00     -1.44
      0.00      0.00      0.00
     -0.48     -0.48      1.44
      0.00     -1.44      2.87
      0.48     -1.44      3.35
      0.48     -1.44      2.87
      0.48     -1.91      1.44
      0.48     -1.91      0.96
      0.48     -1.44      0.96
     -0.48     -0.48      0.00
     -0.48      0.48     -1.44
      0.00      0.48     -1.91
      0.96      0.48     -1.91
      0.96      0.96     -1.91
      0.00      1.91     -0.96
     -0.48      1.91     -0.96
     -0.48      1.44     -1.91
     -0.48      0.96     -2.87
     -0.48      0.96     -2.87
      0.00      0.48     -1.91
      0.00     -0.48     -0.96
      0.96     -0.96      0.00
      0.96     -0.96      0.48
      0.48     -0.96      0.48
      0.00     -0.48     -0.48
     -0.48      0.00     -0.96
     -0.48      0.00      0.00
      0.48      0.00      1.91
      0.48      0.00      2.87
      0.48      0.48      2.39
      0.48      0.00      1.44
     -0.48      0.00      0.48
     -0.48     -0.96      0.48
      0.00     -0.48      0.96
      0.00      0.48      0.00
     -0.48      1.91     -1.44
      0.00      2.39     -2.39
     -0.48      1.91     -1.91
     -0.48      1.44     -1.44
     -0.48      0.96     -0.96
     -0.48      0.48     -1.91
      0.00     -0.96     -1.91
      0.48     -1.44     -1.91
     -0.48     -0.96     -1.91
     -0.48      0.00     -0.96
      0.48     -0.48      0.48
      0.00      0.00      0.96
      0.00     -0.48      0.96
      0.00     -0.48      0.48
      0.00     -0.48      0.48
      0.48     -0.48      0.48
      0.48     -0.48      0.48
      0.48     -0.96      0.48
      0.00      0.00      0.96
      0.00      0.48      0.48
      0.48      0.96      0.00
      0.00      0.48     -1.44
     -0.48      0.96     -1.91
     -0.48      0.48     -1.44
     -0.48      0.00     -0.48
      0.00      0.48      0.00
      0.48      0.96      0.00
      0.48      1.44     -0.48
      0.48      0.96     -0.96
      0.48      0.00     -0.96
      0.00     -0.48     -0.48
     -0.48      0.00      0.48
     -0.48      0.00      0.48
      0.00     -0.48      0.96
      0.48     -0.96      0.48
      0.00     -1.44      0.00
      0.00     -1.91     -0.48
     -0.48     -1.44     -0.48
      0.00     -0.96      0.00
      0.48      0.00     -0.48
      0.48      0.48     -0.96
      0.00      1.44     -1.91
      0.00      1.91     -2.39
     -0.48      1.44     -1.91
     -0.48      0.96     -0.96
      0.48      0.48      0.00
      0.96      0.00      0.00
      0.96     -0.96     -0.48
      0.96     -0.96     -0.48
      0.48      0.00      0.00
      0.00      0.48      0.48
      0.00      0.48      0.48
      0.00      0.48      0.96
     -0.48      0.48      0.96
      0.00     -0.48      0.48
     -0.48     -1.44      0.48
     -0.48     -1.91      0.00
     -0.48     -1.44      0.00
      0.00     -0.48     -0.48
     -0.48      0.00      0.00
      0.00      0.48      0.48
      0.00      0.48      0.48
      0.48      0.48     -0.48
      0.48      0.48     -2.39
      0.00      0.00     -2.39
     -0.48      0.00     -2.87
      0.96      0.48     -1.44
      0.48      0.96     -1.44
      0.00      1.44     -0.96
     -0.48      1.44      0.00
      0.00      0.96      0.48
     -0.48      0.96      0.96
     -0.48      0.48      0.96
     -0.48     -0.48      0.48
     -0.48     -1.44      0.48
      0.00     -2.39      0.48
      0.48     -1.91      0.48
      0.48     -1.44      0.48
      0.48     -0.48      0.48
      0.48      0.00      0.48
      0.00      0.96      0.00
      0.00      1.91     -1.44
      0.00      1.91     -1.91
     -0.48      0.96     -1.91
      0.00      0.96     -0.96
      0.00      1.44     -0.96
      0.00      0.96     -1.91
      0.48      0.48     -1.91
      0.48      0.00     -0.96
      0.48      0.00     -0.48
      0.00     -0.48      0.00
     -0.48     -0.96      0.48
     -0.48     -1.91      0.48
     -0.96     -1.91      0.48
     -0.96     -1.91      0.48
     -0.48     -1.44      1.44
      0.48     -0.48      1.44
      0.48      0.00      0.48
      0.96      0.96     -0.48
      0.48      0.96     -0.48
      0.48      1.44     -0.96
      0.48      1.44     -0.96
      0.00      1.44     -1.44
      0.00      0.96     -1.91
      0.48      0.96     -2.87
      0.48      0.96     -2.39
      0.48      1.44     -1.44
      0.48      1.44     -1.44
      0.48      0.96     -0.96
      0.48      0.48      0.48
      0.00     -0.48      1.44
     -0.48     -0.96      1.44
     -0.48     -0.96      0.96
     -0.48     -1.44      0.48
      0.00     -1.44      0.48
      0.00     -1.91      0.48
      0.48     -2.39      0.48
      0.48     -1.44      0.48
      0.00     -0.96      0.96
      0.00     -0.48      0.96
     -0.48      0.48      0.00
      0.00      0.96     -0.48
      0.00      1.44     -0.96
      0.48      1.44     -0.96
      0.48      0.96     -0.48
      0.00      0.96      0.00
      0.00      0.96     -0.48
     -0.48      0.96     -0.96
     -0.48      0.48     -1.91
     -0.48      0.48     -2.39
      0.00      0.48     -2.39
      0.00      0.48     -2.87
      0.48      0.00     -2.87
      0.48     -0.96     -1.91
      0.48     -0.96     -0.96
      0.00     -0.48      0.00
      0.00      0.00      1.44
      0.00      0.00      1.91
      0.00     -0.48      2.39
      0.48     -0.48      2.39
      0.48      0.00      2.39
      0.48      0.48      1.44
      0.48      0.48      0.96
      0.00      0.48      0.00
     -0.48      0.00     -0.96
     -0.48      0.00     -1.44
     -0.48      0.00     -1.91
     -0.48      0.00     -1.91
      0.00      0.00     -1.91
      0.00      0.00     -1.44
      0.00      0.48     -1.44
      0.48      0.48     -1.44
      0.48      0.00     -0.48
      0.48      0.48      0.00
      0.00      0.96      0.00
      0.00      0.48     -0.96
      0.48      0.00     -0.96
      0.48      0.00     -0.96
      0.00     -0.48     -0.96
     -0.48     -0.48      0.48
      0.00     -0.96      0.96
      0.00      0.00      1.44
      0.00      0.48      1.91
      0.00      0.00      1.44
      0.00     -0.48      0.00
      0.00     -0.48      0.00
      0.00     -0.48      0.00
     -0.48     -0.48      0.00
      0.48     -0.48     -0.48
      0.48      0.00     -0.48
      0.48      0.00     -0.48
      0.00      0.00     -0.96
     -0.48      0.96     -1.91
      0.00      1.44     -2.39
      0.00      1.44     -2.39
      0.00      0.96     -1.91
      0.48      0.00     -1.44
      0.00     -0.96     -0.96
     -0.48     -1.44      0.00
     -0.48     -0.96      0.48
      0.00     -0.48      0.96
      0.48     -0.96      0.96
      0.96      0.00      0.48
      0.96      0.48      0.00
      0.48      0.00      0.00
      0.00      0.00      0.00
      0.00     -0.48      0.48
     -0.48      0.00      0.48
     -0.48      0.00      0.00
      0.00      0.48      0.00
      0.48      0.48      0.00
      0.48      0.96      0.00
      0.48      1.44     -0.48
      0.00      0.96     -0.48
      0.00      0.96     -0.48
      0.00      0.48      0.00
      0.00      0.00      0.00
      0.00      0.00      0.00
      0.00     -0.48     -0.48
      0.48     -0.96     -1.44
      0.48     -0.48     -1.91
      0.48      0.00     -2.39
      0.00      0.00     -1.91
     -0.48      0.48     -0.96
      0.00      0.00      0.00
     -0.48      0.00      0.00
     -0.48      0.00      0.00
     -0.48     -0.48      0.00
     -0.48     -0.48      0.48
      0.00     -0.48      0.48
      0.48     -0.48      0.96
      0.96     -0.48      1.44
      0.48      0.48      1.44
      0.00      0.96      0.96
     -0.48      0.48      0.00
     -0.96     -0.48     -0.96
     -0.48     -0.48     -1.44
      0.00     -0.48     -1.91
      0.48     -0.48     -1.91
      0.48     -0.48     -1.44
      0.48      0.48     -1.44
      0.00      0.48     -1.44
      0.00      1.44     -1.44
      0.00      1.44     -1.44
      0.00      0.96     -0.48
      0.00      0.48      0.48
      0.00      0.00      1.44
      0.48      0.00      1.44
      0.48      0.00      1.44
      0.00      0.00      1.44
     -0.48     -0.48      0.48
      0.00     -0.48      0.00
      0.48     -0.96      0.00
      0.48     -0.96      0.00
      0.00     -0.96     -0.48
     -0.48     -0.48     -0.96
      0.00     -0.48     -1.44
      0.00     -0.48     -1.91
      0.00      0.00     -1.91
     -0.48      0.48     -1.44
      0.00      0.48     -0.48
      0.00      0.48      0.00
      0.00      0.48      0.48
      0.00      0.00      0.48
      0.48      0.00      0.48
      0.00      0.96      0.00
      0.00      0.96      0.00
      0.48      0.96      0.00
      0.48      0.48      0.00
      0.00      0.48     -0.48
     -0.48      0.00     -0.96
     -0.48     -0.48     -0.96
     -0.48      0.00     -0.96
      0.00      0.48      0.00
      0.00      0.96      0.48
      0.00      0.00      0.00
     -0.48      0.00      0.00
     -0.48     -0.48     -0.96
     -0.96     -0.96     -1.44
     -0.48     -1.44     -1.44
      0.00     -1.44     -0.96
      0.00     -0.48     -0.48
      0.48      0.48      0.00
      0.00      0.48      0.00
      0.00      0.48     -0.48
      0.48      0.48     -0.48
      0.48      0.96      0.00
      0.48      0.96      0.48
      0.00      0.96      0.96
      0.00      0.48      1.44
      0.00      0.48      0.48
      0.00      0.96      0.00
      0.48      0.96     -0.48
      0.48      0.48     -0.96
     -0.48      0.00     -0.96
      0.00     -0.48     -0.48
      0.48     -0.48     -0.48
      0.48     -0.48      0.00
      0.00     -0.48      0.00
     -0.48     -0.48     -0.48
     -0.48     -0.48     -0.96
      0.00     -0.48     -1.44
      0.48      0.00     -0.96
      0.48      0.48      0.00
      0.48      0.48      0.48
      0.48      0.48      0.00
      0.48      0.96     -0.48
      0.00      0.96     -1.44
     -0.48      0.00     -1.44
      0.00     -0.48     -0.48
      0.00     -0.96      0.00
      0.48     -0.96      0.00
      0.48     -0.48      0.48
      0.00      0.00      0.96
      0.00      0.00      0.48
      0.00      0.48      0.00
      0.00      0.00     -0.48
      0.00     -0.48      0.00
     -0.48     -0.96      0.00
     -0.48     -0.48      0.48
     -0.48     -0.48      0.48
      0.00     -0.48      0.00
      0.00     -0.48     -0.48
      0.00     -0.48     -1.44
      0.00      0.00     -1.91
      0.48      0.48     -1.44
      0.48      0.96     -0.96
      0.48      1.44     -0.48
      0.00      1.91     -0.48
     -0.48      1.44      0.00
      0.00      0.96      0.00
      0.48      0.96      0.00
      0.48      0.48     -0.48
      0.48      0.96     -1.44
      0.00      0.96      0.00
      0.00      0.48      0.48
      0.00      0.00      0.96
      0.00     -0.48      0.96
     -0.48     -0.96      0.48
     -0.48     -1.44      0.00
     -0.48     -1.91      0.00
     -0.48     -1.91      0.00
      0.48     -0.96      0.00
      0.96     -0.48     -0.96
      0.48      0.00     -1.44
      0.00      0.48     -1.44
      0.00      0.96     -0.96
     -0.48      0.96     -0.96
     -0.48      0.96     -1.44
     -0.48      0.48     -0.96
     -0.48     -0.48     -0.96
      0.00      0.00     -0.96
      0.00      0.48     -0.48
     -0.48      0.48      0.00
      0.48      0.48      0.00
      0.48      0.48      0.00
      0.00      0.00      0.00
      0.00     -0.48      0.48
      0.00      0.00      0.96
      0.48      0.00      0.96
      0.48     -0.96      0.96
      0.00     -0.96      0.96
      0.00     -1.44      0.48
      0.00     -0.96      0.00
      0.00      0.00      0.00
      0.00      0.48      0.00
      0.00      0.48      0.00
      0.48      0.96     -0.96
      0.00      0.96     -1.91
     -0.48      0.96     -1.91
      0.00      0.96     -1.91
      0.00      0.96     -1.91
      0.00      0.96     -1.44
      0.00      0.96     -0.96
      0.00      0.48     -0.48
      0.00     -0.48     -0.48
      0.48     -0.48     -0.96
      0.48     -0.48      0.00
      0.48      0.00      0.96
      0.48      0.00      0.96
      0.48      0.00      0.48
      0.00      0.00      0.48
      0.00     -0.48      0.48
     -0.48     -0.48      0.48
     -0.48     -0.48      0.48
     -0.48      0.00      0.00
      0.00      0.00      0.00
      0.00      0.48     -0.48
      0.00      0.48     -1.44
      0.00      0.48     -1.44
      0.48      0.48     -1.91
      0.00      0.96     -1.44
      0.48      0.00     -1.44
      0.48      0.00     -1.44
      0.48      0.00     -0.96
      0.48      0.48      0.00
      0.48      0.48      0.48
     -0.48      0.00      0.48
     -0.96      0.00      0.00
     -0.48     -0.96      0.00
      0.00     -1.44      0.00
      0.00     -1.44      0.48
      0.00     -0.48      0.48
      0.48      0.00      0.96
      0.48      0.48      0.96
      0.00      0.48      0.48
     -0.48      0.48      0.00
     -0.48      0.00     -0.48
     -0.48      0.00     -0.96
     -0.48      0.00     -0.96
      0.00     -0.48     -0.48
      0.00     -0.48     -0.48
      0.00      0.48     -0.96
      0.48      0.96     -1.44
      0.48      1.44     -1.44
      0.00      0.96     -1.91
      0.00      0.48     -1.91
      0.00      0.00     -0.96
      0.00      0.00     -0.48
     -0.48      0.00      0.00
      0.00      0.00      0.00
      0.00      0.48      0.00
      0.00      0.00      0.00
      0.00      0.00      0.00
      0.00     -0.48      0.48
     -0.48     -0.48      0.96
     -0.96     -0.48      0.96
      0.00      0.00      0.96
      0.48      0.00      0.96
      0.48     -0.48      0.48
      0.48      0.00      0.00
      0.48      0.96     -0.48
      0.48      0.48     -1.44
      0.00      0.48     -1.91
      0.00      0.48     -1.91
      0.00      0.48     -1.44
      0.00      0.48     -1.44
      0.00      0.48     -0.96
      0.00      0.00     -0.96
     -0.48     -0.96     -0.96
      0.00     -1.44     -0.48
      0.00     -1.44      0.00
      0.00     -0.96      0.00
      0.00     -0.96      0.00
      0.00     -0.48      0.96
      0.48     -0.48      1.44
      0.00     -0.48      1.44
      0.48      0.00      0.48
      0.00      0.48     -0.48
      0.00      0.96     -0.48
      0.48      1.44     -0.48
      0.48      0.96      0.00
      0.48      0.96      0.00
      0.00      0.96      0.00
      0.00      0.96      0.00
     -0.48      0.48     -0.48
      0.00     -0.48     -0.96
      0.00     -0.48     -1.91
      0.00      0.00     -1.91
      0.00     -0.48     -1.44
      0.48     -0.96     -1.44
      0.48     -0.48     -0.96
      0.00      0.00     -0.48
     -0.48      0.00      0.00
     -0.48      0.00      0.00
     -0.48      0.00      0.48
      0.00     -0.48      0.48
      0.00     -0.48      0.48
      0.00      0.48      0.96
      0.48      0.96      1.44
      0.48      0.96      0.96
      0.00      0.48      0.96
     -0.48      0.48      0.48
     -0.48      0.48      0.00
      0.48      0.48      0.00
      0.48      0.48     -0.48
      0.48      0.48     -0.96
      0.00      0.00     -1.91
      0.00      0.00     -1.91
     -0.48      0.48     -1.91
      0.00      0.96     -1.44
      0.00      0.00     -0.96
     -0.48     -0.96     -0.96
     -0.48     -0.96     -0.96
     -0.48     -1.44     -0.48
      0.00     -0.96      0.00
      0.00      0.00      0.00
      0.00      0.48      0.00
      0.00      0.48      0.00
      0.00     -0.48      0.00
      0.00     -0.48      0.00
     -0.48      0.00      0.00
     -0.48      0.48     -0.48
     -0.48      0.96     -1.44
      0.48      0.96     -1.44
      0.96      0.48     -0.48
      0.48      0.48      0.00
      0.48      0.48      0.00
      0.48      0.00      0.96
     -0.48     -0.48      0.96
      0.00     -0.48      0.96
     -0.48     -0.48      0.00
      0.48     -0.48      0.00
      0.48     -0.48      0.00
      0.00     -0.48      0.48
      0.00      0.00      0.48
      0.00      0.00      0.00
      0.00      0.00     -0.48
      0.00      0.00     -1.44
     -0.48      0.48     -1.44
     -0.48      0.48     -1.91
      0.00      0.48     -1.91
     -0.48      0.48     -1.44
      0.00      0.48     -0.96
      0.00      0.00     -0.48
      0.00     -0.48     -0.48
      0.00      0.00      0.00
      0.00      0.48      0.48
      0.00      0.96      0.48
      0.00      0.96      0.00
      0.48      0.48      0.00
      0.48     -0.48      0.48
      0.00     -0.96      0.48
     -0.48     -0.48      0.48
      0.00      0.48      0.00
      0.48      0.48     -0.48
      0.48      0.48      0.00
      0.48      0.48      0.00
      0.00      0.48      0.00
      0.00      0.00      0.00
     -0.48     -0.48      0.00
     -0.48     -0.96     -0.48
     -0.48     -0.96     -0.48
     -0.48     -0.48     -0.96
      0.00     -0.48     -1.44
      0.48      0.48     -1.44
      0.48      0.96     -0.96
      0.48      0.96     -0.96
      0.00      0.96     -0.96
      0.00      0.96     -0.48
     -0.48      1.44     -0.48
      0.00      0.96      0.00
      0.00      0.96      0.00
      0.00      0.48      0.00
      0.48      0.00      0.00
      0.48     -0.48      0.00
      0.00     -0.96      0.00
     -0.48     -1.44      0.00
      0.00     -1.44      0.48
      0.00     -1.44      0.48
      0.48     -1.44      0.48
      0.48     -0.96      0.00
      0.00     -0.48      0.00
      0.00     -0.48     -0.48
      0.00     -0.48     -0.96
     -0.48      0.48     -0.48
      0.00      0.48      0.00
      0.00      0.96      0.00
      0.00      1.44     -0.48
     -0.48      1.44     -0.96
      0.00      0.96     -0.96
      0.48      0.48     -0.96
      0.48      0.00     -0.96
      0.00      0.48      0.00
      0.00      0.00      0.48
      0.00      0.00      0.48
      0.00     -0.48      0.00
      0.00      0.00      0.00
      0.00      0.00      0.00
      0.00      0.00      0.00
      0.48     -0.48      0.00
      0.48     -0.48      0.00
      0.00     -0.48      0.00
      0.00     -0.96     -0.48
      0.00     -0.48     -0.48
      0.00      0.00     -0.48
      0.00      0.00      0.00
      0.00      0.48      0.00
      0.48      0.48      0.00
      0.48      0.00      0.00
      0.00      0.00      0.00
      0.00     -0.48      0.00
     -0.48     -0.96     -0.96
      0.00     -0.48     -1.44
      0.48      0.00     -1.44
      0.48      0.96     -0.96
      0.00      1.44     -0.48
      0.00      1.44      0.00
      0.00      0.96      0.00
      0.00      0.96      0.00
      0.00      0.00      0.00
      0.00     -0.48      0.00
     -0.48     -0.48      0.00
      0.00      0.00      0.48
      0.00      0.00      0.48
      0.48      0.48      0.00
      0.48      0.00     -0.48
      0.00     -0.48     -1.44
     -0.48     -0.48     -0.96
     -0.48     -0.96     -0.96
     -0.48     -1.44     -1.44
      0.00     -0.96     -1.44
      0.00      0.00     -0.96
      0.48      0.48      0.00
      0.48      0.96      0.00
      0.00      0.96      0.96
     -0.48      0.00      0.96
     -0.48     -0.48      0.48
      0.00     -0.48      0.00
      0.00      0.00      0.00
      0.00      0.48      0.00
      0.00      0.96      0.00
      0.48      0.96      0.00
      0.48      0.48      0.00
      0.00     -0.48     -0.96
      0.00     -0.48     -1.44
     -0.48     -0.48     -1.91
      0.00     -0.48     -1.91
      0.00      0.00     -1.44
      0.00      0.48     -0.96
      0.48      0.96     -0.48
      0.48      0.96      0.00
      0.48      0.48      0.00
     -0.48      0.00      0.00
     -0.48     -0.48      0.00
      0.00      0.48     -0.48
      0.00      0.96     -0.48
      0.00      0.48      0.00
      0.00      0.00      0.00
      0.00      0.00      0.00
      0.48      0.00      0.00
      0.48      0.00      0.48
      0.48      0.00      0.96
     -0.48      0.00      0.96
      0.00     -0.48      0.96
      0.00     -0.96      0.48
      0.00     -0.96      0.00
      0.00     -0.96      0.00
      0.00     -0.48     -0.48
     -0.48     -0.48     -1.44
      0.00     -0.48     -1.44
      0.00      0.00     -1.44
      0.00      0.00     -1.91
      0.00      0.48     -1.91
      0.00      0.96     -1.91
      0.48      0.96     -0.96
      0.48      0.96     -0.48
      0.48      0.96      0.00
      0.48      0.96      0.00
      0.48      0.96      0.48
      0.48      0.48      0.48
      0.00      0.00      0.96
     -0.48     -0.48      0.48
      0.00     -0.96      0.96
      0.00     -0.96      0.96
      0.00     -0.48      0.48
      0.00     -0.48      0.00
      0.00     -0.48      0.00
      0.00     -0.48     -0.48
      0.48      0.00     -0.48
     -0.48      0.00     -0.96
      0.00      0.48     -0.48
     -0.48      0.48     -0.96
      0.00      0.96     -0.96
      0.00      0.48     -1.44
      0.00      0.96     -0.96
      0.00      0.96     -0.96
      0.48      0.48     -0.48
      0.00      0.00      0.00
     -0.48     -0.48      0.48
     -0.48     -0.48      0.00
     -0.48      0.00      0.00
      0.00      0.00      0.00
     -0.48     -0.48     -0.48
      0.00      0.00      0.00
      0.00      0.00      0.48
      0.00      0.00      0.48
      0.48      0.00      0.00
      0.00     -0.48      0.00
      0.00     -0.48     -0.48
      0.00      0.00     -0.48
      0.00      0.48     -0.48
      0.00      0.48      0.00
      0.00      0.48      0.00
      0.00      0.48      0.00
      0.00      0.48      0.00
      0.00      0.48      0.00
     -0.48      0.00     -0.48
      0.00      0.00     -0.96
      0.00     -0.48     -1.44
      0.00     -0.48     -1.44
      0.00      0.00     -1.44
      0.48      0.48     -0.96
     -0.48      0.96     -0.48
      0.00      1.44      0.00
      0.00      0.96      0.48
      0.00      0.00      0.96
     -0.48      0.00      0.96
     -0.48     -0.48      0.48
      0.00     -0.96      0.00
      0.48     -0.96      0.00
      0.48     -0.96      0.48
      0.48     -0.96      0.48
      0.00     -0.48      0.00
      0.00      0.00      0.00
      0.00      0.96     -0.96
      0.00      1.44     -0.96
      0.00      0.96     -0.96
      0.00      0.48     -0.96
      0.00      0.00     -0.96
      0.00     -0.48     -1.44
      0.00     -0.48     -1.44
      0.48      0.00     -0.96
      0.48      0.48      0.00
      0.00      0.96      0.00
     -0.48      0.96      0.00
     -0.48      0.48      0.00
      0.00     -0.48      0.00
      0.48     -0.96      0.00
      0.00     -0.96      0.00
      0.48     -0.48      0.48
      0.48     -0.48      0.00
      0.48      0.00      0.00
      0.00      0.48      0.00
      0.00      0.48     -0.48
      0.00      0.96     -0.48
     -0.48      0.96      0.00
      0.00      0.48      0.00
     -0.48      0.00      0.00
     -0.48      0.48     -0.48
      0.00      0.00     -1.44
      0.48      0.00     -0.48
      0.00      0.00     -0.48
     -0.48      0.48     -0.96
      0.00      0.00     -0.96
      0.00      0.00     -0.48
      0.00     -0.48     -0.96
      0.00     -0.48     -0.96
      0.00      0.00     -0.48
      0.48     -0.48      0.00
     -0.48      0.00      0.48
      0.00      0.00      0.48
      0.48      0.00      0.00
      0.00      0.00      0.00
      0.00      0.00      0.48
      0.00      0.00      0.96
      0.00      0.00      0.48
     -0.48      0.00     -0.96
      0.48      0.00     -1.44
      0.00     -0.48     -1.44
      0.00     -0.48     -1.44
     -0.48      0.00     -1.44
     -0.48      0.00     -0.48
      0.00     -0.96      0.00
      0.00     -0.48      0.00
      0.00     -0.48      0.48
      0.00      0.48      0.00
      0.00      0.48      0.00
      0.48      0.48      0.48
      0.00      0.48      0.48
      0.48      0.48      0.00
      0.48      0.48      0.00
      0.00      0.48     -0.48
      0.00      0.00     -0.96
      0.00      0.00     -1.44
      0.00      0.48     -1.44
      0.48      0.48     -1.44
      0.00      0.48     -1.44
     -0.48      0.48     -1.44
      0.00      0.48     -1.44
      0.00      0.48     -0.48
      0.00      0.48      0.00
     -0.48      0.48      0.48
      0.00      0.00      0.00
     -0.48      0.00      0.00
      0.00      0.00      0.48
      0.48     -0.48      0.96
      0.48     -0.96      0.96
      0.48     -0.48      0.48
      0.48     -0.48      0.00
      0.48     -0.48     -0.48
      0.48     -0.48     -0.96
      0.00      0.00     -0.96
      0.00      0.96     -1.91
      0.00      1.91     -1.91
      0.00      1.44     -0.96
      0.00      0.48      0.00
     -0.48      0.00      0.00
      0.00      0.00      0.48
      0.00     -0.48      0.48
      0.00     -0.48      0.00
      0.00      0.00      0.00
      0.48     -0.48      0.00
      0.00     -0.48     -0.48
      0.00     -0.48     -0.96
     -0.48     -0.48     -0.48
     -0.48     -0.96     -0.48
      0.00     -0.48     -0.48
      0.00     -0.48     -1.44
      0.48      0.00     -1.44
      0.96      0.48     -0.96
      0.48      0.96      0.00
      0.00      0.96      0.96
     -0.48      0.48      0.96
      0.00      0.96      0.48
      0.00      0.96      0.00
      0.00      0.96     -0.48
      0.00      0.00     -0.48
      0.48      0.00      0.00
      0.48      0.48      0.00
      0.48      0.96     -0.48
      0.48      0.00     -0.48
      0.00     -0.48      0.00
     -0.48     -0.48      0.00
     -0.48     -0.96      0.00
     -0.48     -0.48     -0.48
     -0.48     -0.48     -0.48
      0.00     -0.48     -0.48
      0.00     -0.48     -0.48
      0.00     -0.48      0.00
      0.00     -0.48      0.00
      0.00      0.00     -0.48
      0.00      0.00      0.00
      0.48      0.00      0.00
      0.96      0.00     -0.96
     -0.48      0.48     -0.48
      0.00      0.48      0.00
      0.00      0.48      0.00
      0.00      0.48     -0.48
      0.00      0.48     -1.44
      0.00      0.00     -0.48
      0.00      0.00      0.00
      0.00      0.48      0.00
      0.00      0.00      0.00
      0.00      0.00      0.00
      0.00      0.00      0.00
      0.00     -0.48      0.00
      0.00     -0.96      0.00
      0.00     -0.48      0.48
     -0.48     -0.96      0.48
     -0.48     -0.96      0.00
      0.00     -0.48     -0.48
      0.48      0.00     -0.48
      0.00      0.48      0.00
      0.48      0.96     -0.48
      0.00      0.48     -1.44
      0.00      0.48     -0.96
      0.00      0.48     -0.96
     -0.48      0.48     -0.48
     -0.48      0.48      0.00
     -0.48      0.00      0.00
      0.00      0.00      0.00
      0.48      0.00      0.00
      0.00      0.00      0.48
     -0.48      0.00      0.00
      0.00     -0.48      0.00
      0.00     -0.96     -0.48
      0.48     -0.96     -0.48
      0.00     -0.48     -0.48
      0.00      0.00     -0.48
      0.00      0.00     -0.48
      0.00      0.00     -0.96
      0.00      0.00     -0.48
      0.00      0.48     -0.48
      0.00      0.48     -0.48
      0.00      0.00      0.00
      0.00      0.00      0.48
      0.00      0.00      0.00
      0.00      0.00     -0.48
      0.48      0.48     -0.48
      0.48      0.48     -0.48
      0.48      0.48     -0.48
      0.00      0.48      0.00
      0.00      0.48      0.00
      0.00      0.00      0.00
     -0.48      0.00      0.00
      0.00     -0.48      0.00
      0.00      0.00      0.00
      0.00      0.00      0.00
      0.00      0.00     -0.48
      0.00      0.00     -0.48
      0.48      0.00     -0.96
      0.48      0.00     -0.96
      0.48      0.00     -0.48
     -0.48      0.00      0.00
     -0.48      0.00     -0.48
      0.00      0.48     -1.44
      0.48      0.48     -1.44
      0.00      0.00      0.00
      0.00     -0.48      0.48
      0.00     -0.48      0.48
      0.00     -0.48      0.48
      0.00     -0.48      0.48
     -0.48     -0.48      0.00
      0.00      0.00      0.00
      0.00      0.00      0.00
     -0.48      0.00      0.48
      0.00     -0.48      0.00
      0.00     -0.48     -0.48
     -0.48      0.00     -1.44
     -0.48      0.00     -1.44
      0.00      0.00     -1.44
      0.48      0.48     -1.91
      0.48      0.96     -0.96
      0.48      0.96     -0.48
      0.00      0.48      0.00
      0.00      0.00      0.00
     -0.48      0.00     -0.48
      0.00      0.00      0.00
      0.00      0.00      0.48
      0.48      0.00      0.48
      0.48      0.00      0.48
      0.48      0.00      0.48
     -0.48      0.00      0.48
     -0.48      0.00      0.48
      0.00     -0.48     -0.48
      0.00     -0.48     -0.96
      0.00     -0.48     -0.96
      0.00      0.00     -0.96
      0.00      0.48     -0.48
      0.00      0.48     -0.48
     -0.48      0.48     -0.48
      0.00      0.48     -0.48
      0.48      0.00     -0.48
      0.48      0.00      0.00
     -0.48      0.00      0.00
     -0.48      0.00     -0.48
      0.48      0.48     -1.44
      0.48      0.00     -1.44
      0.00      0.00      0.00
     -0.48      0.00      0.96
      0.00      0.00      0.00
      0.48     -0.48      0.00
      0.48     -0.48      0.48
      0.00     -0.48      0.48
      0.00     -0.48      0.48
      0.00      0.00      0.00
      0.00     -0.48      0.00
     -0.48      0.00      0.00
     -0.48      0.00      0.00
     -0.48      0.00     -0.96
      0.48      0.48     -1.44
      0.00      0.48     -1.44
     -0.48      0.96     -0.96
      0.00      0.48     -0.96
      0.48      0.96     -1.44
      0.48      0.48     -0.96
      0.48      0.00      0.00
      0.00     -0.48      0.48
      0.00     -0.48      0.00
     -0.48     -0.48      0.00
     -0.48     -0.48      0.00
      0.00     -0.48      0.00
      0.00      0.00      0.48
      0.48      0.00      0.00
      0.48      0.00      0.00
      0.48     -0.48     -0.48
      0.00      0.00      0.00
     -0.48      0.00      0.00
     -0.48      0.00     -1.44
      0.00      0.00     -1.91
      0.48      0.48     -0.48
      0.48      0.00     -0.48
      0.00      0.48     -0.48
      0.00      0.00      0.00
      0.00      0.48      0.00
      0.00      0.48      0.00
      0.00      0.00     -0.48
      0.00      0.00      0.00
      0.00      0.00      0.00
      0.00      0.00      0.48
      0.00      0.00      0.48
      0.00      0.00      0.00
      0.00      0.00     -0.48
      0.00      0.00     -0.48
      0.00      0.00      0.00
      0.00      0.00      0.00
      0.00     -0.48      0.00
      0.00      0.00     -0.48
      0.48      0.48     -0.48
      0.48      0.48     -0.96
      0.48      0.00     -0.96
      0.48      0.00     -0.96
      0.00      0.48      0.00
     -0.48      0.00     -0.48
      0.00      0.00     -1.91
      0.00      0.00     -1.44
      0.00      0.00     -0.96
      0.00      0.00      0.00
      0.00      0.00      0.00
      0.48      0.00      0.00
      0.00      0.00      0.48
     -0.48      0.00      0.48
      0.00     -0.48      0.00
      0.00      0.00      0.48
      0.00      0.00      0.00
      0.00      0.00      0.48
      0.00      0.00      0.00
      0.48      0.00     -0.48
      0.48      0.00     -0.48
      0.00      0.00      0.00
     -0.48      0.00      0.00
      0.00      0.00     -0.96
      0.48      0.48     -0.96
      0.48      0.48     -0.96
      0.48      0.96     -0.96
      0.00      0.48     -0.48
     -0.48      0.00      0.00
      0.00     -0.48      0.00
      0.00     -0.48      0.00
      0.00     -0.48      0.00
      0.00     -0.48     -0.48
      0.00      0.00      0.00
      0.48      0.00      0.00
      0.00      0.00      0.00
      0.00      0.00      0.00
      0.00     -0.48      0.00
      0.00      0.00      0.00
      0.00      0.00     -0.48
      0.00      0.00     -0.48
     -0.48      0.48     -0.96
      0.00      0.48     -0.96
      0.00      0.48     -0.96
      0.48      0.00     -0.96
      0.00      0.48     -0.96
      0.00      0.48     -0.48
     -0.48      0.00     -0.48
      0.00      0.00     -0.48
      0.00     -0.48     -0.48
      0.00     -0.48      0.00
      0.00     -0.48      0.00
      0.00      0.00      0.00
      0.00      0.00      0.00
      0.48      0.00      0.00
      0.48      0.00      0.48
      0.00      0.48      0.48
      0.00      0.48      0.48
      0.00      0.48      0.48
      0.00      0.48      0.00
      0.00      0.48     -0.48
      0.00      0.48     -0.96
      0.48      0.48     -0.48
      0.48      0.00      0.00
      0.00      0.00     -0.48
      0.00     -0.48      0.00
      0.00     -0.96     -0.96
     -0.48     -0.96     -1.44
     -0.48     -0.48     -0.96
      0.00     -0.96     -0.48
      0.00     -0.48     -0.48
      0.00      0.00      0.00
      0.00      0.00      0.00
      0.48      0.48      0.00
      0.00      0.48      0.00
      0.00      0.48      0.00
      0.00      0.48      0.00
      0.00      0.48      0.48
      0.00      0.48      0.00
      0.00      0.48      0.00
     -0.48      0.00      0.48
      0.00      0.00      0.00
     -0.48      0.00     -0.48
      0.00     -0.48     -0.48
      0.00      0.00     -0.96
      0.48     -0.48     -1.44
      0.00      0.00     -0.96
     -0.48      0.00     -0.96
      0.00      0.00     -0.96
      0.00      0.00     -0.48
      0.00      0.00     -0.48
      0.00      0.00      0.00
      0.00      0.48      0.48
      0.00      0.48      0.48
      0.00      0.48      0.48
     -0.48      0.00      0.48
      0.00      0.00      0.00
      0.00      0.00      0.00
      0.48      0.00     -0.48
      0.48      0.00     -0.96
      0.00      0.00     -0.48
      0.00     -0.48     -0.48
     -0.48     -0.48     -0.48
      0.00     -0.48      0.00
      0.48      0.00     -0.48
      0.00      0.00     -1.44
      0.00      0.00      0.00
      0.00      0.00      0.00
     -0.48      0.00      0.00
     -0.48      0.00      0.00
