********************************************************************************
                       INSTITUTO DE INGENIERIA, UNAM
                   Coordinacion de Instrumentacion Sismica
  Ciudad Universitaria, Apartado Postal 70-472, Coyoacan 04510, Mexico, D.F.
 Tel.(52-5)622-3414    Fax.(52-5)616-1514    e-mail: isismica@pumas.iingen.unam.mx
********************************************************************************
ARCHIVO ESTANDAR DE ACELERACION:
VERSION DEL FORMATO                    : 2.0
NOMBRE DEL ARCHIVO                     : ACAP8601.241
FECHA Y HORA DE CREACION               : Mon Mar 23 16:26:05 1998
REF. CATALOGO ACELEROGRAMAS, SMIS 1995 : REGISTRO No. 689 /PAG. 89


================================================================================
DATOS DE LA ESTACION:
NOMBRE DE LA ESTACION                  : ACAPULCO PELLANDINI
CLAVE DE LA ESTACION                   : ACAP
LOCALIZACION DE LA ESTACION            : CERRO DE LA INALAMBRICA, CASA DEL ARQ. PELLANDINI.
                                       : ACAPULCO, GUERRERO. 
                                       : 
                                       : 
                                       : 
COORDENADAS DE LA ESTACION             : 16.836 LAT. N
                                       : 99.914 LONG. W
ALTITUD (msnm)                         : 100
TIPO DE SUELO                          : ROCA GRANITICA
                                       : 
                                       : 
INSTITUCION RESPONSABLE                : INSTITUTO DE INGENIERIA UNAM 
                                       : 

================================================================================
DATOS DEL ACELEROGRAFO:
MODELO DEL ACELEROGRAFO                : DCA-333
NUMERO DE SERIE DEL ACELEROGRAFO       : 123
NUMERO DE CANALES                      : 3
ORIENTACION C1-C6 (rumbo;orientacion)  : /+V/N90W/S00E
ORIENTACION C7-C12 (rumbo;orientacion) :
VEL. DE MUESTREO, C1-C6 (muestras/s)   : /100/100/100
VEL. DE MUESTREO, C7-C12 (muestras/s)  :
ESC. COMPLETA DE SENSORES, C1-C6, (g)  : /2/2/2
ESC. COMPLETA DE SENSORES, C7-C12, (g) :
FREC. NAT. DE SENSORES, C1-C6, (Hz)    : /32/31/30
FREC. NAT. DE SENSORES, C7-C12, (Hz)   :
AMORTIGUAMIENTO DE SENSORES, C1-C6     : /0.66/0.66/0.68
AMORTIGUAMIENTO DE SENSORES, C7-C12    :
INTERVALO DE MUESTREO, C1-C6, (s)      : /0.01/0.01/0.01
INTERVALO DE MUESTREO, C7-C12, (s)     :
UMBRAL DE DISPARO, C1-C6, (Gal)        : /4/4/4
UMBRAL DE DISPARO, C7-C12, (Gal)       :
MEMORIA DE PREEVENTO (s)               : 4
TIEMPO DE POSEVENTO (s)                : 15


================================================================================
DATOS DEL SISMO:
FECHA DEL SISMO [GMT]                  : 1986/01/24
HORA EPICENTRO (GMT)                   : 09:26:44.5
MAGNITUD(ES)                           : /Mc=3.80
COORDENADAS DEL EPICENTRO              : 17.342 LAT. N 
                                       : 99.995 LONG. W 
PROFUNDIDAD FOCAL (km)                 : 6  
FUENTES DE LOS DATOS EPICENTRALES      : INSTITUTO DE INGENIERIA UNAM
                                       : 

================================================================================
DATOS DE ESTE REGISTRO:
HORA DE LA PRIMERA MUESTRA (GMT)       : 09:26:41
EXACTITUD DEL TIEMPO (s)               : 0.01
DURACION DEL REGISTRO (s), C1-C6       : /20.67/20.67/20.7
DURACION DEL REGISTRO (s), C7-C12      :
NUM. TOTAL DE MUESTRAS, C1-C6          : /2067/2067/2067
NUM. TOTAL DE MUESTRAS, C7-C12         :
ACEL. MAX.(Gal), C1-C6                 : /20.624/22.235/17.280   
ACEL. MAX., C1-C6, EN LA MUESTRA       : /814/812/811   
ACEL. MAX.(Gal), C7-C12                :
ACEL. MAX., C7-C12, EN LA MUESTRA      :
UNIDADES DE LOS DATOS                  : Gal (cm/s/s)
FACTOR DE DECIMACION                   : 1
FORMATO DATOS (FORTRAN,10 campos/dato) : 3F10.3


===============================================================================
CALIDAD DEL ACELEROGRAMA:
REGISTRO DIGITAL COMPLETO CON TIEMPO ABSOLUTO CORRECTO


===============================================================================
COMENTARIOS:














===============================================================================
DATOS DE ACELERACION:
---------+---------+---------+---------+---------+---------+---------+---------+
   CANAL-1   CANAL-2   CANAL-3   CANAL-4   CANAL-5   CANAL-6   CANAL-7   CANAL-8
         V      N90W      S00E
---------+---------+---------+---------+---------+---------+---------+---------+
    -0.482    -0.529    -0.193
    -0.236    -0.721    -0.149
    -0.242    -0.206    -0.150
     0.343    -0.249    -0.137
     0.259    -0.320    -0.155
     0.268    -0.264    -0.126
     0.251    -0.342    -0.159
    -0.300    -0.297    -0.118
    -0.262    -0.347    -0.158
     0.363    -0.341    -0.114
     0.804    -0.444    -0.174
     0.201    -0.505    -0.132
    -0.353    -0.497     0.481
    -0.230    -0.582     0.307
    -0.260    -0.565    -0.225
    -0.243    -0.643    -0.130
    -0.244    -0.651    -0.129
    -0.256    -0.689    -0.129
     0.346    -0.746    -0.115
     0.816    -0.731    -0.125
     0.192    -0.908    -0.117
    -0.357    -0.874    -0.127
    -0.232    -1.016    -0.107
    -0.267    -0.990    -0.114
    -0.239    -1.698    -0.100
     0.322    -2.209    -0.099
     0.256    -1.548    -0.093
    -0.320    -1.222    -0.086
    -0.258    -1.195    -0.085
    -0.228    -2.063    -0.074
    -0.271    -1.754    -0.074
    -0.229    -1.567    -0.065
    -0.269    -1.392    -0.062
    -0.228     0.645    -0.056
    -0.262     0.344    -0.051
    -0.231     0.265    -0.047
    -0.251     0.150    -0.041
    -0.236     0.217    -0.037
    -0.239     2.347    -0.031
    -0.243     2.064    -0.025
     0.344     1.858    -0.011
     0.827     2.009    -0.005
     0.204     1.685    -0.005
    -0.338     1.890     0.001
    -0.212     1.563     0.003
    -0.255     1.719     0.004
    -0.211     1.491     0.012
    -0.245     1.506     0.008
    -0.217     1.448     0.021
    -0.228     1.276     0.014
    -0.232     1.464     0.047
     0.366     1.117     0.040
     0.260     1.409     0.043
    -0.271     0.945     0.047
    -0.254     1.310     0.036
     0.398     0.822     0.056
     0.827    -1.850     0.028
     0.248    -1.621     0.063
     0.254    -1.056     0.023
     0.318    -1.200     0.067
    -0.298    -1.249     0.047
    -0.205    -1.153     0.087
     0.385     0.989     0.689
     0.282     0.698     0.512
    -0.249    -1.872    -0.030
    -0.233    -1.259     0.060
    -0.157     0.717     0.053
    -0.229     0.539     0.047
    -0.160     0.315     0.054
    -0.212     0.431     0.036
    -0.172     0.318     0.074
     0.393     0.428     0.050
     0.889     0.256     0.062
     0.267     0.350     0.043
    -0.288     0.189     0.048
    -0.140     0.278     0.039
    -0.211     0.119     0.034
    -0.137     0.206     0.033
    -0.201     0.053     0.021
    -0.146    -2.889     0.025
    -0.175    -2.278     0.026
    -1.308     0.504     0.028
    -1.162     0.081     0.017
    -0.012     0.050     0.014
    -0.132     0.086     0.009
    -0.183    -0.033    -0.000
    -0.122     0.089    -0.001
    -0.183    -0.107    -0.012
    -0.122     0.076    -0.012
    -0.173    -0.159    -0.022
     0.453     0.098    -0.021
     0.356    -0.107    -0.025
    -0.216     0.062    -0.033
     0.441    -0.079    -0.032
     0.361    -3.004    -0.043
    -0.206    -2.406    -0.041
    -0.147     0.329    -0.052
    -0.123    -0.012    -0.052
     0.433    -0.088    -0.058
     0.954     0.001    -0.065
     0.876    -0.083    -0.069
     0.298     0.030    -0.081
    -0.195    -0.063    -0.071
    -0.134     0.026    -0.085
    -0.107    -0.031    -0.077
    -0.138     0.016    -0.086
    -0.106     0.003    -0.086
     0.440     0.008    -0.084
     0.396     0.030    -0.098
    -0.209     0.010    -0.079
    -0.108     0.036    -0.124
    -0.110     0.016    -0.087
     0.457     0.056    -0.127
     0.403     0.046    -0.082
    -0.207     0.072    -0.125
     0.478     0.078    -0.081
     0.374     0.088     0.524
    -0.178     0.109     0.351
    -0.131     0.106    -0.186
    -0.101     0.136    -0.093
    -0.117     0.085    -0.113
    -0.101     0.117    -0.113
     0.465     0.114    -0.097
     0.393     0.138    -0.109
    -0.186     0.146    -0.087
    -0.122     0.158    -0.101
    -0.101     0.179    -0.081
    -0.128     0.178    -0.089
    -0.102     0.211    -0.077
    -0.129     0.201    -0.076
    -0.100     0.172    -0.088
    -0.119     0.163    -0.077
    -0.110     0.187    -0.078
    -0.115     0.193    -0.065
    -0.120     0.197    -0.064
    -0.114     0.226    -0.055
    -0.126     0.209    -0.050
    -0.118     0.254    -0.046
    -0.125     0.228    -0.036
    -0.129     0.273    -0.034
    -0.113     0.187    -0.034
    -0.138     0.207    -0.031
    -0.106     0.217    -0.024
     0.423     0.201    -0.015
     0.978     0.248    -0.015
     0.840     0.199    -0.000
     0.314     0.271    -0.005
    -0.236     0.209     0.012
    -0.131     0.276     0.010
    -0.139     0.239     0.020
    -0.156     0.201     0.026
     0.462     0.224     0.020
     0.319     0.164     0.043
     0.397     0.272     0.020
     0.297     0.130     0.059
    -0.175     0.306     0.023
     0.363     0.118     0.071
     0.396     0.309     0.030
     0.294     0.143     0.077
     0.366     0.276     0.686
     0.319     0.162     0.521
     0.332    -2.837    -0.017
    -0.234    -2.131     0.077
    -0.204     0.483     0.073
     0.436     0.292     0.071
     0.285     0.063     0.082
    -0.223     0.315     0.068
    -0.222     0.063     0.087
     0.417    -2.721     0.069
     0.869    -2.256     0.087
     0.241     0.599     0.084
    -0.281     0.173     0.092
    -0.206     0.154     0.083
    -0.193     0.238     0.081
    -0.220     0.105     0.081
    -0.195     0.269     0.073
     0.351     0.099     0.077
     0.299     0.254     0.067
    -0.302     0.136     0.071
    -0.222     0.204     0.062
     0.356     0.222     0.075
     0.840     0.175     0.068
     0.207     0.283     0.061
    -0.332     0.145     0.057
    -0.220     0.312     0.047
    -0.256     0.152     0.046
    -0.227     0.304     0.035
    -0.256     0.194     0.033
    -0.239     0.269     0.024
    -0.254     0.251     0.019
    -0.257    -2.732     0.023
    -0.256    -2.004     0.014
    -0.268     0.644     0.009
    -0.254     0.403    -0.002
    -0.276     0.279    -0.006
    -0.254    -2.587    -0.017
    -0.282    -2.056    -0.022
    -0.258     0.811    -0.031
    -0.285     0.343    -0.038
    -0.266     0.445    -0.044
    -0.290     0.439    -0.050
    -0.281     0.530    -0.053
    -0.285     0.484    -0.064
    -0.291     0.556    -0.066
    -0.280     0.535    -0.077
    -0.300     0.573    -0.082
     0.297     0.600    -0.089
     0.202     0.577    -0.098
    -0.363     0.675    -0.100
    -0.302    -1.232    -0.113
    -0.297    -0.610    -0.113
    -0.303     0.879    -0.125
    -0.306     0.871    -0.121
     0.280     0.712    -0.130
     0.194     0.896    -0.132
    -0.375     0.807    -0.134
    -0.309    -2.123    -0.144
    -0.301    -1.437    -0.137
     0.275     1.243    -0.155
     0.192     1.042    -0.143
    -0.373     0.919    -0.167
    -0.332     1.171    -0.154
    -0.279     0.983    -0.160
    -0.339     1.196    -0.161
    -0.273     1.108    -0.147
     0.240    -1.844    -0.172
     0.227    -1.088    -0.132
     0.174     1.483    -0.184
     0.213     1.453    -0.119
     0.195     1.064    -0.190
     0.191    -1.388    -0.119
    -0.365    -1.272     0.450
    -0.324    -0.325     0.326
    -0.271    -0.731    -0.251
    -0.323    -0.373    -0.111
    -0.267    -0.611     0.494
    -0.312    -0.385     0.323
     0.303    -0.468    -0.200
     0.210    -0.402    -0.117
     0.215    -0.338    -0.098
     0.797    -0.396    -0.120
     0.139    -0.252    -0.083
    -0.350    -0.353    -0.103
    -0.280    -0.204    -0.066
    -0.265    -0.276    -0.081
     0.309    -0.182    -0.053
     0.240    -0.184    -0.055
    -0.329    -0.162    -0.041
    -0.268    -0.100    -0.030
    -0.233    -0.128    -0.027
    -0.268    -0.065    -0.010
    -0.221    -0.112    -0.011
    -0.259    -0.034     0.011
    -0.212    -0.056     0.012
    -0.245    -0.014     0.029
    -0.206     0.005     0.036
     0.346     0.008     0.048
     0.304     0.059     0.059
    -0.293     0.039     0.067
    -0.197     0.101     0.082
    -0.195     0.034     0.089
    -0.190     0.071     0.103
    -0.175     0.067     0.106
    -0.184     0.077     0.118
     0.419     0.101     0.123
     0.328     0.085     0.134
    -0.216     0.129     0.141
    -0.170     0.101     0.149
    -0.120     0.148     0.159
    -0.158     0.124     0.164
    -0.105     0.104     0.182
    -0.134     0.084     0.179
    -0.098     0.094     0.187
    -0.108     0.089     0.184
    -0.096    -0.515     0.191
     0.497    -0.384     0.190
     0.410     0.159     0.193
    -0.128     0.084     0.197
     0.483     0.088     0.195
     0.479     0.076     0.204
    -0.150     0.038     0.205
    -0.008     0.009     0.209
    -0.045     0.016     0.192
    -0.003    -0.007     0.195
    -0.012    -0.015     0.182
    -0.002    -0.015     0.176
     0.595    -0.052     0.176
     0.508    -0.019     0.156
     0.541    -0.091     0.171
     0.521    -0.026     0.136
    -0.009    -0.160     0.168
     0.047    -0.088     0.115
     0.081    -0.192     0.136
     0.650    -0.127     0.082
     0.595    -0.218     0.100
     0.023    -0.169     0.693
     0.676    -0.246     0.500
     0.630    -3.209    -0.055
     0.040    -2.653     0.025
     0.142     0.147    -0.006
     0.725    -0.363    -0.012
     0.673    -0.242    -0.043
     0.093    -0.440    -0.069
     0.185    -0.237    -0.091
     0.193    -0.517    -0.127
     0.203    -0.239    -0.138
     0.214     1.822    -0.185
     0.219     1.631    -0.187
     0.812     1.486    -0.241
     0.736     1.588    -0.238
     0.198     1.467    -0.298
     0.249     1.543    -0.309
     0.308     1.453    -0.357
     0.829     1.500    -0.388
     0.845     1.428    -0.411
     0.186     1.474    -0.470
     0.363     1.385    -0.464
     0.285     1.462    -0.549
     0.375     1.335    -0.524
     0.317     1.448    -0.617
     0.386     1.322    -0.611
     0.369     1.446    -0.681
    -0.196     1.330    -0.712
     0.483     1.391    -0.721
    -0.193     1.374    -0.827
    -0.635    -1.698    -0.752
    -0.045    -0.926    -0.943
     0.553     1.580    -0.790
     1.542    -1.506    -1.042
    -0.220    -4.222    -0.854
    -1.819    -2.856    -0.486
    -1.484    -0.340    -0.531
     2.466    -1.190     0.690
     3.200    -4.106     0.212
    -4.496    -2.365    -0.743
    -4.682     1.527    -0.178
     3.588    -0.505     0.501
     8.284    -3.417     1.315
     4.138    -0.281     0.651
    -4.150     3.067    -0.034
    -7.519     1.006    -0.416
    -7.003    -2.462    -0.472
    -2.271    -3.893     0.212
     6.231    -3.396    -0.041
    10.358     0.649     0.003
     3.238     1.059    -0.658
    -7.395    -2.990     0.060
   -10.550    -3.648     1.156
    -4.725    -1.530     0.093
     3.294    -0.276     3.748
     3.276    -0.862     3.546
     3.753     1.538    -4.793
     4.174     2.908    -4.022
    -3.819     2.799     6.186
    -7.562     3.862     8.736
    -3.321    -0.311     1.208
     4.170    -2.017    -1.771
     7.271    -0.970     0.349
     3.230    -1.231    -0.452
     0.198     3.833    -1.680
    -3.848     6.843    -1.283
    -6.856     1.211    -0.272
    -2.184    -3.192    -0.460
     1.719    -0.593    -0.387
     0.763     0.252    -0.549
     2.889    -1.076    -1.607
     2.848     1.726    -0.236
    -5.403     1.559     0.105
    -8.285    -2.146    -0.012
    -2.044    -3.000     4.507
     0.706    -2.475     3.678
    -0.296    -1.575    -4.576
     0.248    -1.457    -2.485
     0.340    -1.593     5.408
    -0.436    -0.832     3.071
    -0.707     2.047    -1.906
     0.274     5.054    -1.394
    -0.183     1.117     0.253
    -0.947    -1.244     0.644
     0.524     0.579    -0.150
    -0.406    -0.556    -1.179
    -0.743     2.518    -0.866
     0.925     5.032    -1.068
     0.812     0.995    -0.767
     0.738    -1.637     0.168
     0.765    -0.198     0.193
     0.218     2.338    -0.005
    -0.361     1.510    -1.033
     0.410    -0.713    -0.225
     0.761     0.865     0.217
    -0.288     3.102    -1.080
    -0.348     1.362    -0.082
    -0.708    -0.354     0.867
    -0.835    -0.392    -0.559
    -0.665    -1.122    -2.003
    -0.790    -0.694    -1.715
     0.425    -0.416    -1.703
     1.424    -0.072    -1.057
     1.222     0.701     0.071
     0.171    -0.142    -0.233
     0.161    -1.049     0.626
     1.480    -1.512     0.889
     0.022    -1.368     0.409
    -1.424    -0.134     1.047
    -0.166     0.808     0.345
     0.344     0.151     0.566
    -0.337    -0.953     1.117
    -0.300    -1.265    -0.872
     0.933    -1.206     0.415
     0.094    -1.147     1.758
    -1.433    -1.143    -0.204
    -0.231    -0.534     0.282
     0.943     0.586     0.062
     0.645     0.972    -0.300
     0.743    -0.234     0.301
     1.258    -1.203    -1.009
     0.045    -0.998    -1.248
    -0.357    -0.412     0.671
    -0.359     0.111     1.461
    -0.249     0.039    -0.539
     1.317     0.667     0.035
     0.108     1.138     1.035
     0.077    -0.106    -0.346
     0.800    -1.056     0.078
    -0.533    -0.289    -0.192
     0.807     0.181    -1.116
     1.809     0.137    -1.067
     1.048     0.731    -0.252
     0.599     0.032     0.025
     1.163    -0.984    -0.472
     1.167    -0.819    -0.444
    -0.645    -0.218    -0.374
    -0.376     0.856     0.896
     1.315     1.261     0.486
     1.675    -0.001    -1.077
    -0.101    -0.952    -0.865
    -1.669    -0.200    -0.754
    -0.237     0.265    -0.255
     0.126     0.210     0.402
    -0.465    -0.396     0.106
    -0.466    -0.843    -0.266
    -1.006    -0.171     0.971
    -0.379     0.281     2.593
    -0.467     0.840     2.199
    -1.003     0.662     0.424
    -0.438    -0.417    -0.313
    -0.415    -0.902     0.368
     0.045    -0.150    -0.282
    -0.501     0.235    -0.807
    -1.663    -0.355     1.317
     0.218     0.920     2.494
     1.741     1.262     0.511
     0.884     0.668    -0.296
     0.469     1.279     0.475
     0.980     0.031    -0.293
     1.630    -0.965    -0.706
     0.831    -0.173    -0.602
     0.450     0.227    -0.662
     0.997     0.226    -0.554
     0.971     0.148    -0.678
     0.966     0.235    -0.530
    -0.255     0.181    -0.685
    -0.560     0.210    -0.527
    -0.102     0.786    -0.673
    -0.519     0.659    -0.536
    -0.136    -0.474     1.256
     0.614    -0.903     0.765
     0.890    -0.219    -0.215
    -0.160     0.234     1.779
    -0.703     0.168     2.540
    -0.044     0.784     0.520
    -0.051     0.645    -0.827
    -0.202    -0.469    -0.582
     0.572    -0.319    -0.599
     0.256    -0.326    -0.582
    -1.204    -0.920    -0.597
    -0.688    -0.806    -0.586
    -0.519     0.345     0.043
    -0.710     1.320    -0.153
     1.110    -0.027    -0.659
     1.445    -0.971    -0.600
    -0.401    -0.219    -0.579
    -0.090    -0.367    -0.604
     0.903    -0.869     0.054
     0.380    -0.250     0.475
     0.234     0.872    -0.228
    -0.703     0.635    -0.657
    -0.184    -0.460    -0.621
     1.041    -0.901    -0.555
     0.231    -0.801    -0.653
     0.328    -0.232    -0.520
     0.915     0.258    -0.680
     1.360     0.784    -0.495
     1.372     0.665     1.206
     0.696    -0.464     0.830
     0.296    -0.875    -0.279
     0.266    -0.789    -0.067
    -0.785    -0.799    -0.743
    -1.869    -0.778     0.098
    -0.536    -0.196     0.439
    -0.120     0.871    -0.202
    -0.760     1.266     1.233
    -0.124     0.619     0.724
    -0.760    -0.454    -0.795
    -1.838    -0.855    -0.602
    -0.568    -0.774     1.323
     0.459    -0.188     2.638
     0.293     0.312     0.500
    -0.256     0.221    -0.140
    -0.793     0.257     0.441
     0.460    -0.401    -0.153
    -0.277    -0.843    -0.720
    -1.892    -0.201    -0.502
    -0.592     0.883     1.252
    -0.096     1.296     0.818
    -0.788     0.612    -0.216
    -0.695     0.184    -0.083
     0.443     0.186    -0.675
    -0.280    -0.315    -0.544
    -1.882    -0.895    -0.574
    -0.618    -0.147    -0.559
    -0.044     0.792    -0.557
    -0.278     0.729    -0.558
     0.463    -0.528     0.075
     0.224    -0.245    -0.098
    -0.754     2.596     1.251
    -0.200     1.502     2.714
     0.998    -0.567     1.135
    -0.349     0.225    -0.249
    -0.779     0.198    -0.697
     0.485     0.109    -0.455
    -0.300    -0.434     0.004
    -0.119    -0.975    -0.012
     0.870    -0.285     1.217
    -0.217     0.170     0.850
    -0.294     0.066    -0.790
     1.052     0.124    -0.501
    -0.390    -0.593    -0.534
    -1.840    -0.922    -0.526
    -0.022     1.910     0.133
     0.426     1.508    -0.114
    -0.800    -0.853    -0.558
    -0.711     0.157    -0.560
    -0.047    -0.130    -0.479
    -0.800     0.027    -0.551
    -1.737    -0.720    -0.481
    -0.049    -1.125    -0.535
     1.054     1.848    -0.489
     0.203     1.829     0.115
    -0.192     1.990    -0.056
    -0.190     1.695    -0.584
     0.987    -1.007    -0.516
     1.427    -1.324    -0.500
    -0.381    -1.213    -0.520
    -0.139    -0.690    -0.487
     0.948     0.368     0.108
    -0.247     0.169    -0.035
    -0.771    -1.029    -0.598
    -0.057    -1.409    -0.467
     0.393    -1.432    -0.526
    -0.765    -0.784     1.418
    -1.794     1.981     2.687
     0.040     2.027     0.624
     1.019     0.317    -0.725
    -0.302    -0.165    -0.508
    -0.701    -1.171     0.148
     0.463    -1.737     0.545
    -0.188    -1.551    -0.088
    -1.869    -1.745    -0.614
    -0.524    -0.433     1.448
     0.512     3.339     2.661
    -0.226     2.694     0.655
    -0.125    -1.288    -0.124
     0.395    -1.953    -0.040
     0.954    -1.782    -0.584
     1.392    -1.949    -0.505
     1.385    -1.786     1.405
     0.759    -1.481     2.689
     0.303    -0.156     0.641
     0.332     1.675    -0.746
     0.364     1.002    -0.481
     0.912    -2.041    -0.524
     1.419    -1.995    -0.496
     1.359     0.738    -0.506
     0.768     0.932    -0.517
    -0.272    -0.902    -0.492
    -0.185    -0.093    -0.529
     0.999     1.524    -0.492
     1.395    -0.021    -0.524
     0.791    -2.610    -0.508
     0.260    -2.322    -0.504
     0.332     0.667    -0.530
     0.914     1.183    -0.488
     1.375     1.234    -0.550
     0.807     2.774    -0.483
     0.204     2.587    -0.555
     0.385     2.539     0.134
     0.821    -0.441    -0.102
    -0.235    -2.835    -0.590
    -1.955     0.398     1.363
     0.055     1.025     0.785
    -0.209     1.022    -0.713
    -4.700     2.609    -0.560
    -3.672    -0.527    -0.511
    -0.860    -2.972    -0.556
    -1.167     0.349    -0.531
    -0.680     2.633     1.344
    -0.088     2.381     0.764
    -0.825     2.271    -0.108
    -1.234    -0.633     0.482
    -0.138    -3.050    -0.142
     0.949    -2.746     1.231
    -0.373    -2.681     0.797
    -1.930     0.133    -0.796
    -0.614     2.697    -0.548
     0.393     2.113    -0.591
     0.273     2.407    -0.559
     0.239     2.052    -0.599
     0.260    -0.539    -0.565
     0.806    -3.287     1.270
    -0.392    -2.643     2.658
    -0.835     0.028     0.487
     0.336     0.865    -0.762
     0.823     0.749    -0.655
     1.251    -0.530     0.062
     0.692    -0.105     0.423
     0.105     2.467    -0.232
     0.234     2.363     1.195
     0.746    -0.854     0.658
     0.714    -2.914    -0.155
     0.119    -0.009    -0.286
     0.170     2.744    -0.606
     0.193     2.101     1.113
     0.155     2.428     0.794
     0.186     2.159    -0.358
     0.715    -0.530    -0.128
     1.235    -0.141     1.065
     1.164     0.947     0.684
     0.573    -1.461    -0.890
     0.104    -2.270    -0.742
     0.099    -2.718    -0.613
     0.170    -2.639    -0.204
     0.086    -1.396    -0.114
    -0.963    -0.484     0.922
    -0.367     1.269     0.783
     0.783    -0.338    -1.108
     0.592     0.198    -0.581
     0.619     2.752    -0.869
    -0.525    -0.290    -0.656
    -0.422     0.087    -0.169
     0.735     2.990    -0.324
     1.129     0.711     1.095
     1.108    -1.035     0.461
    -0.640     0.811    -0.851
    -0.982     0.698    -0.940
     0.174    -2.229    -0.614
     0.094    -2.247    -0.341
    -0.523     0.649    -0.176
    -0.428     1.392     0.852
     0.665    -0.362     0.667
     1.133    -0.777    -0.510
     1.027    -1.751    -0.287
     1.057    -2.225     0.928
     1.019     0.927     0.543
     0.493     0.274    -0.414
    -0.058    -2.265    -0.391
     0.612    -1.440    -0.879
     1.071    -0.281    -0.229
     0.490     0.161     0.264
    -0.073    -0.515    -0.485
     0.040    -1.448     0.991
    -0.011    -2.005     2.343
    -1.087    -1.108     0.298
    -0.460    -0.848    -1.053
     0.663    -0.624    -0.844
    -0.620     1.507    -0.837
    -0.504     1.303    -0.218
     0.086     1.371    -0.387
    -1.139     0.699     0.961
    -0.413    -1.908     2.386
     0.596    -1.049     0.889
    -0.569     0.173     0.072
    -0.562    -0.155    -0.514
     0.687    -0.464    -0.823
    -0.662    -0.590    -0.912
    -2.151    -0.387    -0.718
    -0.356    -1.070     0.949
     0.111    -1.489     0.633
    -1.134    -1.334    -0.499
    -0.441    -0.910     0.364
     0.092    -0.086     0.117
    -1.134    -0.545    -0.347
    -1.530    -0.031     0.989
    -0.395     1.766     0.549
    -0.440     1.931    -0.937
    -0.513     1.560    -0.839
     0.669     1.322    -0.044
     0.523     1.190     0.823
    -0.037     1.308     0.816
     0.036     1.343    -0.562
     0.021     1.823    -0.677
     0.063     1.995     1.056
     0.022     1.656     0.691
     0.633     2.101    -0.327
     1.104     1.009    -0.243
     1.072    -1.254    -0.756
     0.501    -0.141    -0.717
    -0.567     0.579    -0.644
    -0.419    -0.891    -0.727
    -1.005    -1.081    -0.625
    -0.330    -0.540    -0.683
     1.256    -0.012    -0.612
    -0.534    -0.627    -0.642
    -0.445    -1.226    -0.020
    -0.345    -0.401     0.476
    -2.086     0.425    -0.300
    -0.758     0.514    -0.613
    -0.838    -0.883    -0.702
    -2.015    -1.052    -0.518
    -0.698     1.713     1.172
     0.247     2.528     0.840
     0.238     0.676    -0.229
     0.678    -0.290     0.551
     0.760    -1.237    -0.253
     0.079    -1.195    -0.605
     0.251    -1.099    -0.601
     0.184    -1.239    -0.567
     0.239     1.805     1.298
     0.794     2.306     0.744
    -0.389     0.644    -0.129
    -0.780     0.775     0.484
    -0.207    -0.442    -0.171
    -0.724    -1.314    -0.647
    -0.207    -1.375    -0.569
     0.983    -1.177     1.290
    -0.342    -1.446     2.615
    -1.834    -0.612     0.553
    -0.581     1.919    -0.171
    -0.072     1.653     0.463
    -0.705     1.623    -0.218
    -0.078     1.527    -0.687
     1.039    -1.305    -0.604
     1.443    -1.546     1.211
     1.446     1.446     2.592
     1.400     1.988     0.443
     0.898     0.334    -0.190
     0.373    -0.205     0.332
    -0.100    -1.200    -0.250
    -0.028    -1.688     1.053
    -0.585    -1.652     0.672
    -1.042    -1.076    -0.981
     0.684     1.585    -0.729
     0.564     1.849    -0.806
    -1.138    -0.088    -0.154
    -0.403    -0.241     0.252
    -0.394     1.286    -0.456
    -1.572     0.631     0.981
    -0.251    -2.319     2.301
     0.140    -1.195     0.308
    -0.397     1.365    -1.139
     0.733     0.968    -0.919
     0.135     1.011    -1.029
     0.166     0.849    -0.968
     1.287     1.025    -1.047
     0.704     0.165    -1.043
     0.629    -2.368    -1.049
     0.834    -2.245    -1.129
     0.622    -2.094    -1.047
     0.879     0.621     0.657
     1.202     3.166     2.132
     0.296     0.256    -0.191
     0.201    -0.357    -0.765
     0.949     0.674    -0.293
    -0.869     1.812    -0.907
    -0.681     0.353    -0.154
     1.083    -2.265     0.716
     0.252    -0.747     1.328
     0.471    -1.106     0.289
     1.405    -2.596     0.210
     0.977    -2.617     1.059
    -3.085     1.551    -0.195
    -6.959     7.005    -1.931
    -2.745     3.442    -0.253
     4.307    -1.864     4.761
     6.324    -1.142     7.215
     2.629     1.071     8.154
     0.816     0.695     3.827
     0.346    -0.871    -5.154
    -4.907    -1.426    -9.690
    -3.565    -2.319    -9.745
     4.571    -2.465    -3.866
     7.376     4.121     5.284
     4.471    13.245     8.005
     0.552    10.868     3.329
     0.042     0.782    -1.837
    -1.024    -7.641    -7.009
    -4.244   -16.144   -10.579
    -3.824   -18.928   -10.017
    -0.045   -12.016    -5.083
     0.398    -0.534     7.745
    -4.995    11.827    13.863
    -9.199    19.434     9.130
    -7.335    18.515     7.701
     1.785    10.270     3.936
    12.364    -2.810    -5.900
    15.867   -14.782   -10.520
    10.762   -22.221    -9.085
    -1.574   -20.361    -8.761
   -13.129    -5.190    -3.127
   -20.225    11.160    10.624
   -19.771    20.693    17.280
    -7.025    22.235     9.926
     9.804    11.937     1.255
    20.624     0.979    -5.141
    20.612    -7.478   -12.760
    10.796   -15.809   -10.997
    -5.985   -13.386    -1.933
   -20.458    -4.077     5.413
   -19.911     3.413     7.466
    -6.291     6.737     5.867
     7.411     7.554     6.782
    11.040     7.809     3.307
     8.092     1.495    -4.770
     3.985    -8.487    -9.254
     1.486   -11.676    -4.003
     1.365    -5.403     4.402
     0.227     1.064     1.443
    -0.708     2.060    -2.971
    -0.619     2.889    -1.336
     1.047     5.711    -1.469
     1.503     5.804    -2.711
     1.351     1.308    -1.634
     2.017    -0.941     2.726
     0.191    -4.762     7.465
    -0.107    -9.151     6.251
    -2.898    -2.943     1.333
    -5.903     4.839    -2.033
    -2.867     4.852    -6.904
    -0.257     0.916    -9.784
     4.408    -2.677    -4.077
     7.851    -3.177     4.132
     3.026    -1.955     6.956
    -3.273    -0.994     6.312
    -3.187    -1.049     5.295
    -0.306    -2.305     2.259
     1.098    -1.411    -2.230
     4.814    -0.576    -7.160
     6.666    -2.249    -9.163
     3.143     0.798    -3.396
    -3.244     4.280     3.359
    -7.619     1.162     7.327
    -4.362    -2.492     6.891
     2.597    -3.054    -3.243
     5.892    -3.106    -9.950
     3.714    -2.336    -5.868
     1.219     0.263    -1.334
    -2.577     2.282     2.346
    -6.432     1.959     6.616
    -3.497     0.272     7.396
    -0.134     1.725     2.422
     0.416     4.292    -2.852
     1.564     1.874    -6.416
     3.009    -1.958    -8.218
     2.345    -2.416    -4.057
    -3.651     0.327     3.920
    -7.125     0.661     6.658
    -2.708    -1.710     1.197
     0.111     0.359    -2.129
     0.547     3.426    -0.879
     1.369     1.315    -0.563
     0.335    -1.069    -1.077
     0.260    -0.910    -0.890
     1.468     2.095     4.407
     0.240     4.357     7.493
    -3.567     0.226     2.095
    -2.629    -2.131    -1.376
     0.574    -0.122    -1.661
     0.954     0.166    -1.374
     1.844    -1.508     0.308
     0.777    -1.895    -0.686
    -0.932     2.224    -1.422
    -3.451     4.446    -0.286
    -3.286     1.414     0.211
     1.170    -2.235    -0.540
     4.652    -2.853    -1.553
     6.470    -2.830    -0.104
     2.455    -2.728     0.604
    -0.633     0.049     0.164
    -3.531    -0.334    -0.655
    -6.652    -1.332     0.457
    -1.878    -0.137     4.086
     1.531    -0.247     3.610
     0.762    -0.212     0.019
    -0.511    -0.835    -5.206
     0.333    -0.665    -5.328
     0.074     2.058    -0.094
    -3.545     6.345     0.732
    -2.940     6.783     0.711
     0.004     1.774     0.599
     2.914    -2.798     0.642
     2.680    -6.133     0.031
    -4.438    -4.511    -4.105
    -8.455     2.590    -3.643
    -4.470     4.580     0.693
    -0.682     1.458     5.495
     3.210     0.827     7.970
     6.768     0.670     1.573
     4.147    -0.719    -5.374
    -0.536    -1.344    -9.068
    -3.628    -1.046   -10.014
    -3.030    -1.846    -5.075
     0.909    -2.714    -0.208
     1.750     1.310     4.511
     0.317     4.684     8.097
     0.180     1.015     8.846
    -2.939    -2.011     7.895
    -6.072    -0.983     2.828
    -3.005    -1.239     0.234
     1.116    -0.417     0.022
     3.627    -0.154    -1.694
     3.664    -1.755    -1.888
     0.695     1.249    -2.009
    -2.873     1.869    -1.827
    -2.494    -1.332    -1.984
     1.710    -1.729    -0.616
     1.150    -0.913     3.782
    -0.889    -1.747     2.270
     0.189    -2.555    -1.936
     0.864    -0.907    -1.281
     1.113     0.088    -0.930
     0.819     2.255    -1.411
     0.458     1.251    -0.871
     0.394    -1.722    -0.277
    -0.134     1.772    -1.078
    -1.130     2.072    -1.362
    -1.171    -0.258     2.769
     0.083     0.105     3.661
     0.376    -0.026    -0.448
    -0.058     0.095    -1.480
     0.365    -0.494    -0.215
     0.450    -1.041     0.164
    -0.191     1.991     0.162
    -0.111     4.768     0.697
     0.430     0.780     0.052
    -0.178    -1.723    -1.027
    -0.652    -0.163    -0.144
     0.960    -1.605     0.717
     0.924    -1.762     0.766
    -0.260    -0.784    -0.005
     0.414    -0.225    -0.854
     0.895    -0.290     0.334
     1.406    -0.342     1.379
     0.284     2.641    -0.660
    -1.306     2.043    -1.864
    -0.070    -1.473    -0.035
     0.932    -2.447    -0.351
     1.409    -2.124    -1.331
     1.340    -0.556    -0.067
     0.259     0.997    -0.282
     0.322     0.866     0.435
    -0.202    -0.886     1.421
    -0.705    -1.051    -0.528
     0.941    -0.137    -1.198
     1.421     0.044    -1.282
    -0.309    -0.206    -0.469
    -1.249     0.069     0.414
     0.420     2.678    -0.824
     0.917     1.897     0.061
    -0.808    -0.174     0.908
     0.393     0.517     0.361
     1.979    -1.096     0.379
     1.299    -2.111    -0.167
     0.264    -1.275    -0.644
    -0.789    -0.428     0.626
    -0.647     3.112     1.559
    -0.707     5.206    -0.393
    -0.628     1.347    -0.436
     0.904    -1.162     0.458
     0.900    -0.801    -0.621
    -0.839    -1.413    -0.545
    -0.647     0.433     0.113
     0.934     1.303     0.551
     0.338     0.692    -0.095
     0.320     3.058    -0.507
     1.414     2.636     0.656
     0.835    -0.983     0.513
     0.791    -1.304    -0.686
     1.430    -0.025    -0.328
     1.824    -0.237     0.558
     1.372     0.482    -0.563
     0.736     1.425    -1.635
    -0.168    -0.251    -0.745
    -1.299    -1.749     0.121
     0.496    -1.018     0.104
     0.888     0.028     0.659
    -0.749     0.494    -0.099
    -0.671    -0.100    -1.580
    -0.655    -1.147     0.330
    -0.096    -0.436     1.169
     0.376     0.557    -0.137
     0.394    -0.574     0.823
    -2.878    -1.577     0.962
    -6.433    -0.886    -0.531
    -2.435    -0.433    -0.464
     0.661    -0.973     0.198
    -0.143    -1.501     0.600
     0.387    -0.844     0.587
    -0.149     0.167    -0.029
    -0.166    -0.461     0.094
     1.496    -1.490    -0.550
     1.388    -0.820    -0.995
     0.840     0.233     0.278
     1.413    -0.446     1.097
     0.296    -1.419     1.137
    -0.153    -0.827    -0.246
     1.440    -0.268    -0.346
     0.915    -0.371     1.144
    -0.808    -0.848     0.476
    -1.118    -0.849    -0.641
    -0.127     0.320    -0.411
     0.498     0.142     0.637
     0.336    -0.317    -0.133
     0.420     0.239    -1.074
     0.359     0.745     0.745
    -0.153     1.286     0.991
    -1.185     0.049    -0.746
    -1.173    -0.803    -1.597
     0.530     0.256    -0.963
     0.342     0.829     0.750
    -1.174     0.117     0.940
     0.396    -0.815    -0.738
     2.075     0.302    -1.690
     1.305     0.222    -1.532
     0.873    -0.853    -0.992
     0.836     0.352    -0.488
     0.886     0.765    -0.575
     0.863     0.763    -0.555
     1.393     0.183     0.026
     1.917    -0.848     1.063
     1.855     0.385     0.904
     1.875     0.174    -0.261
     0.258    -0.792     0.582
     0.325     0.311     0.251
     0.377     0.811    -0.021
    -1.274     0.732     3.935
    -0.087     0.224     3.794
     0.379     0.793    -0.053
     0.357     1.316    -0.051
     0.336    -0.432    -0.216
     0.856    -0.713     0.012
     0.337     0.275     0.987
    -4.513     3.634     0.278
    -4.206     5.900     0.496
    -1.030     2.490     0.279
    -0.008     0.599     0.540
     0.811     0.153     0.856
    -0.160    -0.794    -0.763
    -1.361    -0.786    -1.129
    -3.805    -1.239    -0.514
    -3.282    -1.286    -0.589
    -0.494    -1.186    -1.173
    -0.701    -0.198    -0.416
    -0.735     0.354     0.473
     0.362    -0.891    -0.668
     1.295    -1.210    -1.136
    -0.255    -0.744    -0.415
    -0.891     0.416    -0.050
     0.925     0.776     0.033
     0.142    -0.297     0.511
    -1.283     0.345     1.073
     0.204     0.227     0.963
     1.395    -0.770    -0.170
    -0.450    -0.193    -1.074
    -1.314    -0.768    -1.023
    -0.321    -1.243    -1.517
     0.292    -1.223    -1.481
     0.141    -0.087    -1.431
    -0.322     3.627    -1.477
    -1.424     3.245    -0.810
    -3.998    -0.476    -1.005
    -3.364    -1.279     0.353
    -0.716    -0.661     1.709
    -0.793    -0.690     1.052
    -0.408    -1.217     0.581
     0.754    -1.183    -0.562
     0.013    -0.613    -0.248
    -1.417    -0.148     1.300
    -0.466    -0.138     1.149
     1.273    -0.743     0.037
     1.548    -1.162    -0.948
     1.626    -1.187    -0.155
    -0.081    -1.109     0.784
    -1.552    -1.167     0.772
     0.086    -0.561     1.291
     0.571     0.446     0.661
    -0.521     0.913     0.220
    -0.019     0.899     1.436
     1.101     0.299     0.018
    -0.096     0.995    -1.293
    -1.592     1.901     0.513
    -0.016     0.319     0.209
     0.537    -0.704    -0.697
    -0.635    -0.572    -0.134
    -0.049    -1.156    -0.731
     0.985    -0.512    -1.189
     1.446     0.502     0.621
     1.423     0.398     2.001
     1.371    -0.060     0.126
     0.879    -0.686    -1.216
    -0.217    -1.023    -0.570
    -0.138    -1.143    -0.002
     0.350    -0.958    -0.704
    -0.161    -1.129    -1.069
    -0.205    -0.971     0.644
     0.885    -1.092     0.333
     1.343    -0.459    -1.176
     1.303     3.297    -0.490
     1.294     2.856     0.603
     0.737    -0.698     0.377
     0.251    -0.615    -0.598
     0.217     0.635     0.028
     0.271     0.942     1.127
     0.200     0.522     0.923
     0.776     0.979    -0.130
     1.224     0.457    -1.137
     0.702    -0.042     0.160
    -0.375     1.059     1.081
    -1.388     0.998    -0.202
    -0.804     0.981     0.729
    -0.847     0.465     2.024
    -1.870    -0.619     0.354
    -0.347    -1.016    -1.215
     1.288    -1.047    -0.940
     0.570    -0.983    -1.073
    -0.398    -1.030    -0.953
    -0.979    -0.451     0.723
    -0.357     0.565     0.368
     0.627     1.025    -1.085
    -0.445    -0.094    -1.055
    -0.450    -0.539    -0.383
     0.594     0.006     0.578
    -0.456    -0.572     0.479
    -1.042    -0.507    -0.641
    -0.408     0.544     0.100
     0.014     1.004     1.664
     0.588     0.435     0.244
     1.008    -0.623    -1.072
     0.512    -1.065    -1.107
    -0.058     0.584    -0.959
    -0.017     2.062    -0.497
    -0.022     0.863    -0.544
     0.479     0.423     0.649
     1.011     0.954     0.316
     0.944     0.386    -0.542
     0.964    -0.093    -0.070
     0.928    -0.096    -0.002
     0.939    -0.607     1.059
     0.929    -1.132     1.479
     0.909    -0.522     0.883
     0.410     0.462    -0.222
    -0.672     0.958    -0.564
    -0.590     0.862     0.489
     0.415     0.918     1.017
     0.957     0.299     0.263
     0.875    -0.663    -0.619
     0.369     0.436     0.507
     0.364     0.348     1.524
     0.882    -0.682     1.378
     0.373    -0.114     0.259
    -0.204    -0.140    -0.684
     0.403     0.374    -0.073
     0.330     0.879    -0.124
    -0.666    -0.281    -0.719
    -0.697    -1.195    -0.554
     0.395    -1.238    -0.149
    -0.680    -1.129    -0.650
    -2.273    -0.694    -1.236
    -0.605    -0.103    -1.087
     0.358    -0.778     0.537
    -0.139    -0.632     2.013
    -0.755    -0.227     1.827
    -0.647     0.370     1.870
     0.324     3.510     0.083
    -0.682     2.690    -0.690
    -0.718    -0.902    -0.150
     0.343    -1.292    -0.757
    -0.161    -1.226     0.545
    -0.257    -1.228     0.163
     0.390    -1.222    -1.242
     0.756    -0.687    -1.228
     0.371     0.336    -0.598
    -0.815     0.805     0.415
    -1.177     0.766    -0.316
    -0.210    -0.312     0.488
    -0.672     0.328     1.856
    -0.718     1.837     0.122
     0.325     0.702    -0.788
    -0.684    -0.296    -0.153
    -1.294     0.300    -0.839
    -0.632     0.233    -1.213
     0.288    -0.233    -1.265
     0.900    -0.260    -1.207
     0.765    -0.750     0.498
     0.839    -1.271     0.123
     0.789    -0.683    -1.286
     0.290     0.345    -0.740
    -0.724     0.801    -0.154
    -0.741     0.270    -0.308
     0.382    -0.820    -0.770
     0.806    -1.208     0.379
     0.864    -0.716     1.876
     0.785    -0.122     1.733
     0.329     0.308     0.585
    -0.737     0.336    -0.332
    -1.212    -0.234    -0.323
    -0.140    -0.172    -0.821
     0.862    -0.184    -1.367
     0.877    -0.719    -0.107
     0.277     0.437     1.311
     0.362     0.805     0.618
     0.301     0.388     0.785
    -0.134     0.854     1.143
     0.313     0.348    -0.434
    -0.634    -0.156    -0.314
    -0.708    -0.675     0.816
     0.421    -1.127     1.160
    -0.679    -1.141     0.092
    -0.649    -0.540    -0.968
    -0.127     0.437     0.353
    -0.124     0.425     0.597
     0.389     0.434    -0.406
    -0.648     0.429     0.238
    -0.638    -0.076     1.192
     0.406    -0.598     0.611
    -0.093     0.556    -0.520
    -0.145     0.945    -0.841
     0.435    -0.583    -0.388
     0.379     0.010    -0.325
    -0.089     0.482    -0.996
    -0.133    -0.000     0.348
     0.444    -0.022     1.665
     0.408    -0.477    -0.059
    -0.093    -1.043    -1.494
    -0.090    -0.918    -1.428
     0.428    -0.476    -1.363
     0.456     0.664    -1.441
    -0.107     3.728    -0.761
     0.463     3.005    -0.438
     0.940    -0.586    -0.884
     0.973    -0.988     0.209
     0.930    -0.907     1.749
    -0.581    -0.923     1.564
    -0.582    -0.325    -0.078
     0.479     0.633    -0.942
    -0.523     1.193    -0.397
    -1.105     0.023    -0.362
    -0.485    -0.875    -1.010
     0.463    -0.368    -1.361
     1.058     0.192     0.243
    -0.588     0.152     1.780
    -2.056     0.161     0.420
    -1.043     0.165    -0.383
    -0.459     0.163    -0.448
    -1.013     0.184    -0.911
    -0.513     0.173     0.298
     0.559     0.195     1.719
    -0.527    -0.346     1.688
    -2.017    -0.820     0.484
    -1.036    -0.802     0.199
    -0.405    -0.256     0.644
    -1.032     0.767     0.130
    -0.444     1.239     0.774
     0.524     0.694     1.164
    -0.449    -0.335     0.707
    -0.522    -0.804     1.228
     1.086    -0.776     0.664
     0.544    -0.767    -0.392
    -0.496    -0.223    -0.204
    -0.477     0.797    -0.332
     0.555     1.281    -0.735
     1.091     0.710     0.380
    -0.501    -0.317     1.917
    -0.463    -0.785     1.787
     0.540    -0.236     0.125
    -0.408     0.276    -0.696
    -1.031    -0.282    -0.176
    -0.388    -0.756    -0.680
    -0.997    -0.230    -1.202
    -1.915     0.293    -1.091
    -0.487     0.260    -1.147
     0.159     0.259    -1.057
    -0.998     0.770    -1.089
    -0.418     0.748     0.645
     0.577    -0.300     2.062
    -0.427    -0.771     0.261
    -0.451    -0.225    -1.039
     0.569     0.273    -1.098
     0.117     0.271    -0.896
     0.014     0.247    -0.491
     0.127     0.273    -0.397
     0.013     0.227     0.672
     0.628     0.262     0.546
     1.046    -0.308    -1.010
     1.115    -0.759    -0.859
     0.540    -0.784    -0.324
     0.061    -0.747     0.190
     0.066    -0.239     0.183
     0.059    -0.268    -0.402
     0.605    -0.241     0.894
     1.066     0.243     1.687
     1.111     0.244     1.842
     0.529     0.215     2.247
    -0.429     0.232     0.604
    -0.986     0.209    -0.245
    -0.418    -0.307     0.295
     0.586    -0.811    -0.244
    -0.420    -0.268    -0.718
    -0.457     0.226    -0.665
     1.085    -0.321    -0.668
     0.103    -0.813    -0.636
    -0.999    -0.285    -0.614
     0.074     0.215    -0.616
     1.076     0.196    -0.575
     1.099     0.179    -0.621
     1.038     0.183     0.027
     0.064     0.160    -0.158
    -0.999     0.178    -0.526
     0.061     0.144     1.075
     1.078    -0.361     0.890
     1.085    -0.882    -0.624
     1.037    -0.848    -0.514
     0.548    -0.857     0.032
     0.021    -0.868    -0.037
     0.033    -0.335    -0.518
     0.046     0.648    -0.520
     0.028     1.153    -0.480
     0.560     0.563    -0.511
     1.029    -0.436    -0.468
     1.076    -0.956     0.059
     0.493    -0.402     0.562
    -0.454     0.102    -0.039
    -0.540     0.070    -0.483
     0.574     0.079    -0.495
     1.013    -0.508    -0.459
    -0.453    -0.422    -0.489
    -1.048    -0.009    -0.456
    -0.475     0.058     0.067
    -0.478    -0.043     0.008
     0.003     0.023    -0.510
     0.044     2.039    -0.470
    -1.037     1.976    -0.491
    -0.480    -0.621    -0.481
     0.982    -1.065     0.082
     0.575    -1.118     0.511
    -0.071    -0.512    -0.013
     0.026     1.969    -0.569
    -0.048     1.905    -0.460
     0.014    -0.737    -0.567
     0.469    -0.617     0.107
     1.003     1.882     0.453
     0.996     2.389    -0.034
     0.962    -0.288     1.093
     0.495    -0.691     2.532
    -0.573     1.842     2.492
    -0.527     1.748     0.746
     0.446     1.811    -0.584
     1.011     1.637    -0.647
     0.957     0.218    -0.505
     0.962     0.111    -0.080
     0.461    -0.845    -0.051
    -0.078    -1.400     1.011
    -0.029    -1.353     2.503
    -0.087    -1.423     2.389
     0.489    -1.392     1.295
     0.416    -1.464     0.326
    -0.526    -0.395     0.363
    -0.618     0.523     0.374
     0.459     0.526    -0.191
     0.951     0.454    -0.658
    -0.570    -0.067    -0.647
    -0.588    -1.121    -0.668
     0.403    -0.050    -0.645
    -0.508     1.406    -0.124
    -1.156     0.323     0.377
    -0.534    -0.156     0.324
    -0.123     0.259    -0.214
     0.473     0.335     0.973
     0.886     0.186     2.371
    -0.549    -0.217     0.704
    -0.655    -1.426    -0.779
     0.425    -1.752    -0.674
    -0.069    -0.410    -0.752
    -0.617    -0.300    -0.619
    -0.595     0.590    -0.762
    -0.117     1.630    -0.613
    -0.072     1.542    -0.198
    -0.123     1.000    -0.161
    -1.090    -1.581     0.929
    -2.148    -1.549     0.732
    -0.632     1.048    -0.725
    -0.073     0.313    -0.715
    -1.593    -2.072    -0.663
    -1.658    -1.754    -0.697
    -0.107    -0.533    -0.636
    -0.587    -0.793    -0.697
    -2.121     0.987    -0.624
    -1.174     2.691    -0.680
     0.409     0.292    -0.627
     0.899    -2.426    -0.652
     0.387    -2.265    -0.638
    -0.131     0.192    -0.618
    -0.148     2.742    -0.641
    -0.109     2.646    -0.586
    -0.154     1.053    -0.637
    -0.102     1.129    -0.566
     0.333    -0.062    -0.065
     0.905    -2.415     0.460
     0.849    -2.585     0.422
    -0.610    -2.399    -0.115
    -0.697     0.003    -0.571
     0.369     2.612     1.091
    -0.105     2.398     2.551
    -0.169     2.543     0.814
     0.383     2.331     0.024
     0.834     2.509     0.434
     0.907     2.331     0.007
     0.316     0.387    -0.552
    -0.113     0.378    -0.449
    -0.205    -0.191     1.152
    -0.106    -2.648     0.964
     0.307    -1.685    -0.484
     0.904     0.935    -0.452
     0.331     0.269    -0.434
    -0.126    -2.133    -0.415
     0.305    -2.273    -0.409
    -0.605     0.480    -0.406
    -0.700     0.208    -0.390
     0.348    -2.082    -0.392
    -0.121    -0.252    -0.375
    -0.191     0.916    -0.374
    -0.119     0.773     0.199
    -0.201    -0.158     0.119
     0.395    -2.796    -0.354
    -0.691    -2.620    -0.345
    -0.626    -2.748    -0.343
     0.770    -2.590    -0.321
    -0.052    -0.105     0.213
    -0.735     0.859     0.707
    -0.136     0.965     0.131
     0.318    -0.270    -0.317
    -0.621    -2.542    -0.325
    -0.693    -2.760    -0.289
     0.320    -2.464    -0.313
    -0.111    -2.704    -0.292
    -0.207     0.153     0.239
    -0.623     2.372     0.171
    -0.714     1.081    -0.314
     0.354     0.938    -0.308
    -0.650    -0.046     0.239
    -2.160    -2.491     0.173
    -1.231    -2.536    -0.321
    -0.145     0.201    -0.300
    -0.640     2.541    -0.339
    -0.193     2.755     1.361
     0.834     2.539     2.682
     0.852     2.729     1.106
     0.828     2.618     0.114
     0.340     0.139     0.147
    -0.186    -1.781     0.142
    -0.176     0.675     0.158
    -0.186     2.923     1.230
     0.325     0.123     2.702
     0.820    -2.022     0.979
     0.351     0.158    -0.419
    -0.189     1.059     1.200
    -0.188     0.772     0.984
     0.313     0.527    -0.417
     0.823     0.353     0.057
     0.838     1.030     0.599
     0.812     0.965    -0.016
     0.331     1.044    -0.460
    -0.198     1.088    -0.517
    -0.196     1.035    -0.483
    -0.188     1.178     0.029
     0.300     1.052    -0.056
     0.332     1.240    -0.534
    -0.189     0.581    -0.571
     0.296    -0.748    -0.553
     0.806    -0.334    -0.585
     0.829     1.308    -0.584
     0.795     0.748    -0.613
     0.316    -1.163    -0.634
    -0.207    -1.227    -0.081
    -0.212    -1.643    -0.208
     0.289    -1.652    -0.643
     0.801     0.966    -0.725
     0.812     1.349    -0.663
     0.307    -0.492     0.893
    -0.208    -0.647     0.712
    -0.215    -0.487    -0.768
    -0.217    -0.550    -0.773
    -0.209    -0.452    -0.249
     0.267    -0.508     0.789
     0.308     0.058     0.125
    -0.215     0.037    -0.813
    -0.223    -0.961    -0.854
     0.265     0.114    -0.828
     0.788     1.540     0.783
     0.792     0.650     0.548
     0.290    -0.446    -0.869
    -0.229    -0.361    -0.386
    -0.739     0.098    -0.420
    -0.251     0.655    -0.917
     0.748     2.158    -0.913
     0.804     1.603     0.693
     0.750    -0.836     2.116
     0.779    -0.919     0.460
     0.260    -0.339    -0.442
    -0.714    -0.370     0.029
    -1.268    -0.321     0.023
    -0.764    -0.379    -0.480
     0.229    -0.342    -1.040
     0.768    -0.375     0.696
     0.757    -0.878     1.976
     0.743    -1.372     0.497
     0.264    -0.896    -0.560
    -0.271    -0.372     0.044
    -0.256    -0.394    -0.043
    -0.280    -0.388    -0.512
    -0.239    -0.407     0.592
     0.190    -0.938     0.377
     0.753    -1.426    -0.965
     0.716    -0.977    -0.557
     0.258    -0.435     0.081
    -0.778     0.013    -0.615
    -1.285     0.032    -0.925
    -0.809    -1.020     0.530
    -1.257    -1.519     2.100
    -0.804    -1.023     1.991
     0.188    -0.571     0.407
    -0.230    -0.508    -0.476
    -0.336    -0.672    -0.572
    -0.267    -0.506    -0.387
    -0.326    -0.243    -0.572
     0.208    -0.013    -0.893
     0.680     1.232     0.578
     0.238     0.921     0.521
    -0.311    -1.783    -0.992
    -0.322    -1.149    -0.944
     0.183     1.200    -0.956
     0.672     1.284    -0.919
     0.227     1.255    -0.898
     0.149     1.125    -0.929
     0.196     1.278    -0.326
    -0.319     0.529    -0.446
    -0.333    -1.739    -0.853
    -0.326    -2.013    -0.893
    -0.334     0.707    -0.870
    -0.321     3.016     0.789
    -0.345     0.650     2.134
     0.159    -1.474     0.659
     0.649     0.974    -0.386
     0.198     1.033     0.249
    -0.346    -1.528     0.120
     0.123    -1.467    -0.238
     0.176    -1.682     0.741
    -0.345    -1.896     1.772
    -0.351     0.284     1.751
     0.116     1.052     0.667
     0.655     0.824    -0.238
     0.169     0.965     0.244
    -0.358     0.806     0.300
    -0.366     0.919    -0.267
    -0.380     0.821     0.925
     0.141     0.867     2.289
     0.599     0.837     0.771
     0.681     0.818    -0.725
     0.110     0.845    -0.147
    -0.333     0.780     0.328
    -0.422     0.840    -0.155
    -0.347     0.767    -0.666
     0.085     0.843     0.978
    -0.813     0.771     2.376
    -0.917     0.834     0.832
     0.079     0.781    -0.121
    -0.323     0.824     0.388
    -0.904     0.789     0.388
    -0.877     0.817    -0.099
     0.043     0.793    -0.615
     0.648    -1.695    -0.569
     0.596    -2.163    -0.055
     0.632     0.273    -0.092
     0.107     0.871    -0.556
    -0.376     0.886    -0.584
    -0.422     0.838    -0.534
     0.089     0.898    -0.577
     0.589     0.853    -0.510
     0.137     0.920    -0.576
    -0.405     0.369    -0.495
     0.065    -2.061    -0.565
     0.587    -2.079    -0.501
     0.139     0.424    -0.559
    -0.410     0.993    -0.505
    -0.411    -1.457     1.059
     0.060    -1.999     0.907
     0.116     0.498    -0.504
     0.078     1.045    -0.545
     0.572     1.145    -0.524
     0.599     0.520     0.042
     0.101    -1.311    -0.054
    -0.398    -0.933    -0.477
    -0.439    -0.800    -0.556
    -0.397    -0.820    -0.473
    -0.436     1.236     1.056
     0.084     1.213     0.946
     0.552    -0.647     0.030
     0.619    -0.758     0.483
     0.555    -1.183    -0.022
     0.121    -1.639    -0.506
    -0.435    -1.158    -0.485
    -0.420    -0.580    -0.536
    -0.424    -0.569    -0.453
    -0.422    -0.520    -0.551
     0.064     1.474    -0.437
     0.556     1.506    -0.551
     0.612    -0.376    -0.436
    -0.403    -0.483    -0.536
    -0.908    -0.386    -0.448
    -0.014    -0.384     1.081
     0.606    -0.325     0.954
     0.570    -0.327    -0.466
     0.118    -0.771    -0.520
    -0.425    -1.259     0.047
    -0.913    -0.744    -0.001
    -0.934    -0.208    -0.474
    -0.462    -0.171    -0.470
     0.083    -0.140    -0.494
     0.541    -0.133    -0.434
     0.611    -0.584    -0.502
     0.547    -0.569    -0.419
     0.122    -0.074    -0.499
    -0.431    -0.012    -0.418
    -0.429    -0.018     1.112
     0.046     0.029     0.989
     0.564     0.023    -0.407
     0.594     0.075    -0.494
     0.090     0.073     0.126
    -0.410     0.112     0.530
    -0.452     0.629     0.642
    -0.421     0.637     1.580
     0.044     0.193     2.651
     0.571     0.130     2.569
     0.115    -0.281     1.061
    -0.417    -0.327     0.095
    -0.439    -0.269     0.593
    -0.426    -0.771     0.623
    -0.427    -0.743     0.091
     0.050    -0.252    -0.359
     0.558     0.278    -0.400
     0.596     0.811    -0.335
     0.565     0.772    -0.371
     0.589     0.334    -0.318
     0.564     0.270     0.177
     0.115     0.332     0.685
    -0.423    -0.193     0.163
    -0.433    -0.647    -0.317
     0.047    -0.191    -0.313
     0.562     0.339    -0.311
     0.597     0.371    -0.281
     0.092     0.354    -0.298
    -0.399     0.357    -0.261
    -0.454     0.329    -0.269
    -0.406     0.363    -0.255
    -0.439     0.331    -0.248
    -0.409    -0.131    -0.247
     0.037    -0.157    -0.230
     0.103     0.334    -0.236
    -0.401     0.364    -0.217
    -0.437     0.351    -0.219
    -0.419     0.362    -0.207
     0.041    -0.170    -0.194
     0.575    -0.646    -0.190
     0.582    -0.210    -0.179
     0.589     0.327    -0.180
     0.097     0.316    -0.167
    -0.401     0.328    -0.166
    -0.444     0.298    -0.158
     0.053     0.315    -0.150
     0.095     0.294    -0.151
    -0.395     0.302    -0.133
     0.035     0.281    -0.138
     0.090    -0.215    -0.117
     0.080    -0.225    -0.131
     0.545     0.234    -0.107
     0.597     0.274    -0.123
     0.575     0.243    -0.098
     0.109     0.247     0.409
    -0.406     0.228     0.386
    -0.443     0.234    -0.089
     0.058     0.213    -0.095
     0.551     0.228    -0.096
     0.136     0.203    -0.078
    -0.424     0.217    -0.087
    -0.426     0.186    -0.080
     0.037    -0.284    -0.074
     0.569    -0.819    -0.085
     0.593    -0.818    -0.059
     0.104    -0.359    -0.093
    -0.397     0.170    -0.043
    -0.921     0.152    -0.099
    -0.925    -0.307    -0.036
    -0.008    -0.351    -0.107
     0.597     0.140    -0.033
     0.570     0.158    -0.106
     0.125    -0.340    -0.038
    -0.423    -0.354     1.465
    -0.431     0.103     1.381
     0.041     0.644    -0.037
     0.561     0.612    -0.100
     0.597     0.162    -0.083
     0.098     0.118    -0.070
    -0.406    -0.335    -0.087
    -0.450    -0.851    -0.078
    -0.422    -0.385     0.433
    -0.430     0.127     0.392
     0.040     0.141    -0.071
     0.561     0.147    -0.106
     0.585     0.115    -0.088
     0.114     0.148    -0.101
    -0.415     0.111    -0.083
    -0.442    -0.315    -0.124
     0.034    -0.838    -0.084
     0.553    -0.850    -0.142
     0.591    -0.352    -0.079
     0.096     0.139    -0.157
    -0.401     0.676    -0.080
    -0.459     0.643    -0.163
     0.054    -0.274    -0.090
     0.540    -0.855     1.397
     0.604    -0.830     1.320
     0.552    -0.336    -0.097
     0.113     0.191    -0.184
    -0.425     0.205    -0.145
    -0.442     0.201    -0.160
     0.029     0.204    -0.138
     0.553    -0.288    -0.175
     0.585    -0.771    -0.141
     0.568    -0.814    -0.180
     0.572    -0.297    -0.152
     0.103     0.191    -0.178
    -0.416     0.245    -0.171
    -0.454     0.712    -0.175
    -0.431     0.727    -0.184
    -0.438    -0.226    -0.172
     0.035    -0.765    -0.193
     0.544    -0.306    -0.177
     0.589     0.227    -0.194
     0.097     0.227    -0.187
    -0.407     0.258    -0.191
     0.009     0.202    -0.200
     0.552     0.266    -0.186
     0.112     0.190    -0.205
    -0.414     0.258    -0.187
    -0.452     0.186    -0.204
    -0.436     0.239    -0.194
     0.033     2.130    -0.197
     0.542     2.205    -0.206
     0.590     0.333    -0.187
     0.559    -0.359    -0.219
     0.114    -0.771    -0.180
    -0.425    -0.384     0.294
    -0.445     0.167     1.337
    -0.439     0.137     0.760
    -0.433     0.156    -0.145
     0.030     0.107     1.307
     0.544     0.120     1.250
     0.590     0.095    -0.125
     0.099     0.084    -0.241
    -0.404     0.079    -0.180
    -0.455     0.056     0.313
    -0.427     0.026     0.313
     0.025     0.000    -0.171
     0.550    -0.028    -0.175
     0.126    -0.031    -0.186
    -0.416    -0.084    -0.160
    -0.439    -0.547    -0.173
    -0.439    -1.115    -0.163
    -0.420    -1.123    -0.160
     0.022    -0.689    -0.165
     0.098    -0.185    -0.149
    -0.396    -0.209    -0.158
    -0.443    -0.276    -0.136
    -0.425    -0.259    -0.150
     0.027    -0.849    -0.131
     0.562    -1.277    -0.138
     0.118    -1.466    -0.129
     0.069    -0.867    -0.125
     0.064    -0.538    -0.128
    -0.374    -0.400    -0.112
    -0.452     1.353    -0.124
    -0.413     1.477    -0.100
     0.032     1.415    -0.113
     0.561     1.320    -0.094
     0.596    -1.055    -0.102
     0.118    -1.262    -0.091
    -0.393    -0.834    -0.088
    -0.442    -0.756    -0.089
    -0.413     1.026     0.438
    -0.424     1.168     0.903
    -0.414     1.063     0.444
     0.043     1.043    -0.074
     0.564    -1.454    -0.067
     0.607    -1.524    -0.078
     0.581     0.663    -0.045
     0.137     0.480    -0.069
    -0.398     0.271    -0.042
    -0.420     0.735     0.453
    -0.419     0.727     0.439
    -0.405     0.646    -0.019
     0.044     0.664    -0.055
     0.573     0.044    -0.038
     0.614    -2.271    -0.041
     0.134    -2.613    -0.030
    -0.373    -0.111    -0.039
    -0.429     0.335    -0.025
    -0.393     0.496    -0.035
    -0.413     2.121    -0.023
    -0.393     2.382    -0.027
     0.046     2.199    -0.022
     0.582    -0.177    -0.019
     0.160    -2.725    -0.028
     0.089    -0.555    -0.021
     0.564     1.995    -0.028
     0.166     2.115    -0.020
    -0.368     0.142    -0.025
    -0.414    -0.053    -0.022
     0.067     1.831    -0.022
     0.577    -0.460    -0.024
     0.631    -2.971    -0.018
     0.600    -3.293    -0.025
     0.167    -2.645    -0.024
    -0.368    -0.347    -0.032
    -0.393    -0.169    -0.028
    -0.393    -0.210    -0.031
    -0.377     1.589    -0.035
     0.064     1.753    -0.030
     0.596     0.246    -0.040
     0.630    -2.224    -0.030
     0.162    -3.399    -0.043
    -0.356    -1.032    -0.033
    -0.398     1.463    -0.049
    -0.368     1.721    -0.049
    -0.386     1.555    -0.048
     0.091     1.617    -0.061
     0.585     1.539    -0.046
     0.655     1.580    -0.071
     0.157     1.533    -0.049
    -0.338     1.536    -0.076
    -0.402     1.530    -0.058
    -0.368    -0.884    -0.073
     0.081    -3.301    -0.079
     0.152    -1.192    -0.070
    -0.323     1.470    -0.101
    -0.390     1.598     0.445
    -0.363     1.609     0.865
    -0.374     1.529     0.456
    -0.363     1.616    -0.123
    -0.372     1.544    -0.075
     0.087    -0.748    -0.142
     0.604    -3.313    -0.071
     0.200    -3.415     1.375
    -0.333    -1.009     1.350
    -0.385     1.579    -0.037
    -0.358     1.746    -0.167
     0.085     1.753    -0.121
     0.613     1.710    -0.137
     0.652    -0.098    -0.116
     0.185    -0.245    -0.152
    -0.333    -0.231    -0.119
    -0.384    -2.490    -0.158
    -0.354    -3.161    -0.128
    -0.366    -3.122    -0.156
     0.098    -2.116    -0.142
     0.606     0.337    -0.152
     0.210     0.072    -0.156
    -0.333     0.090    -0.150
    -0.379     0.499    -0.168
    -0.356     0.667    -0.152
     0.084     2.046    -0.174
     0.619    -0.151    -0.159
     0.650    -2.609    -0.172
     0.199    -2.875    -0.164
    -0.337    -2.164    -0.169
     0.078     0.140    -0.174
     0.610     0.490    -0.167
     0.206     0.427    -0.182
     0.125     0.507    -0.167
     0.585     0.516    -0.187
     0.668     0.601    -0.171
     0.179    -1.746    -0.187
    -0.320    -2.322    -0.174
    -0.389    -0.062    -0.176
    -0.353     0.797    -0.182
     0.083     0.777    -0.169
     0.611     0.862    -0.190
     0.208     0.861    -0.163
    -0.336     0.959    -0.195
     0.075     0.970    -0.162
     0.600     1.047    -0.194
     0.214     1.091    -0.167
    -0.342     1.062    -0.181
    -0.379     1.162    -0.172
    -0.369     1.125     0.335
    -0.366     1.297     0.297
    -0.365     1.189    -0.111
    -0.369     1.427    -0.217
     0.086     0.793    -0.129
     0.599    -1.304    -0.210
     0.654    -1.203    -0.118
     0.184    -0.450     1.286
    -0.342    -1.001     1.338
    -0.387    -0.912    -0.096
    -0.378    -0.492    -0.166
     0.082    -0.330     0.312
     0.588    -0.339     0.861
     0.205    -0.748     0.351
    -0.346    -1.209    -0.113
    -0.389    -0.754     1.329
     0.075    -0.180     1.309
     0.143    -0.104    -0.025
    -0.321    -0.129    -0.195
    -0.411    -0.102    -0.121
     0.081    -0.072    -0.138
     0.570    -0.031    -0.114
     0.654    -0.013    -0.131
     0.604    -0.432    -0.110
     0.186    -0.451    -0.121
    -0.358     0.048    -0.108
    -0.393     0.137    -0.111
     0.063     0.153    -0.106
     0.576     0.148    -0.102
     0.633     0.158    -0.102
     0.158     0.191    -0.094
    -0.348     0.194    -0.096
    -0.416     0.229    -0.087
    -0.382     0.233    -0.088
    -0.396    -0.200    -0.082
    -0.385    -0.694    -0.080
     0.051    -0.716    -0.076
     0.579    -0.219    -0.072
     0.173     0.759    -0.072
    -0.363     0.849    -0.067
    -0.419     0.387    -0.066
     0.048     0.325    -0.061
     0.565    -0.114    -0.060
     0.178    -0.613    -0.055
    -0.367    -0.653    -0.053
     0.029    -0.169    -0.050
     0.565     0.344    -0.046
     0.176     0.396    -0.044
     0.072     0.409    -0.042
     0.537     0.401    -0.041
     0.615    -0.067    -0.037
     0.588    -0.574    -0.036
     0.155    -0.168    -0.032
    -0.377     0.351    -0.031
    -0.422     0.390    -0.028
    -0.409     0.375    -0.025
    -0.407     0.361    -0.024
    -0.404     0.366    -0.020
     0.023    -0.062    -0.021
     0.558    -0.567    -0.018
     0.152    -0.181    -0.017
    -0.367     0.337    -0.016
    -0.443     0.362    -0.014
    -0.405     0.342    -0.013
     0.021     0.317    -0.011
     0.554     0.313    -0.010
     0.604     0.291    -0.009
     0.140    -0.180    -0.007
    -0.376    -0.166    -0.006
    -0.890     0.267    -0.006
    -0.929     0.317    -0.005
    -0.047     0.279    -0.005
     0.576     0.261    -0.004
     0.587     0.238    -0.005
     0.149     0.224    -0.003
    -0.389     0.197    -0.004
    -0.435     0.186    -0.003
    -0.420     0.157    -0.003
     0.016     0.226    -0.002
     0.545     0.194    -0.002
     0.150     0.183    -0.004
    -0.379     0.150    -0.002
    -0.447     0.140    -0.006
    -0.418     0.106    -0.003
    -0.425     0.096    -0.007
     0.018     0.063    -0.005
     0.542     0.051    -0.007
     0.592     0.021    -0.008
     0.583    -0.386    -0.005
     0.131    -0.454    -0.011
    -0.379    -0.025    -0.006
    -0.446     0.029    -0.014
    -0.421    -0.018    -0.009
     0.018    -0.027    -0.016
     0.534    -0.064    -0.014
     0.604    -0.068    -0.015
     0.127    -0.107    -0.020
    -0.372    -0.571    -0.014
    -0.453    -0.605    -0.025
    -0.409    -0.165    -0.015
     0.007    -0.573    -0.029
     0.546    -0.659    -0.020
     0.595    -0.216    -0.029
     0.138    -0.181    -0.029
    -0.375    -0.191    -0.026
    -0.452    -0.239    -0.041
     0.031    -0.228    -0.020
     0.523    -0.732    -0.054
     0.180    -1.227    -0.015
    -0.392    -0.849    -0.064
    -0.425    -0.342    -0.015
    -0.425    -0.288    -0.068
    -0.415    -0.345    -0.022
     0.022    -0.326     0.910
     0.536    -0.377     0.938
     0.611    -0.356     0.031
     0.134    -0.854    -0.089
    -0.366    -0.906    -0.050
    -0.441    -0.490    -0.068
    -0.403    -0.472    -0.044
     0.020    -0.418    -0.080
     0.548    -0.546    -0.042
     0.173    -0.403    -0.085
    -0.377    -1.054    -0.047
    -0.424    -0.903    -0.084
    -0.422     1.138    -0.056
    -0.403     1.621     0.407
    -0.421     1.411     0.420
     0.038     1.426    -0.033
     0.551     1.356    -0.099
     0.178     1.383    -0.075
     0.077     1.380    -0.087
     0.089     1.337    -0.074
     0.102     1.399    -0.090
     0.520     1.303    -0.077
     0.191    -0.421    -0.090
    -0.377    -0.729    -0.082
    -0.416     1.152    -0.089
     0.029     0.820    -0.091
     0.130     0.763    -0.092
    -0.339     1.166    -0.094
    -0.419    -1.017    -0.090
    -0.396    -1.280    -0.097
    -0.405     0.928    -0.089
    -0.392     1.340    -0.099
     0.027     1.221    -0.088
     0.565     1.236    -0.101
     0.611     1.236    -0.088
     0.607     1.211    -0.103
     0.158    -0.557    -0.086
    -0.353    -1.290    -0.105
    -0.426     0.536    -0.086
     0.035     1.180     0.378
     0.552     1.302     0.402
     0.185     1.166    -0.059
     0.074    -0.546    -0.106
     0.533    -1.290    -0.106
     0.642    -1.053    -0.165
     0.642    -1.053    -0.165
