********************************************************************************
                       INSTITUTO DE INGENIERIA, UNAM
                   Coordinacion de Instrumentacion Sismica
  Ciudad Universitaria, Apartado Postal 70-472, Coyoacan 04510, Mexico, D.F.
 Tel.(52-5)622-3414    Fax.(52-5)616-1514    e-mail: isismica@pumas.iingen.unam.mx
**************************************************************************************
ARCHIVO ESTANDAR DE ACELERACION:
VERSION DEL FORMATO                    : 2.0
NOMBRE DEL ARCHIVO                     : ACAP8706.091
FECHA Y HORA DE CREACION               : Thu Mar 19 02:01:35 1998
REF. CATALOGO ACELEROGRAMAS, SMIS 1995 : REGISTRO No. 944 /PAG. 110


================================================================================
DATOS DE LA ESTACION:
NOMBRE DE LA ESTACION                  : ACAPULCO PELLANDINI
CLAVE DE LA ESTACION                   : ACAP
LOCALIZACION DE LA ESTACION            : CERRO DE LA INALAMBRICA, CASA DEL ARQ. PELLANDINI.
                                       : ACAPULCO, GUERRERO. 
                                       : 
                                       : 
                                       : 
COORDENADAS DE LA ESTACION             : 16.836 LAT. N
                                       : 99.914 LONG. W
ALTITUD (msnm)                         : 100
TIPO DE SUELO                          : ROCA GRANITICA
                                       : 
                                       : 
INSTITUCION RESPONSABLE                : INSTITUTO DE INGENIERIA UNAM 
                                       : 

================================================================================
DATOS DEL ACELEROGRAFO: 
MODELO DEL ACELEROGRAFO                : DCA-333
NUMERO DE SERIE DEL ACELEROGRAFO       : 122
NUMERO DE CANALES                      : 3
ORIENTACION C1-C6 (rumbo;orientacion)  : /V/S90W/S00W
ORIENTACION C7-C12 (rumbo;orientacion) :
VEL. DE MUESTREO, C1-C6 (muestras/s)   : /100/100/100
VEL. DE MUESTREO, C7-C12 (muestras/s)  :
ESC. COMPLETA DE SENSORES, C1-C6, (g)  : /2/2/2
ESC. COMPLETA DE SENSORES, C7-C12 (g)  :
FREC. NAT. DE SENSORES, C1-C6, (Hz)    : /31.0/32.0/30.0
FREC. NAT. DE SENSORES, C7-C12 (Hz)    :
AMORTIGUAMIENTO DE SENSORES, C1-C6     : /0.62/0.72/0.63
AMORTIGUAMIENTO DE SENSORES, C7-C12    :
INTERVALO DE MUESTREO, C1-C6 (s)       : /0.01/0.01/0.01
INTERVALO DE MUESTREO, C7-C12 (s)      :
UMBRAL DE DISPARO, C1-C6 (Gal)         : /6/6/6
UMBRAL DE DISPARO, C7-C12 (Gal)        :
MEMORIA DE PREEVENTO (s)               : 4
TIEMPO DE POSEVENTO (s)                : 15


================================================================================
DATOS DEL SISMO:
FECHA DEL SISMO [GMT]                  : 1987/06/09
HORA EPICENTRO (GMT)                   : 15:37:05.4
MAGNITUD(ES)                           : /Mb=4.20/Mc=4.00
COORDENADAS DEL EPICENTRO              : 16.943 LAT. N 
                                       : 99.844 LONG. W 
PROFUNDIDAD FOCAL (km)                 : 30 
FUENTES DE LOS DATOS EPICENTRALES      : INSTITUTO DE INGENIERIA UNAM
                                       : 

================================================================================
DATOS DE ESTE REGISTRO:
HORA DE LA PRIMERA MUESTRA (GMT)       : 15:36:33.00
EXACTITUD DEL TIEMPO (s)               : 1.00
DURACION DEL REGISTRO (s), C1-C6       : /22.76/22.76/22.76                      
DURACION DEL REGISTRO (s), C7-C12      : 
NUM. TOTAL DE MUESTRAS, C1-C6          : /2276/2276/2276                       
NUM. TOTAL DE MUESTRAS, C7-C12         : 
ACEL. MAX.(Gal), C1-C6                 : /40.47/39.22/-88.95                   
ACEL. MAX., C1-C6, EN LA MUESTRA       : /764/808/763                          
ACEL. MAX.(Gal), C7-C12                : 
ACEL. MAX., C7-C12,EN LA MUESTRA       : 
UNIDADES DE LOS DATOS                  : Gal (cm/s/s)
FACTOR DE DECIMACION                   : 1
FORMATO DATOS (FORTRAN,10 campos/dato) : 3F10.2


================================================================================
CALIDAD DEL ACELEROGRAMA:
REGISTRO DIGITAL COMPLETO CON TIEMPO ABSOLUTO CORRECTO.


===============================================================================
COMENTARIOS:














===============================================================================
DATOS DE ACELERACION:
---------+---------+---------+---------+---------+---------+---------+---------+
   CANAL-1   CANAL-2   CANAL-3
         V      S90W      S00W
---------+---------+---------+---------+---------+---------+---------+---------+
      0.27     -0.02      0.05
      0.27      0.94      0.05
      0.27     -0.02      0.05
      0.27     -0.02      0.05
     -0.69     -0.02      0.05
      0.27     -0.98      0.05
      0.27     -0.02      0.05
     -0.69     -0.02      0.05
      0.27     -0.02      0.05
      0.27      0.94      0.05
      0.27     -0.02      0.05
      0.27     -0.02      0.05
      0.27     -0.02      0.05
     -0.69     -0.02      0.05
      0.27     -0.02      0.05
     -0.69     -0.02      0.05
      0.27      0.94      0.05
      0.27     -0.02      0.05
      0.27     -0.02      0.05
      0.27     -0.02      0.05
      0.27     -0.02      0.05
      0.27     -0.98      0.05
     -0.69     -0.02      0.05
      0.27     -0.02      0.05
     -0.69     -0.02      0.05
      0.27     -0.02      0.05
      0.27     -0.02      0.05
      0.27      0.94      0.05
      0.27     -0.02      0.05
      0.27     -0.02      0.05
      0.27      0.94      0.05
      0.27     -0.02      0.05
      0.27     -0.02      0.05
     -0.69     -0.02      0.05
      0.27      0.94      0.05
      0.27     -0.02      0.05
      0.27     -0.02      0.05
      0.27     -0.02      0.05
     -0.69     -0.02      0.05
     -0.69     -0.02      0.05
     -0.69     -0.02      0.05
     -0.69     -0.02      0.05
      0.27     -0.02      0.05
      0.27     -0.02      0.05
     -0.69     -0.02      0.05
     -0.69     -0.02      0.05
      0.27     -0.02      0.05
     -0.69     -0.02      0.05
      0.27     -0.02      0.05
      0.27     -0.02      0.05
      0.27     -0.02      0.05
      0.27     -0.02      0.05
     -0.69     -0.02      0.05
     -0.69     -0.02      0.05
      0.27     -0.02      0.05
      0.27     -0.02      0.05
      0.27     -0.02      0.05
      0.27     -0.02      0.05
      0.27     -0.02      0.05
     -0.69     -0.02      0.05
     -0.69     -0.02      0.05
      0.27     -0.02     -0.91
      0.27     -0.02      0.05
      0.27     -0.02      0.05
      0.27     -0.02      0.05
      0.27     -0.02     -0.91
      0.27     -0.02      0.05
      0.27     -0.02      0.05
      0.27     -0.02     -0.91
      0.27     -0.02      0.05
      0.27     -0.02      0.05
      0.27     -0.02      0.05
      0.27     -0.02      0.05
     -0.69     -0.02      0.05
      0.27     -0.98      0.05
      0.27     -0.02      0.05
      0.27     -0.02      0.05
      0.27     -0.02      0.05
      0.27     -0.02      0.05
      0.27     -0.02      0.05
     -0.69     -0.02      0.05
     -0.69      0.94      0.05
      0.27     -0.02      0.05
      0.27     -0.02      0.05
     -0.69     -0.02      0.05
      0.27     -0.02      0.05
     -0.69     -0.98      0.05
      0.27     -0.02      0.05
      0.27     -0.02      0.05
      0.27     -0.02      0.05
      0.27     -0.02      0.05
      0.27     -0.02      0.05
     -0.69     -0.02      0.05
      0.27     -0.02      0.05
      0.27     -0.02      0.05
     -0.69     -0.02     -0.91
      0.27     -0.02      0.05
      0.27     -0.02      0.05
      0.27     -0.02      0.05
      0.27     -0.02      0.05
      0.27     -0.02      0.05
      0.27     -0.02      0.05
      0.27     -0.02      0.05
      0.27     -0.02      0.05
      0.27     -0.02      0.05
      0.27     -0.02      0.05
     -0.69     -0.02      0.05
     -0.69     -0.02      0.05
      0.27     -0.02      0.05
      0.27     -0.02      0.05
      0.27     -0.02      0.05
      0.27     -0.02      0.05
     -0.69      0.94      0.05
      0.27     -0.02      0.05
      0.27     -0.02      0.05
      0.27     -0.02      0.05
      0.27     -0.02      0.05
      0.27     -0.02      0.05
      0.27     -0.02     -0.91
      0.27     -0.02     -0.91
      0.27     -0.02      0.05
     -0.69     -0.02      0.05
      0.27     -0.02      0.05
      0.27     -0.02      0.05
      0.27     -0.02      0.05
      0.27     -0.02      0.05
      0.27     -0.02      0.05
      0.27     -0.02      0.05
      0.27     -0.02      0.05
      0.27     -0.02      0.05
      0.27     -0.02      0.05
     -0.69     -0.02      0.05
      0.27     -0.02      0.05
     -0.69     -0.02      0.05
      0.27     -0.98      0.05
      0.27     -0.02      0.05
      0.27     -0.02      0.05
      0.27     -0.02      0.05
     -0.69     -0.02      0.05
     -0.69     -0.02      0.05
      0.27     -0.02      0.05
     -0.69     -0.02      0.05
     -0.69     -0.02     -0.91
      0.27     -0.02      0.05
     -0.69     -0.02      0.05
      0.27     -0.02      0.05
     -0.69     -0.02      0.05
      0.27     -0.02     -0.91
      0.27     -0.02      0.05
      0.27     -0.02      0.05
      0.27     -0.02      0.05
      0.27     -0.02      0.05
     -0.69     -0.02      0.05
      0.27     -0.02      0.05
      0.27     -0.02      0.05
      0.27     -0.02      0.05
      0.27     -0.02      0.05
      0.27     -0.02      0.05
      0.27     -0.02      0.05
      0.27     -0.02      0.05
      0.27     -0.98      0.05
     -0.69     -0.02     -0.91
      0.27     -0.02      0.05
      0.27     -0.02      0.05
     -0.69     -0.02      0.05
      0.27     -0.02      0.05
     -0.69     -0.02      0.05
     -0.69     -0.02      0.05
      0.27     -0.02      0.05
      0.27     -0.02      0.05
      0.27     -0.02      0.05
      0.27     -0.02      0.05
      0.27     -0.02      0.05
     -0.69     -0.02      0.05
     -0.69     -0.02      0.05
      0.27     -0.02      0.05
     -0.69     -0.02      0.05
      0.27     -0.02      0.05
     -0.69     -0.02      0.05
     -0.69     -0.02      0.05
      0.27     -0.02      0.05
     -0.69     -0.02     -0.91
      0.27     -0.02      0.05
      0.27     -0.02      0.05
     -0.69     -0.02      0.05
      0.27     -0.98      0.05
     -0.69     -0.02      0.05
     -0.69      0.94      0.05
      0.27     -0.02     -0.91
     -0.69      0.94      0.05
      0.27     -0.02      0.05
     -0.69     -0.02      0.05
     -0.69     -0.02      0.05
      0.27     -0.02      0.05
     -0.69     -0.02      0.05
      0.27     -0.02      0.05
      0.27     -0.02      0.05
      0.27      0.94      0.05
      0.27     -0.02      0.05
     -0.69      0.94      0.05
      0.27      0.94      0.05
      0.27     -0.02      0.05
      0.27     -0.02      0.05
      0.27     -0.02      0.05
      0.27     -0.02      0.05
      0.27     -0.02      0.05
      0.27     -0.02      0.05
     -0.69     -0.02      0.05
      0.27     -0.02      0.05
      0.27      0.94      0.05
      0.27     -0.02      0.05
      0.27     -0.02      0.05
      0.27     -0.02      0.05
      0.27     -0.02      0.05
     -0.69     -0.02      0.05
      0.27      0.94      0.05
     -0.69     -0.02      0.05
      0.27     -0.02      0.05
      0.27     -0.02      0.05
      0.27     -0.02     -0.91
     -0.69     -0.02      0.05
      0.27     -0.02      0.05
      0.27     -0.02      0.05
      0.27     -0.02      0.05
     -0.69     -0.02      0.05
      0.27     -0.02      0.05
      0.27     -0.02      0.05
     -0.69     -0.02      0.05
      0.27     -0.02      0.05
      0.27     -0.02      0.05
      0.27     -0.02      0.05
      0.27     -0.02      0.05
      0.27     -0.02     -0.91
      0.27     -0.02      0.05
      0.27     -0.02      0.05
     -0.69     -0.98      0.05
      0.27     -0.02      0.05
      0.27     -0.02      0.05
     -0.69     -0.02      0.05
      0.27     -0.02      0.05
      0.27     -0.02      0.05
     -0.69     -0.02      0.05
      0.27     -0.02      0.05
      0.27     -0.02      0.05
     -0.69     -0.02      0.05
     -0.69     -0.02      0.05
     -0.69     -0.02      0.05
      0.27     -0.02      0.05
      0.27     -0.02     -0.91
      0.27     -0.02      0.05
      0.27     -0.02      0.05
      0.27     -0.02      0.05
      0.27     -0.02      0.05
      0.27     -0.02      0.05
      0.27     -0.02      0.05
      0.27     -0.02      0.05
      0.27     -0.02      0.05
      0.27     -0.02      0.05
      0.27     -0.02      0.05
      0.27     -0.02     -0.91
      0.27     -0.98      0.05
      0.27     -0.02      0.05
      0.27     -0.02     -0.91
      0.27      0.94      0.05
      0.27     -0.02      0.05
     -0.69     -0.02     -0.91
      0.27     -0.02      0.05
      0.27     -0.02      0.05
     -0.69     -0.02      0.05
      0.27     -0.02      0.05
      0.27     -0.02      0.05
      0.27     -0.02      0.05
     -0.69     -0.02      0.05
     -0.69     -0.02      0.05
     -0.69     -0.02      0.05
      0.27     -0.98      0.05
      0.27     -0.02      0.05
      0.27     -0.02      0.05
      0.27     -0.02      0.05
      0.27     -0.02      0.05
      0.27     -0.02      0.05
     -0.69     -0.02      0.05
      0.27      0.94      0.05
      0.27     -0.02      0.05
      0.27     -0.02      0.05
      0.27     -0.98      0.05
      0.27     -0.98      0.05
      0.27     -0.02      0.05
      0.27     -0.02      0.05
      0.27      0.94      0.05
      0.27     -0.02      0.05
      0.27     -0.02      0.05
      0.27     -0.02      0.05
      0.27     -0.02      0.05
      0.27     -0.02      0.05
      0.27     -0.02      0.05
      0.27      0.94      0.05
      0.27     -0.02      0.05
      0.27     -0.02      0.05
      0.27     -0.98      0.05
      0.27     -0.02      0.05
     -0.69     -0.02      0.05
      0.27     -0.02     -0.91
      0.27      0.94      0.05
      0.27     -0.02      0.05
      0.27     -0.02      0.05
      0.27     -0.98      0.05
      0.27     -0.02      0.05
      0.27     -0.02      0.05
      0.27      0.94      0.05
      0.27      0.94      0.05
      0.27     -0.02      0.05
      0.27      0.94     -0.91
     -0.69     -0.02      0.05
     -0.69     -0.02      0.05
      0.27     -0.02      0.05
      0.27     -0.02      0.05
      0.27     -0.02      0.05
      0.27     -0.02      0.05
      0.27     -0.02      0.05
     -0.69     -0.02      0.05
      0.27     -0.02     -0.91
     -0.69     -0.02      0.05
      0.27     -0.02      0.05
      0.27     -0.02      0.05
      0.27     -0.02      0.05
      0.27     -0.02      0.05
      0.27     -0.02      0.05
      0.27     -0.02      0.05
      0.27     -0.02      0.05
      0.27     -0.02      0.05
      0.27     -0.02      0.05
      0.27     -0.02      0.05
      0.27     -0.02      0.05
     -0.69     -0.02      0.05
      0.27     -0.02      0.05
      0.27     -0.02      0.05
      0.27     -0.02      0.05
      0.27     -0.02      0.05
      0.27     -0.02      0.05
      0.27     -0.02      0.05
      0.27     -0.02      0.05
      0.27     -0.02      0.05
      0.27     -0.02      0.05
     -0.69     -0.02      0.05
     -0.69     -0.02      0.05
     -0.69     -0.02      0.05
     -2.60     -0.98      0.05
     -6.43     -0.98      0.05
     -8.34     -0.98      0.05
      0.27     -0.02     -0.91
     12.71      0.94     -2.82
     11.75      1.89     -1.86
     -1.64      1.89      0.05
     -7.39      0.94      1.96
     -4.52      0.94      2.92
     -1.64     -2.89      1.96
      3.14     -3.85      0.05
     11.75     -1.93     -2.82
     10.80      1.89     -3.78
     -2.60      3.81      1.01
    -16.96      0.94      6.75
    -13.13      1.89      5.79
      4.10      1.89     -0.91
      8.88     -3.85     -2.82
      2.18     -4.81     -1.86
     -4.52      0.94     -4.74
     -1.64      3.81     -3.78
      0.27      0.94      2.92
      3.14     -0.02      3.88
      7.93      2.85     -1.86
      6.97      2.85      1.01
     -5.47     -0.98      6.75
    -13.13     -2.89      2.92
     -8.34     -1.93     -4.74
      3.14     -0.98     -6.65
     10.80      1.89     -0.91
     11.75      4.77      0.05
      1.23      6.68      0.05
    -10.26      3.81      3.88
    -13.13     -2.89      8.66
     -4.52     -6.72      3.88
      5.06     -2.89     -5.69
     11.75     -2.89     -7.61
      6.01     -3.85     -2.82
     -5.47      0.94      0.05
    -13.13      6.68      1.01
     -8.34      4.77      3.88
      0.27      2.85      5.79
     10.80      1.89     -1.86
      8.88     -2.89     -6.65
      1.23     -2.89     -4.74
     -4.52     -2.89     -2.82
    -10.26     -0.98     -0.91
     -6.43      4.77      3.88
     -0.69      3.81      5.79
      7.93     -0.98      4.84
      7.93     -2.89      1.01
      1.23     -4.81     -3.78
     -5.47      0.94     -3.78
     -5.47      6.68     -1.86
     -1.64      0.94     -1.86
      2.18     -2.89     -1.86
      2.18     -3.85     -0.91
     -1.64     -0.02      1.01
     -3.56      2.85      3.88
     -1.64      1.89      1.96
      1.23     -0.02     -0.91
      2.18     -0.02      0.05
      5.06     -0.98      1.01
      3.14     -0.02      0.05
     -2.60      0.94      1.96
     -6.43      2.85      1.96
     -2.60      0.94     -2.82
      6.97     -3.85     -6.65
      7.93     -3.85     -3.78
     -1.64      0.94     -0.91
     -5.47      4.77      1.96
     -3.56      2.85      3.88
      0.27     -0.02      4.84
      2.18     -0.02      1.96
      2.18     -1.93     -0.91
      1.23     -0.98     -4.74
     -1.64      0.94     -1.86
     -8.34      0.94      0.05
     -6.43     -0.98     -0.91
      5.06     -1.93      0.05
      9.84      0.94      1.96
      3.14      4.77      2.92
     -3.56      1.89      0.05
     -6.43     -0.98      0.05
     -4.52     -0.98      1.01
     -1.64     -2.89     -0.91
      4.10     -3.85     -2.82
      8.88     -0.02     -2.82
      2.18      3.81     -1.86
     -3.56      3.81      2.92
     -5.47      4.77      3.88
     -5.47      0.94      1.96
      1.23     -2.89      1.96
      7.93     -2.89      0.05
     -0.69     -0.98     -4.74
     -2.60     -0.98     -3.78
      0.27     -0.02      2.92
     -2.60      0.94      1.96
     -0.69      2.85     -1.86
     -2.60     -0.98      1.01
     -2.60     -1.93      3.88
      8.88      3.81     -4.74
     11.75     -0.02     -4.74
     -1.64     -0.02      2.92
    -15.04      2.85      3.88
    -11.21     -0.02     -0.91
      2.18     -5.76      1.01
      6.97     -1.93      3.88
      6.97      4.77     -2.82
      3.14      2.85     -5.69
     -4.52      3.81     -0.91
     -8.34      3.81      1.96
     -5.47     -2.89      3.88
      5.06     -2.89      1.01
     10.80     -3.85      0.05
      7.93     -5.76      0.05
      1.23      1.89     -0.91
    -12.17      2.85     -1.86
    -11.21      2.85      1.96
     -1.64      2.85      1.01
      2.18     -0.02     -3.78
      2.18      1.89     -1.86
      5.06      0.94      3.88
      3.14     -3.85      4.84
     -0.69     -0.98     -1.86
     -5.47      0.94     -5.69
     -3.56     -0.98      0.05
      0.27     -0.02      3.88
      3.14     -0.98      0.05
      4.10      0.94     -2.82
     -0.69     -0.02      0.05
     -4.52     -0.02      1.01
     -1.64      2.85      0.05
      2.18      4.77      1.01
      2.18      2.85     -0.91
     -0.69     -4.81     -1.86
     -3.56     -4.81     -1.86
     -6.43      0.94      0.05
     -2.60      2.85      2.92
      7.93      0.94      1.96
      7.93     -1.93     -1.86
      0.27      0.94     -2.82
     -6.43      3.81      1.96
     -7.39     -0.98      1.96
     -3.56     -4.81     -3.78
      4.10     -1.93     -5.69
      7.93      3.81     -2.82
      5.06      6.68      1.01
      2.18     -0.98      1.96
     -5.47     -1.93      5.79
    -10.26      1.89      5.79
     -3.56     -0.98      1.01
      7.93     -4.81     -3.78
      8.88     -0.98     -1.86
      1.23      3.81     -0.91
     -2.60      0.94     -2.82
     -3.56     -0.02      0.05
     -8.34      0.94      1.01
     -4.52      0.94      0.05
      3.14     -0.98      0.05
      4.10     -0.98     -0.91
      5.06      1.89     -3.78
      6.97      2.85     -1.86
      2.18      1.89      1.96
     -6.43      0.94      4.84
     -8.34     -0.98      3.88
     -1.64     -2.89      0.05
      4.10     -0.98     -3.78
      4.10     -0.98     -2.82
      2.18     -0.98      0.05
     -0.69      4.77      0.05
     -1.64      7.64      0.05
     -2.60      1.89      2.92
     -5.47     -2.89      3.88
     -6.43     -2.89     -0.91
      5.06     -1.93     -4.74
     14.63     -4.81     -6.65
      6.97     -1.93     -3.78
     -4.52      4.77      1.96
     -9.30      3.81      6.75
     -9.30     -0.98      7.71
     -4.52     -3.85      1.01
      6.01     -1.93     -5.69
     10.80      2.85     -5.69
      6.01      4.77      0.05
     -2.60      3.81     -0.91
     -6.43      2.85      2.92
     -7.39      0.94      4.84
     -1.64     -0.98      2.92
      1.23     -3.85      0.05
      2.18     -5.76     -2.82
      2.18     -2.89     -5.69
      3.14     -0.02     -3.78
      0.27      3.81      1.01
     -2.60      4.77      1.96
     -2.60      0.94      3.88
      1.23      0.94      3.88
     -0.69      1.89      1.01
     -2.60     -0.98     -3.78
     -0.69     -3.85     -5.69
      2.18     -3.85     -0.91
      0.27     -0.02      3.88
      0.27      1.89      2.92
      2.18      2.85      0.05
      1.23      2.85      1.01
     -3.56      0.94      3.88
     -3.56      0.94      1.01
      3.14     -0.02     -3.78
      4.10     -4.81     -3.78
     -1.64     -4.81     -3.78
     -6.43     -1.93     -1.86
     -2.60      3.81      1.01
      5.06      4.77      1.96
      6.97      0.94      1.96
      2.18      1.89      1.96
     -5.47      3.81      3.88
     -6.43     -0.02      3.88
     -3.56     -3.85      0.05
      2.18     -5.76     -5.69
      6.97     -4.81     -5.69
      6.01      1.89     -0.91
      0.27      6.68      1.96
     -5.47      6.68      2.92
     -6.43      2.85      3.88
     -4.52     -0.98      3.88
     -0.69     -2.89      0.05
      5.06     -4.81     -5.69
      7.93     -4.81     -6.65
      6.01     -0.98     -3.78
     -2.60      0.94      1.96
     -8.34      4.77      3.88
     -7.39      7.64      4.84
      2.18      2.85      3.88
      7.93     -2.89      0.05
      2.18     -3.85     -1.86
     -3.56     -1.93     -0.91
     -2.60      1.89     -0.91
      1.23      1.89     -3.78
      5.06     -0.02     -2.82
      4.10      0.94      1.01
     -4.52      0.94      2.92
    -10.26     -0.98      1.01
     -6.43     -2.89      0.05
      1.23     -0.98     -0.91
      7.93      1.89     -2.82
      7.93      1.89     -3.78
      3.14      0.94      1.96
     -4.52      1.89      3.88
     -7.39      1.89      3.88
     -0.69     -0.02      1.96
      4.10     -0.98      0.05
      2.18     -0.98     -2.82
      0.27      0.94     -2.82
     -2.60      0.94      1.01
     -1.64     -0.02      0.05
      1.23     -0.02     -0.91
      0.27     -0.02     -0.91
     -0.69      1.89      0.05
      0.27     -0.02      1.96
      1.23     -3.85      3.88
     -2.60     -0.02     -0.91
     -3.56      3.81     -1.86
     -0.69     -0.98     -0.91
      2.18     -1.93      0.05
      4.10      1.89      0.05
      2.18      1.89      1.96
     -2.60      3.81      1.96
     -3.56      1.89      0.05
     -0.69     -4.81     -0.91
      0.27     -3.85      0.05
      0.27      0.94     -0.91
      4.10      0.94      0.05
      2.18      0.94      1.01
     -2.60     -0.02      1.01
     -4.52     -0.98      1.01
     -1.64      0.94      1.01
      0.27      3.81     -0.91
      3.14     -0.02     -3.78
      3.14     -1.93     -1.86
      0.27      0.94     -0.91
     -2.60      0.94      1.01
     -4.52     -0.98      1.96
     -1.64     -0.02     -0.91
      0.27     -0.98     -2.82
      2.18     -0.02      1.01
      1.23      0.94      3.88
     -0.69      2.85      1.01
      2.18     -0.98      0.05
     -0.69     -0.98      1.01
     -5.47      0.94     -0.91
     -2.60     -0.02     -2.82
      6.01     -0.98     -3.78
      6.01     -0.98     -2.82
      0.27      0.94      1.96
     -3.56      1.89      4.84
     -5.47      2.85      2.92
     -1.64      2.85      1.01
      3.14     -0.98      0.05
      4.10     -2.89     -2.82
      0.27     -1.93     -5.69
     -3.56     -0.98     -1.86
     -4.52      0.94      2.92
     -0.69      0.94      1.96
      5.06      1.89     -0.91
      4.10      4.77      0.05
      0.27      3.81     -1.86
      1.23     -0.98     -1.86
     -0.69     -1.93      2.92
     -7.39     -0.98      4.84
     -6.43     -1.93      0.05
      1.23     -3.85     -2.82
      7.93     -2.89     -1.86
      5.06     -0.02      1.01
     -3.56      2.85      0.05
     -5.47      5.72     -1.86
     -3.56      4.77     -1.86
     -0.69      1.89      1.96
      3.14     -1.93      1.96
      5.06     -1.93     -0.91
      4.10      0.94      1.01
     -0.69     -0.98      3.88
     -5.47     -1.93     -0.91
     -2.60     -0.02     -3.78
      0.27     -0.02      0.05
      1.23     -0.98      3.88
      3.14     -0.98      1.96
      3.14      0.94     -0.91
     -3.56      1.89      0.05
    -13.13      2.85      0.05
     -9.30     -0.02     -3.78
      6.01     -0.98     -5.69
     15.58     -0.98     -1.86
      7.93     -0.02      3.88
     -1.64      2.85      1.96
     -9.30      3.81      1.01
     -9.30      1.89      3.88
     -3.56     -0.98      4.84
      4.10     -3.85     -1.86
      8.88     -5.76     -5.69
      7.93     -2.89     -3.78
      2.18      3.81      1.01
     -7.39      5.72      3.88
    -11.21      3.81      4.84
     -5.47     -0.02      1.96
      2.18     -1.93     -2.82
      8.88     -1.93     -3.78
      8.88     -3.85     -2.82
      1.23     -1.93      1.01
     -7.39      3.81      0.05
     -6.43      4.77     -2.82
     -0.69      2.85      1.01
      3.14      1.89      3.88
      1.23      1.89      3.88
     -2.60      0.94      1.96
     -2.60     -1.93     -0.91
     -0.69     -0.98     -3.78
      2.18     -0.02     -2.82
      6.01      0.94      0.05
      2.18      0.94      1.01
     -5.47     -2.89      2.92
     -5.47     -3.85      2.92
     -1.64     -2.89     -0.91
      3.14      0.94     -2.82
      4.10      3.81     -1.86
     -0.69      2.85      0.05
     -0.69      2.85      1.01
      0.27     -0.02      1.96
      0.27     -1.93      2.92
     -0.69      1.89     -0.91
     -3.56      2.85     -4.74
     -3.56     -0.98     -1.86
     -0.69     -3.85      1.96
      4.10      0.94      1.01
      6.97      3.81      1.01
      1.23      0.94      1.96
     -6.43     -1.93      0.05
     -6.43     -0.98     -1.86
     -0.69     -1.93      0.05
      3.14     -1.93      1.01
      5.06     -0.02      0.05
      3.14      2.85     -0.91
      0.27      4.77     -1.86
     -2.60      0.94      0.05
     -2.60     -2.89      0.05
     -6.43     -0.98      1.01
     -5.47     -2.89      0.05
      5.06     -7.68      0.05
     13.67     -4.81      3.88
      9.84      5.72      4.84
     -2.60     13.38      1.96
    -12.17     13.38     -1.86
    -12.17      6.68     -2.82
     -5.47     -7.68     -1.86
      3.14    -17.25     -6.65
     12.71     -5.76    -14.31
     16.54     13.38     -6.65
     11.75     14.34     22.06
     -3.56     -5.76     36.42
    -17.91    -27.77      3.88
    -24.61    -23.95    -46.84
    -17.91     -1.93    -68.86
      9.84      6.68    -44.93
     30.90     -2.89      5.79
     17.50     -1.93     45.03
    -11.21     16.25     57.47
    -28.44     25.82     57.47
    -24.61      9.55     38.33
     -2.60     -4.81    -18.13
     21.32      1.89    -73.64
     35.68     19.12    -51.63
     21.32     21.03     19.19
     -8.34     -3.85     53.64
    -12.17    -29.69     45.03
    -17.91    -27.77     26.85
    -35.14     -6.72    -14.31
    -15.04     -2.89    -74.60
     29.94     -5.76    -88.95
     40.47     -0.98    -39.19
     11.75      4.77      3.88
    -16.00     -1.93     35.46
    -30.36    -10.55     63.21
    -38.01      7.64     56.51
     -7.39     31.56     19.19
     32.81     21.99     -0.91
     38.55      1.89      1.01
     18.45      2.85     -9.52
     -4.52      7.64    -26.75
    -18.87      1.89     -8.56
    -20.78    -13.42     23.02
     -6.43    -17.25     28.76
     14.63     -0.02     12.49
     16.54     13.38    -13.35
     -4.52      6.68    -42.06
    -13.13    -11.50    -55.46
     -5.47    -27.77    -31.53
     -4.52    -23.95     18.23
     -4.52      5.72     50.77
     -1.64     31.56     35.46
      6.01     36.35      0.05
      9.84     14.34    -19.09
      6.01    -14.38    -21.96
      0.27    -30.65    -10.48
     -3.56    -22.99      6.75
      0.27      6.68      8.66
      7.93     23.91     11.53
      6.01      8.59     23.98
     -7.39    -18.20     16.32
    -14.09    -25.86    -19.09
    -12.17     -5.76    -43.02
     -3.56     10.51    -35.36
     10.80     10.51    -17.18
     24.20     -0.98      1.01
     17.50     -5.76     27.80
     -8.34      3.81     55.56
    -37.05      7.64     55.56
    -35.14      7.64     10.58
      4.10     10.51    -37.27
     39.51     -7.68    -57.37
     29.94    -27.77    -65.03
      4.10    -14.38    -53.54
    -13.13     18.16     -8.56
    -26.53     39.22     54.60
    -33.23     24.86     78.53
    -21.74     -6.72     55.56
     14.63    -11.50     13.45
     39.51     -5.76    -23.88
     34.72    -20.12    -43.02
     11.75    -32.56    -34.40
     -1.64    -29.69    -17.18
    -12.17     -7.68      1.96
    -23.66     22.95     22.06
    -26.53     36.35     32.59
     -3.56     21.03     22.06
     23.24      1.89      1.96
     21.32     -4.81    -16.22
     -8.34     -0.02    -26.75
    -24.61      9.55    -32.49
    -14.09      2.85    -25.79
     -0.69    -10.55     -1.86
      6.01    -10.55     27.80
     11.75     -2.89     39.29
     14.63     -2.89     23.98
     14.63     -2.89     -0.91
      5.06     -1.93    -15.26
     -6.43     -1.93    -13.35
    -11.21      7.64      1.01
     -8.34     12.42     15.36
      1.23      3.81     14.41
      8.88     -8.63      1.01
      2.18    -14.38    -15.26
    -11.21     -7.68    -26.75
    -14.09      0.94    -28.66
     -9.30      0.94    -21.96
      1.23      7.64     -4.74
      7.93      9.55     19.19
      7.93      3.81     32.59
      3.14      4.77     29.72
     -0.69      7.64     16.32
     -0.69      0.94     -2.82
      2.18     -7.68    -19.09
      2.18     -6.72    -26.75
      3.14     -5.76    -19.09
      2.18     -0.02     -0.91
     -1.64      4.77     19.19
     -6.43      8.59     22.06
     -8.34      9.55     14.41
     -5.47     -0.02      7.71
     -0.69    -11.50     -3.78
     10.80     -9.59    -21.96
     14.63     -5.76    -26.75
      3.14     -9.59    -10.48
    -12.17    -11.50      4.84
    -16.00     -2.89      9.62
    -13.13     12.42      9.62
     -4.52     19.12      5.79
      7.93     18.16     -1.86
     16.54     10.51     -7.61
     13.67      4.77     -3.78
      2.18     -0.98      5.79
     -4.52     -9.59     14.41
     -5.47    -14.38     15.36
     -4.52    -11.50      6.75
     -2.60     -9.59     -4.74
      1.23     -5.76    -16.22
      4.10      3.81    -20.05
     -1.64     10.51    -11.43
     -8.34      9.55      1.96
     -5.47      4.77     11.53
      2.18      0.94     12.49
      6.01     -0.02      3.88
      4.10      1.89     -6.65
     -0.69      1.89     -8.56
     -4.52     -3.85     -3.78
     -5.47     -9.59     -0.91
      0.27     -9.59      1.96
      9.84     -7.68      8.66
     12.71     -4.81      7.71
      4.10      1.89      1.01
     -8.34      8.59     -5.69
    -12.17      8.59     -7.61
     -3.56      3.81     -2.82
      5.06      1.89      4.84
      3.14      3.81     10.58
     -5.47      0.94      8.66
     -8.34     -1.93      0.05
     -2.60      3.81     -5.69
      5.06      8.59     -5.69
      9.84      3.81     -7.61
      9.84     -4.81     -6.65
      4.10     -6.72     -1.86
     -1.64     -3.85      3.88
     -6.43     -1.93      5.79
     -8.34     -0.02      1.96
     -4.52      0.94     -5.69
      2.18      3.81     -3.78
      2.18      2.85      5.79
      0.27     -1.93     11.53
      0.27     -3.85      6.75
      0.27     -2.89     -0.91
     -1.64      0.94     -7.61
     -1.64      2.85     -8.56
      2.18      1.89     -7.61
      4.10      3.81     -4.74
      1.23      3.81      0.05
      0.27     -0.98      5.79
     -1.64     -2.89      9.62
     -2.60      0.94      8.66
     -3.56      2.85      3.88
     -6.43     -0.02     -3.78
     -6.43     -1.93     -9.52
     -0.69     -0.98     -6.65
      3.14      0.94      1.96
      4.10     -0.98      4.84
      0.27     -3.85      0.05
     -1.64     -4.81     -7.61
     -1.64     -2.89     -8.56
     -1.64     -0.98     -4.74
      0.27      1.89     -0.91
      2.18      3.81      2.92
      1.23      2.85      5.79
      1.23      1.89      9.62
      2.18      3.81     10.58
      1.23      6.68      3.88
     -0.69      1.89     -6.65
     -2.60     -2.89     -9.52
     -1.64     -2.89     -3.78
      0.27     -1.93      2.92
      0.27     -2.89      5.79
     -1.64     -1.93      6.75
     -2.60     -0.98      3.88
     -1.64      2.85     -1.86
     -0.69      2.85     -3.78
     -1.64     -0.02     -6.65
      1.23     -1.93    -10.48
      6.01     -3.85     -5.69
      8.88     -4.81      3.88
      6.01     -0.98      6.75
     -0.69      3.81      3.88
     -8.34      6.68      0.05
     -8.34      6.68     -2.82
     -2.60      4.77     -2.82
      2.18      0.94     -0.91
      3.14     -0.02      1.01
      2.18     -2.89      1.96
      0.27     -2.89      2.92
     -2.60     -0.98      3.88
     -3.56     -1.93      1.96
     -0.69     -4.81      1.96
      0.27     -4.81      1.96
     -0.69     -3.85     -1.86
     -0.69     -1.93     -5.69
      3.14      0.94     -5.69
      3.14      6.68     -2.82
     -0.69     10.51      0.05
     -3.56      8.59      0.05
     -6.43      2.85     -0.91
     -2.60     -0.98      0.05
      1.23     -0.98      3.88
      2.18     -0.02      3.88
      0.27      0.94     -0.91
      0.27      0.94     -5.69
      1.23     -0.02     -1.86
      2.18     -3.85      4.84
      3.14     -5.76      5.79
      3.14     -1.93      4.84
     -3.56      0.94      1.01
     -9.30      1.89     -3.78
     -5.47      2.85     -5.69
      1.23      4.77     -3.78
      6.01      3.81      0.05
      4.10     -0.02      2.92
      3.14     -2.89      3.88
      3.14     -4.81      3.88
     -1.64     -2.89      1.96
     -5.47     -0.98     -2.82
     -4.52      0.94     -5.69
      1.23      1.89     -3.78
      4.10     -0.98      1.96
      2.18     -0.02      5.79
      0.27      1.89      5.79
     -2.60      1.89      1.01
     -2.60      1.89     -2.82
     -1.64      1.89     -4.74
      0.27      1.89     -5.69
      2.18      0.94     -4.74
      1.23      1.89     -0.91
     -0.69      0.94      3.88
     -2.60     -2.89      5.79
     -2.60     -4.81      3.88
     -0.69     -1.93      0.05
      1.23      2.85     -0.91
      3.14      3.81     -1.86
      2.18     -0.02     -2.82
     -1.64     -0.02     -0.91
     -2.60     -0.02      3.88
     -0.69     -0.98      3.88
      1.23     -0.98      0.05
      2.18     -0.02     -2.82
      2.18     -0.02     -2.82
      2.18      1.89     -0.91
     -2.60      2.85      3.88
     -6.43      0.94      3.88
     -6.43     -0.02     -2.82
     -3.56     -1.93     -6.65
      2.18     -0.98     -5.69
      7.93      2.85     -0.91
      6.97      2.85      3.88
      1.23      1.89      3.88
     -5.47      0.94      3.88
     -8.34      0.94      2.92
     -4.52     -2.89     -1.86
      2.18     -6.72     -5.69
      7.93     -2.89     -5.69
      5.06     -0.98     -1.86
     -2.60     -0.98      3.88
     -4.52      1.89      6.75
     -4.52      4.77      7.71
     -1.64      5.72      5.79
      0.27      1.89      1.01
      3.14     -4.81     -7.61
      4.10     -4.81     -9.52
      1.23     -1.93     -4.74
     -1.64     -0.02      1.96
     -2.60      2.85      3.88
     -0.69      3.81      3.88
      2.18      4.77      1.96
      3.14      2.85     -0.91
      3.14     -1.93     -4.74
      1.23     -4.81     -4.74
     -0.69     -3.85      0.05
     -3.56     -0.02      1.96
     -4.52      2.85      2.92
     -4.52      4.77      1.96
     -3.56      2.85      1.96
     -1.64     -1.93      0.05
      4.10     -3.85     -2.82
      6.97     -0.98     -1.86
      6.01      2.85      0.05
     -1.64      2.85      0.05
     -6.43      1.89     -0.91
     -6.43      2.85      0.05
     -2.60      2.85      1.01
      2.18      0.94      0.05
      6.97     -2.89     -1.86
      6.01     -4.81     -0.91
      0.27     -4.81      1.01
     -7.39     -1.93      4.84
     -8.34      0.94      4.84
     -3.56      2.85      0.05
      3.14      1.89     -6.65
      5.06      0.94     -7.61
      5.06      2.85     -3.78
      3.14      1.89      0.05
     -1.64     -0.98      3.88
     -7.39     -0.02      3.88
     -8.34      1.89      3.88
     -3.56      1.89      1.96
      3.14      0.94     -1.86
      6.97     -0.98     -2.82
      5.06     -1.93     -0.91
     -0.69     -0.98      1.96
     -6.43     -0.02      3.88
     -6.43     -0.02      3.88
     -2.60      0.94      0.05
      3.14     -0.02     -4.74
      5.06     -0.98     -5.69
      4.10     -0.98     -3.78
      1.23     -0.02     -2.82
     -0.69     -0.98      1.01
     -1.64     -0.02      4.84
     -3.56      1.89      5.79
     -2.60      2.85      3.88
      0.27      1.89      1.96
      0.27      0.94      0.05
     -0.69     -0.98     -1.86
      0.27     -0.98     -2.82
      1.23     -1.93     -1.86
      2.18     -2.89     -0.91
      0.27     -1.93     -0.91
     -1.64     -0.02     -0.91
     -3.56      0.94      1.96
     -2.60      2.85      2.92
      0.27      3.81      1.01
      3.14      1.89     -1.86
      5.06     -1.93     -2.82
      4.10     -3.85     -0.91
     -0.69     -1.93      1.96
     -5.47     -0.02      1.01
     -7.39      1.89      0.05
     -4.52      2.85     -0.91
      1.23      2.85     -0.91
      5.06      1.89      1.01
      3.14     -0.02     -0.91
      1.23     -1.93     -2.82
     -0.69     -1.93     -0.91
     -0.69     -0.98      1.96
     -1.64     -0.02      4.84
     -1.64      2.85      3.88
     -0.69      3.81      1.01
     -1.64      1.89     -0.91
     -0.69     -0.02     -1.86
      1.23      0.94     -0.91
      2.18      1.89      0.05
     -0.69     -0.02     -0.91
     -2.60     -0.98     -1.86
     -0.69     -0.98     -1.86
      0.27      0.94      0.05
     -1.64     -0.02      0.05
     -1.64     -1.93     -1.86
      1.23     -1.93     -3.78
      3.14      1.89      0.05
      1.23      0.94      3.88
     -0.69     -0.98      3.88
      0.27     -1.93      1.01
     -0.69     -0.98      0.05
     -1.64      1.89     -1.86
     -1.64      1.89     -2.82
      0.27      2.85     -3.78
      0.27      3.81     -1.86
     -1.64      1.89      1.01
     -1.64     -0.98      3.88
      1.23     -2.89      3.88
     -0.69     -1.93      1.01
     -1.64     -0.98     -1.86
     -0.69      0.94     -3.78
      0.27      2.85     -1.86
      0.27      4.77      1.01
     -0.69      3.81      3.88
     -0.69     -0.02      1.01
      2.18     -3.85     -2.82
      4.10     -4.81     -2.82
      3.14     -5.76     -0.91
     -0.69     -0.98     -0.91
     -2.60      2.85     -3.78
     -2.60      3.81     -0.91
     -1.64      2.85      4.84
     -0.69      2.85      8.66
      0.27      0.94      6.75
     -0.69      0.94      1.96
     -1.64      0.94     -2.82
      1.23     -1.93     -5.69
      3.14     -3.85     -5.69
      2.18     -0.98     -2.82
      0.27      0.94      1.01
     -0.69      0.94      3.88
     -0.69     -0.98      3.88
     -0.69     -0.02      3.88
     -0.69      1.89      0.05
     -1.64      0.94     -0.91
      0.27      0.94     -1.86
      2.18     -0.98     -1.86
      2.18     -0.02     -0.91
     -0.69      0.94      1.01
     -2.60     -0.02      1.01
     -3.56     -0.02      0.05
     -1.64     -0.98      0.05
      2.18     -0.02     -0.91
      4.10      0.94     -0.91
      3.14      1.89      0.05
      0.27      0.94      0.05
     -2.60      0.94      1.01
     -3.56      0.94      1.01
     -1.64     -0.02      0.05
      1.23     -0.98     -1.86
      2.18     -0.02     -0.91
      1.23     -0.02      0.05
      0.27     -0.98      1.96
     -0.69     -0.98      3.88
     -0.69     -0.98      1.96
     -1.64     -0.02     -1.86
      0.27      0.94     -2.82
      2.18      0.94     -3.78
      1.23      2.85     -1.86
      2.18      2.85      1.96
      0.27     -0.02      3.88
     -1.64     -0.98      1.96
     -1.64     -1.93      0.05
     -1.64     -2.89     -1.86
      0.27     -2.89     -2.82
      2.18     -0.02     -0.91
      1.23      2.85      1.01
     -0.69      1.89      1.96
     -3.56     -1.93      1.01
     -2.60     -1.93      0.05
     -1.64     -0.02      0.05
      0.27      0.94     -1.86
      2.18     -0.02     -3.78
      3.14      0.94     -3.78
      1.23      2.85     -0.91
     -1.64      3.81      1.96
     -2.60      2.85      3.88
     -0.69      0.94      2.92
      1.23     -0.98      1.01
      2.18     -0.02      0.05
      1.23     -0.98      1.01
     -0.69     -1.93      1.01
     -2.60     -0.98      0.05
     -4.52      0.94     -0.91
     -1.64      1.89     -2.82
      2.18     -0.02     -2.82
      2.18     -1.93     -1.86
      1.23     -1.93      1.96
     -1.64     -0.98      3.88
     -2.60      0.94      3.88
     -1.64      2.85      1.01
      2.18      2.85     -3.78
      6.01      1.89     -3.78
      4.10     -0.02     -1.86
     -0.69     -0.98      0.05
     -4.52     -0.02      3.88
     -4.52     -0.02      4.84
     -3.56     -0.02      3.88
     -0.69      1.89      0.05
      2.18      0.94     -2.82
      3.14     -0.98     -3.78
      2.18     -0.98     -2.82
     -0.69     -0.98      1.01
     -1.64      0.94      1.96
     -2.60      0.94      1.96
     -0.69      0.94      0.05
      1.23      0.94     -0.91
      2.18     -0.98     -1.86
      1.23     -0.98     -0.91
      0.27     -0.02      0.05
     -1.64      0.94      1.01
     -2.60     -0.02      1.01
     -2.60     -0.02      1.01
      0.27      1.89     -0.91
      2.18      2.85     -0.91
      2.18      1.89      0.05
      0.27     -0.98      0.05
     -0.69     -1.93     -0.91
      0.27     -1.93     -0.91
      0.27     -0.98      0.05
     -0.69      1.89      0.05
     -0.69      3.81      0.05
     -1.64      2.85      0.05
     -0.69      0.94      0.05
      2.18      0.94     -0.91
      2.18      0.94      1.01
      0.27     -0.98      0.05
     -1.64     -3.85     -0.91
     -2.60     -2.89     -0.91
     -0.69     -0.98      1.01
      0.27      0.94      1.96
      0.27      2.85      1.01
     -0.69      3.81     -0.91
     -0.69      2.85     -0.91
     -0.69      1.89      0.05
      1.23      0.94      0.05
      2.18     -0.98     -0.91
      0.27     -3.85      0.05
     -0.69     -3.85      1.96
     -1.64     -1.93      3.88
     -2.60      2.85      1.96
     -1.64      5.72     -0.91
      0.27      3.81     -2.82
      2.18      1.89     -1.86
      2.18      0.94      1.01
      0.27     -1.93      1.01
     -1.64     -3.85     -0.91
     -0.69     -1.93     -0.91
     -0.69      0.94     -0.91
     -0.69      1.89      0.05
     -0.69      1.89     -0.91
     -0.69      1.89      0.05
     -0.69     -0.02     -0.91
      0.27     -0.98     -0.91
      1.23     -0.98      0.05
      2.18     -1.93      0.05
      1.23     -0.98      1.01
     -1.64     -0.98      1.01
     -1.64      2.85      1.96
     -1.64      3.81      0.05
     -0.69      2.85     -0.91
      0.27     -0.02     -2.82
      1.23     -0.98     -3.78
      1.23     -0.98     -1.86
      0.27     -1.93      1.01
      0.27     -1.93      1.96
     -1.64     -0.02      1.96
     -1.64      0.94      1.96
     -0.69      1.89      0.05
      1.23      1.89     -0.91
      2.18      0.94      0.05
      2.18     -0.02      0.05
      0.27     -0.02     -0.91
     -2.60      0.94     -0.91
     -0.69      1.89     -0.91
      1.23      0.94      0.05
      0.27     -1.93      0.05
     -1.64     -1.93     -0.91
     -1.64     -1.93      0.05
     -1.64     -0.98      0.05
      0.27      0.94      0.05
      1.23      0.94      0.05
      1.23      1.89      1.01
     -0.69      0.94      0.05
     -1.64     -0.02     -1.86
     -0.69     -0.98     -1.86
      0.27      0.94      0.05
      0.27      1.89      1.96
      0.27      1.89      2.92
      0.27      0.94      1.96
     -0.69     -0.98      0.05
      1.23     -1.93     -2.82
      1.23     -0.02     -3.78
      0.27     -0.02     -1.86
     -0.69     -0.02      0.05
     -1.64      0.94      1.01
     -1.64      1.89      1.96
     -1.64      2.85      2.92
     -1.64      0.94      1.01
      0.27     -0.02     -1.86
      2.18     -0.98     -2.82
      2.18     -1.93     -1.86
      0.27     -1.93      1.01
     -1.64     -0.98      2.92
     -2.60     -0.02      2.92
     -1.64      0.94      1.01
     -0.69      2.85      0.05
      2.18      1.89     -2.82
      3.14      1.89     -2.82
      1.23      0.94     -1.86
     -1.64     -0.02      1.01
     -1.64     -1.93      3.88
     -0.69     -1.93      1.01
      1.23     -0.02      1.01
      0.27     -0.02      0.05
     -0.69     -0.02     -0.91
     -2.60     -0.98     -0.91
     -2.60      0.94     -0.91
      0.27      2.85      0.05
      3.14      0.94      0.05
      2.18     -0.02      0.05
      0.27     -0.98     -0.91
     -1.64     -0.02     -0.91
     -2.60      0.94     -0.91
     -1.64      0.94      0.05
      0.27      0.94      0.05
      1.23      0.94      0.05
      2.18     -0.02     -0.91
      1.23     -0.98      0.05
     -0.69     -0.02      0.05
     -1.64      0.94      0.05
     -2.60      0.94      0.05
     -2.60     -0.02      0.05
      0.27     -0.02      0.05
      2.18     -0.98      1.01
      2.18     -0.02      1.96
     -0.69      0.94      0.05
     -1.64     -0.02     -0.91
     -0.69     -0.02     -1.86
      0.27      0.94     -0.91
      1.23      1.89      0.05
      2.18     -0.02      1.01
      0.27     -1.93      1.01
     -1.64     -0.98      0.05
     -2.60      1.89     -0.91
     -2.60      0.94     -0.91
     -0.69     -0.02      0.05
      1.23     -0.98      0.05
      1.23     -0.98      0.05
      0.27     -0.02      1.01
     -0.69      0.94      0.05
     -0.69      0.94     -1.86
      0.27      1.89     -1.86
      1.23      0.94      0.05
      2.18     -0.02      1.01
      2.18     -0.98      1.01
     -0.69     -0.02      0.05
     -2.60     -0.02      1.01
     -1.64     -0.02      1.01
     -0.69      0.94      0.05
      0.27      0.94      1.01
      0.27     -0.02      0.05
     -1.64     -0.02     -0.91
     -0.69     -0.02     -2.82
      2.18     -0.02     -1.86
      2.18     -0.98     -0.91
      1.23     -0.98      1.01
     -0.69      0.94      1.01
     -2.60      0.94      0.05
     -3.56     -0.02     -0.91
     -2.60     -0.98      0.05
      0.27     -0.02      1.01
      2.18      0.94      1.96
      2.18     -0.02      0.05
      1.23     -0.98     -1.86
      0.27      0.94     -1.86
     -1.64      1.89      0.05
     -1.64      1.89      1.96
     -1.64      0.94      1.01
      0.27     -0.02      0.05
      2.18     -0.02     -0.91
      1.23     -0.98     -0.91
      0.27     -0.02      0.05
     -1.64      1.89      1.01
     -2.60      1.89      3.88
     -1.64      0.94      3.88
      0.27     -0.02      0.05
      2.18     -0.02     -1.86
      2.18     -0.02     -2.82
      0.27     -1.93     -2.82
     -0.69     -1.93     -0.91
     -0.69     -0.02      1.01
      0.27      0.94      1.01
     -0.69      0.94      0.05
      0.27      0.94      0.05
      0.27      1.89      0.05
      0.27     -0.02      0.05
      0.27      0.94      1.01
      1.23     -0.02      1.01
      1.23     -0.98      0.05
     -0.69     -0.98     -0.91
     -1.64     -0.98      0.05
     -1.64     -0.02      0.05
      0.27      1.89      0.05
      2.18      1.89      0.05
      3.14      0.94      0.05
      1.23     -0.02      0.05
     -1.64     -0.02      1.01
     -3.56     -0.02      0.05
     -1.64     -0.98     -1.86
      1.23     -0.02     -1.86
      2.18      1.89     -0.91
      0.27      1.89      1.01
     -1.64      0.94      1.96
     -2.60     -0.02      1.96
     -1.64     -0.02      0.05
      1.23     -0.02     -1.86
      3.14     -0.02     -1.86
      2.18     -0.02     -0.91
      0.27     -0.02      0.05
     -1.64     -0.98      1.01
     -1.64     -0.98      1.01
     -0.69     -0.02      1.01
      0.27      0.94     -0.91
      0.27     -0.98     -1.86
     -0.69     -0.02     -1.86
      0.27     -0.98      0.05
      0.27     -0.02      1.01
     -0.69      0.94      1.96
     -2.60      0.94      0.05
     -2.60     -0.02     -1.86
      0.27     -0.02     -1.86
      3.14      0.94      0.05
      3.14      1.89      1.01
      0.27      1.89      1.96
     -1.64      0.94      1.01
     -2.60     -0.02      0.05
     -1.64     -0.02      0.05
      0.27     -0.02     -0.91
      1.23     -0.98     -2.82
      1.23     -0.98     -1.86
      0.27     -0.98      0.05
     -0.69     -0.02      1.96
     -1.64      1.89      1.96
     -1.64      0.94      0.05
     -1.64     -0.02     -1.86
      0.27     -0.02     -0.91
      1.23     -0.98      0.05
      1.23     -0.98      1.01
     -0.69     -0.02      1.96
     -1.64      0.94      1.01
     -1.64      1.89      0.05
     -0.69      1.89      0.05
      0.27      1.89      0.05
      1.23      0.94      0.05
      1.23     -0.02      0.05
      1.23     -0.98      0.05
      0.27     -0.98      1.96
     -0.69     -0.02      1.96
     -0.69      0.94      0.05
     -1.64     -0.02     -0.91
     -0.69     -0.98     -1.86
      0.27     -0.02     -2.82
      0.27      0.94     -1.86
      0.27      0.94      0.05
     -0.69      0.94      1.01
     -0.69     -0.02      1.01
      0.27     -0.02      1.96
      0.27     -0.02      1.01
      0.27     -0.02      0.05
      0.27     -0.02      0.05
     -0.69     -0.02     -0.91
      0.27     -0.02     -0.91
      0.27      0.94      0.05
      0.27     -0.02      0.05
     -0.69      0.94      0.05
     -0.69      0.94      0.05
     -1.64      1.89     -0.91
     -1.64     -0.02     -0.91
      0.27     -0.98     -1.86
      2.18     -0.98      0.05
      1.23     -0.98      1.01
     -0.69     -0.02      1.96
     -1.64     -0.02      1.96
     -1.64      0.94      0.05
     -0.69      1.89     -0.91
      1.23      0.94     -0.91
      2.18      0.94     -0.91
      1.23      0.94     -0.91
     -0.69     -0.02      0.05
     -2.60     -0.02      1.01
     -2.60      0.94      1.96
      0.27     -0.02      1.01
      1.23     -0.98     -0.91
      0.27     -0.98     -2.82
      0.27     -0.98     -1.86
      0.27      0.94      1.01
      0.27      1.89      1.96
      0.27      0.94      1.01
     -0.69      0.94      0.05
     -0.69      0.94     -0.91
     -0.69     -0.02     -0.91
      0.27     -0.98      0.05
      0.27     -0.98      0.05
      0.27     -0.98      1.01
     -0.69     -0.02      1.01
     -0.69     -0.02      0.05
     -0.69     -0.02     -0.91
      0.27      0.94     -1.86
      0.27      1.89     -0.91
      0.27      1.89      0.05
      0.27      0.94      1.96
      0.27     -0.02      1.01
      0.27      0.94      0.05
     -0.69      0.94      0.05
     -0.69      0.94     -0.91
     -1.64     -0.02     -1.86
      0.27     -0.98     -0.91
      1.23     -0.98      1.01
      0.27     -0.98      1.96
     -0.69     -0.02      1.01
     -0.69      0.94      0.05
     -0.69      1.89     -0.91
      0.27      0.94     -0.91
      0.27     -0.98     -0.91
      0.27     -1.93      0.05
     -0.69     -0.98      1.01
     -2.60     -0.02      1.01
     -0.69      1.89      1.01
      0.27      2.85      0.05
     -0.69      1.89      0.05
     -1.64     -0.02     -0.91
     -1.64     -0.02     -0.91
      0.27     -0.02      0.05
      1.23     -0.02      1.01
      1.23     -0.02      1.01
      1.23      0.94      1.01
      0.27      0.94      0.05
     -1.64      0.94     -1.86
     -1.64     -0.02     -1.86
     -1.64     -0.02     -0.91
      0.27     -0.02      0.05
      1.23     -0.02      1.01
      2.18     -0.98      1.96
      1.23     -0.98      1.96
     -0.69     -0.98      0.05
     -1.64     -0.02     -1.86
     -1.64      1.89     -1.86
     -1.64      2.85     -0.91
      0.27      0.94      0.05
      0.27     -0.98      1.96
      1.23     -0.98      1.96
      0.27     -0.02      0.05
      0.27      0.94     -2.82
     -0.69      0.94     -2.82
     -0.69      0.94     -1.86
     -1.64      0.94      1.01
     -1.64     -0.02      2.92
     -0.69     -0.98      1.96
      1.23     -1.93      0.05
      0.27     -1.93     -0.91
      1.23     -0.02     -0.91
     -0.69      1.89      0.05
     -1.64      3.81      1.01
     -1.64      2.85      1.01
     -1.64      0.94      1.96
      1.23     -0.98      0.05
      3.14     -1.93     -0.91
      2.18     -2.89     -1.86
     -0.69     -2.89     -2.82
     -1.64     -0.98     -0.91
     -2.60      0.94      1.96
     -2.60      1.89      3.88
     -0.69      2.85      1.96
      1.23      1.89      0.05
      2.18      1.89     -0.91
      0.27     -0.02     -1.86
     -0.69     -0.98     -2.82
     -0.69     -0.98      0.05
     -0.69     -0.02      1.01
      0.27     -0.02      1.01
      0.27     -0.02      1.01
      1.23     -0.02      0.05
      1.23     -0.02     -0.91
      0.27     -0.02     -0.91
     -1.64     -0.02      0.05
     -1.64     -0.98      0.05
     -0.69     -0.98      1.96
     -0.69     -0.02      1.96
      0.27      0.94      0.05
      0.27      0.94     -0.91
      1.23      1.89     -1.86
      0.27      1.89     -1.86
     -0.69      0.94     -0.91
     -0.69     -0.02      0.05
     -0.69     -0.98      1.01
      0.27     -0.02      1.96
      0.27     -0.02      0.05
     -0.69     -0.02     -1.86
     -0.69     -0.02     -1.86
     -0.69     -0.02      0.05
      0.27     -0.02      1.01
      0.27     -0.98      1.96
      0.27     -0.02      0.05
     -0.69      0.94     -1.86
     -1.64      1.89     -1.86
     -0.69      1.89     -0.91
      0.27      1.89      0.05
     -0.69      0.94      0.05
     -0.69     -0.02      0.05
      0.27     -0.98      1.01
      1.23     -0.98      0.05
      1.23     -0.98      0.05
      1.23     -0.98      1.01
     -0.69      0.94      1.01
     -0.69      0.94      1.01
     -0.69      0.94      0.05
     -0.69      0.94     -0.91
     -0.69     -0.02     -0.91
      1.23     -0.02     -0.91
      1.23      0.94      0.05
      0.27      0.94      0.05
     -1.64      1.89      0.05
     -2.60     -0.02      0.05
     -1.64     -0.02      0.05
      0.27     -0.02      0.05
      2.18     -0.02      0.05
      2.18     -0.02      0.05
     -0.69      0.94      0.05
     -1.64      0.94      1.01
     -3.56      0.94      0.05
     -1.64     -0.02      1.01
      1.23     -0.98      0.05
      3.14     -0.98      0.05
      1.23     -0.02     -1.86
     -0.69     -0.02     -1.86
     -1.64     -0.02      0.05
     -0.69      0.94      1.01
     -0.69      1.89      1.96
      0.27      0.94      0.05
      0.27     -0.02     -0.91
      1.23     -0.98     -1.86
      0.27     -0.02     -0.91
     -1.64     -0.02      0.05
     -1.64     -0.02      0.05
     -0.69      0.94     -0.91
      1.23      0.94      0.05
      1.23      0.94      1.01
      0.27     -0.02      1.01
     -0.69     -0.02      1.01
     -1.64     -0.98      1.01
      0.27     -0.98      0.05
      0.27     -0.02      1.01
      1.23     -0.02      0.05
      0.27      0.94     -0.91
     -0.69      0.94     -0.91
     -0.69     -0.02      0.05
      0.27     -0.02      0.05
      0.27     -0.02      0.05
     -1.64      0.94      0.05
     -0.69      1.89      1.01
      0.27     -0.02      1.01
      1.23     -0.98      0.05
      0.27     -0.02      0.05
     -1.64      0.94     -0.91
     -0.69     -0.02      0.05
      0.27     -0.98      0.05
      0.27     -0.02      0.05
      0.27      0.94      0.05
      0.27      0.94      0.05
     -0.69      0.94      0.05
     -0.69      0.94     -0.91
     -1.64      0.94      0.05
     -0.69     -0.02      1.01
      0.27     -0.98      1.01
      0.27     -0.02      0.05
      0.27     -0.98      0.05
      0.27     -0.02      0.05
      1.23     -0.02     -0.91
      1.23     -0.02      0.05
     -0.69     -0.02      0.05
     -2.60      0.94      0.05
     -2.60      0.94      0.05
     -0.69      0.94      0.05
      0.27      0.94      0.05
      1.23     -0.02      0.05
      1.23     -0.02      0.05
     -0.69     -0.02      0.05
     -1.64     -0.02      0.05
     -0.69     -0.02      0.05
      0.27      0.94      1.01
      1.23     -0.02      0.05
      2.18     -0.98     -0.91
      1.23     -0.98     -0.91
     -0.69     -0.02     -0.91
     -1.64      1.89      0.05
     -1.64      1.89      0.05
     -0.69      0.94      0.05
      0.27     -0.02      0.05
      0.27     -0.98      1.01
     -0.69     -0.02      1.01
     -1.64      0.94      0.05
     -0.69      0.94      0.05
      1.23      0.94     -0.91
      1.23      0.94      0.05
      1.23     -0.02      0.05
      0.27     -0.02      0.05
      0.27     -0.98      0.05
     -0.69     -0.98      0.05
     -1.64     -0.02      0.05
     -0.69      0.94     -1.86
      0.27     -0.02     -0.91
      0.27     -0.02      0.05
      0.27     -0.02      1.01
      0.27      0.94      1.96
      0.27      0.94      1.96
      0.27      0.94      0.05
      0.27     -0.02     -0.91
      0.27     -0.98     -0.91
      0.27     -0.02      0.05
      0.27      0.94      0.05
      0.27      0.94     -0.91
      0.27      0.94     -1.86
      0.27      0.94      1.01
     -1.64      0.94      1.01
     -1.64     -0.02      0.05
     -0.69     -0.98     -0.91
      0.27     -0.98      0.05
      1.23     -0.02      0.05
      0.27     -0.02      0.05
     -0.69     -0.02      0.05
     -0.69     -0.02      0.05
     -0.69      0.94      0.05
      0.27      1.89      0.05
      1.23      0.94      0.05
      1.23     -0.02     -0.91
      1.23     -0.98      0.05
     -0.69     -0.02      0.05
     -1.64     -0.98      1.01
     -1.64     -0.98      0.05
     -0.69     -0.98     -0.91
      0.27      0.94     -0.91
      1.23      1.89      0.05
      0.27      0.94      0.05
      0.27     -0.02      0.05
     -0.69     -0.02      0.05
     -1.64      0.94     -0.91
     -0.69     -0.02      0.05
      0.27     -0.98      0.05
      0.27     -0.98      0.05
      0.27     -0.02      1.01
     -0.69      0.94      1.01
     -0.69      1.89      1.01
      0.27      0.94     -0.91
      0.27     -0.02     -0.91
     -0.69     -0.02     -0.91
      0.27     -0.02      0.05
      0.27     -1.93      0.05
     -0.69     -0.02      1.01
     -0.69     -0.02      1.01
     -0.69     -0.02      0.05
     -0.69      0.94      0.05
      0.27      0.94      0.05
      1.23      0.94     -0.91
      1.23      0.94     -0.91
      0.27      0.94      0.05
     -0.69      0.94      0.05
      0.27      0.94      0.05
      0.27     -0.02      0.05
      0.27     -0.02     -0.91
     -0.69     -0.98      0.05
     -1.64     -0.02      0.05
     -0.69     -0.02      0.05
      0.27     -0.02      0.05
      1.23      0.94      0.05
      1.23     -0.02     -0.91
      1.23     -0.02     -0.91
      0.27     -0.02      0.05
     -0.69     -0.02      0.05
     -1.64     -0.02      0.05
     -0.69      0.94      1.01
      0.27      1.89      1.01
      1.23      0.94      0.05
      1.23     -0.02     -0.91
      0.27     -0.02     -0.91
      0.27     -0.02     -0.91
     -0.69     -0.02      0.05
     -0.69      0.94      0.05
     -0.69      0.94      1.01
     -0.69     -0.02      1.01
      0.27     -0.02      0.05
      0.27     -0.02     -0.91
      0.27     -0.02     -0.91
      0.27     -0.02     -0.91
      0.27      0.94     -1.86
      0.27      0.94      0.05
      0.27      0.94      1.01
      0.27     -0.02      1.01
     -0.69     -0.02      1.01
     -1.64     -0.02      0.05
      0.27      0.94     -0.91
      0.27      0.94     -0.91
     -0.69      1.89     -0.91
     -0.69      0.94      0.05
      0.27     -0.02      0.05
      0.27     -0.02      1.01
     -0.69     -0.98      0.05
     -0.69     -0.98     -0.91
     -0.69     -0.02     -0.91
      0.27      0.94     -0.91
      0.27      1.89      1.01
      1.23      1.89      1.01
      1.23      0.94      1.01
      0.27     -0.02      0.05
     -0.69     -0.02      0.05
      0.27     -0.98     -0.91
      0.27     -0.98     -1.86
      0.27     -0.98     -0.91
     -0.69     -0.02      0.05
     -1.64      0.94      1.96
     -1.64      0.94      1.96
     -0.69      0.94      1.01
      0.27     -0.02      0.05
      1.23     -0.02     -0.91
      1.23     -0.02     -0.91
     -0.69     -0.02      0.05
     -1.64     -0.02      1.01
     -1.64     -0.02      1.01
     -0.69     -0.02      0.05
      0.27     -0.02      0.05
      0.27     -0.02     -0.91
      1.23      0.94     -0.91
      0.27      0.94     -0.91
     -0.69      0.94      1.01
     -0.69     -0.02      1.01
     -0.69     -0.02      0.05
     -0.69     -0.02      1.01
     -0.69     -0.98      0.05
     -1.64     -0.98      0.05
      0.27     -0.02     -0.91
      1.23      0.94      0.05
      1.23      0.94      0.05
      1.23      0.94      0.05
      0.27      0.94      0.05
     -0.69     -0.02      0.05
     -1.64     -0.02      0.05
     -1.64     -0.02      0.05
     -0.69     -0.02      0.05
      0.27     -0.02      1.01
      0.27     -0.02      1.01
      0.27      0.94      0.05
      0.27      0.94     -0.91
      0.27     -0.02     -0.91
     -0.69     -0.02     -0.91
     -0.69     -0.02      0.05
      0.27     -0.02      0.05
      0.27      0.94      1.01
      0.27      0.94      1.01
      0.27     -0.02      0.05
      0.27      0.94      0.05
     -0.69      0.94      0.05
     -0.69     -0.02      0.05
      0.27     -0.02      0.05
      0.27     -0.98      0.05
      0.27     -0.02      0.05
     -0.69     -0.02      1.01
     -0.69      0.94      0.05
     -0.69      0.94      0.05
     -0.69     -0.02     -0.91
      0.27      0.94     -0.91
      1.23     -0.98     -1.86
      1.23     -0.98     -0.91
      1.23     -0.98      1.01
     -0.69     -0.02      1.96
     -1.64      0.94      1.96
     -2.60      1.89      1.01
     -0.69      0.94      0.05
      0.27      0.94     -0.91
      1.23     -0.02     -0.91
      1.23     -0.02     -1.86
      1.23     -0.02     -0.91
     -0.69     -0.02      0.05
     -0.69      0.94      1.01
     -1.64      0.94      1.01
     -0.69     -0.02      1.01
     -0.69     -0.02      0.05
      0.27     -0.02     -0.91
      1.23     -0.02     -0.91
      0.27      0.94      0.05
      0.27      0.94      1.01
     -0.69      0.94      1.01
     -0.69     -0.02      1.01
     -1.64     -0.98      0.05
     -0.69     -0.98     -0.91
      0.27     -0.02     -0.91
      0.27     -0.02     -0.91
      0.27      0.94      0.05
     -0.69      0.94      1.01
     -0.69      0.94      1.01
      0.27     -0.02      0.05
      0.27      0.94     -0.91
      0.27      0.94     -0.91
      0.27      0.94     -0.91
     -0.69      0.94      1.01
     -1.64      0.94      1.01
     -0.69     -0.02      1.96
      0.27     -0.02      1.01
      0.27     -0.02      0.05
      0.27     -0.02     -1.86
      0.27     -0.02     -1.86
      0.27      0.94     -0.91
      0.27      0.94     -0.91
     -0.69     -0.02      1.01
     -0.69     -0.02      1.01
      0.27     -0.02      0.05
      1.23     -0.02     -0.91
      1.23     -0.02     -0.91
      0.27     -0.02      0.05
     -0.69      0.94      1.01
     -0.69      0.94      1.01
     -0.69      0.94      1.01
      0.27     -0.02      1.01
      0.27     -0.98      0.05
      0.27     -0.02     -0.91
      0.27     -0.02     -0.91
     -0.69     -0.02     -0.91
     -0.69      0.94      0.05
     -0.69      0.94      0.05
      0.27      0.94      0.05
      0.27     -0.02      0.05
      0.27     -0.02      0.05
      0.27     -0.02      0.05
     -0.69     -0.02      0.05
     -0.69     -0.02      0.05
     -0.69     -0.02      0.05
      0.27     -0.02      0.05
      0.27     -0.02      0.05
      0.27     -0.02      0.05
     -0.69      0.94      0.05
     -0.69      0.94      0.05
     -0.69      0.94      0.05
      0.27      0.94      0.05
      0.27     -0.02      0.05
      0.27     -0.98     -0.91
      0.27     -0.98      0.05
      0.27     -0.98      0.05
      0.27     -0.02      0.05
     -0.69      0.94     -0.91
     -0.69      0.94     -0.91
     -0.69      0.94      0.05
      0.27     -0.02      1.01
      0.27     -0.02      1.01
      0.27      0.94      0.05
      0.27      0.94      0.05
     -0.69      0.94      0.05
     -0.69     -0.02      0.05
     -0.69     -0.02      0.05
     -0.69     -0.02      0.05
      0.27     -0.02      0.05
      1.23     -0.98      0.05
      1.23     -0.02      1.01
      0.27      0.94      0.05
     -0.69      0.94      0.05
     -0.69      0.94      0.05
      0.27      0.94      0.05
      0.27     -0.02      0.05
      0.27     -0.02      0.05
     -0.69     -0.02     -0.91
     -0.69     -0.02     -0.91
      0.27     -0.02      0.05
      0.27      0.94      1.01
      0.27      0.94      1.01
      0.27      0.94      0.05
      0.27     -0.02      0.05
      0.27     -0.02      1.01
     -0.69     -0.98      0.05
     -0.69     -0.98     -0.91
      0.27     -0.02     -0.91
      0.27     -0.02     -0.91
      0.27     -0.02     -0.91
      0.27      0.94      0.05
     -0.69      0.94      1.01
     -0.69      0.94      1.01
      0.27     -0.02      0.05
      0.27      0.94      0.05
      0.27      0.94      0.05
      0.27     -0.02     -0.91
     -0.69     -0.02     -0.91
      0.27     -0.02      0.05
      1.23      0.94      1.01
      0.27      0.94      1.01
     -0.69     -0.02      1.01
     -0.69     -0.98      0.05
     -1.64     -0.02      0.05
     -0.69      0.94      0.05
      0.27      0.94      0.05
      0.27     -0.02      0.05
      0.27     -0.02     -0.91
      0.27     -0.02      0.05
     -0.69      0.94      0.05
     -0.69      0.94      1.01
      0.27      0.94      0.05
      0.27     -0.02      0.05
      0.27     -0.02      0.05
      0.27     -0.02      0.05
      0.27     -0.02      0.05
     -0.69      0.94      0.05
     -0.69     -0.02      0.05
     -0.69     -0.02      0.05
      0.27     -0.02     -0.91
      0.27     -0.02      0.05
      0.27     -0.02      0.05
      0.27     -0.98      0.05
      0.27     -0.02      0.05
     -0.69      0.94      0.05
      0.27      0.94      0.05
     -0.69      0.94      0.05
     -0.69      0.94      0.05
      0.27     -0.02      1.01
      0.27     -0.02      1.01
      0.27     -0.02      0.05
      0.27     -0.02      0.05
     -0.69     -0.02     -0.91
     -0.69      0.94     -0.91
      0.27      0.94      0.05
      0.27      0.94      0.05
      0.27      0.94      0.05
      0.27     -0.02      0.05
     -0.69     -0.02      0.05
     -0.69     -0.02      0.05
     -0.69     -0.02      0.05
     -0.69     -0.02      0.05
     -0.69      0.94      0.05
     -0.69     -0.02      0.05
      0.27     -0.98      0.05
      0.27     -0.02      0.05
      0.27     -0.02      0.05
      0.27     -0.02      0.05
     -0.69      0.94      0.05
     -0.69     -0.02      0.05
     -0.69     -0.02      0.05
      0.27      0.94      1.01
      0.27      0.94      0.05
      0.27      0.94     -0.91
      0.27      0.94     -0.91
      0.27     -0.02     -0.91
      0.27     -0.02      0.05
     -0.69     -0.02      1.01
     -0.69     -0.02      1.01
     -0.69     -0.02      1.01
      0.27      0.94      0.05
      0.27      0.94      0.05
      0.27     -0.02     -0.91
      1.23      0.94     -0.91
      0.27     -0.02     -0.91
     -0.69     -0.98     -0.91
     -0.69     -0.02      0.05
      0.27     -0.02      1.01
      0.27     -0.02      1.01
     -0.69     -0.02      1.01
      0.27     -0.02      0.05
      0.27     -0.02      0.05
      0.27     -0.02     -0.91
      0.27     -0.02     -0.91
      0.27     -0.02     -0.91
      0.27      0.94      0.05
     -0.69      0.94      1.01
     -1.64      0.94      1.01
     -0.69      0.94      0.05
      0.27      0.94     -0.91
      1.23     -0.02     -0.91
      0.27     -0.98     -0.91
      1.23     -0.02      0.05
     -0.69     -0.02      0.05
     -0.69     -0.98      1.01
     -1.64     -0.02      1.01
     -0.69      0.94      1.01
      0.27     -0.02      0.05
      0.27     -0.02     -0.91
      0.27     -0.02     -1.86
     -0.69     -0.02      0.05
      0.27      0.94      0.05
      0.27      0.94      1.01
      0.27     -0.02      1.01
     -0.69     -0.02      0.05
     -0.69     -0.02      0.05
     -0.69     -0.02      0.05
      0.27     -0.98      0.05
      0.27     -0.02      0.05
      0.27     -0.02      0.05
      0.27      0.94      0.05
      0.27     -0.02      0.05
     -0.69     -0.02      0.05
     -0.69     -0.02      0.05
     -0.69     -0.02     -0.91
      0.27      0.94      0.05
      1.23      0.94      0.05
      0.27     -0.02      0.05
      0.27     -0.02      0.05
     -0.69     -0.02      0.05
     -0.69      0.94      0.05
     -0.69     -0.02      0.05
      0.27     -0.02     -0.91
      1.23     -0.02      0.05
      0.27      0.94      0.05
     -1.64     -0.02      0.05
     -0.69      0.94      0.05
     -0.69      0.94      0.05
     -0.69      0.94      0.05
      0.27      0.94      0.05
      1.23      0.94      0.05
      0.27     -0.02      0.05
     -0.69     -0.02      0.05
     -0.69     -0.02      1.01
     -0.69     -0.02      1.01
      0.27     -0.02      0.05
      0.27     -0.02     -0.91
      0.27     -0.02     -0.91
      0.27     -0.02      0.05
      0.27     -0.02      0.05
      0.27      0.94      0.05
      0.27      0.94      0.05
     -0.69     -0.02      0.05
     -0.69     -0.02      0.05
      0.27     -0.02      0.05
      0.27     -0.02      0.05
      0.27     -0.02      0.05
      0.27     -0.98      0.05
      0.27     -0.02      0.05
     -0.69     -0.02      0.05
     -0.69     -0.02      0.05
      0.27     -0.02      0.05
      0.27      0.94      0.05
      0.27      0.94      0.05
     -0.69      0.94      0.05
     -0.69     -0.02      0.05
     -0.69     -0.02      0.05
      0.27      0.94      0.05
      0.27     -0.02     -0.91
      0.27     -0.02      0.05
      0.27     -0.02      0.05
     -0.69     -0.02      0.05
     -0.69     -0.02      1.01
     -1.64     -0.02      1.01
     -0.69     -0.02      0.05
      0.27     -0.02     -0.91
      0.27     -0.02     -0.91
      0.27     -0.02     -0.91
     -0.69      0.94      0.05
     -0.69      0.94      0.05
     -0.69      0.94     -0.91
     -0.69      0.94      0.05
      0.27     -0.02      0.05
      0.27     -0.02      0.05
      0.27     -0.98     -0.91
     -0.69     -0.02      1.01
      0.27     -0.02      1.01
     -0.69     -0.02      1.01
     -0.69      0.94      0.05
     -1.64      0.94     -0.91
     -0.69      0.94     -0.91
      0.27      0.94     -0.91
      0.27      0.94      0.05
      0.27      0.94      0.05
      0.27      0.94      0.05
     -0.69     -0.02     -0.91
     -0.69     -0.02      0.05
      0.27     -0.02      0.05
      0.27     -0.02      0.05
      0.27      0.94      0.05
      0.27      0.94      0.05
     -0.69      0.94      0.05
     -1.64     -0.02      0.05
     -0.69      0.94      0.05
      0.27     -0.02      0.05
      0.27     -0.02      0.05
      0.27     -0.02      0.05
      0.27     -0.02      1.01
      0.27     -0.02      1.01
     -0.69     -0.02      1.01
     -0.69     -0.02      0.05
      0.27     -0.02      0.05
      0.27     -0.02      0.05
      0.27     -0.02     -0.91
      0.27     -0.02      0.05
      0.27      0.94      0.05
      0.27      0.94      0.05
      0.27     -0.02      0.05
      0.27     -0.02      0.05
      0.27     -0.02      0.05
      0.27     -0.02      0.05
      0.27     -0.02      0.05
      0.27      0.94      0.05
     -0.69      0.94      0.05
     -0.69      0.94      0.05
      0.27      0.94      0.05
      0.27      0.94      0.05
      0.27     -0.02      0.05
     -1.64     -0.02      0.05
     -0.69     -0.02      0.05
     -0.69      0.94      0.05
     -0.69      0.94      0.05
     -0.69      0.94      0.05
      0.27     -0.02     -0.91
      0.27     -0.02     -0.91
      0.27     -0.02      0.05
      0.27     -0.02      0.05
      0.27     -0.02      0.05
     -0.69     -0.02      0.05
     -0.69     -0.02      0.05
      0.27     -0.02      0.05
      0.27     -0.02      0.05
      0.27     -0.02      0.05
      0.27      0.94      0.05
      0.27     -0.02      0.05
     -0.69     -0.02      1.01
     -0.69      0.94      1.01
     -0.69      0.94      1.01
      0.27     -0.02      0.05
      0.27     -0.02     -0.91
      0.27     -0.02     -1.86
      0.27     -0.98     -0.91
     -0.69     -0.02      0.05
     -1.64     -0.02      1.01
     -0.69     -0.02      1.01
      0.27     -0.02      1.01
      0.27     -0.02      0.05
      0.27     -0.02     -0.91
     -0.69     -0.02     -0.91
     -0.69      0.94     -0.91
     -0.69      0.94      0.05
      0.27     -0.02      0.05
      0.27     -0.02      0.05
      0.27     -0.02      0.05
     -0.69      0.94      0.05
     -0.69      0.94      0.05
     -0.69     -0.02      0.05
      0.27     -0.02      0.05
      0.27     -0.02      0.05
      0.27     -0.02      0.05
     -1.64     -0.02      0.05
     -0.69     -0.02      0.05
     -0.69      0.94      0.05
     -0.69      0.94      0.05
      0.27     -0.02     -0.91
      0.27     -0.02      0.05
      0.27     -0.02      0.05
      0.27     -0.02      0.05
     -0.69     -0.02      0.05
      0.27     -0.02      0.05
      0.27     -0.02      0.05
      0.27      0.94      0.05
     -0.69      0.94      0.05
     -0.69     -0.02      0.05
     -0.69     -0.02      0.05
     -0.69     -0.02      0.05
