********************************************************************************
                       INSTITUTO DE INGENIERIA, UNAM
                   Coordinacion de Instrumentacion Sismica
  Ciudad Universitaria, Apartado Postal 70-472, Coyoacan 04510, Mexico, D.F.
 Tel.(52-5)622-3414    Fax.(52-5)616-1514    e-mail: isismica@pumas.iingen.unam.mx
**************************************************************************************
ARCHIVO ESTANDAR DE ACELERACION:
VERSION DEL FORMATO                    : 2.0
NOMBRE DEL ARCHIVO                     : ACAP8903.131
FECHA Y HORA DE CREACION               : Wed Mar 25 14:41:22 1998
REF. CATALOGO ACELEROGRAMAS, SMIS 1995 : REGISTRO No. 1374 /PAG. 146


================================================================================
DATOS DE LA ESTACION:
NOMBRE DE LA ESTACION                  : ACAPULCO PELLANDINI
CLAVE DE LA ESTACION                   : ACAP
LOCALIZACION DE LA ESTACION            : CERRO DE LA INALAMBRICA, CASA DEL ARQ. PELLANDINI.
                                       : ACAPULCO, GUERRERO. 
                                       : 
                                       : 
                                       : 
COORDENADAS DE LA ESTACION             : 16.836 LAT. N
                                       : 99.914 LONG. W
ALTITUD (msnm)                         : 100
TIPO DE SUELO                          : ROCA GRANITICA
                                       : 
                                       : 
INSTITUCION RESPONSABLE                : INSTITUTO DE INGENIERIA UNAM 
                                       : 

================================================================================
DATOS DEL ACELEROGRAFO: 
MODELO DEL ACELEROGRAFO                : DCA-333
NUMERO DE SERIE DEL ACELEROGRAFO       : 121
NUMERO DE CANALES                      : 3
ORIENTACION C1-C6 (rumbo;orientacion)  : /V/N90E/N00E
ORIENTACION C7-C12 (rumbo;orientacion) :
VEL. DE MUESTREO, C1-C6 (muestras/s)   : /100/100/100
VEL. DE MUESTREO, C7-C12 (muestras/s)  :
ESC. COMPLETA DE SENSORES, C1-C6, (g)  : /2/2/2
ESC. COMPLETA DE SENSORES, C7-C12 (g)  :
FREC. NAT. DE SENSORES, C1-C6, (Hz)    : /31/32/33
FREC. NAT. DE SENSORES, C7-C12 (Hz)    :
AMORTIGUAMIENTO DE SENSORES, C1-C6     : /0.66/0.70/0.64
AMORTIGUAMIENTO DE SENSORES, C7-C12    :
INTERVALO DE MUESTREO, C1-C6 (s)       : /0.01/0.01/0.01
INTERVALO DE MUESTREO, C7-C12 (s)      :
UMBRAL DE DISPARO, C1-C6 (Gal)         : /8/8/8
UMBRAL DE DISPARO, C7-C12 (Gal)        :
MEMORIA DE PREEVENTO (s)               : 4
TIEMPO DE POSEVENTO (s)                : 15


================================================================================
DATOS DEL SISMO:
FECHA DEL SISMO [GMT]                  : 1989/03/13
HORA EPICENTRO (GMT)                   : 03:25:23.5
MAGNITUD(ES)                           : /Mc=3.60
COORDENADAS DEL EPICENTRO              : 17.002 LAT. N 
                                       : 99.094 LONG. W 
PROFUNDIDAD FOCAL (km)                 : 27 
FUENTES DE LOS DATOS EPICENTRALES      : INSTITUTO DE INGENIERIA UNAM
                                       : 

================================================================================
DATOS DE ESTE REGISTRO:
HORA DE LA PRIMERA MUESTRA (GMT)       : 03:25:18.00
EXACTITUD DEL TIEMPO (s)               : 1.00
DURACION DEL REGISTRO (s), C1-C6       : /15.09/15.09/15.09                      
DURACION DEL REGISTRO (s), C7-C12      : 
NUM. TOTAL DE MUESTRAS, C1-C6          : /1509/1509/1509                       
NUM. TOTAL DE MUESTRAS, C7-C12         : 
ACEL. MAX.(Gal), C1-C6                 : /-6.31/9.47/-11.55                    
ACEL. MAX., C1-C6, EN LA MUESTRA       : /192/272/373                          
ACEL. MAX.(Gal), C7-C12                : 
ACEL. MAX., C7-C12,EN LA MUESTRA       : 
UNIDADES DE LOS DATOS                  : Gal (cm/s/s)
FACTOR DE DECIMACION                   : 1
FORMATO DATOS (FORTRAN,10 campos/dato) : 3F10.2


================================================================================
CALIDAD DEL ACELEROGRAMA:
REGISTRO DIGITAL COMPLETO, CON TIEMPO ABSOLUTO CORRECTO.


===============================================================================
COMENTARIOS:














===============================================================================
DATOS DE ACELERACION:
---------+---------+---------+---------+---------+---------+---------+---------+
   CANAL-1   CANAL-2   CANAL-3
         V      N90E      N00E
---------+---------+---------+---------+---------+---------+---------+---------+
      0.39     -1.06     -0.07
     -0.57     -0.10     -0.07
     -0.57     -0.10     -0.07
     -0.57     -0.10     -0.07
      0.39     -0.10     -0.07
      0.39     -0.10     -0.07
      0.39     -0.10      0.89
      0.39     -0.10      0.89
      0.39     -0.10     -0.07
      0.39     -0.10     -0.07
     -1.52      0.86     -0.07
     -0.57      0.86     -0.07
     -0.57     -0.10     -0.07
     -0.57     -0.10     -1.03
     -0.57     -1.06      0.89
      0.39     -1.06      0.89
      0.39     -0.10     -0.07
      0.39     -1.06     -1.03
     -1.52      0.86     -1.03
     -1.52      0.86     -1.03
      0.39     -0.10     -0.07
      1.35     -0.10     -0.07
      0.39     -0.10     -0.07
      0.39     -0.10     -0.07
     -0.57      0.86     -0.07
     -0.57      0.86      0.89
     -0.57      0.86      0.89
     -0.57      0.86      0.89
     -0.57     -0.10      0.89
     -0.57     -1.06     -0.07
      0.39     -1.06     -0.07
      0.39     -1.06     -1.03
      0.39     -1.06     -1.03
      0.39     -1.06     -0.07
      0.39     -1.06      0.89
      0.39     -0.10      0.89
      0.39     -0.10      0.89
      0.39     -0.10     -0.07
      0.39      0.86     -0.07
     -0.57      0.86     -0.07
     -0.57      1.81     -0.07
     -0.57      1.81     -0.07
     -0.57      0.86      0.89
      0.39      0.86      0.89
      0.39     -0.10      0.89
      0.39     -0.10     -0.07
      0.39     -0.10     -1.03
     -0.57     -0.10     -1.98
     -0.57     -0.10     -1.03
     -0.57     -0.10     -0.07
     -0.57     -0.10      0.89
      0.39     -0.10      0.89
      1.35     -0.10      0.89
      0.39      0.86     -0.07
      1.35      0.86     -1.03
      0.39      0.86     -1.03
      0.39     -0.10     -1.03
     -0.57     -1.06     -0.07
     -1.52     -2.01      0.89
     -1.52     -2.97      1.84
     -0.57     -2.01      0.89
      0.39     -0.10     -0.07
      0.39      1.81     -0.07
     -0.57      3.73     -0.07
      0.39      3.73     -0.07
     -0.57      2.77     -0.07
     -0.57      0.86     -0.07
     -0.57     -1.06     -1.03
      0.39     -1.06     -1.03
      0.39     -1.06     -1.03
      0.39     -2.01     -0.07
      0.39     -1.06      0.89
      0.39     -1.06      0.89
      0.39     -1.06     -1.03
      0.39     -0.10     -1.03
      0.39      0.86     -1.98
      1.35      0.86     -1.98
      0.39      0.86     -1.03
     -0.57      0.86      0.89
      0.39     -1.06      2.80
      0.39     -2.01      2.80
      0.39     -2.01      1.84
     -0.57     -2.01      1.84
     -1.52     -1.06      0.89
     -1.52     -0.10     -0.07
     -1.52     -0.10     -0.07
      0.39      1.81      0.89
      2.30      1.81     -0.07
      3.26      0.86     -1.03
      0.39     -0.10     -1.98
     -0.57     -0.10     -1.98
     -1.52     -1.06     -1.98
     -2.48     -2.01     -0.07
     -1.52     -2.01      1.84
     -0.57     -1.06      2.80
      0.39     -0.10      1.84
      0.39      0.86     -0.07
     -0.57      1.81     -1.98
     -0.57      2.77     -1.98
      1.35      1.81     -1.98
      2.30      1.81     -1.03
      1.35      2.77     -1.03
      1.35      2.77     -0.07
      0.39      1.81      0.89
     -0.57     -0.10      1.84
     -0.57     -2.01      1.84
     -0.57     -3.93      0.89
     -0.57     -2.97     -0.07
     -0.57     -2.01     -0.07
      0.39     -0.10     -0.07
      1.35      0.86     -0.07
      0.39      0.86      0.89
     -0.57     -0.10      0.89
     -1.52     -0.10      0.89
     -1.52      0.86     -0.07
      0.39      2.77      1.84
      2.30      3.73      0.89
      1.35      2.77     -1.03
      0.39      1.81     -1.03
      0.39     -0.10     -1.03
      0.39     -1.06     -1.03
     -0.57     -2.97     -1.03
     -1.52     -2.01     -0.07
     -0.57     -1.06     -1.03
      0.39     -0.10      0.89
     -1.52     -0.10     -0.07
      0.39     -0.10     -1.98
     -0.57     -0.10     -1.03
     -0.57     -1.06     -1.98
      0.39     -0.10     -1.98
      0.39     -0.10     -1.03
      1.35     -1.06      0.89
      1.35     -2.01      1.84
     -0.57     -2.97      1.84
     -1.52     -3.93      0.89
     -1.52     -3.93      1.84
     -1.52     -2.01      0.89
     -0.57     -0.10     -0.07
     -0.57      2.77     -0.07
      0.39      4.69     -1.03
      0.39      5.64     -1.03
     -0.57      5.64      0.89
     -1.52      4.69      1.84
      0.39      3.73      0.89
      3.26      2.77     -0.07
      4.22      1.81     -1.03
      2.30     -0.10     -1.98
      0.39     -1.06     -3.90
     -1.52     -2.01     -3.90
     -2.48     -2.01     -1.98
     -2.48     -2.97     -1.03
      0.39     -2.01      0.89
      2.30     -2.01      3.76
      2.30     -2.97      4.72
      1.35     -2.97      2.80
     -0.57     -3.93      0.89
     -2.48     -2.97     -0.07
     -2.48     -2.97     -0.07
     -1.52     -2.01      0.89
      1.35      0.86      2.80
      2.30      2.77      4.72
      2.30      1.81      4.72
     -0.57      0.86      2.80
     -3.44     -0.10      0.89
     -2.48      0.86     -1.98
     -0.57      1.81     -3.90
      2.30      3.73     -4.86
      3.26      2.77     -3.90
      2.30      1.81     -1.98
      0.39      0.86     -1.98
     -0.57     -0.10     -1.03
     -0.57     -0.10     -1.03
      0.39     -0.10     -1.98
      0.39     -1.06     -1.98
      1.35     -2.97     -3.90
     -0.57     -3.93     -4.86
     -1.52     -3.93     -1.98
     -1.52     -0.10      0.89
     -2.48      2.77      4.72
     -0.57      3.73      7.59
      0.39      2.77      6.63
      2.30      1.81      2.80
      2.30     -0.10     -1.98
      0.39     -2.01     -7.73
      0.39     -1.06     -8.68
     -0.57      0.86     -5.81
     -0.57      1.81     -0.07
      0.39      1.81      5.67
      1.35      1.81      7.59
      1.35     -0.10      4.72
     -0.57     -2.97     -0.07
     -3.44     -3.93     -4.86
     -6.31     -2.97     -4.86
     -4.40     -1.06     -1.03
     -1.52      1.81      4.72
      2.30      3.73      8.54
      4.22      2.77      7.59
      4.22      0.86      1.84
      1.35     -2.01     -4.86
     -1.52     -3.93     -7.73
     -2.48     -4.89     -5.81
     -1.52     -3.93     -0.07
      1.35     -2.01      4.72
      2.30     -0.10      4.72
      2.30      2.77      0.89
      1.35      4.69     -4.86
      0.39      5.64     -8.68
      0.39      3.73     -9.64
      0.39      1.81     -3.90
      0.39      0.86      1.84
     -1.52      0.86      7.59
     -0.57      1.81     10.46
      0.39      1.81      6.63
      0.39      0.86     -0.07
     -0.57     -1.06     -5.81
     -2.48     -2.01     -7.73
     -2.48     -2.97     -6.77
     -1.52     -2.97     -3.90
     -0.57     -2.97     -1.03
      1.35     -3.93     -0.07
      1.35     -4.89      0.89
      0.39     -3.93      0.89
      1.35     -0.10      0.89
      2.30      1.81      1.84
      2.30      3.73      2.80
      2.30      2.77      2.80
      1.35      0.86      1.84
     -0.57     -2.01     -1.03
     -2.48     -2.97     -5.81
     -3.44     -3.93     -3.90
     -1.52     -2.01     -1.03
      1.35      0.86      1.84
      2.30      4.69      2.80
      2.30      5.64      3.76
     -0.57      4.69      2.80
     -3.44      2.77      1.84
     -5.35     -0.10      1.84
     -3.44     -2.97      1.84
     -0.57     -4.89      0.89
      1.35     -3.93      0.89
      2.30     -1.06      1.84
      1.35      0.86      1.84
      1.35      2.77     -1.03
      0.39      4.69     -3.90
     -0.57      5.64     -4.86
     -0.57      3.73     -3.90
      0.39     -1.06     -1.98
      0.39     -3.93     -0.07
      0.39     -4.89     -0.07
      1.35     -3.93     -1.98
      0.39     -0.10     -1.98
      1.35      3.73     -5.81
      1.35      4.69     -3.90
      0.39      3.73     -0.07
      0.39      2.77      2.80
     -0.57      0.86      2.80
     -1.52     -1.06     -0.07
     -1.52     -3.93     -1.98
     -0.57     -3.93     -4.86
     -0.57     -2.97     -3.90
      1.35     -1.06     -1.03
      1.35      1.81      1.84
      1.35      2.77      3.76
     -2.48      2.77      5.67
     -3.44      0.86      5.67
     -4.40     -1.06      3.76
     -3.44     -4.89      2.80
     -1.52     -6.80      1.84
      0.39     -6.80      2.80
      2.30     -4.89      2.80
      3.26      0.86      0.89
      3.26      5.64     -1.03
      1.35      9.47     -3.90
      0.39      9.47     -4.86
      0.39      4.69     -4.86
      0.39      0.86     -1.98
     -0.57     -1.06      0.89
     -0.57     -1.06      3.76
     -0.57      1.81      6.63
      0.39      3.73      5.67
      1.35      4.69      1.84
      1.35      4.69     -4.86
     -0.57      1.81     -9.64
     -1.52     -2.01     -9.64
     -1.52     -5.84     -5.81
     -0.57     -7.76      0.89
      1.35     -8.71      5.67
      3.26     -5.84      7.59
      2.30     -2.01      5.67
      0.39      1.81      0.89
     -2.48      3.73     -4.86
     -4.40      3.73     -7.73
     -3.44      2.77     -4.86
     -1.52      1.81      1.84
      1.35      1.81      7.59
      3.26      1.81     10.46
      4.22      0.86      6.63
      2.30     -2.97     -1.03
     -0.57     -4.89     -7.73
     -4.40     -5.84     -9.64
     -3.44     -4.89     -7.73
     -0.57     -3.93     -1.98
      3.26     -2.01      1.84
      5.18      0.86      3.76
      4.22      3.73      1.84
      1.35      5.64     -0.07
     -1.52      5.64     -1.98
     -3.44      5.64     -3.90
     -3.44      3.73     -3.90
     -1.52      1.81     -1.98
      0.39     -1.06     -0.07
      0.39     -2.97      0.89
     -0.57     -3.93      1.84
     -0.57     -4.89      0.89
     -0.57     -2.97      1.84
      0.39     -1.06      0.89
      1.35      0.86     -3.90
      2.30      0.86     -6.77
      1.35     -0.10     -6.77
     -1.52     -1.06     -3.90
     -3.44     -1.06      1.84
     -1.52     -2.01      6.63
      0.39     -2.97      8.54
      2.30     -2.97      9.50
      3.26     -1.06      6.63
      2.30      2.77      0.89
      0.39      4.69     -4.86
     -2.48      6.60     -6.77
     -3.44      6.60     -4.86
     -2.48      3.73      0.89
     -0.57     -0.10      4.72
      1.35     -2.01      5.67
      2.30     -2.01      3.76
      1.35     -0.10     -1.03
     -1.52      2.77     -4.86
     -3.44      2.77     -5.81
     -3.44      3.73     -1.98
     -1.52      0.86      0.89
      1.35     -1.06      3.76
      4.22     -2.01      2.80
      4.22     -3.93     -0.07
      5.18     -3.93     -3.90
      3.26     -2.01     -7.73
     -0.57     -0.10     -7.73
     -2.48      1.81     -4.86
     -3.44      1.81      0.89
     -2.48      1.81      3.76
      0.39     -0.10      4.72
      2.30     -2.97      1.84
      2.30     -2.97     -0.07
      1.35     -2.97     -1.98
     -0.57      0.86     -1.98
     -1.52      1.81     -1.03
     -2.48      1.81     -1.03
     -1.52      1.81     -0.07
      0.39      1.81      0.89
      1.35     -0.10     -0.07
      1.35     -2.01     -1.98
      0.39     -2.01     -1.98
     -2.48     -0.10     -1.03
     -0.57      0.86      0.89
      0.39      0.86      1.84
      1.35      0.86     -0.07
      1.35     -1.06     -1.98
     -0.57     -2.97     -3.90
     -1.52     -5.84     -1.98
     -2.48     -5.84      1.84
     -1.52     -4.89      6.63
      0.39     -2.97      9.50
      1.35     -1.06      8.54
      1.35      0.86      4.72
      0.39      0.86     -3.90
     -0.57      1.81    -10.60
     -0.57      1.81    -11.55
      0.39      2.77     -8.68
      2.30      4.69     -1.98
      3.26      6.60      1.84
      3.26      5.64      4.72
      0.39      3.73      3.76
     -2.48      1.81      1.84
     -3.44     -2.01      0.89
     -3.44     -2.97     -1.03
     -2.48     -2.97     -0.07
      0.39     -2.97      1.84
      2.30     -2.01      3.76
      3.26     -0.10      2.80
      2.30      1.81     -1.03
      1.35      2.77     -4.86
     -0.57      2.77     -5.81
     -0.57      1.81     -5.81
     -0.57      0.86     -3.90
     -1.52     -0.10     -0.07
      0.39     -1.06      1.84
      0.39     -2.01      1.84
     -0.57     -3.93      0.89
     -0.57     -4.89     -0.07
      0.39     -5.84     -1.03
      1.35     -2.97     -1.03
      2.30     -1.06      1.84
      1.35      1.81      4.72
      0.39      3.73      4.72
     -2.48      4.69      2.80
     -3.44      3.73     -0.07
     -4.40      0.86     -1.98
     -2.48     -1.06     -1.98
     -1.52     -2.01     -0.07
     -0.57     -1.06      2.80
      0.39     -1.06      3.76
      0.39     -0.10      2.80
      0.39     -0.10     -0.07
      1.35     -0.10     -1.98
      1.35      0.86     -4.86
      0.39     -0.10     -4.86
      0.39      0.86     -1.03
     -1.52     -0.10      1.84
      0.39      0.86      4.72
      1.35      1.81      2.80
      2.30      2.77     -0.07
      1.35      2.77     -5.81
      0.39      1.81     -7.73
     -0.57      0.86     -7.73
     -0.57     -0.10     -3.90
     -0.57     -1.06      0.89
      1.35     -2.01      3.76
      1.35     -2.97      3.76
      0.39     -1.06      2.80
     -0.57     -1.06     -0.07
     -2.48     -2.01     -1.03
     -2.48     -2.97     -0.07
     -2.48     -2.01      1.84
     -0.57     -1.06      3.76
      1.35      0.86      2.80
      2.30      1.81     -0.07
      1.35      2.77     -4.86
      1.35      2.77     -5.81
      0.39      0.86     -5.81
      0.39     -0.10     -1.98
      0.39      0.86     -0.07
     -1.52      1.81      3.76
     -1.52      1.81      6.63
     -1.52      0.86      5.67
     -1.52     -0.10      3.76
     -0.57     -1.06      1.84
      0.39     -2.01     -0.07
      1.35     -2.01     -1.03
      0.39     -1.06     -1.03
     -1.52      0.86     -0.07
      0.39      1.81     -1.03
      1.35      1.81     -1.98
      0.39      0.86     -4.86
     -0.57     -1.06     -4.86
     -1.52     -3.93     -1.98
     -0.57     -3.93     -0.07
     -0.57     -3.93      2.80
      1.35     -1.06      5.67
      1.35      0.86      3.76
      0.39      2.77      0.89
     -0.57      2.77     -1.03
     -2.48      1.81     -1.98
     -2.48     -0.10     -1.98
     -1.52     -1.06     -1.03
      0.39     -1.06      0.89
      3.26     -1.06      1.84
      2.30     -0.10     -0.07
      1.35      1.81     -1.03
     -0.57      0.86     -1.98
     -1.52      0.86     -3.90
     -1.52      0.86     -1.98
     -0.57      0.86     -0.07
      0.39      0.86      2.80
      1.35      0.86      3.76
      0.39     -0.10      2.80
     -0.57     -0.10      1.84
      0.39     -1.06      0.89
      0.39     -0.10     -1.03
      0.39     -0.10     -1.98
      0.39      0.86     -1.98
      0.39      1.81     -1.98
      0.39      1.81     -1.03
     -0.57     -0.10      0.89
     -0.57     -1.06      1.84
     -0.57     -2.01      2.80
     -0.57     -2.97      0.89
     -1.52     -3.93     -1.03
     -0.57     -2.01     -1.98
      0.39     -1.06     -1.98
      0.39      1.81     -1.03
      0.39      2.77      1.84
      0.39      2.77      3.76
     -0.57      1.81      3.76
     -0.57     -0.10      0.89
     -0.57     -1.06     -0.07
     -1.52     -1.06     -1.03
     -0.57     -0.10     -1.03
      0.39      0.86     -0.07
      0.39      1.81      0.89
      0.39      0.86     -0.07
      0.39     -0.10     -0.07
     -0.57     -1.06     -1.03
     -1.52     -1.06     -1.03
     -1.52     -1.06     -1.03
      0.39     -1.06     -0.07
      0.39      0.86      0.89
      1.35      1.81      0.89
      2.30      2.77     -0.07
      1.35      1.81     -1.98
      0.39      0.86     -1.98
     -1.52     -0.10     -1.98
     -1.52     -0.10      0.89
     -0.57      0.86      1.84
      0.39      1.81      0.89
      0.39      1.81     -1.03
      0.39      0.86     -1.98
     -0.57     -0.10     -3.90
     -0.57     -2.01     -1.98
      0.39     -2.97     -0.07
      0.39     -3.93      2.80
      1.35     -2.97      3.76
      1.35     -2.01      1.84
      0.39     -2.01     -1.03
     -0.57      1.81     -4.86
     -1.52      1.81     -5.81
     -1.52      1.81     -3.90
      0.39      0.86     -1.03
      0.39     -0.10      0.89
      1.35     -1.06      0.89
      1.35     -2.01      0.89
      0.39     -2.01     -0.07
     -0.57     -2.01     -1.03
     -0.57     -1.06     -1.03
     -0.57      0.86      1.84
     -0.57      0.86      3.76
      0.39      1.81      4.72
      0.39      1.81      2.80
      0.39      0.86      0.89
     -0.57     -0.10     -1.03
     -0.57     -0.10     -1.98
     -0.57     -0.10     -1.03
     -0.57     -0.10     -0.07
      0.39     -0.10      2.80
      0.39     -0.10      3.76
      0.39      0.86      2.80
     -0.57      0.86      0.89
     -0.57      0.86     -1.03
     -0.57      0.86     -1.98
      0.39      0.86     -1.98
      0.39     -0.10     -1.03
      0.39      0.86     -0.07
     -0.57      0.86     -0.07
     -0.57      0.86     -0.07
      0.39      1.81     -0.07
      1.35      0.86     -0.07
      1.35     -0.10     -0.07
     -0.57     -0.10      0.89
     -1.52     -0.10      0.89
     -0.57     -1.06      0.89
     -0.57     -1.06     -0.07
     -0.57     -2.01     -0.07
      0.39     -2.01     -0.07
      0.39     -3.93     -0.07
      0.39     -2.01     -0.07
      0.39     -0.10      0.89
     -0.57     -0.10     -0.07
      0.39     -0.10     -1.03
     -0.57     -0.10     -1.98
     -0.57     -0.10     -1.03
     -0.57     -1.06     -1.03
      0.39     -0.10     -0.07
      1.35     -0.10     -0.07
      1.35     -0.10     -0.07
      0.39      0.86     -0.07
     -0.57      0.86     -0.07
     -1.52      1.81     -0.07
     -0.57      0.86     -0.07
      0.39     -0.10      0.89
      1.35     -0.10      0.89
      1.35     -0.10     -0.07
      0.39      0.86     -0.07
     -0.57      0.86     -0.07
     -1.52     -0.10     -0.07
     -0.57     -0.10     -1.03
      0.39     -0.10     -1.03
      1.35      0.86     -1.03
      0.39      0.86     -0.07
     -0.57      1.81     -0.07
     -2.48      1.81     -0.07
     -2.48      1.81      0.89
     -1.52      0.86      0.89
      0.39     -0.10     -0.07
      2.30     -1.06     -0.07
      2.30     -2.01     -0.07
      1.35     -2.01     -0.07
     -0.57     -1.06      0.89
     -0.57     -0.10     -0.07
      0.39      0.86      0.89
      1.35     -0.10     -0.07
      1.35     -0.10     -0.07
      1.35     -0.10     -0.07
      0.39     -0.10     -0.07
     -0.57     -0.10      0.89
     -2.48     -0.10      2.80
     -0.57     -0.10      2.80
      0.39     -0.10      1.84
      1.35     -0.10     -0.07
      1.35     -0.10     -1.03
      0.39     -0.10     -1.98
     -1.52     -0.10     -1.98
     -0.57     -0.10     -0.07
     -0.57      0.86      0.89
      0.39      1.81      1.84
      0.39      0.86      0.89
     -0.57      0.86     -1.03
     -2.48     -0.10     -1.98
     -3.44     -1.06     -3.90
     -2.48     -1.06     -1.98
     -0.57     -0.10     -0.07
      1.35      1.81      1.84
      2.30      1.81      2.80
      1.35      1.81      2.80
     -0.57     -0.10      0.89
     -2.48     -1.06     -0.07
     -2.48     -2.01     -0.07
     -1.52     -1.06     -1.03
      0.39     -0.10     -0.07
      1.35      0.86      0.89
      1.35      1.81      0.89
      1.35      0.86     -0.07
      0.39     -0.10     -1.03
     -0.57     -1.06     -1.98
     -0.57     -2.01     -3.90
     -0.57     -2.01     -1.98
      0.39     -1.06     -1.03
      1.35     -0.10     -0.07
      1.35     -0.10      0.89
      0.39     -0.10      0.89
      0.39     -0.10     -0.07
     -0.57     -0.10     -1.03
     -0.57     -0.10     -1.03
      0.39     -0.10     -0.07
      0.39      0.86      0.89
      0.39     -0.10      1.84
      0.39     -0.10      1.84
      0.39     -0.10      0.89
      0.39     -1.06     -1.03
     -0.57     -1.06     -1.98
     -0.57     -2.01     -1.03
     -0.57     -0.10     -0.07
      0.39     -0.10      0.89
      0.39     -0.10      1.84
      0.39     -0.10      1.84
     -0.57     -0.10      0.89
     -0.57     -0.10     -0.07
     -0.57      0.86     -1.03
     -0.57      0.86     -1.03
      0.39      0.86     -0.07
     -0.57      0.86     -0.07
     -0.57     -0.10      0.89
      0.39     -0.10      0.89
     -0.57     -1.06     -0.07
      0.39     -1.06     -0.07
     -0.57     -1.06     -1.03
     -0.57     -0.10     -1.03
     -0.57      0.86     -1.03
      0.39      0.86     -1.03
      1.35      0.86     -0.07
      0.39      0.86     -0.07
     -0.57     -0.10     -0.07
     -1.52     -0.10      0.89
     -1.52     -0.10      0.89
      0.39      0.86      1.84
      0.39      0.86      1.84
      0.39      0.86      1.84
      1.35     -0.10      0.89
     -1.52     -0.10     -0.07
     -0.57     -0.10     -1.03
      0.39     -1.06     -1.03
      1.35     -2.01     -1.03
      1.35     -2.97     -1.03
      1.35     -0.10     -0.07
      1.35      0.86     -0.07
     -1.52     -0.10     -0.07
     -1.52     -0.10     -0.07
     -1.52     -1.06      0.89
     -0.57     -1.06      0.89
      0.39     -1.06      0.89
      0.39     -0.10      0.89
      0.39     -0.10     -0.07
      0.39     -0.10     -1.03
     -0.57     -0.10     -1.03
     -0.57     -0.10     -1.03
     -0.57     -0.10     -0.07
     -0.57      0.86      0.89
      0.39      1.81      0.89
      0.39      1.81      0.89
      0.39      1.81      0.89
     -0.57      0.86     -0.07
     -0.57     -1.06     -0.07
     -0.57     -1.06     -1.03
      0.39     -1.06     -1.03
     -0.57     -2.01     -0.07
      0.39     -0.10     -0.07
      0.39     -0.10     -0.07
      0.39      0.86     -0.07
      0.39      0.86     -0.07
      0.39      0.86     -0.07
     -0.57      0.86     -0.07
     -0.57      0.86     -0.07
     -0.57      0.86     -0.07
     -0.57      0.86     -0.07
      0.39      0.86      0.89
      0.39      0.86      0.89
      0.39     -0.10     -0.07
      0.39     -1.06     -0.07
     -0.57     -1.06     -1.03
     -0.57     -1.06     -1.03
     -0.57     -1.06     -0.07
     -0.57     -1.06      0.89
     -0.57     -0.10      0.89
      0.39      0.86      0.89
      0.39      0.86      0.89
      1.35      0.86     -0.07
      0.39      0.86     -1.03
      0.39      0.86     -1.03
     -0.57      0.86     -1.03
     -0.57      0.86     -0.07
     -0.57      0.86      0.89
     -0.57      0.86      0.89
      0.39      0.86      0.89
     -0.57      0.86     -0.07
      0.39     -0.10     -1.03
      0.39     -1.06     -1.98
     -0.57     -1.06     -1.98
     -1.52     -2.01     -1.98
      0.39     -2.01     -1.03
      0.39     -1.06      0.89
      1.35     -0.10      0.89
      1.35      0.86      0.89
      0.39      1.81     -0.07
      0.39      1.81     -0.07
     -0.57      0.86     -0.07
     -1.52     -0.10      0.89
     -0.57     -2.01      0.89
     -0.57     -1.06     -0.07
      1.35     -0.10     -0.07
      1.35     -0.10     -0.07
      1.35     -0.10     -1.03
      0.39      0.86     -1.03
      0.39      0.86     -0.07
     -0.57      0.86      0.89
     -0.57      0.86      0.89
      0.39      0.86      0.89
      0.39      0.86      0.89
      0.39      0.86     -0.07
     -0.57     -0.10     -0.07
     -0.57     -0.10     -1.03
     -0.57     -0.10     -1.03
      0.39     -0.10     -0.07
      0.39     -0.10     -0.07
      0.39     -0.10      0.89
      0.39     -0.10      0.89
      0.39     -0.10      0.89
     -0.57     -1.06     -0.07
     -0.57     -1.06     -0.07
     -0.57     -1.06     -0.07
     -0.57     -1.06     -0.07
      0.39     -0.10     -0.07
      1.35     -0.10     -0.07
      1.35      0.86     -0.07
      0.39      1.81     -0.07
      0.39      1.81     -0.07
     -0.57      1.81     -0.07
     -0.57      1.81      0.89
     -0.57      0.86     -0.07
     -0.57     -0.10     -0.07
      0.39     -1.06     -0.07
      0.39     -1.06     -0.07
      0.39     -0.10     -0.07
      0.39     -0.10     -0.07
     -0.57     -0.10     -0.07
     -0.57     -0.10     -0.07
     -0.57     -1.06     -1.03
     -0.57     -1.06     -1.98
     -0.57     -2.01     -1.98
      0.39     -2.01     -1.03
      0.39     -1.06     -0.07
      0.39     -1.06     -0.07
      0.39     -0.10     -0.07
      0.39      0.86      0.89
      0.39      0.86      0.89
     -0.57     -0.10      0.89
     -0.57     -0.10      0.89
     -0.57      0.86     -0.07
      0.39      0.86     -0.07
      1.35      0.86     -0.07
      1.35      0.86     -0.07
      0.39      0.86     -0.07
     -0.57      0.86     -0.07
     -0.57      0.86     -1.03
     -0.57     -0.10     -0.07
     -0.57     -0.10      0.89
      0.39     -0.10      0.89
      1.35      0.86      0.89
      0.39      0.86      0.89
     -0.57     -0.10     -0.07
     -1.52     -0.10     -1.03
     -0.57     -1.06     -1.98
      0.39     -2.01     -1.98
      1.35     -1.06     -1.03
      1.35     -0.10     -1.03
      1.35     -0.10     -0.07
      0.39     -0.10     -0.07
     -0.57     -1.06     -0.07
     -0.57      0.86     -1.03
      0.39      0.86     -1.03
      0.39      0.86     -0.07
      0.39     -0.10      0.89
      0.39     -0.10      0.89
      0.39     -0.10     -0.07
     -1.52     -0.10      0.89
     -1.52     -0.10      0.89
     -0.57     -0.10      0.89
      0.39      0.86      0.89
      0.39      0.86     -0.07
      0.39      0.86     -0.07
     -0.57      0.86     -0.07
     -0.57     -0.10      0.89
     -0.57     -1.06     -0.07
      0.39     -1.06     -0.07
      1.35     -1.06     -0.07
      1.35     -1.06     -0.07
      0.39     -0.10     -0.07
      0.39     -0.10     -0.07
     -1.52     -0.10      0.89
     -0.57      0.86      0.89
     -1.52      0.86     -0.07
     -0.57      0.86     -0.07
      0.39      0.86     -1.03
      0.39     -0.10     -0.07
      0.39     -0.10     -0.07
     -0.57     -0.10     -0.07
      0.39     -0.10      0.89
      0.39     -0.10     -0.07
      0.39      0.86     -0.07
     -0.57     -0.10     -1.03
     -0.57     -0.10     -1.03
      0.39     -1.06     -1.03
      0.39     -1.06     -0.07
     -1.52     -0.10     -0.07
      0.39     -0.10     -0.07
      0.39     -0.10     -0.07
      0.39     -0.10      0.89
      0.39     -1.06     -0.07
      0.39     -0.10     -0.07
     -0.57     -0.10     -0.07
     -1.52      0.86     -0.07
     -0.57      0.86      0.89
      0.39      0.86      0.89
      0.39      0.86      0.89
      0.39      0.86      0.89
      0.39      0.86     -0.07
      0.39      0.86     -0.07
     -0.57     -0.10     -0.07
     -0.57     -0.10     -0.07
     -0.57     -0.10     -0.07
     -0.57     -1.06     -0.07
      0.39     -1.06     -0.07
      0.39     -1.06     -0.07
      0.39     -0.10     -0.07
      0.39     -0.10      0.89
      0.39      0.86      0.89
     -0.57      0.86      0.89
     -0.57      0.86      0.89
      0.39      0.86     -0.07
      0.39      0.86     -0.07
     -1.52     -0.10     -0.07
     -0.57     -0.10     -0.07
      0.39     -1.06     -0.07
      0.39     -1.06     -0.07
      0.39     -0.10     -0.07
      0.39     -0.10      0.89
      0.39     -0.10     -0.07
      0.39     -0.10     -0.07
      0.39     -1.06     -0.07
      0.39     -1.06     -1.03
      0.39     -1.06     -0.07
      0.39     -0.10     -0.07
     -0.57     -0.10     -0.07
     -0.57     -0.10      0.89
     -0.57     -0.10     -0.07
      0.39     -0.10     -0.07
      0.39     -0.10     -0.07
     -0.57     -0.10      0.89
     -0.57     -0.10      0.89
     -0.57     -0.10     -0.07
      0.39     -0.10      0.89
      0.39     -0.10     -0.07
      0.39     -0.10     -0.07
      0.39     -0.10     -1.03
      0.39     -0.10     -1.03
      0.39     -0.10     -1.03
      0.39     -0.10     -1.98
      0.39     -0.10     -0.07
      0.39      0.86     -0.07
      0.39      0.86     -0.07
      0.39      0.86     -0.07
     -0.57      1.81     -0.07
     -0.57      1.81     -0.07
     -1.52      0.86     -0.07
      0.39     -0.10     -0.07
      0.39     -1.06      0.89
     -0.57     -1.06      0.89
     -0.57     -1.06     -0.07
     -0.57     -0.10     -0.07
      0.39     -0.10     -0.07
      0.39     -0.10     -0.07
      0.39     -0.10     -0.07
      0.39     -0.10     -0.07
     -0.57     -0.10     -0.07
     -1.52     -0.10     -0.07
     -0.57     -0.10     -0.07
      0.39     -1.06     -0.07
      0.39     -1.06     -0.07
      1.35     -1.06     -0.07
      0.39      0.86     -0.07
     -0.57      0.86     -0.07
     -0.57      0.86     -0.07
     -0.57     -0.10     -0.07
     -0.57      0.86     -0.07
      0.39     -0.10      0.89
      0.39     -0.10      0.89
      0.39     -0.10      0.89
      0.39     -0.10      0.89
     -0.57     -0.10      0.89
     -0.57     -0.10     -0.07
     -0.57     -0.10      0.89
      0.39     -0.10     -0.07
      0.39     -0.10     -0.07
      0.39     -0.10     -0.07
      0.39     -0.10     -0.07
      0.39     -0.10     -0.07
      0.39     -0.10     -0.07
      0.39      0.86     -0.07
      0.39     -0.10     -0.07
      0.39     -0.10     -0.07
     -0.57     -0.10     -0.07
     -0.57     -1.06     -0.07
      0.39     -0.10     -0.07
      0.39     -0.10     -0.07
      0.39     -0.10     -0.07
      0.39      0.86      0.89
      0.39      0.86      0.89
      0.39      0.86     -0.07
     -0.57     -0.10     -0.07
     -0.57     -0.10     -0.07
     -0.57     -0.10     -0.07
      0.39     -0.10     -0.07
      0.39     -0.10     -0.07
      0.39     -0.10     -0.07
     -0.57     -0.10     -0.07
     -0.57     -0.10     -0.07
     -0.57     -0.10     -0.07
     -0.57     -0.10     -0.07
     -0.57     -0.10     -0.07
      0.39     -0.10     -1.03
      0.39     -0.10     -1.03
      0.39      0.86     -0.07
     -0.57      0.86     -0.07
     -0.57     -0.10     -0.07
      0.39     -0.10     -0.07
      0.39     -0.10      0.89
      0.39     -0.10     -0.07
      0.39     -0.10     -0.07
      0.39     -0.10     -1.03
      0.39     -0.10     -0.07
     -0.57     -0.10     -0.07
      0.39     -0.10      0.89
      0.39     -0.10      0.89
      0.39     -0.10      0.89
     -0.57     -1.06     -0.07
     -0.57     -1.06     -1.03
     -0.57     -0.10     -1.03
      0.39     -0.10     -1.03
      0.39     -0.10     -0.07
      0.39     -0.10      0.89
      0.39     -0.10      0.89
      0.39     -0.10      0.89
     -0.57     -0.10      0.89
     -0.57     -0.10     -0.07
     -0.57     -0.10     -0.07
      0.39      0.86     -0.07
      0.39      0.86     -0.07
     -0.57      0.86      0.89
     -0.57     -0.10     -0.07
     -0.57     -0.10     -0.07
      0.39     -0.10     -0.07
      0.39     -0.10     -0.07
      0.39     -0.10      0.89
      0.39     -0.10      0.89
      0.39     -0.10     -0.07
      0.39     -0.10     -0.07
     -0.57     -0.10     -0.07
      0.39     -0.10     -0.07
      0.39     -0.10     -0.07
      1.35     -0.10     -0.07
      1.35     -0.10     -0.07
      0.39     -0.10      0.89
     -0.57     -0.10     -0.07
     -0.57     -0.10     -0.07
     -1.52     -0.10     -1.03
      0.39     -0.10     -1.98
      0.39     -0.10     -0.07
      1.35     -0.10      0.89
      0.39      0.86      0.89
     -0.57      0.86      0.89
     -0.57     -0.10     -0.07
     -0.57     -0.10     -1.03
     -0.57     -0.10     -1.03
     -0.57     -0.10     -1.98
      0.39     -1.06     -0.07
      0.39     -0.10     -0.07
      0.39     -0.10      0.89
     -0.57     -0.10      0.89
     -0.57     -0.10     -0.07
     -0.57     -0.10     -0.07
      0.39     -0.10     -1.03
      0.39      0.86     -0.07
      0.39      0.86      0.89
      0.39      0.86      0.89
      0.39      0.86      0.89
     -0.57     -0.10     -0.07
     -1.52     -0.10     -0.07
     -0.57     -0.10     -0.07
      0.39     -0.10     -0.07
      0.39     -0.10      0.89
      0.39     -0.10     -0.07
      0.39     -0.10     -0.07
     -0.57     -0.10     -0.07
      0.39     -0.10     -1.03
      0.39     -0.10     -1.03
      0.39     -1.06     -0.07
      0.39     -0.10     -0.07
      0.39     -1.06     -0.07
      0.39     -1.06      0.89
      0.39     -0.10     -0.07
      0.39     -0.10     -1.03
     -0.57     -1.06     -1.03
     -0.57     -0.10     -0.07
      0.39     -1.06     -0.07
      0.39     -0.10      0.89
      0.39      0.86      0.89
      0.39      0.86      0.89
     -0.57     -0.10     -0.07
     -0.57     -0.10     -0.07
      0.39     -0.10     -0.07
      0.39     -0.10      0.89
      0.39     -0.10      0.89
      0.39     -0.10      0.89
     -0.57     -0.10     -0.07
     -0.57     -0.10     -1.03
     -0.57     -0.10     -1.03
     -0.57     -0.10     -0.07
     -0.57     -0.10     -0.07
      0.39      0.86      0.89
      0.39     -0.10      0.89
     -0.57      0.86     -0.07
      0.39      0.86     -1.03
     -0.57      0.86     -1.03
     -0.57      0.86     -0.07
     -0.57     -0.10      0.89
     -0.57     -0.10      0.89
      0.39     -0.10      0.89
      0.39     -0.10      0.89
      0.39     -0.10     -0.07
      0.39     -0.10     -1.03
     -1.52     -0.10     -1.03
      0.39     -0.10     -1.03
      0.39     -1.06     -0.07
      0.39     -0.10     -0.07
      0.39     -0.10      0.89
      0.39     -0.10     -0.07
      0.39      0.86     -0.07
      0.39      0.86     -0.07
     -0.57      0.86     -0.07
     -0.57      0.86     -0.07
      0.39     -0.10     -0.07
     -0.57     -0.10     -0.07
     -0.57     -0.10     -0.07
     -0.57     -0.10     -0.07
     -0.57     -0.10      0.89
      0.39     -0.10      0.89
      0.39     -0.10     -0.07
      0.39     -0.10     -0.07
      0.39     -0.10     -0.07
      0.39      0.86     -0.07
      0.39      0.86     -0.07
     -0.57     -0.10     -0.07
      0.39     -0.10      0.89
      0.39     -0.10     -0.07
      0.39     -1.06     -0.07
      0.39     -0.10     -0.07
      0.39     -0.10     -0.07
     -0.57      0.86     -0.07
     -0.57      0.86     -0.07
     -0.57     -0.10     -0.07
     -0.57     -1.06      0.89
      1.35     -0.10     -0.07
      0.39     -0.10     -1.03
      0.39     -0.10     -0.07
     -1.52     -0.10     -0.07
     -0.57     -0.10     -0.07
     -0.57     -0.10      0.89
      0.39     -0.10      0.89
      0.39     -0.10      0.89
      0.39     -0.10     -0.07
      0.39     -0.10     -0.07
      0.39     -0.10     -0.07
      0.39     -0.10     -0.07
     -0.57      0.86      0.89
     -0.57      0.86     -0.07
     -0.57      0.86     -0.07
     -0.57     -0.10     -0.07
      0.39     -0.10     -0.07
     -0.57     -0.10     -0.07
      0.39     -0.10     -0.07
      0.39     -0.10     -0.07
      0.39     -0.10     -0.07
      0.39     -0.10     -0.07
     -0.57     -0.10     -1.03
     -0.57     -1.06     -1.03
     -1.52     -0.10     -1.03
     -0.57     -0.10     -0.07
      0.39     -0.10     -0.07
      0.39     -1.06     -0.07
      0.39     -0.10     -0.07
     -0.57     -0.10     -0.07
     -0.57     -0.10     -0.07
     -1.52     -0.10     -0.07
     -0.57     -0.10      0.89
      0.39      0.86      1.84
      0.39      0.86      0.89
      0.39     -0.10      0.89
      0.39      0.86     -0.07
      0.39      0.86     -0.07
      0.39      0.86     -0.07
      0.39     -0.10     -0.07
      0.39     -0.10     -0.07
      0.39     -0.10     -0.07
      0.39     -0.10     -0.07
      0.39     -1.06     -0.07
      0.39     -1.06     -0.07
      0.39     -1.06     -0.07
      0.39     -1.06     -0.07
      0.39     -0.10     -0.07
     -0.57     -0.10      0.89
     -1.52     -0.10      0.89
      0.39      0.86      0.89
      0.39      0.86     -0.07
     -0.57      0.86     -0.07
      0.39     -0.10     -0.07
     -0.57     -0.10     -0.07
     -0.57     -0.10      0.89
      0.39     -0.10      0.89
      0.39     -0.10      0.89
      0.39     -0.10     -0.07
      0.39      0.86     -1.03
      0.39     -0.10     -1.03
     -0.57     -1.06     -1.03
     -0.57     -0.10     -0.07
      0.39     -0.10     -0.07
      0.39     -0.10     -0.07
      0.39     -0.10     -0.07
      0.39     -0.10     -1.03
      0.39     -0.10     -1.98
     -0.57     -0.10     -0.07
     -0.57     -0.10     -0.07
     -0.57     -0.10      0.89
      0.39      0.86      0.89
      0.39      0.86      0.89
      0.39      0.86     -0.07
      0.39     -0.10     -0.07
     -0.57     -0.10     -1.03
     -0.57     -0.10     -1.03
     -0.57     -0.10     -0.07
     -0.57     -0.10     -0.07
      0.39     -0.10     -0.07
      0.39      0.86     -0.07
      0.39      0.86     -0.07
      0.39      0.86     -0.07
      0.39      0.86     -0.07
     -0.57      0.86     -0.07
     -0.57     -0.10     -0.07
     -0.57     -0.10      0.89
     -0.57     -0.10      0.89
      0.39     -0.10      0.89
      0.39     -0.10     -0.07
      0.39      0.86     -0.07
      0.39     -0.10     -0.07
      0.39     -0.10     -0.07
     -0.57     -0.10     -0.07
     -0.57     -0.10     -0.07
      0.39     -0.10      0.89
      0.39     -0.10     -0.07
      0.39     -0.10     -0.07
      0.39     -0.10     -0.07
      0.39      0.86     -0.07
      0.39      0.86     -0.07
      0.39      0.86     -0.07
      0.39     -0.10     -0.07
      0.39     -0.10     -0.07
      0.39     -1.06     -0.07
      0.39     -0.10     -0.07
      0.39     -0.10     -0.07
      0.39     -0.10     -0.07
      0.39     -0.10     -0.07
      0.39     -0.10     -0.07
      0.39      0.86     -0.07
      0.39     -0.10     -0.07
      0.39     -0.10     -0.07
      0.39     -0.10     -1.03
      0.39      0.86     -1.03
      0.39     -0.10     -0.07
      0.39     -0.10     -0.07
     -0.57     -0.10     -0.07
      0.39     -0.10      0.89
      0.39     -0.10      0.89
      0.39     -0.10     -0.07
     -0.57     -0.10     -0.07
     -0.57      0.86     -0.07
     -0.57      0.86     -0.07
      0.39      0.86     -0.07
     -0.57     -0.10     -0.07
     -0.57     -0.10     -0.07
      0.39     -1.06     -0.07
     -1.52     -1.06     -0.07
     -0.57     -0.10     -0.07
      0.39     -0.10     -0.07
      0.39     -0.10     -0.07
      0.39     -0.10     -0.07
      0.39     -0.10     -0.07
     -0.57     -0.10     -0.07
     -0.57     -0.10     -0.07
     -0.57     -0.10     -1.03
      0.39     -1.06     -0.07
      0.39      0.86     -0.07
      0.39      0.86     -0.07
      0.39     -0.10     -0.07
      0.39      0.86      0.89
      0.39     -0.10     -0.07
      0.39     -0.10     -0.07
     -0.57     -0.10     -1.03
      0.39     -0.10     -0.07
     -0.57     -0.10     -0.07
      0.39     -0.10     -0.07
      0.39     -0.10     -0.07
      0.39     -0.10     -1.03
     -0.57     -0.10     -0.07
      0.39     -0.10     -0.07
      0.39     -0.10     -0.07
      0.39     -0.10     -0.07
     -0.57     -0.10     -0.07
     -0.57     -0.10      0.89
      0.39     -0.10      0.89
      0.39     -0.10      0.89
      0.39      0.86     -0.07
      0.39      0.86     -0.07
      0.39     -1.06     -0.07
     -1.52      0.86     -0.07
     -0.57     -0.10     -0.07
      0.39     -0.10      0.89
     -0.57     -0.10     -0.07
      0.39     -0.10     -0.07
      0.39     -0.10     -1.03
      0.39     -0.10     -1.03
      0.39     -0.10     -1.03
      0.39     -0.10     -0.07
     -0.57     -0.10      0.89
      0.39     -0.10      0.89
     -0.57     -0.10      0.89
     -0.57     -0.10     -0.07
     -0.57     -0.10     -0.07
      0.39     -0.10     -1.03
      0.39      0.86     -0.07
      0.39      0.86     -0.07
      0.39      0.86      0.89
      0.39     -0.10      0.89
     -0.57     -1.06      0.89
     -0.57     -0.10     -0.07
      0.39     -0.10     -0.07
      0.39     -1.06     -1.03
      0.39     -0.10     -1.03
      0.39     -0.10     -1.03
      0.39     -0.10     -1.03
      0.39     -0.10     -1.03
     -0.57     -0.10     -1.03
     -0.57     -1.06     -0.07
      0.39     -1.06      0.89
      0.39     -0.10      0.89
      0.39      0.86      0.89
      0.39      0.86      0.89
      0.39      0.86     -0.07
      0.39      0.86     -0.07
     -0.57     -0.10     -0.07
     -0.57     -0.10     -0.07
     -0.57     -0.10     -0.07
      0.39     -0.10     -0.07
      0.39     -0.10     -0.07
      0.39     -0.10     -0.07
      0.39     -0.10     -0.07
     -0.57     -0.10     -0.07
     -0.57     -0.10     -0.07
     -0.57     -1.06     -0.07
      0.39     -0.10     -0.07
      0.39     -1.06     -0.07
      0.39     -0.10     -0.07
      0.39     -0.10      0.89
      0.39      0.86     -0.07
      0.39     -0.10     -1.03
     -0.57     -0.10     -1.03
     -0.57     -0.10     -1.03
     -0.57     -0.10     -0.07
     -0.57     -0.10      0.89
     -0.57      0.86      0.89
      0.39      0.86      0.89
      0.39      0.86      0.89
      0.39      0.86     -0.07
      0.39      0.86     -0.07
     -0.57      0.86     -0.07
     -0.57     -0.10      0.89
     -0.57     -0.10      0.89
      0.39     -0.10      0.89
      0.39     -0.10     -0.07
      0.39     -0.10     -1.03
     -0.57     -0.10     -1.03
     -0.57     -0.10     -1.03
     -0.57     -0.10     -0.07
      0.39     -1.06     -0.07
      0.39     -0.10     -0.07
      0.39     -0.10     -0.07
      0.39     -1.06     -0.07
      0.39     -0.10     -0.07
      0.39     -0.10     -0.07
      0.39     -0.10     -0.07
      0.39      0.86     -0.07
      0.39     -0.10     -0.07
      0.39      0.86      0.89
     -0.57      0.86      0.89
     -0.57     -0.10     -0.07
     -0.57     -0.10     -0.07
     -1.52     -1.06     -0.07
      0.39     -1.06     -0.07
      0.39     -0.10     -0.07
      0.39     -0.10     -0.07
      0.39     -1.06     -0.07
      0.39     -0.10     -1.03
      0.39     -0.10     -0.07
      0.39     -0.10     -0.07
      0.39     -0.10     -0.07
      0.39     -0.10     -0.07
      0.39     -0.10      0.89
     -0.57     -0.10     -0.07
      0.39     -0.10     -0.07
      0.39     -0.10     -0.07
      0.39     -0.10     -0.07
      0.39      0.86     -0.07
     -0.57     -0.10     -0.07
      0.39     -0.10     -0.07
      0.39     -0.10     -0.07
      0.39     -0.10     -0.07
      0.39      0.86     -0.07
      0.39      0.86     -0.07
      0.39     -0.10     -1.03
     -0.57     -0.10     -0.07
     -0.57     -0.10     -0.07
     -0.57     -0.10     -0.07
     -0.57     -0.10      0.89
      0.39     -0.10     -0.07
      0.39     -0.10     -0.07
      0.39     -0.10     -0.07
      0.39     -1.06     -1.03
      0.39     -0.10     -0.07
      0.39     -0.10     -0.07
     -0.57      0.86     -0.07
     -0.57     -0.10     -0.07
      0.39     -0.10     -0.07
      0.39     -0.10     -0.07
     -0.57     -0.10     -1.03
     -0.57     -0.10      0.89
     -0.57      0.86      0.89
     -0.57      0.86      0.89
      0.39      0.86      0.89
      0.39      0.86     -0.07
      0.39     -0.10     -0.07
     -0.57      0.86     -1.03
     -0.57     -0.10     -0.07
     -0.57     -0.10     -0.07
     -0.57     -0.10     -0.07
      0.39     -0.10     -0.07
      0.39     -0.10     -0.07
      0.39     -0.10     -0.07
      0.39     -0.10     -0.07
     -0.57     -0.10     -1.03
     -0.57     -0.10     -1.03
     -0.57     -0.10     -0.07
     -0.57      0.86      0.89
     -0.57      0.86      0.89
      0.39     -0.10     -0.07
      0.39     -0.10     -0.07
      0.39     -0.10     -0.07
      0.39     -0.10     -0.07
      0.39     -0.10     -0.07
      0.39     -0.10     -0.07
      0.39     -0.10     -0.07
      0.39     -0.10     -0.07
      0.39     -0.10      0.89
     -0.57     -0.10     -0.07
      0.39     -0.10     -0.07
      0.39     -0.10     -0.07
      0.39     -0.10     -0.07
      0.39     -0.10     -0.07
      0.39     -0.10     -0.07
      0.39     -0.10     -0.07
      0.39     -0.10     -0.07
      0.39     -0.10     -0.07
      0.39     -0.10     -0.07
      0.39     -0.10     -0.07
     -0.57      0.86     -0.07
     -0.57     -0.10     -0.07
      0.39     -0.10     -0.07
      0.39     -0.10     -0.07
      0.39     -0.10     -0.07
     -0.57     -0.10     -0.07
      0.39     -0.10     -0.07
      0.39     -0.10     -0.07
      0.39      0.86      0.89
      0.39     -0.10     -0.07
      0.39     -0.10     -0.07
     -1.52     -0.10     -0.07
      0.39     -0.10     -1.03
     -0.57     -0.10     -0.07
      0.39     -0.10     -0.07
      0.39     -1.06      0.89
      0.39     -0.10      0.89
     -0.57     -0.10     -0.07
     -0.57     -0.10     -0.07
     -0.57     -0.10     -0.07
      0.39     -1.06     -0.07
      0.39     -0.10     -0.07
      0.39     -0.10     -0.07
      0.39     -0.10      0.89
     -0.57      0.86     -0.07
     -0.57      0.86     -0.07
     -0.57      0.86     -0.07
      0.39      0.86     -0.07
      0.39     -0.10     -0.07
      0.39     -0.10     -0.07
      0.39     -0.10      0.89
      0.39     -0.10      0.89
     -0.57     -0.10      0.89
      0.39     -0.10     -0.07
      0.39     -0.10     -0.07
      0.39     -1.06     -0.07
      0.39     -0.10     -0.07
      0.39     -0.10     -0.07
     -0.57     -0.10     -0.07
     -0.57     -0.10     -0.07
     -0.57     -0.10     -0.07
      0.39     -0.10     -0.07
      0.39     -0.10     -0.07
     -0.57     -0.10     -0.07
     -0.57     -0.10     -0.07
     -0.57     -1.06     -0.07
     -0.57     -0.10     -0.07
     -0.57     -0.10     -0.07
      0.39     -0.10     -0.07
      0.39     -0.10     -1.03
      0.39      0.86     -0.07
      0.39      0.86     -0.07
     -0.57      0.86     -0.07
      0.39     -0.10     -0.07
     -1.52     -0.10     -0.07
      0.39     -0.10     -0.07
      0.39     -0.10     -0.07
      0.39     -0.10      0.89
      0.39     -0.10     -0.07
      0.39     -0.10     -0.07
      0.39     -0.10     -0.07
      0.39      0.86     -0.07
      0.39      0.86     -0.07
      0.39     -1.06     -0.07
      0.39     -0.10     -0.07
      0.39     -0.10     -0.07
      0.39     -0.10     -0.07
      0.39     -0.10     -0.07
      0.39     -0.10     -0.07
      0.39     -0.10     -0.07
      0.39     -0.10     -0.07
      0.39     -0.10      0.89
      0.39     -0.10      0.89
     -0.57     -0.10     -0.07
     -0.57     -0.10     -0.07
     -0.57     -0.10     -0.07
     -0.57     -0.10     -0.07
      0.39     -0.10     -0.07
      0.39     -0.10     -0.07
      0.39     -0.10     -0.07
      0.39     -0.10     -0.07
     -0.57     -0.10     -0.07
     -0.57     -0.10     -0.07
      0.39     -0.10     -0.07
      0.39     -0.10     -0.07
