********************************************************************************
                       INSTITUTO DE INGENIERIA, UNAM
                   Coordinacion de Instrumentacion Sismica
  Ciudad Universitaria, Apartado Postal 70-472, Coyoacan 04510, Mexico, D.F.
 Tel.(52-5)622-3414    Fax.(52-5)616-1514    e-mail: isismica@pumas.iingen.unam.mx
**************************************************************************************
ARCHIVO ESTANDAR DE ACELERACION:
VERSION DEL FORMATO                    : 2.0
NOMBRE DEL ARCHIVO                     : ACAR8903.131
FECHA Y HORA DE CREACION               : Mon Mar 23 17:06:02 1998
REF. CATALOGO ACELEROGRAMAS, SMIS 1995 : REGISTRO No. 1375 /PAG. 146


================================================================================
DATOS DE LA ESTACION:
NOMBRE DE LA ESTACION                  : ACAPULCO RENACIMIENTO
CLAVE DE LA ESTACION                   : ACAR
LOCALIZACION DE LA ESTACION            : CIUDAD RENACIMIENTO, CENTRO DE ESTUDIOS TECNOLOGICOS
                                       : Y SERVICIOS, ANTES DE LLEGAR AL MAXITUNEL DE ACAPULCO,
                                       : GUERRERO. 
                                       : 
                                       : 
COORDENADAS DE LA ESTACION             : 16.888789 LAT. N
                                       : 99.835027 LONG. W
ALTITUD (msnm)                         : 40
TIPO DE SUELO                          : ALUVIAL
                                       : 
                                       : 
INSTITUCION RESPONSABLE                : INSTITUTO DE INGENIERIA UNAM 
                                       : 

================================================================================
DATOS DEL ACELEROGRAFO: 
MODELO DEL ACELEROGRAFO                : DCA-333
NUMERO DE SERIE DEL ACELEROGRAFO       : 143
NUMERO DE CANALES                      : 3
ORIENTACION C1-C6 (rumbo;orientacion)  : /V/N90E/N00E
ORIENTACION C7-C12 (rumbo;orientacion) :
VEL. DE MUESTREO, C1-C6 (muestras/s)   : /100/100/100
VEL. DE MUESTREO, C7-C12 (muestras/s)  :
ESC. COMPLETA DE SENSORES, C1-C6, (g)  : /2/2/2
ESC. COMPLETA DE SENSORES, C7-C12 (g)  :
FREC. NAT. DE SENSORES, C1-C6, (Hz)    : /31.0/30.0/31.0
FREC. NAT. DE SENSORES, C7-C12 (Hz)    :
AMORTIGUAMIENTO DE SENSORES, C1-C6     : /0.66/0.75/0.70
AMORTIGUAMIENTO DE SENSORES, C7-C12    :
INTERVALO DE MUESTREO, C1-C6 (s)       : /0.01/0.01/0.01
INTERVALO DE MUESTREO, C7-C12 (s)      :
UMBRAL DE DISPARO, C1-C6 (Gal)         : /6/6/6
UMBRAL DE DISPARO, C7-C12 (Gal)        :
MEMORIA DE PREEVENTO (s)               : 4
TIEMPO DE POSEVENTO (s)                : 15


================================================================================
DATOS DEL SISMO:
FECHA DEL SISMO [GMT]                  : 1989/03/13
HORA EPICENTRO (GMT)                   : 03:25:23.5
MAGNITUD(ES)                           : /Mc=3.60
COORDENADAS DEL EPICENTRO              : 17.002 LAT. N 
                                       : 99.094 LONG. W 
PROFUNDIDAD FOCAL (km)                 : 27 
FUENTES DE LOS DATOS EPICENTRALES      : INSTITUTO DE INGENIERIA UNAM
                                       : 

================================================================================
DATOS DE ESTE REGISTRO:
HORA DE LA PRIMERA MUESTRA (GMT)       : 03:25:43.00
EXACTITUD DEL TIEMPO (s)               : 1.00
DURACION DEL REGISTRO (s), C1-C6       : /17.59/17.59/17.59                      
DURACION DEL REGISTRO (s), C7-C12      : 
NUM. TOTAL DE MUESTRAS, C1-C6          : /1759/1759/1759                       
NUM. TOTAL DE MUESTRAS, C7-C12         : 
ACEL. MAX.(Gal), C1-C6                 : /7.85/-13.01/-14.09                   
ACEL. MAX., C1-C6, EN LA MUESTRA       : /488/346/507                          
ACEL. MAX.(Gal), C7-C12                : 
ACEL. MAX., C7-C12,EN LA MUESTRA       : 
UNIDADES DE LOS DATOS                  : Gal (cm/s/s)
FACTOR DE DECIMACION                   : 1
FORMATO DATOS (FORTRAN,10 campos/dato) : 3F10.2


================================================================================
CALIDAD DEL ACELEROGRAMA:
REGISTRO DIGITAL COMPLETO, CON TIEMPO ABSOLUTO CORRECTO.


===============================================================================
COMENTARIOS:














===============================================================================
DATOS DE ACELERACION:
---------+---------+---------+---------+---------+---------+---------+---------+
   CANAL-1   CANAL-2   CANAL-3
         V      N90E      N00E
---------+---------+---------+---------+---------+---------+---------+---------+
      0.19      0.39      0.27
     -0.77      0.39      0.27
      0.19      0.39     -0.69
     -0.77      0.39     -0.69
      0.19      0.39     -0.69
      0.19      0.39      0.27
     -0.77     -0.57      0.27
     -0.77     -0.57      0.27
      0.19      0.39      0.27
      0.19      0.39      0.27
      0.19      0.39     -0.69
      0.19      0.39     -0.69
     -0.77     -0.57     -0.69
      0.19     -0.57      0.27
      0.19      0.39      0.27
      0.19      0.39      0.27
      1.15      0.39      0.27
      2.10      0.39      0.27
      0.19     -0.57      0.27
     -0.77      0.39      0.27
     -1.72      0.39      0.27
     -0.77      0.39     -0.69
     -0.77      0.39     -0.69
      0.19      0.39     -0.69
      1.15      0.39     -0.69
      0.19      0.39     -0.69
      0.19     -0.57     -0.69
      0.19      0.39      0.27
      0.19     -1.52      0.27
     -0.77      0.39      0.27
     -0.77     -0.57      0.27
      0.19     -0.57      0.27
      0.19     -0.57      0.27
      0.19     -0.57      0.27
     -0.77     -1.52      0.27
      0.19      0.39      0.27
     -0.77      0.39      0.27
     -0.77      0.39      0.27
      0.19      0.39      0.27
      0.19      0.39      0.27
     -0.77      0.39      0.27
     -0.77      0.39      0.27
      0.19      0.39      0.27
      0.19      0.39      0.27
      0.19      0.39     -0.69
     -0.77      0.39     -0.69
     -0.77      0.39      0.27
      0.19      0.39      0.27
      0.19      0.39      0.27
      0.19      0.39      0.27
      0.19     -0.57     -0.69
      0.19     -0.57     -0.69
      0.19      0.39      0.27
      0.19     -0.57      0.27
      0.19     -0.57      0.27
      0.19     -0.57      0.27
      0.19     -0.57     -0.69
      0.19     -0.57      0.27
      0.19     -0.57      0.27
     -0.77      0.39      1.23
     -0.77     -1.52      0.27
     -0.77     -0.57     -0.69
     -0.77      0.39     -0.69
     -0.77      0.39     -0.69
      0.19      0.39     -0.69
      1.15     -0.57     -0.69
      0.19     -0.57      0.27
      0.19      0.39      0.27
     -0.77      0.39      0.27
      0.19      0.39     -0.69
      1.15      0.39      0.27
      0.19      0.39      1.23
      0.19      0.39      0.27
     -0.77      0.39      0.27
     -0.77      0.39      0.27
     -0.77      0.39      0.27
      0.19     -0.57      0.27
      1.15     -0.57      0.27
      1.15     -0.57      0.27
      1.15     -0.57      0.27
      0.19      0.39      0.27
     -0.77      0.39     -0.69
      0.19      0.39     -0.69
      0.19      0.39     -0.69
     -0.77     -0.57      0.27
     -0.77     -0.57      0.27
     -0.77      0.39     -0.69
      0.19      0.39      0.27
      0.19      0.39     -0.69
      1.15     -0.57     -0.69
      1.15      0.39     -0.69
      0.19      0.39      0.27
     -0.77      0.39      0.27
      0.19      0.39      0.27
      0.19      0.39      0.27
      0.19      0.39      0.27
      0.19     -0.57      0.27
      0.19     -0.57     -0.69
      0.19      0.39      0.27
      0.19     -0.57      0.27
      0.19     -0.57      0.27
      0.19     -0.57      0.27
      0.19     -0.57      0.27
      0.19     -1.52      0.27
      0.19     -0.57      0.27
     -0.77     -0.57     -0.69
      0.19      0.39     -0.69
      0.19      0.39     -0.69
      0.19      0.39     -0.69
      0.19     -0.57     -0.69
      0.19      0.39      0.27
      0.19      0.39      0.27
     -0.77      0.39     -0.69
      0.19     -0.57      0.27
      0.19      0.39      0.27
      0.19      0.39     -0.69
      0.19      0.39      0.27
      0.19      0.39      0.27
     -0.77      0.39      0.27
     -0.77      0.39      0.27
     -0.77      0.39      0.27
      0.19      0.39      0.27
     -0.77      0.39      0.27
      0.19     -0.57      0.27
      0.19     -1.52     -1.64
      0.19     -0.57     -0.69
      0.19      0.39      0.27
     -0.77      0.39      0.27
     -0.77      0.39      0.27
      0.19      0.39      0.27
      0.19      0.39      0.27
      0.19      0.39      0.27
      0.19     -0.57      0.27
      0.19      0.39      0.27
     -0.77      0.39     -0.69
     -1.72      0.39     -0.69
     -1.72      0.39     -0.69
      1.15      0.39      0.27
      0.19     -0.57      0.27
      0.19      0.39      0.27
      0.19      0.39      0.27
      0.19      0.39      0.27
     -0.77      0.39      0.27
      0.19      0.39      0.27
      0.19      0.39     -0.69
      0.19     -0.57      0.27
      0.19     -0.57      0.27
      0.19     -0.57      0.27
      0.19     -0.57      0.27
      0.19      0.39      0.27
      1.15      0.39      0.27
      0.19      0.39      0.27
      0.19     -0.57      0.27
      0.19     -0.57      0.27
      0.19     -0.57     -0.69
      0.19     -0.57     -0.69
      1.15     -0.57     -0.69
      0.19     -0.57     -0.69
     -0.77      0.39      0.27
     -0.77     -0.57     -0.69
      0.19     -0.57     -0.69
      1.15     -0.57     -0.69
      0.19     -0.57     -0.69
      0.19     -0.57      0.27
      0.19     -0.57      0.27
      0.19      0.39      0.27
      0.19      1.35      0.27
      1.15      1.35      0.27
      0.19      0.39      0.27
     -0.77      0.39      0.27
      0.19     -0.57      0.27
     -0.77     -0.57      0.27
      0.19      0.39      0.27
      0.19      0.39      0.27
      1.15      0.39      0.27
      1.15      0.39      0.27
      0.19      0.39      0.27
     -0.77      0.39      0.27
     -1.72      0.39      0.27
     -1.72     -0.57     -0.69
     -0.77     -0.57     -0.69
      0.19     -0.57     -0.69
      0.19     -0.57     -0.69
     -0.77     -0.57     -0.69
     -0.77      0.39      0.27
     -0.77      0.39      0.27
      1.15      0.39      0.27
      2.10     -0.57      0.27
      1.15      0.39      0.27
      0.19      0.39      0.27
     -1.72      1.35      0.27
     -0.77      1.35      0.27
      0.19      1.35      0.27
      1.15     -0.57      0.27
      1.15     -1.52      0.27
      2.10     -1.52      0.27
      0.19     -1.52      0.27
      0.19     -0.57      0.27
     -0.77     -0.57      0.27
     -0.77     -0.57      0.27
      1.15     -0.57     -0.69
      1.15     -0.57      0.27
      0.19     -1.52      0.27
     -0.77     -1.52     -1.64
     -1.72     -0.57     -0.69
     -1.72      0.39     -1.64
     -0.77      1.35     -0.69
      0.19      1.35     -0.69
     -0.77      1.35     -0.69
     -0.77      1.35     -0.69
     -0.77      0.39     -1.64
      0.19      1.35     -0.69
      0.19      1.35      0.27
      0.19      1.35      1.23
      0.19      1.35      1.23
     -0.77      0.39      1.23
     -0.77      0.39      1.23
      0.19      0.39      1.23
      1.15     -0.57      0.27
      1.15     -0.57      0.27
      0.19     -1.52     -0.69
     -0.77     -1.52     -0.69
      1.15     -1.52     -0.69
      3.06     -0.57     -0.69
      3.06     -0.57     -0.69
      2.10     -1.52      0.27
     -0.77     -2.48      0.27
     -1.72     -1.52      0.27
     -2.68     -1.52     -0.69
     -1.72     -1.52     -0.69
     -1.72     -1.52     -0.69
     -1.72     -0.57     -0.69
     -1.72      1.35     -0.69
     -0.77      1.35     -0.69
      0.19      2.30      0.27
      2.10      2.30      0.27
      2.10      2.30      1.23
      2.10      0.39      1.23
      0.19      0.39      1.23
      0.19      1.35      1.23
     -0.77      1.35      1.23
     -0.77      2.30      1.23
      0.19      2.30     -0.69
     -0.77      1.35     -1.64
     -0.77      0.39     -1.64
     -0.77     -0.57     -1.64
      0.19      0.39     -1.64
      1.15      0.39     -1.64
      1.15      0.39     -2.60
      0.19      0.39     -1.64
      0.19      0.39     -0.69
      0.19     -1.52      1.23
      0.19     -2.48      2.18
     -1.72     -2.48      1.23
     -1.72     -2.48      0.27
      0.19     -2.48      0.27
      1.15     -2.48      1.23
      1.15     -2.48      2.18
      1.15     -2.48      2.18
      1.15     -3.44      0.27
      1.15     -0.57     -0.69
      1.15      1.35     -1.64
      0.19      3.26      0.27
      0.19      3.26      1.23
      0.19      2.30      1.23
      0.19      1.35     -0.69
     -1.72      0.39     -1.64
     -1.72      0.39     -0.69
     -0.77      0.39      0.27
     -0.77      1.35      0.27
     -1.72      2.30      1.23
      0.19      1.35      0.27
      0.19      1.35     -0.69
      1.15      0.39     -0.69
      1.15     -0.57      0.27
      1.15     -1.52      2.18
      1.15     -0.57      3.14
     -0.77     -0.57      2.18
     -0.77     -0.57      0.27
      0.19     -0.57     -0.69
      0.19     -2.48     -1.64
      0.19     -3.44     -2.60
      0.19     -4.40     -1.64
     -0.77     -3.44     -0.69
      0.19     -2.48     -1.64
      1.15     -1.52     -3.56
      1.15      0.39     -2.60
      0.19      0.39     -0.69
     -0.77      1.35      2.18
     -0.77      1.35      3.14
     -1.72      2.30      3.14
     -1.72      2.30      1.23
     -0.77      2.30     -0.69
      0.19      2.30     -1.64
      1.15      3.26     -0.69
      2.10      4.22      0.27
      2.10      4.22      1.23
      2.10      5.18      2.18
      1.15      3.26      2.18
      0.19      1.35      2.18
     -0.77     -0.57      0.27
     -0.77     -2.48     -0.69
     -1.72     -3.44      0.27
     -0.77     -4.40     -0.69
     -1.72     -6.31     -1.64
      0.19     -5.35     -3.56
      1.15     -4.40     -5.47
      1.15     -1.52     -7.39
      1.15      0.39     -6.43
      2.10      1.35     -3.56
      2.10      1.35     -0.69
      0.19      1.35      1.23
     -1.72      0.39      2.18
     -2.68      3.26      1.23
     -4.60      3.26      0.27
     -4.60      2.30      0.27
     -4.60      0.39      1.23
     -3.64      0.39      1.23
     -1.72      0.39      1.23
      1.15      0.39      1.23
      4.02      0.39      1.23
      4.02     -1.52      3.14
      4.02     -4.40      4.10
      4.98     -7.27      6.01
      3.06     -7.27      6.97
      0.19     -7.27      6.97
     -1.72     -6.31      4.10
     -1.72     -5.35      1.23
     -2.68     -3.44     -0.69
     -1.72     -1.52     -3.56
      0.19      3.26     -5.47
      1.15      8.05     -5.47
      2.10     10.92     -6.43
      3.06     11.87     -5.47
      4.02     11.87     -3.56
      3.06     10.92     -1.64
     -0.77      7.09      1.23
     -4.60      6.13      2.18
     -6.51      6.13      0.27
     -7.47      6.13     -0.69
     -5.55      4.22     -1.64
     -1.72      0.39     -1.64
      1.15     -4.40     -1.64
      2.10     -7.27     -0.69
      3.06    -10.14      0.27
      5.93    -12.05     -0.69
      5.93    -13.01     -1.64
      4.98    -12.05     -0.69
      4.02    -12.05      1.23
      2.10    -10.14      1.23
      0.19     -6.31      0.27
     -1.72     -2.48     -0.69
     -4.60     -1.52      2.18
     -3.64     -1.52      2.18
     -4.60     -0.57      2.18
     -4.60      2.30      2.18
     -3.64      5.18      0.27
     -1.72      7.09     -2.60
      0.19      9.00     -3.56
      1.15      9.00     -1.64
      1.15      8.05      2.18
      1.15      5.18      4.10
      1.15      3.26      4.10
      0.19      1.35      2.18
     -1.72      0.39     -2.60
     -0.77      1.35     -4.52
     -0.77      4.22     -2.60
     -0.77      6.13      1.23
      0.19      5.18      4.10
      0.19      2.30      4.10
      1.15     -1.52      0.27
      1.15     -5.35     -1.64
      2.10     -7.27     -2.60
      2.10     -7.27     -1.64
      2.10     -6.31      1.23
      1.15     -6.31      4.10
     -1.72     -4.40      2.18
     -3.64     -1.52     -1.64
     -2.68      0.39     -4.52
     -0.77      1.35     -3.56
      1.15      1.35     -3.56
      2.10      1.35     -3.56
      2.10     -0.57     -2.60
      2.10     -0.57     -1.64
      0.19      3.26     -1.64
      0.19      8.05     -0.69
     -0.77     10.92      1.23
     -1.72      8.05      1.23
     -2.68      3.26     -0.69
     -3.64      0.39     -0.69
     -1.72     -1.52     -0.69
      0.19     -2.48      2.18
      3.06     -2.48      5.06
      3.06     -4.40      7.93
      2.10     -6.31      9.84
      1.15     -8.22      8.88
     -1.72     -8.22      5.06
     -1.72     -4.40      0.27
     -1.72     -2.48     -3.56
      1.15     -5.35     -4.52
      3.06     -3.44     -5.47
      4.02     -2.48     -4.52
      4.02      0.39     -2.60
      3.06      4.22     -1.64
      1.15      7.09     -1.64
     -0.77      8.05     -2.60
     -0.77      7.09     -3.56
     -3.64      6.13     -4.52
     -6.51      5.18     -4.52
     -7.47      4.22     -3.56
     -5.55      2.30     -0.69
     -3.64     -0.57     -0.69
     -1.72     -3.44     -1.64
     -0.77     -4.40     -1.64
      1.15     -3.44     -1.64
      3.06     -2.48     -0.69
      4.98     -2.48      3.14
      5.93     -3.44      6.97
      5.93     -6.31     10.80
      2.10     -7.27     11.75
      0.19     -8.22      9.84
     -1.72     -7.27      4.10
     -1.72     -2.48     -4.52
     -2.68      3.26     -8.34
     -0.77      6.13     -9.30
      1.15      7.09     -5.47
      3.06      7.09     -2.60
      4.02      6.13      1.23
      2.10      3.26      1.23
     -0.77      1.35      0.27
     -3.64      1.35     -0.69
     -4.60      2.30      0.27
     -5.55      4.22      2.18
     -6.51      5.18      1.23
     -5.55      6.13      0.27
     -0.77      5.18     -0.69
      3.06      4.22     -0.69
      5.93      1.35      3.14
      6.89     -4.40      5.06
      6.89     -9.18      3.14
      4.98    -12.05      0.27
      2.10    -11.09     -0.69
     -0.77     -7.27     -0.69
     -3.64     -1.52     -0.69
     -4.60      1.35     -0.69
     -3.64      2.30     -1.64
     -3.64     -1.52     -3.56
     -0.77     -5.35     -7.39
      0.19     -7.27     -9.30
      0.19     -7.27    -10.26
     -0.77     -5.35     -8.34
     -0.77     -3.44     -5.47
      1.15      2.30     -1.64
      2.10      7.09      3.14
     -0.77      9.96      6.01
     -2.68      9.96      6.97
     -4.60      7.09      5.06
     -2.68      4.22      3.14
     -0.77      4.22      1.23
      1.15      5.18      0.27
      3.06      5.18      0.27
      5.93      3.26      2.18
      6.89      2.30      4.10
      5.93     -0.57      6.01
      4.02     -2.48      6.97
     -0.77     -3.44      6.01
     -3.64     -3.44      5.06
     -2.68     -4.40      2.18
     -1.72     -4.40      0.27
      0.19     -2.48     -0.69
     -0.77      0.39      1.23
     -2.68      2.30      2.18
     -1.72      1.35      1.23
      0.19      0.39     -2.60
      1.15     -0.57     -5.47
     -0.77     -0.57     -9.30
     -0.77      1.35    -10.26
      0.19      4.22     -7.39
      0.19      5.18     -2.60
     -0.77      1.35     -0.69
     -2.68     -1.52     -1.64
     -3.64     -3.44     -3.56
     -5.55     -4.40     -5.47
     -4.60     -6.31     -6.43
     -1.72     -8.22     -4.52
      0.19    -11.09     -2.60
      3.06    -12.05     -0.69
      5.93     -9.18     -0.69
      7.85     -3.44     -0.69
      6.89      3.26      4.10
      3.06      8.05      7.93
      0.19      9.00      9.84
     -2.68      9.96      9.84
     -4.60     10.92      6.97
     -5.55     11.87      5.06
     -3.64     10.92      3.14
     -0.77      8.05      1.23
      3.06      2.30      2.18
      3.06     -2.48      3.14
      2.10     -3.44      3.14
      2.10     -3.44      3.14
      2.10     -1.52      4.10
      2.10     -0.57      3.14
      1.15     -1.52      1.23
      1.15     -3.44     -3.56
     -0.77     -6.31     -8.34
     -1.72     -8.22    -12.17
     -0.77     -6.31    -14.09
      0.19     -2.48    -12.17
     -0.77      1.35     -9.30
     -2.68      4.22     -6.43
     -2.68      4.22     -3.56
     -3.64      4.22      0.27
     -3.64      2.30      4.10
     -2.68     -0.57      5.06
     -3.64     -6.31      4.10
     -5.55     -7.27      0.27
     -3.64     -7.27     -2.60
      0.19     -1.52     -2.60
      4.98      2.30     -0.69
      7.85      3.26      0.27
      7.85      3.26      2.18
      6.89      2.30      2.18
      4.02      2.30      2.18
      0.19      2.30      3.14
     -2.68      2.30      3.14
     -3.64      1.35      4.10
     -2.68     -0.57      3.14
     -1.72     -0.57      3.14
     -0.77     -0.57      4.10
      0.19      0.39      4.10
      2.10      0.39      3.14
      4.02     -1.52      1.23
      4.02     -4.40      0.27
      3.06     -6.31      1.23
      1.15     -5.35      0.27
     -1.72     -1.52     -0.69
     -1.72      2.30     -2.60
     -2.68      6.13     -2.60
     -1.72      8.05     -2.60
     -2.68      7.09     -2.60
     -3.64      7.09     -3.56
     -3.64      7.09     -4.52
     -3.64      8.05     -3.56
     -1.72      6.13     -4.52
     -0.77     -0.57     -3.56
      0.19     -7.27     -2.60
     -0.77    -10.14     -1.64
     -0.77    -10.14     -2.60
      0.19     -9.18     -3.56
      0.19     -8.22     -4.52
      2.10     -9.18     -3.56
      4.98    -10.14     -2.60
      6.89    -10.14      1.23
      5.93     -6.31      4.10
      2.10     -0.57      5.06
     -0.77      2.30      6.01
     -3.64      4.22      6.97
     -3.64      6.13      6.97
     -2.68      8.05      6.97
     -0.77     10.92      6.01
     -0.77     12.83      5.06
      0.19     12.83      3.14
      0.19     11.87      0.27
      2.10      9.96     -0.69
      3.06      7.09     -0.69
      3.06      5.18      0.27
      2.10      2.30     -0.69
      0.19      0.39     -1.64
     -1.72     -3.44     -3.56
     -3.64     -6.31     -3.56
     -2.68     -9.18     -5.47
     -1.72     -9.18     -6.43
      0.19    -10.14     -7.39
      0.19    -10.14     -7.39
      0.19     -9.18     -4.52
      1.15     -6.31      0.27
      1.15     -4.40      3.14
      1.15     -3.44      3.14
      1.15     -3.44      1.23
     -0.77     -2.48     -0.69
     -2.68     -2.48     -2.60
     -3.64      0.39     -4.52
     -2.68      2.30     -3.56
     -1.72      4.22     -1.64
     -1.72      6.13     -1.64
      0.19      7.09     -2.60
      2.10      7.09     -1.64
      3.06      6.13      1.23
      3.06      3.26      5.06
      2.10      2.30      7.93
     -0.77      2.30      8.88
     -0.77      3.26      8.88
     -0.77      3.26      6.97
      1.15      0.39      6.01
      2.10     -2.48      4.10
      2.10     -4.40      1.23
      1.15     -4.40     -0.69
      0.19     -2.48     -3.56
      1.15     -0.57     -3.56
      2.10      1.35     -1.64
      1.15      1.35      0.27
      0.19      2.30      0.27
     -3.64      2.30     -1.64
     -6.51      1.35     -4.52
     -6.51      1.35     -6.43
     -4.60      0.39     -8.34
     -0.77      0.39     -8.34
      1.15      0.39     -6.43
      2.10      0.39     -5.47
      2.10      0.39     -2.60
      2.10     -0.57     -0.69
      3.06     -2.48      1.23
      2.10     -3.44      4.10
     -0.77     -4.40      6.01
     -1.72     -6.31      6.01
     -3.64     -7.27      4.10
     -2.68     -7.27      2.18
     -1.72     -6.31      2.18
      0.19     -4.40      2.18
      2.10     -1.52      1.23
      3.06      1.35      0.27
      4.98      2.30      0.27
      4.98      3.26      0.27
      4.02      4.22      1.23
      1.15      6.13      1.23
     -1.72      7.09      3.14
     -3.64      8.05      2.18
     -4.60      8.05      2.18
     -4.60      6.13      1.23
     -2.68      6.13     -1.64
     -2.68      5.18     -3.56
     -0.77      4.22     -4.52
      1.15      0.39     -3.56
      2.10     -0.57     -1.64
      3.06     -3.44     -0.69
      2.10     -5.35     -0.69
      1.15     -6.31     -0.69
      1.15     -5.35     -0.69
      1.15     -5.35     -0.69
      0.19     -5.35     -0.69
     -0.77     -5.35      0.27
     -0.77     -5.35     -0.69
     -0.77     -2.48     -1.64
     -1.72     -0.57     -2.60
     -1.72     -0.57     -1.64
     -0.77      0.39     -0.69
      0.19     -0.57     -0.69
      1.15      1.35      0.27
      0.19      3.26      1.23
      0.19      5.18      2.18
      0.19      5.18      4.10
      1.15      6.13      5.06
      0.19      3.26      5.06
     -0.77      0.39      3.14
     -2.68     -0.57     -0.69
     -1.72     -1.52     -2.60
     -0.77     -1.52     -4.52
      0.19     -1.52     -4.52
      1.15     -0.57     -2.60
      3.06      0.39     -0.69
      1.15      0.39     -0.69
      0.19     -1.52     -1.64
      0.19     -1.52     -0.69
      0.19     -1.52      1.23
     -0.77     -2.48      3.14
     -0.77     -2.48      4.10
      0.19     -1.52      4.10
      0.19     -1.52      4.10
      1.15     -1.52      3.14
      0.19     -1.52      1.23
      0.19      0.39      0.27
      1.15      2.30     -1.64
      1.15      4.22     -1.64
      1.15      4.22     -1.64
      0.19      4.22     -2.60
     -1.72      3.26     -2.60
     -3.64      2.30     -2.60
     -3.64      0.39     -3.56
     -1.72     -1.52     -4.52
     -2.68     -3.44     -4.52
     -1.72     -3.44     -4.52
     -0.77     -3.44     -3.56
      0.19     -1.52     -1.64
      2.10      0.39      0.27
      2.10      0.39      2.18
      2.10     -0.57      3.14
      2.10     -2.48      2.18
      1.15     -4.40      3.14
     -0.77     -4.40      4.10
     -0.77     -3.44      3.14
     -0.77     -0.57      3.14
     -0.77      2.30      2.18
     -0.77      5.18      2.18
     -0.77      4.22      2.18
      0.19      4.22      1.23
      2.10      3.26      1.23
      1.15      2.30      0.27
      0.19      2.30      0.27
      0.19      2.30     -0.69
      0.19      2.30     -0.69
      0.19      0.39     -0.69
     -0.77     -1.52     -0.69
     -0.77     -3.44     -1.64
     -1.72     -3.44     -2.60
     -1.72     -2.48     -3.56
     -0.77     -2.48     -3.56
      0.19     -2.48     -3.56
      1.15     -0.57     -2.60
      0.19      0.39     -1.64
      1.15      1.35     -0.69
      1.15      1.35      0.27
      0.19      1.35      0.27
      0.19      0.39      0.27
      0.19     -0.57      1.23
      0.19     -2.48      1.23
      0.19     -1.52      2.18
     -0.77      0.39      1.23
      0.19      2.30      1.23
      1.15      4.22      0.27
      2.10      3.26      0.27
      2.10      1.35      0.27
      1.15     -0.57      0.27
      1.15     -2.48      1.23
      0.19     -2.48      1.23
     -0.77     -2.48      1.23
     -1.72     -3.44      1.23
     -1.72     -3.44      1.23
     -2.68     -4.40      0.27
     -0.77     -3.44      0.27
     -0.77     -1.52     -0.69
      0.19      0.39     -0.69
      1.15      0.39     -0.69
      1.15      1.35     -0.69
      1.15      2.30     -0.69
      1.15      3.26     -1.64
      1.15      4.22     -1.64
      0.19      5.18     -1.64
     -0.77      5.18     -2.60
     -0.77      4.22     -1.64
     -2.68      2.30     -1.64
     -1.72      0.39      0.27
      0.19     -1.52      0.27
      0.19     -3.44      1.23
      2.10     -2.48      1.23
      1.15     -2.48      2.18
      1.15     -2.48      3.14
      1.15     -2.48      3.14
      2.10     -2.48      2.18
      2.10     -3.44      0.27
      1.15     -3.44     -1.64
      0.19     -2.48     -1.64
      0.19      0.39      0.27
     -0.77      3.26      0.27
     -0.77      5.18      0.27
      1.15      5.18     -0.69
      0.19      5.18     -0.69
     -1.72      3.26     -0.69
     -2.68      1.35     -0.69
     -3.64     -1.52     -1.64
     -2.68     -1.52     -1.64
     -1.72     -2.48     -1.64
      0.19     -4.40     -2.60
      2.10     -4.40     -1.64
      3.06     -3.44      0.27
      3.06     -2.48      2.18
      1.15     -1.52      3.14
      2.10     -0.57      2.18
      0.19     -0.57      1.23
     -0.77     -0.57      0.27
     -0.77      1.35     -0.69
     -0.77      3.26     -0.69
      0.19      4.22     -1.64
      0.19      3.26     -1.64
      0.19      2.30     -0.69
      0.19      1.35      1.23
     -0.77      1.35      2.18
      0.19      1.35      3.14
     -0.77      0.39      3.14
     -0.77      0.39      4.10
     -0.77     -0.57      3.14
     -0.77     -0.57      2.18
      0.19     -0.57     -0.69
      1.15      0.39     -2.60
      2.10     -0.57     -4.52
      2.10     -0.57     -4.52
      1.15     -0.57     -3.56
      0.19     -0.57     -2.60
      0.19     -1.52     -1.64
     -1.72     -0.57     -0.69
     -2.68     -1.52      0.27
     -2.68     -2.48      0.27
     -2.68     -3.44      0.27
     -1.72     -2.48      1.23
     -0.77     -0.57      1.23
      0.19      0.39      1.23
      1.15      0.39      0.27
      1.15      1.35      0.27
      3.06      2.30     -0.69
      3.06      3.26      0.27
      3.06      3.26      0.27
      1.15      3.26      0.27
     -0.77      2.30      0.27
     -1.72      1.35      0.27
     -1.72      0.39      1.23
     -1.72      0.39      1.23
     -1.72      0.39      0.27
     -1.72     -0.57      0.27
     -1.72     -2.48     -0.69
     -1.72     -2.48     -0.69
      0.19     -1.52      0.27
      2.10      0.39      0.27
      2.10      0.39      0.27
      2.10     -0.57     -0.69
      2.10     -1.52     -0.69
      1.15     -0.57      0.27
      0.19      1.35      1.23
     -0.77      1.35      1.23
     -1.72      1.35      0.27
     -2.68      1.35     -0.69
     -2.68      0.39     -1.64
     -2.68     -0.57     -2.60
     -0.77     -0.57     -1.64
      1.15     -1.52     -1.64
      3.06     -2.48     -1.64
      3.06     -3.44     -1.64
      2.10     -2.48     -0.69
      0.19     -0.57     -0.69
      0.19      0.39      0.27
      0.19      1.35      1.23
     -0.77      2.30      2.18
     -1.72      1.35      2.18
     -1.72      1.35      2.18
     -1.72      2.30      1.23
     -0.77      3.26      0.27
      0.19      3.26     -0.69
      1.15      1.35     -0.69
      1.15      0.39      0.27
      1.15     -1.52      1.23
      2.10     -1.52      1.23
      0.19     -1.52      1.23
     -0.77     -2.48      1.23
     -0.77     -1.52      1.23
     -0.77     -1.52      1.23
     -0.77     -2.48      0.27
      0.19     -1.52     -0.69
      0.19     -1.52     -1.64
      0.19     -1.52     -1.64
      1.15     -0.57     -1.64
      1.15      0.39     -1.64
      0.19      0.39     -1.64
     -0.77      1.35      0.27
     -0.77      1.35      1.23
      0.19      1.35      1.23
     -0.77      1.35      1.23
     -1.72      1.35     -0.69
     -1.72      1.35     -1.64
     -0.77      1.35     -1.64
      0.19      1.35     -0.69
      1.15      1.35     -0.69
      2.10      1.35     -0.69
      1.15      1.35      0.27
      0.19      1.35      0.27
     -0.77     -0.57     -1.64
     -0.77     -1.52      0.27
     -0.77     -1.52      0.27
      0.19     -2.48      0.27
      0.19     -1.52      0.27
      0.19     -2.48     -0.69
      0.19     -1.52      1.23
      1.15     -1.52      0.27
      1.15     -2.48      0.27
      1.15     -3.44     -1.64
      0.19     -3.44     -1.64
      0.19     -1.52     -0.69
      0.19     -0.57      0.27
      0.19      0.39      1.23
     -0.77      1.35      1.23
     -0.77      2.30      2.18
     -0.77      3.26      1.23
      0.19      2.30      1.23
      0.19      2.30      1.23
     -1.72      0.39      0.27
      0.19      1.35     -0.69
      0.19      1.35     -0.69
      1.15      1.35     -0.69
      0.19      0.39     -0.69
      0.19      0.39     -0.69
      0.19      1.35     -1.64
      0.19      0.39     -1.64
      0.19      0.39     -0.69
     -0.77     -0.57     -0.69
     -0.77     -2.48     -0.69
     -0.77     -2.48     -0.69
     -0.77     -2.48      0.27
      0.19     -1.52      0.27
      0.19     -1.52      0.27
      1.15     -2.48      0.27
      1.15     -1.52     -0.69
      1.15     -1.52      0.27
      1.15     -0.57      1.23
      1.15     -0.57      1.23
      0.19     -1.52      0.27
     -0.77     -1.52      0.27
     -0.77     -0.57      0.27
      0.19      0.39      0.27
      0.19      0.39     -0.69
      0.19      1.35     -0.69
     -0.77      1.35     -0.69
     -0.77      1.35      0.27
     -0.77      1.35      1.23
      0.19      1.35      0.27
      0.19      2.30     -0.69
      0.19      2.30      0.27
     -0.77      2.30     -0.69
     -0.77      2.30      0.27
      0.19      2.30      0.27
      0.19      1.35      0.27
      0.19      0.39      0.27
      2.10     -0.57      0.27
      1.15     -1.52     -0.69
     -0.77     -1.52     -0.69
     -0.77     -1.52      0.27
     -0.77     -1.52      0.27
      0.19     -0.57     -0.69
      0.19     -0.57     -0.69
     -0.77     -1.52      0.27
      0.19     -1.52      0.27
      0.19     -1.52      0.27
      1.15     -1.52      1.23
      1.15      0.39      1.23
      1.15      0.39      1.23
      0.19      0.39      1.23
      0.19      1.35      0.27
      0.19      1.35      1.23
      0.19      2.30      0.27
      1.15      1.35      0.27
      1.15      1.35     -0.69
     -0.77      0.39      0.27
      0.19      0.39      0.27
      0.19     -0.57      0.27
      1.15      0.39      0.27
      1.15      0.39     -0.69
      0.19      0.39     -0.69
     -0.77     -0.57      0.27
     -0.77     -0.57      0.27
     -0.77      0.39      0.27
     -0.77      0.39      0.27
     -0.77      0.39     -0.69
     -0.77      0.39     -1.64
      0.19     -0.57     -1.64
     -0.77     -1.52     -0.69
      0.19     -1.52     -0.69
      0.19     -2.48     -0.69
     -0.77     -2.48      0.27
     -0.77     -2.48      0.27
     -0.77     -1.52     -0.69
     -0.77     -1.52     -0.69
     -0.77     -0.57     -1.64
      0.19      1.35     -0.69
      0.19      1.35     -0.69
      1.15      2.30      0.27
      1.15      3.26      0.27
      1.15      2.30      0.27
      0.19      2.30      0.27
      0.19      1.35      1.23
     -0.77      1.35      2.18
     -0.77      0.39      2.18
     -0.77      1.35      2.18
     -0.77      1.35      2.18
     -0.77      2.30      2.18
      0.19      1.35      1.23
      1.15      0.39      0.27
      1.15     -1.52      0.27
      1.15     -2.48     -0.69
      1.15     -2.48     -0.69
      0.19     -2.48     -1.64
      0.19     -2.48     -1.64
     -0.77     -1.52     -1.64
     -0.77     -1.52     -0.69
     -0.77     -1.52     -0.69
     -0.77     -0.57     -0.69
     -1.72     -0.57     -1.64
     -1.72     -0.57     -1.64
      0.19     -0.57     -0.69
     -0.77     -0.57      0.27
      0.19      0.39     -0.69
      0.19      0.39     -0.69
      0.19     -0.57     -0.69
      0.19      1.35      0.27
      0.19      0.39      1.23
      1.15      1.35      0.27
      0.19      1.35      0.27
      0.19      2.30      1.23
      0.19      2.30      1.23
      0.19      1.35      2.18
      1.15      1.35      1.23
      1.15      0.39      1.23
      0.19      0.39      0.27
     -0.77     -0.57      1.23
      0.19     -0.57      1.23
      0.19     -0.57      0.27
      0.19     -0.57      1.23
      1.15     -0.57      1.23
     -0.77     -0.57      1.23
     -0.77     -0.57      0.27
     -0.77      0.39      0.27
      0.19      0.39     -0.69
     -0.77      0.39     -1.64
     -0.77      0.39     -2.60
      0.19     -0.57     -3.56
      0.19     -0.57     -2.60
      0.19     -0.57     -2.60
      0.19     -0.57     -1.64
     -0.77      0.39     -1.64
     -0.77     -0.57     -1.64
     -1.72      0.39     -0.69
     -0.77      0.39      0.27
      0.19      0.39      0.27
      0.19     -0.57      1.23
      0.19     -0.57      1.23
      0.19     -0.57      1.23
      0.19      0.39      2.18
      0.19      0.39      2.18
      1.15      0.39      2.18
      1.15      0.39      1.23
      0.19      0.39      2.18
      1.15      0.39      2.18
      0.19     -0.57      2.18
      0.19     -0.57      2.18
     -0.77      0.39      0.27
     -1.72      0.39     -0.69
     -0.77     -0.57     -2.60
      0.19      0.39     -1.64
      0.19      0.39     -0.69
      0.19      1.35     -0.69
      1.15      1.35      0.27
      0.19      0.39      0.27
      0.19      0.39     -0.69
     -0.77      0.39     -0.69
     -0.77     -0.57     -1.64
      0.19      0.39     -1.64
     -0.77      0.39     -1.64
      0.19      0.39     -1.64
      1.15      0.39     -1.64
      2.10      0.39     -1.64
      0.19     -0.57      0.27
      0.19     -0.57      0.27
     -0.77     -1.52      0.27
     -0.77     -2.48      0.27
      0.19     -2.48      1.23
      0.19     -2.48      1.23
      0.19     -1.52     -0.69
      0.19     -0.57      0.27
      0.19      0.39      0.27
      1.15      0.39      0.27
      0.19      0.39     -0.69
      1.15      0.39      0.27
      0.19      0.39      0.27
      0.19      0.39      0.27
     -0.77      0.39      0.27
     -0.77      1.35      0.27
     -0.77      1.35      0.27
     -0.77      2.30      0.27
     -0.77      2.30      0.27
     -0.77      1.35      0.27
      0.19      0.39      1.23
      1.15      0.39      0.27
      1.15     -0.57      0.27
      1.15     -0.57      0.27
      0.19     -0.57      0.27
      0.19     -0.57      0.27
      0.19     -0.57     -0.69
      0.19     -0.57     -1.64
     -0.77     -0.57     -1.64
      0.19     -1.52     -1.64
     -0.77     -0.57     -1.64
      0.19     -1.52     -1.64
      0.19     -0.57     -1.64
      0.19     -0.57     -0.69
      1.15      0.39     -0.69
     -0.77      0.39     -0.69
     -0.77      0.39     -0.69
     -0.77      0.39      0.27
     -0.77      0.39      0.27
      0.19      0.39      0.27
      0.19      0.39      1.23
      1.15      0.39      1.23
      1.15      0.39      1.23
      1.15      0.39      1.23
      1.15      0.39      1.23
      1.15      0.39      1.23
     -0.77      0.39      0.27
      0.19      1.35      1.23
     -1.72      0.39      1.23
      0.19      1.35      0.27
      0.19      0.39     -0.69
     -0.77     -0.57     -1.64
     -0.77     -0.57     -1.64
     -0.77     -0.57     -1.64
      0.19      0.39     -1.64
      1.15     -0.57     -0.69
      0.19     -0.57     -0.69
      0.19     -0.57     -0.69
     -0.77     -0.57     -0.69
     -1.72     -1.52     -0.69
     -0.77     -0.57     -0.69
     -0.77     -0.57     -0.69
      0.19      0.39     -0.69
      0.19      0.39      0.27
      1.15      0.39      0.27
      1.15      0.39      1.23
      0.19      1.35      2.18
      0.19      1.35      2.18
      0.19      1.35      2.18
     -0.77      1.35      1.23
     -1.72      1.35     -0.69
     -0.77      1.35      1.23
      0.19      0.39      1.23
      0.19     -0.57      0.27
      0.19     -1.52      0.27
      0.19     -1.52     -0.69
      0.19     -0.57     -0.69
      0.19     -0.57     -0.69
      0.19     -0.57     -0.69
      0.19      0.39      0.27
     -0.77     -0.57     -0.69
     -0.77      0.39     -1.64
      0.19      0.39     -1.64
     -1.72      0.39     -1.64
      0.19     -0.57     -1.64
      0.19     -0.57     -0.69
      0.19     -0.57     -1.64
      0.19      0.39     -0.69
     -0.77     -0.57     -0.69
     -0.77     -0.57      0.27
     -0.77     -0.57      0.27
      0.19     -1.52      1.23
      0.19     -1.52      1.23
      1.15     -1.52      0.27
      0.19     -0.57     -0.69
      1.15     -0.57      1.23
      0.19      0.39      1.23
      1.15      1.35      1.23
      1.15      2.30      0.27
      1.15      2.30      0.27
      0.19      1.35      0.27
      0.19      1.35      0.27
     -0.77      1.35      0.27
     -0.77      0.39      0.27
     -0.77      1.35     -0.69
     -0.77      1.35     -0.69
      1.15      0.39     -1.64
      0.19     -0.57     -0.69
      0.19     -1.52     -1.64
     -0.77     -1.52      0.27
      0.19     -1.52     -0.69
      0.19     -1.52      0.27
      0.19     -1.52     -0.69
      0.19     -1.52      0.27
      0.19     -0.57      0.27
      0.19     -0.57     -0.69
      0.19      0.39      0.27
      0.19      0.39     -0.69
      0.19      0.39     -0.69
      0.19      0.39      0.27
      0.19     -0.57     -1.64
      0.19     -0.57     -0.69
      0.19      0.39      0.27
     -0.77      0.39      0.27
      0.19      0.39      1.23
      0.19      0.39      1.23
      0.19      0.39      1.23
      0.19      1.35      0.27
      0.19      1.35      0.27
      0.19      1.35      0.27
      0.19      0.39      0.27
      0.19      0.39      0.27
      0.19      0.39     -0.69
      0.19      0.39     -0.69
      0.19      0.39     -0.69
     -0.77     -0.57     -0.69
      0.19     -0.57      0.27
      0.19     -0.57      0.27
      0.19     -0.57     -1.64
     -0.77     -1.52     -1.64
     -0.77     -1.52     -1.64
      0.19     -1.52     -1.64
      1.15     -1.52     -0.69
      1.15     -0.57      0.27
      1.15      0.39      0.27
      0.19      1.35     -0.69
      0.19      1.35      1.23
      0.19      0.39      1.23
     -0.77      1.35      1.23
     -0.77      1.35      1.23
     -0.77      1.35     -0.69
      0.19      1.35      0.27
      0.19      1.35     -0.69
     -0.77      1.35     -0.69
      0.19      0.39      0.27
      0.19      0.39      0.27
      0.19     -0.57     -1.64
      0.19     -1.52     -0.69
      0.19     -0.57      0.27
      0.19     -0.57      0.27
      0.19     -0.57      0.27
      0.19     -1.52      0.27
      0.19     -0.57      0.27
     -0.77     -0.57      1.23
     -0.77      0.39      1.23
      0.19      0.39      0.27
      1.15      0.39      0.27
      1.15     -0.57     -0.69
      1.15     -0.57     -0.69
      0.19      0.39     -0.69
      0.19      0.39     -0.69
      0.19      1.35     -0.69
     -0.77      1.35     -1.64
     -0.77      1.35     -1.64
      0.19     -0.57     -1.64
      0.19      0.39     -0.69
     -0.77     -0.57     -0.69
     -0.77     -0.57      0.27
     -0.77     -0.57      0.27
      0.19     -0.57      0.27
      0.19     -0.57      1.23
      0.19     -0.57      1.23
      1.15     -1.52      1.23
      1.15     -0.57      1.23
      1.15     -0.57      1.23
      1.15     -0.57      1.23
      1.15      0.39      1.23
      1.15      0.39      1.23
      0.19     -0.57      1.23
     -0.77     -0.57      0.27
     -0.77     -0.57     -0.69
     -0.77      0.39     -1.64
     -0.77      0.39     -1.64
     -0.77      0.39     -0.69
     -0.77      1.35     -1.64
      1.15      1.35     -0.69
      0.19      1.35      0.27
      0.19      1.35      0.27
     -0.77      0.39      1.23
      0.19      0.39      1.23
      0.19     -0.57      1.23
     -0.77     -1.52      0.27
     -0.77     -1.52      0.27
     -0.77     -0.57      0.27
      0.19     -0.57     -0.69
      0.19      0.39     -0.69
      0.19      0.39     -1.64
      0.19      0.39     -0.69
      0.19     -0.57     -0.69
      0.19     -0.57     -0.69
      0.19     -0.57     -0.69
     -0.77     -0.57     -0.69
     -0.77     -0.57     -0.69
     -0.77     -0.57     -0.69
     -0.77      0.39     -1.64
     -0.77      0.39      0.27
     -0.77      0.39      0.27
      0.19      0.39      1.23
      0.19      0.39      1.23
      0.19     -0.57      0.27
      1.15      1.35      1.23
      1.15      0.39      0.27
      0.19      0.39      1.23
      0.19      0.39      1.23
     -0.77      0.39      0.27
     -0.77      0.39      0.27
      0.19      0.39      0.27
     -0.77     -0.57     -0.69
     -0.77     -0.57     -0.69
      1.15     -0.57     -0.69
      0.19     -0.57     -0.69
      0.19      0.39     -0.69
      0.19      0.39     -0.69
      0.19      0.39      0.27
     -0.77      0.39     -0.69
      0.19      0.39     -0.69
     -0.77      0.39     -0.69
     -0.77      0.39     -0.69
     -0.77      0.39     -1.64
      0.19      0.39     -0.69
      0.19      0.39     -0.69
      0.19      0.39      0.27
      0.19      1.35      0.27
      0.19      1.35     -0.69
      0.19      0.39      0.27
      0.19     -0.57      0.27
      0.19     -0.57      0.27
     -1.72     -0.57      1.23
     -0.77     -1.52      1.23
     -0.77     -1.52      1.23
      0.19     -1.52      0.27
      0.19     -0.57     -0.69
      1.15     -0.57      0.27
      0.19      0.39      1.23
      1.15      1.35      1.23
      1.15      1.35      0.27
      1.15      0.39      0.27
      0.19      0.39      0.27
      0.19      1.35     -0.69
     -0.77      1.35     -0.69
     -0.77      1.35     -1.64
     -0.77      0.39     -0.69
     -0.77      0.39     -1.64
     -0.77      0.39     -0.69
      0.19      0.39     -1.64
      0.19     -0.57     -0.69
      0.19     -0.57      0.27
      0.19     -0.57     -0.69
      0.19     -1.52     -0.69
      0.19     -1.52     -0.69
      0.19     -0.57     -0.69
      0.19     -0.57      0.27
      0.19     -0.57      0.27
      0.19     -0.57      0.27
      0.19      0.39      1.23
      0.19      0.39      1.23
      0.19      0.39      1.23
      0.19      1.35      1.23
      0.19      1.35      1.23
      0.19      1.35      0.27
      0.19      0.39      0.27
      0.19      0.39      0.27
      1.15      0.39      0.27
      0.19      0.39      0.27
      0.19      0.39      0.27
      1.15      0.39      0.27
      0.19      0.39      0.27
     -0.77     -0.57      0.27
     -0.77     -0.57      0.27
     -0.77     -0.57     -0.69
      0.19     -0.57      0.27
      0.19     -0.57      0.27
      0.19     -0.57     -0.69
      0.19      0.39     -0.69
      0.19     -0.57     -0.69
      0.19     -0.57     -0.69
     -0.77     -0.57      0.27
      0.19     -0.57     -0.69
     -0.77     -0.57     -0.69
     -0.77     -0.57      0.27
     -0.77      0.39      1.23
      0.19      0.39      1.23
      0.19      0.39      0.27
      0.19      0.39     -0.69
     -0.77      0.39     -0.69
      0.19     -0.57     -0.69
      0.19      0.39      0.27
     -0.77      0.39     -0.69
      0.19      0.39      1.23
      1.15      0.39      1.23
      0.19      0.39      0.27
      0.19     -0.57      0.27
      0.19     -0.57     -0.69
      0.19     -0.57      0.27
      0.19     -0.57      0.27
      1.15      0.39      0.27
      0.19     -0.57     -0.69
     -0.77      0.39      0.27
     -0.77      0.39      0.27
     -0.77      0.39     -0.69
     -0.77     -0.57     -0.69
      0.19     -0.57     -1.64
      0.19      0.39     -0.69
      0.19      0.39     -0.69
      0.19     -0.57     -0.69
      0.19     -0.57     -0.69
      1.15     -1.52     -0.69
      0.19     -0.57     -0.69
      0.19     -0.57     -0.69
      0.19      0.39     -0.69
      0.19     -0.57      0.27
     -0.77     -0.57      0.27
      0.19     -0.57      0.27
      0.19     -0.57      0.27
      0.19      0.39      0.27
      0.19      0.39     -0.69
      0.19      0.39     -0.69
      0.19      0.39      0.27
      0.19      1.35      0.27
      0.19      1.35      1.23
      0.19      1.35      1.23
      0.19      1.35      0.27
      1.15      0.39      0.27
      0.19      0.39      0.27
     -0.77      0.39     -0.69
     -0.77      0.39      0.27
      0.19      0.39     -0.69
     -0.77     -0.57     -1.64
      0.19     -0.57     -0.69
      0.19     -1.52     -0.69
      0.19     -0.57      0.27
      0.19     -0.57     -0.69
      0.19     -0.57     -0.69
      0.19     -1.52     -1.64
      0.19     -1.52     -0.69
     -0.77     -0.57      0.27
     -0.77      0.39      0.27
     -0.77      0.39      0.27
      0.19      1.35      0.27
      0.19      0.39     -0.69
      0.19      0.39     -0.69
      1.15      0.39      0.27
      0.19      0.39      0.27
      0.19      0.39      0.27
      0.19      0.39      1.23
      0.19      0.39     -0.69
      0.19      0.39      0.27
      0.19      0.39      0.27
     -0.77      0.39     -0.69
      0.19      0.39     -0.69
      0.19     -0.57     -1.64
      0.19     -0.57     -0.69
      0.19     -0.57     -0.69
      0.19     -0.57     -0.69
      0.19     -0.57      0.27
      0.19     -0.57      0.27
      0.19     -0.57      0.27
      0.19     -0.57      0.27
      0.19     -0.57      0.27
     -0.77     -0.57      0.27
     -0.77      0.39      0.27
     -0.77      0.39     -0.69
      0.19      0.39     -0.69
      1.15     -0.57     -0.69
      0.19      0.39      0.27
      0.19      1.35      0.27
      0.19      1.35      0.27
     -0.77      1.35      0.27
     -0.77      0.39      0.27
     -0.77      0.39      0.27
      0.19      0.39      0.27
     -0.77      0.39     -0.69
      0.19      0.39     -0.69
      0.19      0.39     -0.69
      1.15      0.39     -0.69
      0.19      0.39      0.27
      0.19      0.39      0.27
      0.19     -0.57      0.27
      0.19     -0.57      0.27
      0.19     -1.52      0.27
     -0.77     -1.52     -0.69
      0.19     -1.52      0.27
     -0.77     -0.57      0.27
     -0.77      0.39      0.27
      0.19      0.39      0.27
      0.19      0.39      0.27
      0.19      0.39      0.27
      1.15      0.39      0.27
     -0.77      0.39      0.27
     -0.77      1.35      0.27
      0.19      0.39      0.27
      0.19      0.39      0.27
     -0.77      0.39      0.27
      0.19      0.39      0.27
      0.19      0.39      0.27
     -0.77      0.39      0.27
      0.19     -0.57      0.27
      0.19     -0.57     -0.69
      1.15     -0.57     -0.69
      1.15     -0.57     -0.69
      0.19     -0.57     -0.69
      0.19     -0.57     -0.69
     -0.77     -0.57     -0.69
     -0.77     -0.57     -0.69
     -0.77      0.39      0.27
     -0.77      0.39     -0.69
      0.19     -0.57     -0.69
     -0.77     -0.57      0.27
      0.19     -0.57      0.27
     -0.77     -1.52      0.27
      0.19     -0.57      0.27
      0.19     -0.57      0.27
      0.19      0.39     -0.69
      0.19      0.39     -0.69
      0.19      0.39     -0.69
      0.19      0.39      0.27
      0.19      1.35      0.27
      0.19      1.35      1.23
      0.19      0.39      0.27
      0.19      0.39     -0.69
      0.19      1.35      1.23
      0.19      0.39      0.27
      0.19      0.39      0.27
      0.19     -0.57      1.23
     -0.77     -0.57     -0.69
      0.19     -0.57      0.27
      0.19     -0.57     -0.69
      0.19     -1.52     -0.69
      0.19     -0.57     -0.69
      0.19     -0.57     -0.69
      0.19     -0.57     -1.64
      0.19     -0.57      0.27
      0.19     -1.52     -0.69
      0.19      0.39      0.27
      0.19      0.39     -0.69
      0.19      0.39     -0.69
      0.19      0.39     -0.69
     -0.77      0.39     -0.69
      0.19      0.39     -0.69
      0.19     -0.57     -0.69
      0.19     -0.57     -0.69
      1.15      0.39      0.27
      0.19      0.39      0.27
      0.19      0.39      0.27
      0.19      0.39      0.27
      0.19      0.39      0.27
      0.19      0.39      0.27
      0.19      0.39      0.27
     -0.77      0.39      0.27
     -0.77      0.39      1.23
      0.19      0.39      0.27
      1.15      0.39      0.27
      0.19     -0.57      1.23
      1.15     -0.57      0.27
      0.19     -0.57      0.27
      0.19     -0.57      0.27
      0.19     -0.57      0.27
      0.19     -0.57      0.27
      0.19     -0.57     -0.69
     -0.77      0.39     -0.69
     -0.77      0.39     -1.64
     -0.77     -0.57     -1.64
      0.19     -0.57     -0.69
      0.19     -0.57     -0.69
      0.19     -0.57      0.27
      0.19     -0.57      0.27
      0.19     -0.57      0.27
     -0.77      0.39      0.27
     -0.77      0.39      0.27
      0.19      0.39      0.27
      0.19      0.39      0.27
      0.19      0.39      0.27
      0.19      1.35      0.27
      0.19      0.39      0.27
      0.19      0.39     -0.69
      0.19      1.35      0.27
      0.19      1.35     -0.69
      0.19      1.35      0.27
      0.19      0.39      0.27
      0.19      0.39      0.27
     -0.77     -0.57      0.27
     -0.77     -0.57      0.27
     -0.77     -0.57      0.27
     -0.77     -0.57     -0.69
      0.19     -0.57      0.27
      1.15     -0.57     -0.69
      0.19     -0.57     -0.69
      1.15     -0.57      0.27
      0.19     -0.57     -0.69
      0.19     -0.57      0.27
      0.19     -0.57     -1.64
      0.19     -0.57     -1.64
     -0.77      0.39     -1.64
     -0.77      0.39      0.27
      0.19      0.39      0.27
      0.19      1.35      0.27
      0.19      1.35      0.27
     -0.77      0.39      1.23
      0.19      0.39      0.27
      0.19     -0.57      0.27
      0.19     -0.57      0.27
      1.15     -0.57     -0.69
      0.19     -0.57      0.27
      0.19     -0.57      0.27
      0.19     -0.57      0.27
      0.19      0.39      0.27
      0.19     -0.57      0.27
      0.19     -0.57      0.27
     -0.77      0.39      0.27
     -0.77      0.39      0.27
      0.19     -0.57      0.27
      0.19      0.39      0.27
      0.19     -0.57      0.27
      0.19     -0.57      0.27
      0.19     -0.57     -0.69
     -0.77     -0.57      0.27
      0.19      0.39     -0.69
      0.19      0.39      0.27
      0.19      0.39      0.27
      0.19      0.39      0.27
      0.19      0.39      0.27
      1.15      0.39      0.27
     -0.77      0.39      0.27
     -0.77     -0.57     -0.69
     -0.77      0.39      0.27
      0.19      0.39      0.27
      0.19      0.39      0.27
      0.19     -0.57      0.27
      0.19     -0.57      0.27
      0.19     -1.52     -0.69
      0.19     -1.52     -0.69
      0.19     -0.57     -0.69
      0.19     -0.57     -0.69
      0.19     -0.57     -0.69
      0.19     -0.57     -0.69
      0.19      0.39     -0.69
     -0.77     -0.57     -0.69
     -0.77     -0.57     -0.69
      0.19     -0.57     -0.69
      0.19      0.39     -0.69
      0.19      0.39     -0.69
     -0.77      1.35     -0.69
     -0.77      1.35      0.27
      0.19      1.35      0.27
      0.19      1.35      1.23
     -0.77      0.39      0.27
      0.19     -0.57      0.27
      0.19     -0.57      0.27
     -0.77     -0.57      0.27
      0.19     -0.57      0.27
      0.19      0.39      1.23
      1.15      0.39      0.27
      0.19      0.39      0.27
      0.19      0.39      0.27
      0.19     -0.57     -0.69
      1.15     -0.57     -0.69
      0.19      0.39     -0.69
      0.19      0.39     -0.69
      1.15     -0.57     -0.69
      0.19     -0.57     -0.69
      0.19      0.39      0.27
     -0.77      0.39      0.27
     -1.72     -0.57      0.27
      0.19      0.39      0.27
      0.19      0.39     -0.69
      0.19     -1.52      0.27
      0.19     -0.57      0.27
      0.19      0.39      0.27
      0.19      0.39      0.27
      0.19      0.39      0.27
      0.19     -0.57      0.27
      0.19     -0.57      0.27
      0.19     -0.57      0.27
     -0.77     -0.57      0.27
      0.19     -0.57     -0.69
      0.19     -0.57     -1.64
      0.19      0.39     -0.69
      0.19     -0.57     -0.69
      0.19      0.39     -0.69
     -0.77      0.39     -0.69
      0.19      0.39     -0.69
      0.19      0.39     -1.64
      0.19     -0.57      0.27
      0.19     -0.57      0.27
     -0.77      0.39      1.23
      0.19      0.39      1.23
      0.19      0.39      1.23
     -0.77      0.39      1.23
     -0.77      0.39      0.27
     -0.77      0.39      0.27
      0.19      0.39      0.27
      1.15      0.39     -0.69
      0.19     -0.57      0.27
      0.19     -0.57     -0.69
      0.19     -0.57     -1.64
      0.19     -0.57     -0.69
      0.19     -1.52     -0.69
      0.19     -0.57     -0.69
      0.19     -0.57     -0.69
     -0.77     -0.57     -0.69
     -0.77     -0.57     -0.69
     -0.77     -0.57      0.27
      0.19     -0.57      0.27
      0.19      0.39      0.27
      0.19     -0.57      0.27
      0.19     -0.57      0.27
      0.19     -0.57      1.23
      0.19      0.39      1.23
      0.19      0.39      1.23
      0.19      0.39      1.23
      0.19      0.39      0.27
      0.19      0.39     -0.69
      0.19      0.39      0.27
      0.19      0.39      0.27
      0.19      0.39     -0.69
      0.19      0.39      0.27
      0.19      0.39      0.27
      0.19      0.39      0.27
      0.19     -0.57      0.27
      0.19     -0.57      0.27
      0.19     -0.57      0.27
      0.19     -0.57      0.27
      0.19     -2.48     -0.69
      0.19     -0.57     -0.69
      0.19     -0.57     -1.64
      0.19     -0.57     -0.69
      0.19     -0.57     -1.64
      0.19     -1.52     -0.69
      0.19      0.39     -0.69
     -0.77     -0.57      0.27
     -0.77      0.39      0.27
      0.19      0.39      0.27
      0.19      0.39      0.27
      0.19      0.39      0.27
     -0.77     -0.57      0.27
      0.19      0.39      0.27
     -0.77      0.39      0.27
      0.19      1.35      0.27
      0.19      1.35      0.27
      0.19      1.35      0.27
      0.19      0.39      0.27
      1.15      0.39      0.27
      0.19      0.39      0.27
     -0.77     -0.57      0.27
     -0.77     -0.57      0.27
      0.19     -0.57      0.27
      0.19     -0.57      0.27
      0.19     -0.57     -0.69
      0.19     -0.57     -0.69
      0.19     -0.57      0.27
      1.15     -0.57     -0.69
      0.19     -0.57      0.27
      0.19     -0.57      0.27
     -0.77     -0.57      0.27
      0.19     -0.57      0.27
      0.19      0.39      0.27
     -0.77      0.39      0.27
      0.19      0.39      0.27
      0.19      0.39      0.27
     -0.77     -0.57      0.27
      0.19      0.39      0.27
      0.19      0.39      0.27
      1.15      0.39      0.27
      0.19      0.39      0.27
      1.15      0.39      0.27
     -0.77      0.39     -0.69
      0.19      1.35     -0.69
      0.19      1.35     -0.69
      0.19      1.35     -0.69
      0.19      0.39     -0.69
     -0.77      0.39     -0.69
      0.19      0.39      0.27
     -0.77     -0.57      0.27
      0.19     -0.57     -0.69
      0.19     -0.57      0.27
      0.19     -0.57      0.27
      0.19     -0.57      0.27
     -0.77     -0.57      0.27
      0.19     -0.57      0.27
      0.19     -1.52      0.27
      0.19     -1.52      0.27
      1.15     -0.57     -0.69
      0.19     -0.57     -0.69
      0.19     -0.57      0.27
      0.19      0.39      0.27
      0.19      1.35      0.27
      0.19      0.39      0.27
      0.19      0.39      1.23
     -0.77      0.39      0.27
      0.19      0.39     -0.69
      0.19      0.39      0.27
      0.19      0.39     -0.69
      0.19      0.39      0.27
      0.19      0.39      0.27
