********************************************************************************
                       INSTITUTO DE INGENIERIA, UNAM
                   Coordinacion de Instrumentacion Sismica
  Ciudad Universitaria, Apartado Postal 70-472, Coyoacan 04510, Mexico, D.F.
 Tel.(52-5)622-3414    Fax.(52-5)616-1514    e-mail: isismica@pumas.iingen.unam.mx
**************************************************************************************
ARCHIVO ESTANDAR DE ACELERACION:
VERSION DEL FORMATO                    : 2.0
NOMBRE DEL ARCHIVO                     : ACAR9705.081
FECHA Y HORA DE CREACION               : Thu Jul 03 16:55:55 1997
REF. CATALOGO ACELEROGRAMAS, SMIS 1995 : REGISTRO NO.      /PAG.    


================================================================================
DATOS DE LA ESTACION:
NOMBRE DE LA ESTACION                  : ACAPULCO RENACIMIENTO
CLAVE DE LA ESTACION                   : ACAR
LOCALIZACION DE LA ESTACION            : Ciudad Renacimiento, Centro de Estudios
                                       : Tecnologicos y Sociales, Acapulco Gro.
                                       : Mexico
                                       :
                                       :
COORDENADAS DE LA ESTACION             : 16.888789 LAT. N
                                       : 99.835027 LONG. W
ALTITUD (msnm)                         : 35
TIPO DE SUELO                          : ALUVIAL
                                       :
                                       :
INSTITUCION RESPONSABLE                : INSTITUTO DE INGENIERIA UNAM
                                       :

================================================================================
DATOS DEL ACELEROGRAFO: 
MODELO DEL ACELEROGRAFO                : DCA-333
NUMERO DE SERIE DEL ACELEROGRAFO       : 170
NUMERO DE CANALES                      : 3
ORIENTACION C1-C6 (rumbo;orientacion)  : /V/N90E/N00E
ORIENTACION C7-C12 (rumbo;orientacion) :
VEL. DE MUESTREO, C1-C6 (muestras/s)   : /100/100/100
VEL. DE MUESTREO, C7-C12 (muestras/s)  :
ESC. COMPLETA DE SENSORES, C1-C6, (g)  : /1/1/1
ESC. COMPLETA DE SENSORES, C7-C12 (g)  :
FREC. NAT. DE SENSORES, C1-C6, (Hz)    : /30.0/30.0/30.0
FREC. NAT. DE SENSORES, C7-C12 (Hz)    :
AMORTIGUAMIENTO DE SENSORES, C1-C6     : /0.70/0.70/0.70
AMORTIGUAMIENTO DE SENSORES, C7-C12    :
INTERVALO DE MUESTREO, C1-C6 (s)       : /0.01/0.01/0.01
INTERVALO DE MUESTREO, C7-C12 (s)      :
UMBRAL DE DISPARO, C1-C6 (Gal)         : /4/4/4
UMBRAL DE DISPARO, C7-C12 (Gal)        :
MEMORIA DE PREEVENTO (s)               : 4
TIEMPO DE POSEVENTO (s)                : 15


================================================================================
DATOS DEL SISMO:
FECHA DEL SISMO [GMT]                  : 1997/05/08
HORA EPICENTRO (GMT)                   : 15:58:29.7
MAGNITUD(ES)                           : /Mb=5.0/Ms=4.3/Mc=4.8
COORDENADAS DEL EPICENTRO              : 17.320 LAT. N
                                       : 100.440 LONG. W
PROFUNDIDAD FOCAL (Km)                 : 12
FUENTE DE LOS DATOS EPICENTRALES       : Instituto de Geofisica, UNAM
                                       : SSN

================================================================================
DATOS DE ESTE REGISTRO:
HORA DE LA PRIMERA MUESTRA (GMT)     * : 15:58:46    
EXACTITUD DEL TIEMPO (s)               :   
DURACION DEL REGISTRO (s), C1-C6       : /22.95/22.95/22.95                      
DURACION DEL REGISTRO (s), C7-C12      : 
NUM. TOTAL DE MUESTRAS, C1-C6          : /2295/2295/2295                       
NUM. TOTAL DE MUESTRAS, C7-C12         : 
ACEL. MAX.(Gal), C1-C6                 : /-23.10/48.65/36.64                   
ACEL. MAX., C1-C6, EN LA MUESTRA       : /615/565/490                          
ACEL. MAX.(Gal), C7-C12                : 
ACEL. MAX., C7-C12,EN LA MUESTRA       : 
UNIDADES DE LOS DATOS                  : Gal (cm/s/s)
FACTOR DE DECIMACION                   : 1
FORMATO DATOS (FORTRAN,10 campos/dato) : 3F10.2


================================================================================
CALIDAD DEL ACELEROGRAMA:
REGISTRO DIGITAL COMPLETO, CON TIEMPO ABSOLUTO CORRECTO.


================================================================================
COMENTARIOS:
* Se encontro sin tiempo interno en la fecha de revision. Se toma el tiempo
  de la primera muestra del registro y se deja sin fracciones de segundo.

Sentido fuerte en Acapulco y Tecpan, Gro. Leve en Puebla, Pue.
Sentido tambien en Mexico, D.F.









================================================================================
DATOS DE ACELERACION:
---------+---------+---------+---------+---------+---------+---------+---------+
   CANAL-1   CANAL-2   CANAL-3
         V      N90E      N00E
---------+---------+---------+---------+---------+---------+---------+---------+
      0.83     -0.16      0.27
      0.83      0.80      0.27
      0.83      0.80      1.23
     -0.13      0.80      1.23
     -0.13      1.75      1.23
      0.83      0.80      1.23
      2.74      0.80      0.27
      0.83      0.80      0.27
     -0.13      0.80      0.27
     -2.04      1.75      0.27
     -2.04      0.80      0.27
     -0.13     -0.16     -0.69
      0.83     -1.12     -1.64
     -0.13     -0.16     -1.64
     -1.09     -0.16     -0.69
     -0.13     -0.16      0.27
      0.83     -0.16      1.23
      0.83     -0.16      1.23
     -0.13     -1.12      0.27
     -2.04     -1.12     -0.69
     -2.04     -0.16     -0.69
     -1.09     -0.16      0.27
     -0.13     -1.12      0.27
      1.78     -0.16     -0.69
      1.78     -0.16     -0.69
      0.83      0.80     -0.69
      0.83      0.80     -0.69
      0.83     -0.16     -0.69
     -0.13     -0.16     -0.69
     -2.04     -1.12      0.27
     -1.09     -0.16      0.27
     -0.13      0.80      1.23
     -0.13      1.75      1.23
     -0.13      1.75      0.27
     -0.13      0.80     -0.69
     -0.13     -0.16     -0.69
      0.83     -1.12      0.27
      0.83     -0.16      1.23
      0.83      0.80      1.23
     -0.13      0.80      1.23
     -0.13     -0.16      1.23
     -0.13     -0.16      0.27
     -1.09     -1.12      0.27
     -1.09     -0.16      0.27
     -0.13     -1.12     -0.69
      1.78     -0.16     -0.69
      0.83     -0.16     -0.69
      0.83     -0.16     -0.69
     -0.13     -1.12     -0.69
     -1.09     -1.12     -0.69
     -1.09     -1.12      0.27
     -0.13     -0.16      0.27
     -0.13      0.80      0.27
     -1.09      0.80     -0.69
     -1.09      1.75     -0.69
     -0.13      0.80      0.27
      0.83      0.80      0.27
     -0.13     -0.16     -0.69
     -0.13     -0.16     -0.69
     -0.13     -1.12      0.27
      0.83     -1.12      0.27
      1.78     -1.12      1.23
      0.83     -0.16      1.23
     -0.13     -0.16      1.23
     -2.04     -1.12      1.23
     -2.04     -1.12      0.27
     -0.13      0.80     -0.69
     -0.13      1.75     -0.69
      1.78      0.80      0.27
      1.78      0.80     -0.69
      0.83      0.80     -0.69
     -0.13      0.80     -0.69
     -1.09      0.80      0.27
     -2.04      0.80      0.27
     -2.04     -0.16      0.27
     -2.04     -0.16     -0.69
     -0.13     -0.16     -0.69
     -0.13     -0.16     -0.69
      0.83     -0.16     -1.64
      0.83     -2.07     -1.64
      0.83     -1.12     -0.69
     -0.13     -1.12     -0.69
      0.83     -1.12      0.27
      1.78     -0.16      0.27
      1.78     -0.16      1.23
      0.83     -0.16      1.23
     -1.09      0.80      1.23
     -2.04      0.80      2.18
     -1.09      0.80      1.23
     -0.13      0.80      0.27
     -1.09      0.80     -0.69
     -1.09      0.80     -0.69
     -0.13     -0.16     -0.69
      0.83     -0.16     -0.69
      1.78     -0.16      0.27
      1.78     -0.16      0.27
     -0.13      0.80      0.27
     -0.13     -0.16      0.27
      1.78     -1.12      0.27
      0.83     -1.12      0.27
     -2.04     -0.16      0.27
     -2.04     -0.16     -0.69
     -0.13     -0.16     -1.64
     -0.13      0.80      0.27
      0.83      0.80      0.27
      0.83      0.80      1.23
      0.83     -0.16      0.27
      0.83     -0.16      0.27
     -0.13     -1.12      0.27
     -0.13     -0.16      0.27
     -1.09     -0.16      0.27
     -1.09     -0.16     -0.69
     -0.13      0.80     -0.69
     -0.13      0.80      0.27
     -0.13     -0.16     -0.69
     -0.13     -0.16     -1.64
     -0.13     -1.12     -1.64
     -0.13     -1.12     -0.69
     -0.13     -1.12     -0.69
     -0.13     -0.16      0.27
     -1.09     -0.16      0.27
     -0.13      0.80      1.23
      0.83      0.80      0.27
      0.83     -0.16     -0.69
     -0.13     -0.16     -0.69
     -0.13     -0.16      0.27
     -0.13      0.80      1.23
     -1.09      0.80      0.27
     -0.13      0.80     -0.69
      0.83     -0.16     -0.69
      1.78      0.80     -0.69
      0.83      0.80     -0.69
     -0.13     -0.16     -0.69
     -1.09     -0.16     -0.69
     -2.04     -0.16      0.27
     -1.09     -0.16      1.23
      0.83     -0.16      1.23
      0.83     -0.16      0.27
     -0.13     -0.16      0.27
     -0.13     -0.16      0.27
     -0.13     -0.16     -0.69
     -0.13     -1.12     -0.69
      0.83     -0.16     -0.69
     -0.13     -1.12     -0.69
     -0.13     -1.12     -0.69
     -0.13     -1.12      0.27
      0.83     -1.12      0.27
     -0.13     -0.16      0.27
     -0.13     -0.16     -0.69
     -1.09     -1.12     -0.69
     -1.09     -0.16      0.27
     -0.13      0.80      0.27
      0.83      0.80      0.27
      1.78      0.80      0.27
      1.78      0.80      1.23
      0.83      0.80      0.27
     -0.13      1.75      0.27
     -1.09      1.75      0.27
     -1.09      1.75      0.27
     -0.13      1.75      1.23
     -0.13      0.80      1.23
     -0.13      0.80      0.27
     -0.13     -0.16     -1.64
     -0.13     -0.16     -2.60
      0.83     -1.12     -1.64
     -0.13     -2.07     -0.69
     -0.13     -1.12     -0.69
     -0.13     -0.16     -0.69
     -0.13     -0.16      0.27
     -0.13     -0.16      0.27
     -0.13     -1.12     -0.69
     -0.13     -0.16     -0.69
     -1.09     -0.16     -1.64
     -1.09      0.80     -0.69
     -0.13      1.75      0.27
      1.78      1.75      1.23
      1.78      1.75      1.23
      1.78      0.80      1.23
     -0.13     -0.16      2.18
     -1.09     -1.12      1.23
     -1.09     -1.12      0.27
     -1.09     -1.12      0.27
     -1.09     -1.12     -0.69
     -0.13     -0.16     -0.69
      0.83      0.80     -0.69
      1.78      0.80     -0.69
      2.74      0.80     -0.69
      1.78      0.80      0.27
     -0.13     -0.16      1.23
     -2.04     -0.16      1.23
     -2.04     -1.12      1.23
     -3.00     -1.12      1.23
     -2.04     -0.16      0.27
     -0.13     -0.16      0.27
      0.83     -0.16     -1.64
      0.83     -1.12     -1.64
      1.78     -1.12     -1.64
      1.78     -1.12      0.27
      0.83     -1.12      1.23
     -0.13     -1.12      0.27
     -0.13     -1.12      0.27
     -1.09     -0.16      1.23
     -1.09     -0.16      0.27
     -2.04     -1.12     -0.69
     -1.09     -0.16     -1.64
     -1.09      0.80     -1.64
     -0.13      1.75     -0.69
     -0.13      1.75     -0.69
      0.83      2.71      0.27
      0.83      1.75      1.23
     -0.13      0.80      1.23
      0.83     -0.16      0.27
      0.83     -0.16      0.27
     -1.09     -0.16      0.27
     -1.09     -1.12      0.27
      0.83     -1.12      0.27
      0.83     -1.12     -0.69
     -0.13     -1.12      0.27
     -1.09     -0.16      0.27
     -2.04     -1.12      0.27
     -0.13     -1.12      0.27
      1.78     -1.12      0.27
      0.83     -0.16      0.27
      0.83     -0.16     -0.69
      0.83     -1.12     -1.64
     -0.13     -1.12     -1.64
     -0.13     -0.16     -1.64
     -0.13      0.80     -0.69
     -1.09      1.75      0.27
     -1.09      0.80      0.27
     -0.13      0.80      0.27
      0.83     -0.16      0.27
     -0.13     -0.16      0.27
     -2.04     -0.16     -0.69
     -1.09     -0.16     -1.64
      0.83     -0.16     -0.69
      0.83      0.80      0.27
      2.74      1.75      0.27
      2.74      1.75      0.27
      1.78      0.80      1.23
     -0.13     -0.16      2.18
     -1.09     -0.16      1.23
     -2.04     -0.16     -0.69
     -0.13      0.80     -0.69
      0.83      1.75     -0.69
     -0.13      1.75     -0.69
     -0.13      0.80     -1.64
     -0.13      0.80     -1.64
      0.83     -0.16     -1.64
      0.83     -0.16     -0.69
      0.83     -1.12     -0.69
     -0.13     -0.16      0.27
     -2.04      0.80      1.23
     -2.04      1.75      2.18
     -3.00      0.80      1.23
     -1.09      0.80     -0.69
     -1.09      0.80     -0.69
     -1.09      0.80     -0.69
     -0.13     -0.16      0.27
      0.83     -2.07      1.23
      0.83     -3.03      1.23
     -0.13     -3.03      1.23
     -1.09     -3.03      2.18
     -1.09     -3.03      1.23
     -1.09     -3.03      0.27
      0.83     -2.07     -0.69
      0.83     -2.07     -0.69
      0.83     -1.12     -0.69
      0.83     -1.12     -0.69
      0.83     -0.16     -0.69
      1.78     -0.16     -0.69
      1.78      0.80      0.27
     -0.13      1.75      0.27
     -0.13      2.71      1.23
     -0.13      2.71      1.23
     -0.13      2.71      0.27
     -1.09      2.71      0.27
     -2.04      2.71     -0.69
     -2.04      2.71     -1.64
     -1.09      2.71     -1.64
      0.83      2.71     -1.64
      0.83      1.75     -0.69
     -0.13      0.80     -0.69
     -0.13     -0.16     -0.69
     -0.13     -2.07     -0.69
      0.83     -3.03      0.27
      0.83     -3.99      1.23
      0.83     -3.99      2.18
      0.83     -3.99      1.23
     -0.13     -2.07      1.23
     -0.13     -1.12      0.27
      1.78     -1.12     -0.69
      2.74     -1.12     -0.69
      2.74     -0.16      0.27
     -0.13      0.80      1.23
     -1.09      1.75      1.23
     -2.04      1.75      0.27
     -1.09      2.71      0.27
     -1.09      2.71      0.27
     -2.04      2.71     -0.69
     -2.04      2.71     -1.64
     -1.09      1.75     -1.64
     -0.13      0.80     -1.64
      0.83     -0.16     -1.64
      1.78     -1.12     -1.64
      1.78     -2.07     -1.64
      1.78     -3.03     -0.69
      1.78     -3.03      0.27
      0.83     -2.07      1.23
     -1.09     -2.07      1.23
     -1.09     -1.12      1.23
     -0.13     -0.16      1.23
     -0.13      0.80      1.23
     -0.13      1.75      0.27
     -0.13      1.75     -0.69
     -0.13      1.75      0.27
     -1.09      1.75      0.27
     -0.13      1.75      0.27
     -0.13      1.75      0.27
     -1.09      0.80      0.27
     -1.09      0.80      1.23
     -0.13     -0.16      0.27
      1.78     -0.16      0.27
      1.78     -1.12     -0.69
     -1.09     -1.12     -0.69
     -2.04     -1.12     -0.69
     -2.04     -1.12      0.27
     -0.13     -1.12      0.27
      1.78     -1.12      1.23
      2.74     -0.16      1.23
      0.83     -0.16      1.23
     -2.04     -0.16      1.23
     -2.04     -1.12      1.23
      0.83     -2.07      1.23
      1.78     -2.07      0.27
      0.83     -1.12      0.27
     -1.09     -0.16      0.27
     -1.09     -1.12     -0.69
      0.83     -1.12     -1.64
      2.74     -1.12     -1.64
      1.78      0.80     -2.60
      0.83      2.71     -1.64
     -0.13      4.63     -1.64
      0.83      4.63     -0.69
      0.83      4.63     -0.69
     -1.09      4.63     -0.69
     -3.00      3.67     -0.69
     -3.00      2.71     -0.69
     -2.04      1.75      1.23
     -0.13      1.75      2.18
     -0.13      0.80      3.14
     -1.09     -0.16      2.18
     -2.04     -1.12      2.18
     -1.09     -2.07      2.18
     -0.13     -2.07      1.23
     -0.13     -2.07      0.27
     -0.13     -3.03     -0.69
     -0.13     -2.07     -0.69
     -0.13     -0.16     -1.64
     -0.13      2.71     -2.60
     -1.09      4.63     -2.60
     -2.04      4.63     -1.64
     -3.00      4.63     -1.64
     -3.00      4.63     -1.64
     -3.00      4.63     -0.69
    -14.49      4.63     -1.64
    -13.53      2.71     -0.69
     -3.00     -1.12     -0.69
     -2.04     -1.12     -1.64
     -1.09     -2.07     -2.60
     -0.13     -3.03     -1.64
      3.70     -3.99     -1.64
      6.57     -5.90     -0.69
      6.57     -8.77      0.27
      5.61     -9.73      2.18
      4.66    -11.64      3.14
      5.61    -14.52      2.18
      5.61    -15.47      3.14
      5.61    -15.47      3.14
      3.70    -15.47      4.10
      1.78    -14.52      3.14
      2.74    -15.47      3.14
      5.61    -12.60      3.14
      6.57     -8.77      1.23
      5.61     -3.03     -0.69
      3.70      2.71     -2.60
      3.70     18.02     -4.52
      3.70     23.77     -7.39
      1.78     29.51    -11.21
     -2.04     33.34    -15.04
    -15.44     35.25    -16.96
    -18.31     34.29    -16.00
    -20.23     33.34    -12.17
    -19.27     31.42     -8.34
    -18.31     29.51     -2.60
    -18.31     27.59      2.18
    -18.31     25.68     18.45
    -18.31     22.81     21.32
    -16.40     18.98     23.24
    -15.44      3.67     25.15
     -2.04     -3.99     27.07
      0.83    -10.69     28.02
      4.66    -16.43     28.02
      7.53    -20.26     28.02
      9.44    -20.26     27.07
      9.44    -18.34     25.15
      8.48    -15.47     21.32
      6.57    -13.56      5.06
      5.61    -12.60     -2.60
      3.70    -12.60     -9.30
      1.78    -13.56    -14.09
     -1.09    -15.47    -16.00
     -3.00    -16.43    -16.00
    -14.49    -14.52    -16.00
    -15.44     -9.73    -15.04
    -16.40     -3.03    -13.13
    -17.36      2.71    -11.21
    -17.36     17.07     -9.30
    -16.40     20.89     -8.34
    -14.49     23.77     -8.34
     -1.09     27.59     -7.39
      1.78     30.47     -5.47
      2.74     31.42     -4.52
      3.70     32.38     -2.60
      3.70     31.42      0.27
      3.70     28.55      6.01
      2.74     22.81     21.32
      1.78      5.58     25.15
      0.83     -2.07     27.07
     -0.13     -5.90     26.11
      0.83     -8.77     25.15
      2.74     -9.73     25.15
      4.66    -11.64     25.15
      6.57    -13.56     23.24
      7.53    -14.52     21.32
      7.53    -14.52     18.45
      5.61    -14.52      6.01
      3.70    -12.60      3.14
     -0.13     -9.73      1.23
    -13.53     -3.99     -2.60
    -16.40      2.71     -8.34
    -17.36     18.02    -15.04
    -19.27     22.81    -22.70
    -19.27     24.72    -27.48
    -17.36     22.81    -30.36
     -3.00     20.89    -30.36
     -2.04     19.94    -26.53
     -2.04     18.98    -17.91
    -15.44      6.54     -7.39
    -20.23      1.75      0.27
    -21.18     -3.99      5.06
    -17.36     -9.73     19.41
     -2.04    -12.60     22.28
      2.74    -13.56     22.28
      7.53    -13.56     22.28
      9.44    -11.64     23.24
     11.35     -5.90     22.28
     11.35     -0.16     20.37
     11.35      4.63      6.97
     12.31      3.67      3.14
     10.40     -0.16      1.23
      5.61     -4.95      0.27
      1.78     -6.86      1.23
     -1.09     -3.99      3.14
    -14.49      2.71      5.06
    -17.36     18.98      6.97
    -19.27     24.72     20.37
    -19.27     28.55     21.32
    -17.36     30.47     21.32
    -15.44     27.59     18.45
     -2.04     22.81      1.23
      0.83      5.58     -4.52
      2.74      1.75     -8.34
      3.70      0.80    -10.26
      4.66      1.75    -11.21
      2.74      1.75     -9.30
      1.78     -2.07     -6.43
     -2.04     -8.77     -5.47
    -16.40    -14.52     -6.43
    -20.23    -18.34     -8.34
    -20.23    -22.17     -8.34
    -18.31    -23.13     -9.30
     -3.00    -23.13    -10.26
      3.70    -21.21    -13.13
      8.48    -18.34    -14.09
      9.44    -14.52    -11.21
      9.44     -6.86     -5.47
      9.44     -0.16      6.01
      7.53     17.07     27.07
      2.74     21.85     34.72
     -3.00     26.64     36.64
    -16.40     28.55     31.85
    -17.36     30.47     25.15
    -16.40     32.38      7.93
     -3.00     33.34      0.27
      1.78     32.38     -3.56
      3.70     29.51     -4.52
      5.61     25.68     -3.56
      6.57     18.98      0.27
      5.61      2.71      6.01
      5.61     -4.95     18.45
      4.66    -10.69     18.45
     -0.13    -14.52      6.01
    -14.49    -15.47      5.06
    -17.36    -13.56      3.14
    -17.36    -10.69      1.23
    -14.49     -7.82     -2.60
     -2.04     -5.90     -7.39
     -0.13     -6.86    -11.21
     -0.13     -8.77    -16.00
      0.83     -8.77    -20.78
      2.74     -4.95    -22.70
      2.74      0.80    -21.74
      1.78      5.58    -16.00
     -1.09     18.02     -8.34
    -14.49     18.02     -1.64
    -16.40     18.02      2.18
    -17.36     17.07      4.10
    -17.36      4.63      2.18
    -14.49      0.80      4.10
     -1.09     -1.12      6.01
      3.70     -2.07     18.45
      7.53     -1.12     18.45
     10.40     -2.07     18.45
     11.35     -3.03     18.45
      9.44     -4.95     18.45
      8.48     -6.86     18.45
      6.57     -7.82     18.45
      3.70     -7.82      6.97
     -1.09     -7.82      5.06
     -3.00     -6.86      1.23
     -2.04     -4.95     -2.60
     -1.09     -1.12     -2.60
     -2.04      0.80     -0.69
    -14.49      1.75     -0.69
    -15.44      2.71     -3.56
    -16.40      5.58     -7.39
    -14.49     19.94    -11.21
     -3.00     25.68    -12.17
     -2.04     30.47    -12.17
     -1.09     32.38    -13.13
     -1.09     33.34    -15.04
    -14.49     34.29    -16.96
    -17.36     33.34    -15.04
    -18.31     28.55    -11.21
    -17.36     20.89     -5.47
    -16.40     -0.16     -0.69
    -16.40    -11.64      4.10
    -14.49    -23.13     18.45
     -2.04    -32.70     25.15
      0.83    -39.40     29.94
      3.70    -41.31     32.81
      6.57    -38.44     33.77
     10.40    -31.74     34.72
     16.14    -25.04     31.85
     19.01    -21.21     28.98
     19.01    -17.39     27.07
     16.14    -12.60     26.11
     12.31     -3.03     24.20
      8.48     18.02     20.37
      5.61     26.64      5.06
      0.83     33.34      0.27
    -14.49     38.12     -5.47
    -19.27     41.95    -12.17
    -22.14     45.78    -17.91
    -22.14     48.65    -20.78
    -22.14     45.78    -21.74
    -21.18     37.16    -20.78
    -20.23     27.59    -20.78
    -18.31     20.89    -19.83
    -15.44     17.07    -18.87
    -15.44      4.63    -16.00
    -16.40      0.80    -11.21
    -17.36     -4.95     -7.39
    -17.36    -10.69     -4.52
    -15.44    -14.52     -1.64
     -1.09    -16.43      3.14
      0.83    -17.39     18.45
      0.83    -19.30     22.28
      3.70    -22.17     24.20
      7.53    -23.13     21.32
     11.35    -21.21      6.97
     14.23    -17.39      4.10
     14.23    -12.60      5.06
     12.31     -7.82      6.97
     10.40     -4.95     19.41
      7.53     -3.03     20.37
      3.70     -1.12     20.37
     -1.09      3.67     19.41
    -14.49     20.89      6.01
    -15.44     28.55      2.18
    -16.40     35.25     -0.69
    -16.40     38.12     -3.56
    -16.40     38.12     -6.43
    -15.44     34.29     -9.30
    -14.49     28.55     -9.30
    -15.44     21.85     -9.30
    -14.49      4.63     -7.39
     -3.00     -3.03     -5.47
     -3.00     -8.77     -3.56
     -3.00    -13.56     -0.69
     -1.09    -17.39      2.18
      0.83    -20.26      5.06
     -0.13    -24.09      5.06
      1.78    -25.04      3.14
      2.74    -24.09     -2.60
      4.66    -20.26     -9.30
      8.48    -15.47    -14.09
     10.40     -9.73    -13.13
      8.48     -3.99     -9.30
      4.66     -0.16     -4.52
     -0.13      1.75     -1.64
    -13.53      2.71      1.23
    -17.36      5.58      6.01
    -21.18     18.02     19.41
    -23.10     19.94     20.37
    -23.10     21.85     18.45
    -19.27     25.68      6.01
     -3.00     27.59      6.01
     -0.13     28.55     18.45
      4.66     29.51     19.41
      8.48     27.59     18.45
     11.35     23.77      6.97
      9.44     19.94      5.06
      5.61      4.63      4.10
      3.70     -1.12      3.14
      1.78     -3.99      3.14
     -1.09     -3.99      2.18
     -2.04     -3.99      1.23
     -2.04     -6.86     -0.69
     -2.04    -10.69     -1.64
     -1.09    -15.47     -2.60
      0.83    -19.30     -4.52
      2.74    -21.21     -6.43
      4.66    -20.26     -8.34
      6.57    -18.34    -10.26
      6.57    -15.47    -11.21
      5.61     -9.73    -12.17
      1.78     -2.07    -13.13
     -3.00     17.07    -12.17
    -16.40     22.81    -10.26
    -17.36     27.59     -8.34
    -17.36     31.42     -5.47
    -16.40     34.29     -2.60
    -16.40     33.34      0.27
    -16.40     31.42      2.18
    -16.40     26.64      5.06
    -15.44     21.85      6.01
     -2.04     17.07      6.01
      1.78      2.71      6.97
      4.66     -2.07     20.37
      5.61     -5.90     25.15
      5.61    -10.69     28.02
      8.48    -13.56     28.02
      9.44    -14.52     26.11
      8.48    -13.56     25.15
      6.57    -13.56     23.24
      5.61    -15.47     19.41
      2.74    -16.43      4.10
     -1.09    -14.52     -1.64
     -3.00    -10.69     -7.39
    -14.49     -5.90    -12.17
    -14.49     -3.03    -14.09
    -13.53     -0.16    -13.13
    -14.49      2.71    -12.17
    -14.49      6.54    -10.26
    -14.49     19.94    -10.26
    -15.44     21.85    -11.21
    -15.44     21.85    -11.21
    -14.49     21.85     -8.34
     -3.00     19.94     -4.52
     -1.09     20.89     -3.56
     -1.09     21.85     -4.52
     -2.04     22.81     -5.47
     -1.09     20.89     -4.52
     -0.13      5.58     -3.56
      2.74     -1.12     -1.64
      3.70     -5.90      1.23
      2.74     -8.77      3.14
      2.74    -12.60      5.06
      2.74    -16.43      3.14
      3.70    -18.34      2.18
      4.66    -18.34      2.18
      5.61    -15.47      4.10
      4.66    -10.69      5.06
      2.74     -6.86      6.97
      1.78     -4.95     19.41
     -0.13     -2.07     22.28
     -0.13      0.80     24.20
     -0.13      3.67     24.20
     -2.04      4.63     22.28
    -14.49     17.07     19.41
    -14.49     18.98      6.97
    -14.49     21.85      5.06
     -3.00     23.77      2.18
     -0.13     26.64     -0.69
     -0.13     25.68     -3.56
      0.83     21.85     -5.47
      0.83     18.02     -9.30
      0.83      4.63    -14.09
      0.83      1.75    -15.04
      0.83     -1.12    -15.04
     -0.13     -3.99    -13.13
     -2.04     -4.95    -11.21
     -2.04     -4.95     -8.34
     -1.09     -4.95     -4.52
     -3.00     -6.86     -0.69
     -3.00     -8.77      2.18
     -3.00    -10.69      5.06
     -3.00    -10.69      5.06
     -2.04     -7.82      4.10
     -0.13     -3.99      2.18
      3.70     -2.07     -0.69
      5.61     -1.12     -0.69
      7.53     -1.12      1.23
      8.48      0.80      3.14
      7.53      0.80      3.14
      4.66      0.80      4.10
      1.78     -0.16      5.06
     -1.09      0.80     18.45
     -2.04      2.71     20.37
     -2.04      4.63     20.37
     -2.04      5.58     19.41
     -2.04     17.07     18.45
     -2.04      5.58      5.06
     -0.13      3.67      3.14
     -0.13      3.67      0.27
      0.83      4.63     -1.64
      1.78      5.58     -2.60
      1.78     17.07     -3.56
     -0.13     17.07     -4.52
     -2.04      5.58     -4.52
     -3.00      3.67     -6.43
    -15.44      1.75     -8.34
    -15.44     -1.12    -11.21
    -15.44     -3.99    -12.17
    -14.49     -5.90    -13.13
    -14.49     -7.82    -12.17
     -2.04     -9.73    -11.21
      0.83    -11.64    -10.26
      1.78    -11.64     -8.34
      2.74    -10.69     -4.52
      3.70    -10.69     -1.64
      3.70    -10.69      1.23
      5.61     -9.73      4.10
      4.66     -8.77      6.01
      3.70     -5.90      7.93
      0.83     -3.03     18.45
     -1.09      1.75     18.45
     -1.09      5.58     18.45
     -1.09     18.02     18.45
     -1.09     19.94     18.45
     -1.09     20.89     18.45
     -0.13     22.81     18.45
     -0.13     24.72     19.41
      0.83     25.68     20.37
      0.83     26.64     21.32
      0.83     25.68     21.32
      0.83     24.72     18.45
      0.83     22.81      5.06
      0.83     19.94      2.18
     -0.13     17.07     -1.64
     -0.13      3.67     -4.52
     -0.13     -0.16     -8.34
     -0.13     -5.90    -10.26
     -0.13    -11.64    -10.26
     -1.09    -16.43     -9.30
     -3.00    -19.30     -9.30
    -13.53    -21.21    -10.26
    -14.49    -22.17    -10.26
     -3.00    -21.21     -8.34
     -0.13    -19.30     -6.43
      0.83    -16.43     -6.43
     -0.13    -13.56     -7.39
     -0.13     -9.73     -9.30
     -0.13     -5.90     -9.30
      0.83     -0.16     -6.43
      2.74      5.58     -2.60
      3.70     20.89      0.27
      2.74     25.68      3.14
      0.83     29.51      6.97
     -1.09     30.47     20.37
     -2.04     29.51     21.32
     -3.00     26.64     21.32
     -2.04     24.72     20.37
     -0.13     23.77     20.37
      0.83     20.89     19.41
      2.74     18.02     18.45
      3.70      4.63     18.45
      4.66     -0.16     20.37
      4.66     -4.95     21.32
      3.70     -8.77     19.41
      0.83    -11.64      5.06
     -1.09    -13.56      0.27
     -2.04    -15.47     -3.56
    -14.49    -16.43     -6.43
    -15.44    -14.52     -9.30
    -14.49     -9.73    -11.21
     -3.00     -5.90    -12.17
     -2.04     -3.03    -12.17
     -1.09     -2.07    -12.17
     -1.09     -1.12    -11.21
     -2.04      0.80    -10.26
     -3.00      1.75     -9.30
     -3.00      3.67     -7.39
     -1.09     17.07     -5.47
     -0.13     18.98     -3.56
     -0.13     21.85     -1.64
     -0.13     22.81      0.27
      1.78     21.85      2.18
      2.74     18.02      6.01
      3.70      2.71     19.41
      2.74     -1.12     21.32
      1.78     -4.95     22.28
      0.83     -4.95     22.28
      1.78     -4.95     21.32
      3.70     -3.99     18.45
      3.70     -3.03      5.06
      3.70     -2.07      4.10
      3.70     -2.07      1.23
      2.74     -1.12     -1.64
      2.74     -1.12     -4.52
      2.74     -2.07     -4.52
     -0.13     -1.12     -3.56
     -2.04     -0.16     -2.60
    -14.49      1.75     -4.52
    -14.49      3.67     -6.43
    -13.53      5.58     -8.34
     -3.00      5.58     -8.34
     -3.00      4.63     -6.43
     -3.00      1.75     -5.47
     -2.04     -0.16     -5.47
     -0.13     -1.12     -3.56
      0.83     -1.12     -1.64
      1.78     -1.12      1.23
      1.78     -0.16      2.18
      2.74     -0.16      3.14
      2.74     -1.12      4.10
      1.78     -1.12      4.10
     -0.13     -2.07      3.14
     -1.09     -3.03      2.18
     -1.09     -4.95      2.18
     -0.13     -4.95      2.18
     -0.13     -3.99      2.18
     -0.13     -2.07      2.18
      0.83     -1.12      2.18
      0.83     -2.07      3.14
      1.78     -3.03      3.14
      1.78     -2.07      3.14
      1.78     -1.12      2.18
      0.83     -0.16      1.23
     -1.09      1.75      1.23
     -1.09      1.75      1.23
     -0.13      4.63      0.27
     -0.13      5.58     -0.69
     -0.13      6.54     -0.69
     -1.09      4.63      1.23
     -2.04      2.71      1.23
     -2.04      0.80      0.27
     -2.04      0.80     -1.64
     -2.04      1.75     -2.60
     -2.04      1.75     -3.56
     -2.04     -0.16     -3.56
     -2.04     -2.07     -3.56
     -1.09     -3.03     -3.56
     -0.13     -3.99     -3.56
     -1.09     -3.03     -3.56
     -1.09     -3.99     -3.56
     -1.09     -3.99     -3.56
     -0.13     -2.07     -2.60
      1.78     -0.16     -1.64
      0.83      0.80      0.27
     -0.13      0.80      1.23
     -0.13      0.80      2.18
      0.83      0.80      3.14
      1.78      0.80      2.18
      2.74      0.80      2.18
      2.74      0.80      2.18
      1.78      0.80      4.10
      1.78     -0.16      5.06
      0.83     -0.16      4.10
      0.83     -0.16      4.10
     -1.09     -0.16      4.10
     -1.09      0.80      4.10
     -0.13      1.75      2.18
      0.83      3.67      1.23
      0.83      3.67      0.27
     -0.13      3.67     -1.64
     -1.09      2.71     -3.56
     -1.09      1.75     -4.52
     -1.09      0.80     -5.47
     -1.09     -0.16     -6.43
     -1.09     -1.12     -7.39
     -1.09     -1.12     -6.43
     -2.04     -0.16     -5.47
     -1.09     -0.16     -4.52
     -0.13     -1.12     -3.56
      0.83     -3.03     -1.64
      0.83     -3.99      0.27
     -0.13     -4.95      1.23
     -1.09     -5.90      2.18
     -1.09     -4.95      1.23
     -0.13     -3.99      2.18
      0.83     -2.07      3.14
      0.83     -0.16      5.06
      0.83      1.75      5.06
      0.83      4.63      5.06
      0.83      5.58      6.01
      0.83      5.58      5.06
      0.83      5.58      5.06
      0.83      4.63      3.14
     -0.13      4.63      0.27
     -1.09      4.63     -2.60
     -1.09      4.63     -3.56
     -1.09      4.63     -3.56
     -0.13      2.71     -2.60
      0.83     -1.12     -2.60
      0.83     -3.99     -3.56
      0.83     -5.90     -3.56
      0.83     -5.90     -2.60
      1.78     -4.95     -1.64
      1.78     -3.03     -0.69
      0.83     -3.03      0.27
      0.83     -3.03      0.27
      0.83     -3.03     -0.69
      0.83     -3.99     -0.69
     -0.13     -4.95     -0.69
      0.83     -4.95      1.23
      0.83     -3.99      3.14
      1.78     -2.07      4.10
      0.83     -0.16      3.14
     -0.13      1.75      1.23
     -1.09      3.67     -0.69
     -2.04      3.67     -1.64
     -2.04      4.63     -1.64
     -2.04      5.58     -1.64
     -2.04      5.58     -1.64
     -1.09      5.58     -1.64
     -1.09      5.58     -1.64
     -0.13      5.58     -0.69
     -0.13      4.63      0.27
     -1.09      2.71      0.27
     -2.04      1.75     -0.69
     -2.04      0.80      0.27
     -2.04     -1.12      1.23
     -1.09     -2.07      2.18
      0.83     -3.99      2.18
      0.83     -4.95      2.18
      1.78     -4.95      1.23
      1.78     -3.99      0.27
      1.78     -3.99      1.23
      1.78     -3.99      3.14
      0.83     -3.99      3.14
      0.83     -3.03      2.18
     -0.13     -1.12      1.23
     -0.13     -0.16      1.23
     -1.09      0.80      1.23
     -1.09      1.75      0.27
     -1.09      2.71     -1.64
     -1.09      3.67     -4.52
     -0.13      3.67     -6.43
     -0.13      3.67     -5.47
      0.83      1.75     -3.56
     -0.13      0.80     -1.64
     -0.13     -0.16     -0.69
     -1.09     -0.16     -0.69
     -1.09     -1.12      0.27
     -2.04     -1.12      0.27
     -2.04     -1.12     -1.64
     -1.09     -1.12     -1.64
      0.83     -0.16     -1.64
      1.78     -0.16     -0.69
      1.78     -0.16      0.27
      1.78     -0.16      0.27
      1.78     -0.16      0.27
      1.78      0.80      1.23
      1.78      0.80      3.14
      0.83      0.80      3.14
     -0.13      0.80      3.14
     -0.13      0.80      3.14
     -1.09      0.80      4.10
     -1.09      1.75      3.14
     -0.13      1.75      1.23
      0.83      2.71      0.27
      0.83      0.80     -0.69
      0.83     -0.16      0.27
     -0.13     -1.12     -0.69
     -0.13     -0.16     -0.69
     -1.09     -0.16     -0.69
     -2.04     -0.16     -0.69
     -2.04     -1.12     -0.69
     -3.00     -3.03     -1.64
     -2.04     -3.03     -3.56
     -2.04     -3.03     -3.56
     -2.04     -3.03     -3.56
     -1.09     -3.03     -1.64
     -0.13     -3.03     -0.69
      1.78     -3.99     -0.69
      1.78     -3.03     -0.69
      2.74     -2.07      0.27
      1.78     -0.16      0.27
     -0.13      0.80     -0.69
      0.83      1.75     -2.60
      0.83      3.67     -2.60
      1.78      3.67     -2.60
      1.78      3.67     -0.69
     -0.13      2.71      2.18
     -0.13      2.71      4.10
     -0.13      3.67      5.06
     -0.13      4.63      5.06
     -1.09      4.63      5.06
     -1.09      3.67      4.10
     -1.09      2.71      3.14
     -0.13      1.75      2.18
     -0.13      1.75      1.23
     -0.13      0.80      0.27
      0.83     -0.16     -0.69
      1.78     -1.12     -1.64
      0.83     -2.07     -2.60
      0.83     -2.07     -3.56
     -0.13     -3.03     -4.52
     -1.09     -3.99     -5.47
     -2.04     -4.95     -5.47
     -2.04     -5.90     -4.52
     -2.04     -6.86     -4.52
     -2.04     -5.90     -3.56
     -2.04     -3.99     -3.56
     -0.13     -2.07     -2.60
     -0.13     -1.12     -0.69
      0.83     -0.16      1.23
      1.78      0.80      2.18
      1.78      1.75      3.14
      0.83      3.67      3.14
     -0.13      4.63      4.10
      0.83      4.63      5.06
      0.83      4.63      5.06
     -0.13      4.63      3.14
     -0.13      4.63      3.14
     -0.13      4.63      2.18
     -0.13      3.67      1.23
     -0.13      2.71      1.23
     -0.13      1.75      1.23
     -0.13      0.80      1.23
     -0.13     -0.16      0.27
     -1.09     -1.12     -0.69
     -0.13     -2.07     -1.64
      0.83     -3.03     -2.60
      1.78     -3.03     -2.60
      1.78     -3.03     -2.60
      0.83     -3.99     -1.64
     -0.13     -3.99     -2.60
     -0.13     -4.95     -2.60
     -0.13     -4.95     -2.60
     -1.09     -3.03     -1.64
     -2.04     -2.07     -1.64
     -1.09     -0.16     -1.64
     -0.13      0.80     -2.60
     -0.13      0.80     -1.64
     -0.13      1.75     -0.69
      0.83      0.80     -0.69
      0.83      0.80     -0.69
     -0.13      1.75      0.27
     -0.13      1.75      0.27
     -0.13      2.71      0.27
     -0.13      2.71      0.27
     -0.13      2.71     -0.69
     -0.13      1.75      0.27
      0.83      0.80      0.27
      0.83      0.80      0.27
     -0.13     -0.16      2.18
     -0.13     -1.12      2.18
     -0.13     -3.03      3.14
      0.83     -3.03      3.14
      1.78     -3.03      2.18
      1.78     -2.07      1.23
      0.83     -1.12      1.23
      0.83     -0.16      1.23
      0.83     -0.16      0.27
      0.83     -0.16     -0.69
     -0.13      0.80     -0.69
     -0.13      0.80     -1.64
     -1.09      0.80     -2.60
     -2.04      1.75     -2.60
     -2.04      1.75     -2.60
     -1.09      2.71     -1.64
     -2.04      2.71      0.27
     -2.04      3.67      2.18
     -2.04      3.67      2.18
     -2.04      3.67      3.14
     -1.09      3.67      3.14
     -0.13      2.71      2.18
      0.83      1.75      0.27
      1.78     -0.16      0.27
      2.74     -1.12     -0.69
      2.74     -2.07     -0.69
      1.78     -3.03      0.27
      0.83     -4.95      0.27
     -0.13     -5.90      0.27
     -0.13     -5.90     -0.69
     -0.13     -5.90     -0.69
     -0.13     -4.95     -0.69
     -0.13     -3.99     -1.64
     -1.09     -3.03     -1.64
     -0.13     -2.07     -2.60
     -0.13     -0.16     -2.60
      0.83      2.71     -2.60
      1.78      4.63     -2.60
      1.78      5.58     -1.64
      0.83      5.58     -0.69
     -0.13      6.54      1.23
     -0.61      6.54      1.71
     -1.09      6.54      2.18
     -2.04      4.63      1.23
     -2.04      3.67      1.23
     -2.04      1.75      1.23
     -1.09     -0.16      0.27
     -0.13     -2.07      0.27
      1.78     -3.03      1.23
      2.74     -4.95      1.23
      2.74     -4.95      1.23
      1.78     -4.95      0.27
      1.78     -4.95      0.27
      0.83     -5.90      0.27
     -0.13     -5.90     -0.69
     -1.09     -5.90     -0.69
     -1.09     -3.03     -2.60
     -1.09     -2.07     -3.56
     -2.04     -1.12     -3.56
     -2.04      0.80     -3.56
     -2.04      0.80     -2.60
     -2.04      1.75     -2.60
     -2.04      1.75     -2.60
     -2.04      1.75     -2.60
     -2.04      2.71     -1.64
     -1.09      3.67     -0.69
     -0.13      4.63      0.27
      0.83      4.63      0.27
      1.78      4.63      2.18
      0.83      3.67      3.14
      0.83      3.67      4.10
      1.78      2.71      4.10
      1.78      2.71      5.06
      1.78      1.75      5.06
      0.83     -0.16      4.10
     -0.13     -1.12      3.14
     -0.13     -2.07      2.18
     -0.13     -2.07      1.23
      0.83     -3.03      0.27
      1.78     -4.95      0.27
      1.78     -4.95     -0.69
      1.78     -3.03     -0.69
      1.78     -2.07      0.27
      0.83     -1.12      1.23
     -0.13     -1.12      0.27
     -1.09     -1.12     -1.64
     -2.04     -1.12     -2.60
     -2.04     -1.12     -3.56
     -2.04      0.80     -4.52
     -1.09      1.75     -3.56
     -1.09      1.75     -4.52
     -0.13      1.75     -4.52
     -0.13      2.71     -3.56
     -0.13      2.71     -3.56
     -0.13      2.71     -3.56
     -0.13      1.75     -2.60
     -1.09     -0.16     -1.64
     -1.09     -0.16      0.27
     -0.13     -0.16      1.23
      0.83     -0.16      1.23
     -0.13     -0.16      2.18
      0.83     -1.12      3.14
      1.78     -1.12      3.14
      1.78     -2.07      3.14
      1.78     -1.12      3.14
      0.83     -1.12      4.10
      0.83     -1.12      4.10
      0.83     -0.16      5.06
      0.83     -0.16      5.06
      0.83      0.80      3.14
     -0.13      0.80      2.18
     -2.04      0.80      1.23
     -2.04      0.80      0.27
     -1.09      0.80     -1.64
     -0.13      0.80     -3.56
     -0.13     -0.16     -3.56
     -0.13     -1.12     -3.56
     -0.13     -1.12     -2.60
     -0.13     -1.12     -2.60
     -1.09     -1.12     -3.56
     -1.09     -0.16     -3.56
     -1.09     -1.12     -3.56
     -1.09     -1.12     -2.60
     -1.09      0.80     -1.64
     -0.13      1.75     -0.69
      0.83      0.80     -0.69
      0.83      1.75      0.27
      0.83      1.75      0.27
      0.83      1.75      2.18
      0.83      0.80      3.14
     -0.13      0.80      3.14
     -0.13     -0.16      1.23
     -0.13     -0.16      1.23
     -0.13     -0.16      2.18
     -0.13      0.80      2.18
      1.78      1.75      1.23
      1.78      1.75      0.27
      1.78      0.80      0.27
      0.83     -0.16     -0.69
      0.83     -1.12      0.27
      0.83     -1.12      0.27
      0.83     -1.12      0.27
     -0.13     -2.07      0.27
     -0.13     -2.07     -0.69
     -1.09     -2.07     -0.69
     -2.04     -2.07     -0.69
     -2.04     -1.12     -0.69
     -2.04     -1.12     -2.60
     -1.09     -0.16     -2.60
     -0.13     -0.16     -2.60
     -0.13     -0.16     -1.64
      0.83     -0.16     -1.64
     -0.13     -0.16     -1.64
     -0.13     -0.16     -1.64
     -0.13      0.80     -1.64
     -0.13      0.80     -0.69
     -0.13      1.75      1.23
     -0.13      1.75      1.23
     -0.13      0.80      2.18
     -0.13      1.75      3.14
      0.83      0.80      3.14
      0.83     -0.16      3.14
      1.78     -0.16      3.14
      1.78      0.80      3.14
      1.78      0.80      2.18
      0.83      0.80      1.23
      1.78      0.80      0.27
      0.83      0.80      0.27
     -0.13     -0.16      0.27
     -1.09     -1.12      0.27
     -1.09     -1.12     -1.64
     -2.04     -1.12     -2.60
     -2.04     -1.12     -3.56
     -2.04     -0.16     -3.56
     -2.04     -0.16     -3.56
     -1.09     -0.16     -3.56
     -0.13     -1.12     -3.56
     -0.13     -0.16     -2.60
     -0.13     -0.16     -2.60
     -0.13     -0.16     -1.64
     -0.13     -0.16     -0.69
      0.83     -0.16      0.27
     -0.13     -0.16      0.27
      0.83     -0.16     -0.69
     -0.13     -0.16     -1.64
     -0.13     -1.12     -1.64
     -0.13     -2.07     -0.69
     -0.13     -2.07      1.23
     -0.13     -2.07      2.18
     -0.13     -1.12      2.18
     -0.13     -0.16      3.14
      0.83     -0.16      4.10
      0.83      0.80      4.10
      0.83      0.80      4.10
     -0.13      1.75      4.10
      0.83      1.75      3.14
      0.83      2.71      2.18
      1.78      3.67      1.23
      0.83      4.63      1.23
     -0.13      4.63      1.23
     -0.13      4.63      1.23
     -0.13      3.67      1.23
     -0.13      1.75      1.23
     -1.09     -0.16      0.27
     -2.04     -2.07     -1.64
     -2.04     -3.03     -1.64
     -1.09     -3.99     -2.60
     -0.13     -3.99     -3.56
     -0.13     -3.99     -3.56
     -0.13     -2.07     -4.52
      0.83     -1.12     -5.47
      0.83     -1.12     -4.52
      1.78     -1.12     -3.56
      0.83     -2.07     -1.64
     -1.09     -3.03     -0.69
     -2.04     -2.07      0.27
     -3.00     -2.07      1.23
     -3.00     -1.12      1.23
     -1.09     -0.16      1.23
     -0.13     -0.16      1.23
      0.83      0.80      0.27
      0.83      0.80      0.27
      0.83      1.75      0.27
      1.78      1.75      0.27
      1.78      2.71      1.23
      1.78      1.75      2.18
      0.83      1.75      1.23
      0.83      1.75      1.23
     -0.13      0.80      1.23
     -1.09      0.80      1.23
     -2.04      0.80      2.18
     -2.04      0.80      1.23
     -2.04      0.80      0.27
     -1.09      0.80      0.27
     -0.13      1.75      0.27
      0.83      1.75      0.27
      0.83      1.75     -0.69
      1.78      0.80     -1.64
      1.78      0.80     -1.64
      1.78     -1.12     -1.64
      0.83     -1.12     -0.69
     -0.13     -1.12     -0.69
     -1.09     -1.12      0.27
     -1.09     -0.16      0.27
     -1.09     -0.16      0.27
     -1.09     -1.12      0.27
     -0.13     -1.12     -0.69
     -0.13     -2.07     -1.64
      0.83     -2.07     -2.60
      0.83     -3.03     -2.60
      1.78     -3.03     -2.60
      0.83     -3.03     -0.69
     -0.13     -2.07      1.23
     -0.13     -1.12      2.18
     -0.13     -1.12      2.18
     -1.09     -0.16      1.23
     -1.09      0.80      1.23
     -1.09      1.75      0.27
     -1.09      1.75      1.23
     -0.13      1.75      0.27
     -0.13      1.75     -0.69
      0.83      1.75     -1.64
      0.83      1.75     -1.64
      0.83      1.75     -1.64
      0.83      0.80      0.27
      0.83      0.80      1.23
      0.83     -0.16      2.18
     -0.13     -0.16      3.14
     -1.09      0.80      2.18
     -0.13      0.80      1.23
     -0.13     -0.16      0.27
     -0.13     -1.12      0.27
     -0.13     -1.12     -0.69
     -0.13     -1.12     -0.69
     -0.13     -1.12     -1.64
     -0.13     -1.12     -3.56
      0.83     -0.16     -2.60
      0.83     -0.16     -1.64
     -0.13     -1.12     -1.64
     -1.09     -0.16     -1.64
     -1.09     -0.16     -0.69
     -2.04      0.80     -1.64
     -1.09      0.80     -0.69
     -0.13     -0.16     -0.69
     -0.13     -0.16     -0.69
     -0.13     -0.16     -0.69
     -0.13      0.80     -0.69
      0.83      0.80     -0.69
      0.83      0.80      1.23
      0.83     -0.16      3.14
      0.83     -0.16      3.14
      0.83      0.80      3.14
      0.83      1.75      3.14
      0.83      1.75      4.10
     -0.13      1.75      3.14
      0.83      0.80      2.18
     -0.13      0.80      1.23
     -0.13      0.80     -0.69
     -0.13     -0.16     -1.64
      0.83     -0.16     -2.60
      0.83     -0.16     -1.64
      0.83     -1.12     -0.69
     -0.13     -1.12      0.27
     -1.09     -1.12      0.27
     -2.04     -1.12     -0.69
     -1.09     -2.07     -0.69
     -1.09     -1.12     -1.64
     -1.09     -1.12     -1.64
     -1.09     -0.16     -2.60
     -0.13     -1.12     -3.56
     -0.13     -1.12     -4.52
      0.83     -0.16     -3.56
      0.83     -0.16     -2.60
      0.83     -0.16     -1.64
     -0.13     -0.16     -0.69
     -0.13      0.80      0.27
     -0.13      0.80      1.23
     -0.13      0.80      2.18
     -1.09      0.80      2.18
     -1.09      0.80      2.18
     -0.13      0.80      2.18
      0.83      1.75      1.23
      0.83      1.75      1.23
      1.78      1.75      2.18
      0.83      1.75      3.14
      0.83      1.75      3.14
      0.83      1.75      2.18
      0.83      1.75      1.23
      0.83      1.75      0.27
     -0.13      0.80      0.27
     -1.09      0.80      0.27
     -1.09     -0.16     -0.69
     -1.09     -0.16     -1.64
     -0.13     -0.16     -1.64
     -0.13     -1.12     -1.64
      0.83     -2.07     -1.64
     -0.13     -3.03     -0.69
     -0.13     -3.03      0.27
     -0.13     -3.03     -0.69
     -0.13     -3.03     -1.64
     -0.13     -3.03     -1.64
     -0.13     -2.07     -0.69
     -0.13     -1.12     -0.69
     -0.13     -1.12      0.27
     -0.13     -0.16     -0.69
     -0.13      0.80      0.27
     -0.13     -0.16      0.27
     -0.13     -0.16      0.27
     -1.09      0.80      0.27
     -1.09      1.75      0.27
     -0.13      1.75      0.27
     -0.13      2.71      0.27
      0.83      2.71      1.23
      0.83      2.71      2.18
      0.83      2.71      2.18
      0.83      1.75      1.23
      0.83      0.80      1.23
      0.83     -1.12      1.23
      0.83     -1.12      1.23
     -0.13     -0.16      1.23
     -1.09     -0.16      0.27
     -1.09     -0.16     -0.69
     -1.09     -0.16     -1.64
     -0.13     -1.12     -2.60
     -0.13     -1.12     -2.60
     -0.13     -1.12     -2.60
     -0.13     -1.12     -2.60
     -1.09     -0.16     -1.64
     -0.13     -0.16     -1.64
     -0.13     -0.16     -1.64
     -0.13      0.80     -1.64
     -1.09      0.80     -1.64
     -1.09      0.80     -0.69
     -1.09      0.80     -1.64
     -0.13     -0.16     -1.64
      0.83     -0.16     -0.69
      0.83     -0.16      0.27
      0.83     -0.16      1.23
      0.83     -0.16      2.18
     -0.13     -0.16      3.14
     -0.13     -1.12      3.14
     -1.09     -2.07      3.14
     -0.13     -2.07      2.18
     -0.13     -1.12      2.18
      0.83     -1.12      2.18
      0.83     -0.16      2.18
      0.83     -0.16      1.23
      0.83     -0.16      0.27
      0.83     -0.16     -0.69
      0.83      0.80     -1.64
     -0.13      0.80     -1.64
     -0.13      0.80     -1.64
     -1.09      0.80     -1.64
     -2.04      1.75     -1.64
     -1.09      1.75     -1.64
     -1.09      2.71     -0.69
     -2.04      2.71     -0.69
     -1.09      1.75     -0.69
     -0.13      0.80     -0.69
      0.83     -0.16     -0.69
      0.83      0.80     -0.69
      0.83      0.80     -0.69
      0.83      0.80      0.27
      0.83     -0.16      0.27
      1.78     -0.16      0.27
     -0.13     -1.12      0.27
     -0.13     -1.12      0.27
     -1.09     -1.12      0.27
     -1.09     -2.07      0.27
     -1.09     -2.07      1.23
     -0.13     -3.03      1.23
     -0.13     -2.07      0.27
     -0.13     -2.07      0.27
     -0.13     -2.07     -0.69
     -0.13     -1.12     -0.69
      0.83     -1.12     -0.69
      1.78     -0.16     -0.69
      1.78      0.80     -0.69
      0.83      1.75      0.27
      0.83      2.71      1.23
      0.83      2.71      2.18
     -0.13      2.71      2.18
     -1.09      1.75      2.18
     -1.09      1.75      1.23
     -1.09      0.80      1.23
     -0.13      0.80      1.23
     -0.13      0.80      1.23
     -0.13      0.80      1.23
     -0.13      0.80      0.27
      0.83      0.80      0.27
      1.78      0.80      0.27
      1.78     -0.16     -0.69
      0.83     -1.12     -1.64
     -0.13     -1.12     -1.64
     -0.13     -2.07     -1.64
     -1.09     -2.07     -0.69
     -1.09     -1.12     -0.69
     -1.09     -1.12     -0.69
     -1.09     -1.12     -1.64
     -1.09     -2.07     -1.64
     -1.09     -2.07     -1.64
     -0.13     -1.12     -0.69
      0.83     -0.16      0.27
     -0.13      0.80      0.27
      0.83      0.80      0.27
      1.78      1.75      0.27
      1.78      1.75      0.27
      0.83      2.71      1.23
     -0.13      0.80      1.23
     -1.09      1.75      1.23
     -1.09      1.75      1.23
     -1.09      0.80      1.23
     -1.09      1.75      1.23
     -1.09      1.75      0.27
     -0.13      1.75     -0.69
     -0.13      0.80     -1.64
     -0.13     -0.16     -0.69
      0.83     -0.16     -0.69
      0.83     -1.12     -0.69
      1.78     -1.12     -0.69
      1.78     -0.16     -0.69
     -0.13     -0.16     -0.69
     -0.13     -0.16     -0.69
     -1.09     -1.12     -0.69
     -2.04     -1.12     -1.64
     -2.04     -2.07     -1.64
     -2.04     -1.12     -2.60
     -1.09     -1.12     -1.64
     -0.13     -2.07     -0.69
      0.83     -2.07      1.23
      0.83     -3.03      1.23
      0.83     -3.03      1.23
     -0.13     -2.07      1.23
      0.83     -1.12      1.23
      0.83     -0.16      1.23
     -0.13      0.80      2.18
     -0.13      1.75      2.18
      0.83      2.71      2.18
      0.83      2.71      2.18
      0.83      2.71      1.23
     -0.13      2.71      1.23
     -0.13      1.75      1.23
     -0.13      1.75      0.27
     -0.13      1.75      0.27
     -0.13      1.75      0.27
     -0.13      1.75     -0.69
     -0.13      0.80     -1.64
     -0.13      0.80     -1.64
     -0.13      0.80     -1.64
      0.83      0.80     -1.64
      0.83     -0.16     -0.69
     -0.13     -1.12     -0.69
     -0.13     -2.07     -0.69
     -1.09     -2.07     -0.69
     -1.09     -2.07     -1.64
     -1.09     -2.07     -1.64
     -1.09     -1.12     -1.64
     -1.09     -1.12     -1.64
     -0.13     -0.16     -0.69
     -0.13     -0.16     -0.69
      0.83     -0.16     -0.69
      0.83     -0.16      0.27
     -0.13     -1.12      0.27
      0.83     -1.12      1.23
     -0.13     -1.12      1.23
     -0.13     -0.16      1.23
     -0.13     -0.16      1.23
     -0.13      0.80      1.23
     -0.13     -0.16      1.23
     -0.13      0.80      1.23
     -0.13      0.80      1.23
     -0.13      1.75      1.23
      0.83      1.75      1.23
      0.83      0.80      1.23
      0.83     -0.16      1.23
      0.83     -1.12      0.27
     -0.13     -0.16     -0.69
     -1.09     -0.16     -1.64
     -0.13     -0.16     -1.64
     -1.09     -1.12     -1.64
     -1.09     -0.16     -1.64
     -0.13      0.80     -1.64
     -0.13      0.80     -2.60
     -0.13      0.80     -2.60
     -0.13     -0.16     -1.64
     -0.13     -0.16     -1.64
     -0.13     -0.16     -1.64
     -0.13     -0.16     -1.64
     -1.09     -0.16     -0.69
     -1.09     -1.12      0.27
     -1.09     -1.12      1.23
     -1.09     -1.12      1.23
     -0.13     -0.16      2.18
     -0.13     -0.16      2.18
     -0.13     -0.16      1.23
      0.83     -0.16      1.23
      0.83      0.80      1.23
      1.78      0.80      0.27
      0.83      0.80      0.27
      0.83      0.80      0.27
     -0.13      0.80     -0.69
     -0.13      0.80     -0.69
     -0.13      0.80     -0.69
     -1.09     -0.16      0.27
     -1.09     -0.16     -0.69
     -1.09     -0.16     -0.69
     -1.09     -0.16     -0.69
     -0.13     -0.16     -0.69
     -0.13     -1.12      0.27
      0.83     -1.12      0.27
      0.83     -1.12      0.27
      0.83     -1.12     -0.69
      0.83     -1.12     -0.69
      0.83     -1.12      0.27
      0.83     -1.12      0.27
     -0.13     -0.16      0.27
     -0.13      0.80      0.27
     -0.13      0.80     -0.69
     -0.13      1.75     -0.69
     -0.13      1.75     -0.69
     -0.13      1.75     -0.69
     -0.13      0.80     -0.69
     -0.13     -0.16      0.27
     -0.13     -1.12      0.27
     -1.09     -1.12      1.23
     -1.09     -1.12      1.23
     -0.13     -0.16      1.23
     -0.13     -0.16      1.23
     -0.13     -0.16      1.23
      0.83     -0.16      0.27
      0.83     -0.16      0.27
      0.83     -0.16     -0.69
     -0.13      0.80     -0.69
     -0.13      0.80     -0.69
     -0.13      0.80     -0.69
     -0.13      0.80     -0.69
     -1.09      0.80     -1.64
     -1.09      0.80     -0.69
     -1.09      0.80     -0.69
     -1.09      0.80     -0.69
     -1.09     -0.16     -0.69
     -0.13     -0.16     -0.69
     -0.13     -0.16     -0.69
      0.83     -0.16     -0.69
      0.83      0.80     -0.69
      0.83      0.80     -0.69
      0.83     -0.16      0.27
     -0.13     -0.16      0.27
     -0.13     -0.16      0.27
     -0.13     -0.16      0.27
     -0.13     -0.16      0.27
     -0.13      0.80      0.27
     -0.13      0.80      1.23
     -0.13     -0.16      0.27
     -0.13     -0.16      0.27
      0.83     -1.12     -0.69
      0.83     -1.12     -0.69
      0.83     -1.12     -0.69
      0.83     -1.12      0.27
     -0.13     -1.12      0.27
     -0.13     -1.12     -0.69
     -0.13     -1.12     -0.69
     -0.13     -1.12     -0.69
     -1.09     -0.16     -0.69
     -1.09      0.80     -0.69
     -1.09      0.80     -0.69
     -0.13      0.80     -0.69
     -0.13      0.80      0.27
     -0.13      0.80      0.27
     -0.13      0.80      1.23
     -0.13     -0.16      1.23
     -0.13     -0.16      0.27
     -0.13     -0.16      0.27
     -0.13     -0.16      0.27
     -0.13      0.80      1.23
     -0.13      0.80      1.23
      0.83      0.80      0.27
     -0.13      0.80      0.27
     -0.13      0.80      0.27
     -0.13      0.80     -0.69
     -0.13      0.80     -1.64
     -0.13      0.80     -0.69
     -0.13     -0.16     -0.69
     -0.13     -1.12     -0.69
     -0.13     -1.12     -0.69
     -0.13     -1.12      0.27
     -1.09     -1.12     -0.69
     -0.13     -1.12      0.27
     -0.13     -1.12     -0.69
     -0.13     -1.12     -0.69
     -0.13     -1.12      0.27
      0.83     -0.16      0.27
      0.83     -0.16      0.27
      0.83      0.80      1.23
      0.83      1.75      0.27
     -0.13      1.75      0.27
     -0.13      1.75     -0.69
     -0.13      1.75     -0.69
     -0.13      1.75     -0.69
     -0.13      0.80     -0.69
     -0.13      0.80     -0.69
     -0.13      0.80      0.27
     -0.13      0.80      0.27
     -0.13      0.80      1.23
     -0.13     -0.16      1.23
     -0.13     -0.16      1.23
     -0.13     -1.12      0.27
     -0.13     -1.12     -0.69
      0.83     -2.07     -0.69
     -0.13     -1.12     -0.69
     -0.13     -0.16      0.27
     -0.13     -0.16      0.27
     -0.13      0.80      0.27
     -0.13     -0.16     -0.69
     -0.13     -0.16      0.27
     -0.13     -1.12      0.27
     -1.09     -1.12      0.27
     -0.13     -1.12     -0.69
     -0.13     -0.16     -0.69
     -0.13      0.80     -0.69
     -0.13      0.80     -0.69
      0.83      0.80     -0.69
      0.83      0.80     -0.69
      0.83      0.80      0.27
      0.83      0.80      0.27
     -0.13      0.80      1.23
     -0.13      0.80      1.23
     -0.13     -0.16      1.23
     -0.13     -0.16      0.27
     -0.13     -0.16      0.27
     -0.13     -0.16     -0.69
     -0.13     -0.16     -0.69
     -0.13     -0.16     -0.69
     -0.13     -0.16     -0.69
      0.83     -0.16     -0.69
      0.83     -0.16     -0.69
     -0.13      0.80      0.27
     -0.13      0.80      0.27
     -0.13     -0.16      0.27
     -1.09     -0.16      0.27
     -1.09     -0.16      0.27
     -1.09     -0.16     -0.69
     -0.13     -0.16     -0.69
     -0.13     -0.16     -0.69
     -0.13     -0.16     -0.69
     -0.13     -0.16      0.27
     -0.13      0.80      0.27
     -0.13      0.80     -0.69
     -0.13      0.80     -0.69
     -0.13     -0.16     -0.69
     -0.13     -0.16     -0.69
     -0.13     -0.16      0.27
     -0.13     -0.16      0.27
     -0.13     -0.16      0.27
     -0.13      0.80      1.23
     -0.13     -0.16      0.27
     -0.13     -0.16      1.23
     -0.13     -1.12      1.23
      0.83     -1.12      0.27
     -0.13     -1.12      0.27
     -0.13     -1.12      0.27
     -0.13     -0.16      0.27
     -0.13     -0.16      0.27
     -0.13     -0.16      0.27
     -0.13      0.80      0.27
     -0.13      0.80      0.27
     -0.13      0.80     -0.69
     -0.13      0.80     -0.69
     -0.13      0.80     -0.69
     -1.09      1.75     -0.69
     -1.09      1.75     -1.64
     -0.13      1.75     -1.64
     -0.13      0.80     -1.64
     -0.13      0.80     -1.64
     -0.13      0.80     -0.69
     -0.13     -0.16     -0.69
     -0.13     -0.16     -0.69
     -0.13     -1.12      0.27
     -0.13     -2.07      0.27
     -0.13     -1.12      1.23
      0.83     -1.12      0.27
     -0.13     -1.12      0.27
     -0.13     -1.12      0.27
     -0.13     -0.16      0.27
      0.83     -0.16      0.27
      1.78     -0.16      0.27
      1.78     -0.16      0.27
      0.83     -1.12      1.23
     -0.13     -1.12      1.23
     -0.13     -0.16      1.23
     -1.09      0.80      1.23
     -0.13      0.80      1.23
     -1.09      0.80      1.23
     -1.09      0.80      0.27
     -0.13      0.80     -0.69
     -0.13      0.80     -0.69
     -0.13      0.80     -0.69
      0.83      0.80      0.27
      0.83     -0.16     -0.69
      0.83      0.80      0.27
      0.83     -0.16     -0.69
     -0.13     -0.16     -0.69
     -0.13     -1.12     -1.64
     -1.09     -1.12     -1.64
     -1.09     -1.12     -0.69
     -1.09     -1.12     -0.69
     -0.13     -1.12     -0.69
     -0.13     -0.16      0.27
      0.83     -0.16      0.27
      0.83     -1.12      0.27
      0.83     -1.12      0.27
      0.83     -1.12      1.23
      0.83     -0.16      2.18
      0.83      0.80      2.18
     -0.13      0.80      1.23
     -1.09      1.75      1.23
     -0.13      1.75      1.23
     -0.13      1.75      1.23
     -0.13      1.75      1.23
     -0.13      1.75      1.23
     -0.13      0.80      0.27
     -0.13     -0.16     -0.69
     -0.13     -0.16     -0.69
     -0.13     -0.16     -1.64
     -0.13     -0.16     -1.64
     -0.13     -1.12     -1.64
     -0.13     -1.12     -1.64
     -0.13     -1.12     -1.64
     -0.13     -1.12     -1.64
     -0.13     -1.12     -0.69
     -0.13     -1.12     -0.69
     -0.13     -1.12     -0.69
     -0.13     -1.12     -0.69
     -1.09     -1.12     -0.69
     -1.09     -0.16     -0.69
     -1.09      0.80     -0.69
     -0.13      0.80     -1.64
      0.83      0.80      0.27
      0.83      0.80      0.27
      0.83      0.80      0.27
     -0.13      0.80      0.27
     -0.13      0.80      0.27
     -0.13      0.80      0.27
     -0.13      1.75      0.27
     -0.13      1.75      0.27
     -1.09      0.80      0.27
     -1.09     -0.16      0.27
     -0.13     -0.16      0.27
     -0.13     -0.16      0.27
     -0.13     -0.16      1.23
     -0.13     -0.16      1.23
     -0.13     -0.16      1.23
     -0.13     -1.12      1.23
     -0.13     -1.12      0.27
     -0.13     -0.16      0.27
     -0.13     -1.12      0.27
      0.83     -1.12     -1.64
     -0.13     -0.16     -1.64
     -0.13     -0.16     -1.64
     -0.13     -0.16     -0.69
     -0.13     -0.16     -0.69
     -0.13     -0.16     -0.69
     -0.13     -0.16      0.27
     -1.09     -0.16      1.23
     -1.09     -0.16      0.27
     -1.09     -0.16      0.27
     -0.13      0.80      0.27
     -0.13      0.80     -0.69
     -0.13      0.80     -0.69
      0.83      0.80     -0.69
      0.83      0.80     -0.69
      0.83     -0.16     -0.69
      0.83     -0.16      0.27
     -0.13     -0.16      0.27
     -0.13     -1.12      0.27
     -1.09     -1.12      0.27
     -1.09     -1.12     -0.69
     -0.13     -1.12     -0.69
     -0.13     -1.12     -0.69
     -0.13     -1.12     -0.69
      0.83     -0.16     -0.69
      0.83     -0.16     -0.69
      0.83      0.80      0.27
      0.83      0.80      0.27
      0.83      1.75      0.27
      0.83      1.75      0.27
      0.83      0.80      1.23
     -0.13      0.80      0.27
     -1.09      1.75      0.27
     -1.09      1.75     -0.69
     -1.09      0.80     -0.69
     -0.13      0.80      0.27
     -0.13     -0.16      0.27
     -0.13     -0.16      0.27
     -0.13     -0.16      1.23
     -0.13     -0.16      1.23
     -0.13     -0.16      1.23
      0.83     -0.16      1.23
      0.83     -1.12      0.27
     -0.13     -0.16      0.27
     -0.13     -0.16      0.27
     -0.13     -0.16     -0.69
     -0.13     -0.16     -0.69
     -0.13     -0.16     -0.69
     -0.13     -0.16     -0.69
     -0.13     -0.16     -0.69
     -0.13     -0.16     -0.69
     -1.09     -0.16     -0.69
     -1.09     -0.16     -0.69
     -1.09     -0.16     -0.69
     -0.13     -0.16      0.27
     -0.13     -0.16      0.27
     -0.13     -0.16      0.27
     -0.13     -0.16      0.27
     -0.13     -0.16      0.27
     -0.13     -0.16      0.27
      0.83      0.80      0.27
      0.83      0.80      0.27
      0.83      0.80      0.27
     -0.13      1.75      0.27
     -0.13      0.80      0.27
     -0.13      0.80     -0.69
     -0.13      0.80     -0.69
     -0.13     -0.16     -0.69
     -0.13     -0.16     -0.69
     -0.13     -1.12      0.27
     -0.13     -1.12      0.27
     -0.13     -1.12      0.27
     -1.09     -1.12      0.27
     -0.13     -1.12      0.27
     -0.13     -1.12      0.27
     -0.13     -1.12      0.27
     -0.13     -1.12      0.27
     -0.13     -1.12      0.27
     -0.13     -1.12      0.27
     -0.13     -1.12      0.27
      0.83     -1.12      0.27
      0.83     -0.16      0.27
     -0.13     -0.16     -0.69
     -0.13      0.80      0.27
     -0.13      0.80      0.27
     -0.13      1.75      0.27
     -0.13      1.75      0.27
     -0.13      1.75     -0.69
     -0.13      1.75     -0.69
     -0.13      0.80      0.27
     -0.13      0.80      0.27
     -0.13      0.80      0.27
     -0.13      0.80      0.27
     -0.13      0.80      0.27
     -1.09     -0.16      0.27
     -0.13     -0.16      0.27
     -1.09     -0.16      0.27
     -1.09     -0.16      0.27
     -0.13     -1.12      0.27
     -0.13     -1.12     -0.69
      0.83     -1.12     -0.69
      0.83     -1.12     -1.64
      0.83     -1.12     -0.69
     -0.13     -1.12     -0.69
     -0.13     -1.12     -0.69
     -0.13     -0.16      0.27
     -0.13     -0.16     -0.69
     -1.09     -0.16     -0.69
     -0.13      0.80      0.27
     -0.13      0.80     -0.69
     -0.13     -0.16     -0.69
     -0.13      0.80     -0.69
      0.83      0.80      0.27
      0.83      0.80      0.27
      0.83     -0.16      0.27
     -0.13     -0.16      0.27
     -0.13     -0.16      0.27
     -0.13     -0.16      0.27
     -0.13     -0.16      1.23
     -0.13     -0.16      0.27
     -0.13     -0.16      1.23
     -0.13     -0.16      0.27
     -0.13     -0.16      1.23
     -0.13     -1.12      0.27
      0.83     -0.16      0.27
     -0.13     -1.12     -0.69
     -0.13     -0.16     -0.69
     -0.13     -0.16     -0.69
     -0.13      0.80     -0.69
     -0.13      0.80     -0.69
     -0.13      0.80     -0.69
     -0.13     -0.16     -0.69
     -0.13      0.80     -0.69
     -0.13      0.80     -0.69
     -0.13      0.80      0.27
     -0.13      0.80     -0.69
     -0.13     -0.16     -0.69
     -0.13      0.80     -0.69
     -0.13     -0.16     -0.69
     -0.13     -0.16      0.27
     -0.13     -0.16      0.27
     -0.13     -1.12      1.23
      0.83     -1.12      1.23
      0.83     -1.12      1.23
      0.83     -1.12      1.23
      0.83     -1.12      0.27
      0.83     -1.12      0.27
      0.83     -0.16      0.27
      0.83     -0.16      0.27
     -0.13     -0.16     -0.69
     -0.13     -0.16      0.27
     -0.13     -0.16     -0.69
     -0.13     -0.16     -0.69
     -1.09     -0.16     -0.69
     -0.13     -0.16      0.27
     -0.13      0.80      0.27
     -0.13     -0.16      0.27
     -1.09      1.75      0.27
     -1.09      1.75      0.27
     -0.13      0.80      0.27
     -0.13      0.80      0.27
     -0.13      0.80      0.27
     -0.13     -0.16      0.27
     -0.13     -0.16     -0.69
     -0.13     -0.16     -0.69
     -0.13     -0.16      0.27
     -0.13     -0.16      0.27
     -0.13     -0.16      0.27
     -0.13     -0.16     -0.69
     -1.09     -0.16     -1.64
     -0.13     -1.12     -0.69
     -0.13     -0.16     -0.69
     -0.13     -0.16     -0.69
      0.83     -1.12     -0.69
      0.83     -0.16     -0.69
     -0.13     -0.16      0.27
     -0.13     -0.16      1.23
     -0.13      0.80      0.27
     -1.09      0.80      0.27
     -0.13      0.80      1.23
     -0.13      0.80      1.23
     -0.13      0.80      1.23
     -0.13      1.75      0.27
     -0.13      1.75      0.27
      0.83      1.75      0.27
     -0.13      0.80      0.27
     -0.13      0.80      0.27
     -0.13     -0.16      0.27
     -0.13     -0.16      0.27
     -0.13     -0.16      0.27
     -0.13     -0.16      0.27
     -0.13     -0.16      0.27
     -0.13     -0.16     -0.69
     -0.13     -0.16     -0.69
     -0.13     -0.16     -0.69
     -0.13     -1.12     -1.64
      0.83     -1.12     -1.64
      0.83     -2.07     -0.69
     -0.13     -2.07     -0.69
     -0.13     -1.12      0.27
     -0.13     -1.12      0.27
     -0.13      0.80      0.27
     -0.13      0.80      0.27
     -0.13      0.80     -0.69
     -0.13      0.80      0.27
     -0.13      0.80     -0.69
     -0.13      0.80     -0.69
     -0.13      0.80      0.27
     -0.13      0.80      0.27
      0.83      0.80      0.27
      0.83      0.80      0.27
     -0.13      0.80      1.23
     -0.13      0.80      1.23
     -1.09      0.80      0.27
     -0.13     -0.16      0.27
     -0.13     -1.12      0.27
     -0.13     -1.12      0.27
     -0.13     -1.12      0.27
      0.83     -1.12      0.27
     -0.13     -1.12     -0.69
     -0.13     -1.12     -1.64
     -0.13     -1.12     -0.69
     -0.13     -1.12      0.27
     -0.13     -0.16      0.27
     -0.13     -1.12      0.27
     -0.13     -1.12     -0.69
     -0.13     -1.12     -0.69
     -0.13     -1.12     -1.64
     -0.13      0.80     -1.64
     -0.13      0.80     -1.64
     -0.13      1.75     -0.69
     -0.13      1.75      0.27
      0.83      1.75      0.27
     -0.13      0.80      1.23
     -0.13      0.80      1.23
     -0.13     -0.16      1.23
     -0.13     -0.16      1.23
     -0.13     -0.16      1.23
     -0.13     -0.16      1.23
     -0.13      0.80      1.23
     -0.13      0.80      1.23
      0.83     -0.16      0.27
      0.83     -0.16      0.27
      0.83     -1.12     -0.69
      0.83     -1.12     -0.69
      0.83     -1.12     -0.69
     -0.13     -1.12     -0.69
     -0.13     -1.12     -0.69
     -1.09     -0.16     -0.69
     -1.09     -0.16     -0.69
     -1.09     -0.16     -0.69
     -0.13     -0.16     -0.69
     -0.13     -0.16     -0.69
      0.83     -0.16     -0.69
      0.83     -0.16     -0.69
      0.83      0.80      0.27
      0.83      0.80      0.27
     -0.13      0.80      0.27
     -0.13      0.80      0.27
     -0.13      0.80      0.27
     -0.13     -0.16      0.27
     -0.13     -0.16      0.27
     -0.13     -0.16      0.27
     -0.13     -0.16      0.27
     -0.13     -0.16      0.27
     -0.13     -0.16      0.27
      0.83     -0.16      0.27
     -0.13     -0.16      0.27
     -0.13     -0.16      0.27
     -0.13     -0.16      0.27
     -0.13     -0.16      0.27
     -0.13     -0.16      0.27
     -0.13     -1.12     -0.69
     -0.13     -0.16     -0.69
     -1.09     -0.16      0.27
     -1.09      0.80      0.27
     -1.09      0.80     -0.69
     -0.13      0.80      0.27
     -0.13      0.80     -0.69
     -0.13     -0.16     -0.69
      0.83     -0.16     -0.69
     -0.13     -0.16      0.27
     -0.13     -0.16      0.27
     -0.13     -0.16      0.27
     -0.13      0.80      0.27
     -0.13      0.80      0.27
     -0.13      0.80      0.27
     -0.13     -0.16      1.23
     -0.13     -0.16      1.23
     -0.13     -0.16      0.27
     -0.13     -0.16     -1.64
     -0.13     -0.16     -0.69
     -0.13     -0.16     -0.69
      0.83     -0.16     -0.69
      0.83     -0.16     -0.69
      0.83     -0.16      0.27
     -0.13     -0.16      0.27
     -0.13     -0.16     -0.69
     -0.13     -0.16      0.27
     -0.13     -0.16      0.27
     -0.13     -0.16     -0.69
     -1.09     -0.16     -0.69
     -1.09     -0.16     -0.69
     -0.13     -0.16     -0.69
     -0.13     -0.16     -0.69
     -0.13      0.80      0.27
     -0.13      0.80      0.27
      0.83      0.80      0.27
     -0.13     -0.16      0.27
     -0.13     -0.16      0.27
     -0.13     -0.16     -0.69
     -0.13     -0.16     -0.69
     -0.13      0.80     -0.69
     -0.13      0.80     -0.69
     -0.13      0.80     -0.69
     -0.13      1.75     -0.69
     -0.13      0.80      0.27
     -0.13      0.80      0.27
     -0.13     -0.16      0.27
     -0.13     -0.16      0.27
     -0.13     -1.12      1.23
     -0.13     -0.16      1.23
     -0.13     -0.16      1.23
     -0.13     -0.16      1.23
     -0.13     -0.16      1.23
      0.83     -1.12      1.23
      0.83     -1.12      1.23
     -0.13     -0.16      0.27
      0.83     -0.16      0.27
      0.83     -0.16     -0.69
     -0.13      0.80     -0.69
      0.83      0.80      0.27
     -0.13      0.80     -0.69
     -0.13      0.80     -1.64
     -0.13     -0.16     -0.69
     -0.13     -0.16     -1.64
     -1.09     -0.16     -1.64
     -1.09     -0.16     -0.69
     -1.09     -1.12     -0.69
     -0.13     -1.12     -1.64
     -0.13     -0.16     -1.64
     -0.13     -0.16     -0.69
      0.83     -0.16      0.27
      0.83      0.80      0.27
     -0.13      0.80      0.27
     -0.13      0.80      1.23
     -0.13      0.80      1.23
     -0.13      0.80      1.23
     -0.13      0.80      1.23
     -0.13      0.80      0.27
     -0.13      0.80      0.27
     -0.13      0.80      1.23
      0.83      0.80      1.23
      0.83     -0.16      1.23
      0.83     -1.12      1.23
     -0.13     -1.12      1.23
     -0.13     -2.07      1.23
     -0.13     -1.12      0.27
     -0.13     -1.12      0.27
     -0.13     -1.12      0.27
     -0.13     -0.16     -0.69
     -0.13     -0.16     -0.69
      0.83     -0.16     -1.64
     -0.13      0.80     -1.64
     -0.13      0.80     -1.64
     -0.13      0.80     -0.69
     -0.13      0.80     -0.69
     -0.13      0.80     -0.69
     -0.13      0.80     -0.69
     -1.09     -0.16     -0.69
     -1.09     -0.16     -0.69
     -1.09     -0.16      0.27
     -0.13     -0.16      0.27
      0.83     -0.16      0.27
      0.83     -0.16      0.27
      0.83     -0.16      0.27
      0.83     -0.16      0.27
      0.83     -0.16      0.27
      0.83     -0.16      0.27
      0.83     -0.16      1.23
      0.83     -0.16      0.27
     -0.13     -0.16      1.23
     -0.13     -0.16      1.23
     -0.13     -0.16      1.23
     -0.13     -0.16      1.23
     -0.13     -0.16      0.27
     -0.13     -0.16      0.27
     -0.13     -0.16      0.27
     -0.13      0.80      0.27
     -0.13      0.80      0.27
      0.83      0.80      0.27
     -0.13      0.80     -0.69
     -0.13      0.80     -0.69
     -0.13      0.80     -0.69
     -1.09      0.80     -0.69
     -1.09      0.80     -1.64
     -0.13     -0.16     -1.64
     -0.13     -0.16     -1.64
     -0.13     -1.12     -1.64
     -1.09     -2.07     -1.64
     -0.13     -1.12     -1.64
     -0.13     -1.12     -0.69
     -0.13     -1.12     -0.69
     -0.13     -1.12      0.27
     -0.13     -1.12      1.23
     -0.13     -0.16      1.23
     -0.13     -0.16      1.23
     -0.13      0.80      1.23
     -0.13      0.80      1.23
     -0.13      1.75      1.23
     -0.13      1.75      1.23
     -0.13      1.75      1.23
     -0.13      1.75      1.23
     -0.13      1.75      0.27
     -0.13      0.80      1.23
     -0.13      0.80      0.27
     -0.13      0.80      0.27
     -0.13     -0.16      0.27
     -0.13     -0.16      0.27
     -0.13     -0.16     -0.69
     -0.13     -0.16     -0.69
     -0.13     -1.12     -0.69
     -0.13     -1.12     -1.64
     -0.13     -1.12     -0.69
     -0.13     -1.12     -0.69
      0.83     -1.12     -0.69
     -0.13     -1.12     -0.69
     -0.13     -1.12     -0.69
     -0.13     -1.12     -0.69
     -0.13     -0.16     -0.69
     -0.13     -0.16     -0.69
