********************************************************************************
                       INSTITUTO DE INGENIERIA, UNAM
                   Coordinacion de Instrumentacion Sismica
  Ciudad Universitaria, Apartado Postal 70-472, Coyoacan 04510, Mexico, D.F.
 Tel.(52-5)622-3414    Fax.(52-5)616-1514    e-mail: isismica@pumas.iingen.unam.mx
**************************************************************************************
ARCHIVO ESTANDAR DE ACELERACION:
VERSION DEL FORMATO                    : 2.0
NOMBRE DEL ARCHIVO                     : ACAR9305.151
FECHA Y HORA DE CREACION               : Tue Mar 26 23:50:17 1996
REF. CATALOGO ACELEROGRAMAS, SMIS 1995 : REGISTRO No. 4078 /PAG. 373


================================================================================
DATOS DE LA ESTACION:
NOMBRE DE LA ESTACION                  : ACAPULCO RENACIMIENTO
CLAVE DE LA ESTACION                   : ACAR
LOCALIZACION DE LA ESTACION            : Ciudad Renacimiento, Centro de
                                       : Estudios Tecnologicos y Sociales.
                                       : Acapulco, Guerrero. Mexico.
                                       : 
                                       :
COORDENADAS DE LA ESTACION             : 16.888789 LAT. N
                                       : 99.835027 LONG. W
ALTITUD (msnm)                         : 35  
TIPO DE SUELO                          : ALUVIAL
                                       : 
                                       : 
INSTITUCION RESPONSABLE                : INSTITUTO DE INGENIERIA UNAM
                                       :

================================================================================
DATOS DEL ACELEROGRAFO: 
MODELO DEL ACELEROGRAFO                : DCA-333
NUMERO DE SERIE DEL ACELEROGRAFO       : 201
NUMERO DE CANALES                      : 3
ORIENTACION C1-C6 (rumbo;orientacion)  : /V/N90E/N00E
ORIENTACION C7-C12 (rumbo;orientacion) :
VEL. DE MUESTREO, C1-C6 (muestras/s)   : /100/100/100
VEL. DE MUESTREO, C7-C12 (muestras/s)  :
ESC. COMPLETA DE SENSORES, C1-C6, (g)  : /1/1/1
ESC. COMPLETA DE SENSORES, C7-C12 (g)  :
FREC. NAT. DE SENSORES, C1-C6, (Hz)    : /30/30/30
FREC. NAT. DE SENSORES, C7-C12 (Hz)    :
AMORTIGUAMIENTO DE SENSORES, C1-C6     : /0.714/0.727/0.789
AMORTIGUAMIENTO DE SENSORES, C7-C12    :
INTERVALO DE MUESTREO, C1-C6 (s)       : /0.01/0.01/0.01
INTERVALO DE MUESTREO, C7-C12 (s)      :
UMBRAL DE DISPARO, C1-C6 (Gal)         : /6/6/6
UMBRAL DE DISPARO, C7-C12 (Gal)        :
MEMORIA DE PREEVENTO (s)               : 4
TIEMPO DE POSEVENTO (s)                : 15


================================================================================
DATOS DEL SISMO:
FECHA DEL SISMO [GMT]                  : 1993/05/15
HORA EPICENTRO (GMT)                   : 03:09:39,4
MAGNITUD(ES)                           : /Mb=5.80/Ms=5.80/Mc=5.80
COORDENADAS DEL EPICENTRO              : 16.430 LAT. N 
                                       : 98.740 LONG. W 
PROFUNDIDAD FOCAL (km)                 : 20 
FUENTES DE LOS DATOS EPICENTRALES      : SSN
                                       : INSTITUTO DE GEOFISICA, UNAM

================================================================================
DATOS DE ESTE REGISTRO:
HORA DE LA PRIMERA MUESTRA (GMT)       : 03:10:10.00
EXACTITUD DEL TIEMPO (s)               : 1.00
DURACION DEL REGISTRO (s), C1-C6       : /23.93/23.93/23.93                      
DURACION DEL REGISTRO (s), C7-C12      : 
NUM. TOTAL DE MUESTRAS, C1-C6          : /2393/2393/2393                       
NUM. TOTAL DE MUESTRAS, C7-C12         : 
ACEL. MAX.(Gal), C1-C6                 : /-11.01/22.97/15.79                   
ACEL. MAX., C1-C6, EN LA MUESTRA       : /469/585/479                          
ACEL. MAX.(Gal), C7-C12                : 
ACEL. MAX., C7-C12,EN LA MUESTRA       : 
UNIDADES DE LOS DATOS                  : Gal (cm/s/s)
FACTOR DE DECIMACION                   : 1
FORMATO DATOS (FORTRAN,10 campos/dato) : 3F10.2


================================================================================
CALIDAD DEL ACELEROGRAMA:
REGISTRO DIGITAL COMPLETO CON TIEMPO ABSOLUTO CORRECTO.


===============================================================================
COMENTARIOS:














===============================================================================
DATOS DE ACELERACION:
---------+---------+---------+---------+---------+---------+---------+---------+
   CANAL-1   CANAL-2   CANAL-3
         V      N90E      N00E
---------+---------+---------+---------+---------+---------+---------+---------+
     -0.95      0.95      0.00
      0.00      1.44      0.48
      0.00      1.44      0.48
      0.48      1.44      0.48
      0.00      1.44      0.95
     -0.48      1.44      0.48
     -0.95      1.44      0.48
     -0.95      0.95      0.48
      0.00      0.95      0.95
      0.00      0.48      0.95
      0.48     -0.48      0.95
      0.48     -0.95      0.48
      0.48     -1.44      0.48
      0.48     -1.44      0.48
      0.48     -1.44      0.48
      0.48     -1.44      0.48
      0.48     -1.44      0.48
      0.00     -0.95      0.00
      0.48     -1.44      0.00
      0.48     -0.95     -0.48
      0.48     -0.95     -0.48
      0.00     -0.95     -0.48
     -0.48     -0.48     -0.48
     -0.95      0.00     -0.48
     -0.48      0.00     -0.48
      0.00      0.00     -0.48
      0.00      0.00     -0.48
      0.00      0.48     -0.48
      0.00      0.48      0.00
      0.00      0.95      0.00
      0.00      0.95      0.48
      0.00      0.95      0.95
      0.00      0.95      0.95
      0.00      0.95      0.95
      0.00      0.95      0.95
     -0.95      0.95      0.95
     -0.95      0.95      0.95
      0.00      0.95      0.95
      0.00      0.48      0.95
      0.00      0.48      0.48
      0.00      0.00      0.48
     -0.48      0.00      0.00
     -0.95      0.00     -0.48
     -0.95      0.00     -0.95
     -0.48      0.00     -0.95
      0.00      0.00     -0.95
      0.00      0.00     -0.95
      0.00     -0.48     -0.48
      0.48     -0.48     -0.48
      0.00      0.00     -0.48
      0.00      0.00      0.00
      0.00      0.00      0.00
      0.00     -0.48      0.00
      0.00     -0.48      0.00
      0.00     -0.95      0.48
      0.00     -1.44      0.48
      0.00     -1.44      0.95
      0.00     -0.95      0.95
      0.00     -0.95      1.44
      0.00     -0.95      1.44
      0.00     -0.95      0.95
      0.00     -0.95      0.95
      0.00     -0.48      0.95
      0.00      0.48      0.48
     -0.48      0.95      0.48
     -0.95      0.48      0.48
     -0.95      0.95      0.00
      0.00      0.95      0.00
      0.00      0.95      0.00
      0.00      0.95     -0.48
      0.00      0.95      0.00
     -0.48      0.95      0.00
     -0.48      0.95      0.00
      0.00      0.95      0.00
      0.00      0.48      0.00
      0.00     -0.48      0.00
      0.00     -0.48      0.48
      0.00     -0.48      0.48
      0.00     -0.48      0.48
      0.00     -0.95      0.48
      0.48     -1.44      0.95
      0.48     -0.95      0.95
      0.48     -1.44      0.48
      0.00     -1.44      0.48
     -0.48     -0.95      0.48
     -0.95     -0.48      0.48
      0.00     -0.48      0.95
      0.00     -0.48      0.48
      0.48      0.48      0.48
      0.48      0.48      0.00
      0.00      0.95      0.00
      0.00      1.44     -0.48
     -0.95      1.92     -0.48
      0.00      2.40     -0.48
      0.00      2.40      0.00
      0.00      1.92      0.48
      0.00      1.44      0.48
      0.00      1.44      0.95
      0.00      0.95      0.48
      0.00      0.48      0.95
      0.00      0.00      0.00
      0.00     -0.48      0.48
      0.00     -0.48      0.00
      0.00     -0.95      0.00
      0.00     -0.95     -0.48
      0.95     -0.48     -0.48
      1.92     -0.48     -0.48
      1.92      0.00     -0.48
      0.48      0.00     -0.48
     -0.48      0.48     -0.48
     -1.44      0.48     -0.95
     -0.95      0.48     -1.44
     -0.95      0.00     -0.95
     -0.48     -0.48     -0.95
     -0.95     -0.95     -0.48
     -0.48     -1.44      0.00
      0.00     -0.95      0.00
      0.00     -0.48      0.95
      0.95     -0.48      1.44
      0.95     -0.95      1.92
      0.95     -0.95      2.40
      0.95     -0.95      2.40
      0.48     -0.95      2.40
      0.95      0.00      1.92
      0.48      0.00      1.44
      0.48      0.95      0.95
      0.00      1.44      0.48
      0.00      2.40      0.00
     -0.48      2.87     -0.48
     -0.48      1.92     -1.44
     -0.95      1.44     -1.44
     -1.44      0.48     -1.44
     -1.92     -0.48     -1.44
     -0.95     -0.48     -1.44
      0.00     -1.44     -1.44
     -0.48     -1.44     -1.44
     -0.95     -1.92     -0.48
      0.00     -2.40      0.00
      0.00     -2.40      0.00
      0.00     -2.40     -0.48
      0.00     -2.40     -0.95
      0.00     -2.40     -0.95
      0.48     -2.40     -0.95
      1.44     -1.92     -0.48
      1.44     -1.44      0.48
      0.48     -0.48      0.95
      0.00      0.00      1.44
     -1.44      0.48      1.92
     -1.44      0.95      1.92
     -0.95      1.44      1.92
     -0.48      1.44      1.44
      0.00      1.44      0.48
      0.48      0.95      0.48
      0.95      0.95      0.00
      0.95      1.44      0.48
      0.95      1.92      0.95
      0.48      1.92      1.44
      0.00      1.44      1.92
      0.00      0.95      1.92
     -0.95      0.48      1.44
     -0.95     -0.48      0.95
     -0.95     -0.95      0.00
      0.00     -0.95     -0.48
      0.00     -0.95     -1.44
      0.00     -0.95     -2.40
      0.95     -0.48     -2.40
      1.44     -0.48     -1.92
      1.92      0.00     -0.95
      1.44      0.48     -0.48
      0.00      0.48      0.00
     -1.44      0.48      0.00
     -1.92      0.48      0.00
     -2.40      0.48      0.00
     -2.40      0.48      0.00
     -1.92      0.48      0.00
     -0.48      0.48     -0.48
      0.48      0.48     -0.95
      1.92      0.00     -0.95
      2.40      0.00     -0.48
      2.40      0.00      0.00
      1.44      0.00      0.95
      0.48      0.48      1.92
      0.00      0.00      1.92
     -0.95     -0.95      2.40
     -0.48     -1.92      1.92
      0.00     -1.92      0.95
      0.00     -1.44      0.00
      0.00     -0.48     -1.44
      0.48      0.48     -0.95
      1.44      1.44     -0.48
      1.44      1.92      0.48
      1.44      2.40      1.44
      0.95      1.92      1.92
      0.48      1.44      1.92
      0.48      0.95      1.92
      0.00     -0.48      1.44
     -0.95     -0.48      0.00
     -0.95     -0.48     -0.48
     -0.95      0.00     -1.92
      0.00      0.00     -2.40
      0.95     -0.48     -1.92
      1.92     -1.44     -0.95
      1.44     -2.40      0.00
      0.48     -2.40      0.48
      0.00     -2.40      0.48
      0.00     -1.92      0.95
      0.00     -1.92      1.44
      0.00     -1.92      1.92
     -0.95     -2.40      1.92
     -1.92     -2.40      1.44
     -1.44     -1.44      0.48
      0.00     -0.48     -0.48
      0.95      1.44     -0.95
      1.92      1.92     -0.48
      2.40      0.95      0.48
      1.92      0.00      0.48
      0.48      0.00      0.00
     -0.95      0.48     -0.95
     -2.87      0.95     -0.95
     -2.87      1.44     -0.95
     -2.40      1.92     -0.95
     -1.44      1.44     -0.48
     -1.44      1.44      0.00
     -1.92      0.48      0.00
     -1.44      0.48      0.48
      0.00      0.00      0.48
      0.48      0.00      0.95
      0.48      0.00      1.44
      0.00     -0.48      1.92
      0.48     -0.95      1.92
      0.48     -1.44      1.92
      0.48     -0.95      1.44
      0.00      0.00      0.95
      0.48      0.00      0.95
      0.48     -0.48      0.95
      0.00     -0.95      0.48
      0.00     -0.48      0.00
     -0.48      0.00     -0.95
      0.00      0.95     -2.40
      0.48      1.44     -3.35
      0.48      1.44     -2.87
      0.00      0.95     -1.44
     -0.48      0.48      0.00
     -2.40     -0.48      0.48
     -2.87     -0.48      0.48
     -2.40     -0.48      0.00
     -1.92     -0.48     -0.48
     -0.95     -0.48     -0.48
      0.00     -0.95     -0.48
      0.95     -0.95     -0.95
      1.92     -0.95     -0.95
      2.40     -0.48     -0.95
      2.40      0.48     -0.48
      0.95      0.95      0.48
      0.48      0.95      0.95
      0.00      0.00      1.44
     -0.48     -0.48      0.95
     -0.95     -0.95      1.44
     -1.44     -0.48      0.95
     -0.95     -0.48      0.00
     -0.95      0.00      0.00
      0.00      1.44      0.00
      0.95      2.40      0.48
      1.92      2.87      0.95
      1.92      1.92      1.44
      0.95     -0.48      0.95
      0.00     -0.95      0.95
      0.00     -1.44      0.48
     -0.48     -0.95      0.48
     -0.95     -0.48      0.48
     -0.95      0.00      0.48
      0.00      0.00      0.48
      0.48     -0.48      0.00
      0.95     -1.44      0.48
      1.44     -2.40      0.95
      1.44     -2.87      0.95
      0.48     -3.83      0.00
     -0.95     -2.87     -0.48
     -1.92     -1.44     -0.48
     -0.95      0.48     -0.48
      0.00      1.44     -0.48
      0.00      1.92     -0.48
     -0.48      1.92     -0.48
     -1.44      2.40     -0.48
     -1.92      2.87     -0.48
     -1.92      3.35     -0.48
     -1.44      3.83     -0.95
     -0.48      3.35     -0.95
      0.00      2.40     -0.95
      0.00      1.44     -1.44
      0.00      0.00     -0.95
      0.48     -0.48      0.00
      0.95     -0.48      1.44
      0.48     -0.48      1.44
      0.48     -0.48      2.87
      0.00     -0.48      2.40
     -0.95     -0.95      0.48
     -1.44     -1.92     -0.48
      0.00     -2.87     -1.44
      0.48     -3.83     -1.92
      0.95     -3.35     -2.40
      0.48     -2.87     -2.40
      0.48     -0.95     -1.92
      0.48      0.00     -1.44
      0.48      0.95      0.00
      0.48      1.44      1.44
      0.00      0.48      1.44
     -0.95     -0.48      1.44
     -2.40     -0.48      0.95
     -2.40     -0.48      0.48
     -1.92      0.48      0.48
     -0.48      1.92      0.48
      0.48      2.87      0.48
      1.44      2.40      0.48
      1.44      1.44      0.48
      0.95      0.48      1.44
      0.00     -0.48      1.44
     -0.48     -0.48      1.44
     -0.48     -0.95      0.48
     -0.48     -0.48      0.00
     -0.95     -0.48      0.00
      0.00     -0.48     -0.48
      0.00      0.00      0.00
      0.48      0.00     -0.48
      0.48     -1.44      0.00
      0.48     -2.87      0.00
      0.95     -3.35      0.48
      1.44     -2.40      0.00
      1.92     -0.48      0.00
      1.44      1.44      0.00
      0.00      2.40      0.48
     -1.44      2.40      0.95
     -1.44      1.44      0.48
     -0.95      0.48      0.48
     -1.44     -0.48      0.00
     -1.44     -0.48      0.00
     -0.95      0.48      0.00
     -0.48      0.95     -0.48
     -0.95      1.92     -0.48
      0.00      1.92     -0.95
      0.00      1.44     -1.44
     -1.44      0.00     -1.92
     -1.92     -1.44     -1.44
     -1.92     -2.40     -0.95
     -0.95     -1.44      0.00
      0.00     -0.95      0.95
      0.48     -0.48      1.92
      0.48     -1.44      2.87
      0.00     -2.40      2.87
      0.00     -3.35      2.40
     -0.48     -3.35      1.92
      0.00     -2.40      1.44
      0.95     -0.95      0.95
      1.92      0.48      0.00
      2.87      2.87     -0.48
      2.87      5.26     -0.95
      2.40      7.18     -1.44
      1.92      7.66     -1.44
      0.48      6.70     -1.44
     -1.92      5.74     -0.95
     -2.87      4.30     -0.95
     -3.35      3.35     -0.48
     -2.87      1.44     -0.48
     -2.40      0.00     -0.48
     -1.92     -2.40      0.00
      0.00     -4.30      0.00
      2.40     -6.70      0.48
      3.83     -7.66      1.44
      4.79     -8.62      2.87
      3.83     -7.66      3.35
      2.87     -6.22      3.35
      1.44     -3.83      2.40
      0.48     -1.92      0.48
      0.00     -0.48     -1.44
      0.00      0.48     -3.83
      0.00      2.40     -6.22
      0.00      3.83     -5.74
      0.00      4.79     -5.26
      0.95      4.79     -3.35
      0.00      3.83     -0.95
     -1.44      2.40      1.44
     -3.35      1.44      2.40
     -4.30      0.00      1.92
     -5.26     -1.44      0.48
     -4.79     -1.44     -0.48
     -2.87     -1.92     -0.48
      0.00     -1.92      0.00
      3.35     -0.95      1.92
      5.26     -0.48      3.83
      5.74     -0.95      4.79
      4.30     -1.92      5.26
      1.44     -2.87      4.30
     -1.44     -3.35      3.35
     -2.87     -3.35      1.92
     -2.40     -1.44      0.48
     -0.95     -0.48     -0.48
      0.48      0.00     -0.95
      1.44      0.00     -1.44
      1.44      0.00     -1.44
      0.95      0.48     -1.92
      0.00      2.40     -1.92
     -0.95      4.79     -0.95
     -1.44      6.70      0.00
     -2.40      8.13      0.95
     -2.40      8.62      0.95
     -2.87      7.18      0.48
     -2.40      5.74      0.48
     -0.95      3.35      0.00
      0.48      0.95     -0.48
      1.44     -0.95      0.48
      1.92     -2.40      1.44
      0.95     -4.30      2.40
      0.48     -7.18      2.87
      0.48     -9.57      1.92
      0.48    -11.48      0.00
      0.95    -11.96     -1.92
      1.44    -11.96     -3.83
      1.44    -10.05     -4.30
      1.92     -7.66     -3.35
      1.44     -3.35     -1.92
      0.95      2.87      0.00
     -0.95      8.13      1.92
     -2.87     11.48      3.83
     -4.30     12.44      5.26
     -5.26     11.48      4.79
     -4.79      9.57      3.35
     -4.79      7.66      0.95
     -3.35      6.22     -0.48
     -0.95      4.79     -0.95
      0.48      3.35      0.00
      1.44      0.95      0.95
      2.40     -1.44      0.95
      3.35     -2.87      0.48
      3.83     -4.30      0.00
      3.83     -6.22      0.00
      3.35     -8.13      0.00
      1.92     -8.62     -0.48
      0.48     -8.13     -1.44
     -0.95     -5.74     -1.92
     -1.92     -3.83     -1.92
     -0.48     -2.40     -1.92
      0.48     -1.44     -2.40
      0.48     -1.44     -2.87
      0.00     -0.95     -3.35
     -1.44      0.00     -2.40
     -1.92      2.40     -1.44
     -1.92      5.26     -0.95
     -1.92      8.13     -1.44
     -3.35     10.05     -2.40
     -4.30     10.53     -3.35
     -3.83      7.18     -3.83
      0.00      3.35     -3.35
      3.35      0.00     -1.92
      5.26     -1.92      0.95
      6.22     -2.40      4.79
      5.26     -2.40      9.09
      3.35     -1.92     12.92
      0.95     -1.44     15.31
     -1.44     -1.44     14.84
     -2.87     -1.92     11.01
     -2.87     -3.35      4.30
      0.00     -6.22     -1.92
      3.83     -8.62     -6.70
      6.70     -9.09     -8.13
      6.70     -7.66     -7.18
      4.79     -4.30     -6.70
      0.48     -0.95     -6.70
     -4.30      2.87     -6.70
     -8.62      5.26     -7.18
    -11.01      6.22     -7.18
    -11.01      6.22     -6.70
     -9.57      4.30     -6.22
     -7.66      1.92     -5.26
     -4.79     -0.95     -4.30
     -1.44     -2.87     -2.40
      2.87     -2.40      0.48
      7.18     -0.48      4.79
      9.09      0.48     10.53
      8.13      0.00     14.36
      5.74      0.48     15.79
      3.35      0.48     15.31
      1.44      1.92     12.92
      0.95      3.35     10.05
      1.44      4.30      6.22
      1.44      4.30      2.87
      0.95      3.83     -0.48
      0.00      4.30     -2.40
      0.00      4.30     -2.87
      0.00      3.35     -2.87
      0.48      1.44     -1.92
     -0.95     -1.44     -1.92
     -2.87     -3.83     -2.87
     -5.74     -5.74     -4.30
     -6.22     -5.26     -4.79
     -4.79     -4.30     -4.30
     -3.35     -4.30     -4.30
     -1.44     -4.30     -5.26
     -0.48     -5.74     -7.66
      0.95     -5.74    -10.53
      2.40     -4.79    -11.96
      3.35     -4.30    -11.01
      2.40     -3.35     -7.18
      0.00     -1.92     -2.87
     -3.83      0.48      0.00
     -5.74      3.35      0.48
     -5.74      5.26     -0.48
     -4.79      5.74      0.00
     -3.83      4.30      1.92
     -2.40      1.44      5.26
     -1.44     -0.48      6.22
      0.48     -0.95      5.74
      1.92      0.00      5.26
      4.30      1.44      6.22
      4.79      2.40      8.13
      3.83      3.35     10.05
      2.40      4.30     11.96
      0.48      5.26     11.01
     -0.48      5.26      6.70
      0.00      4.30      0.00
      1.92      1.44     -5.26
      2.87     -2.87     -7.18
      1.92     -4.30     -5.26
      0.48     -4.30     -2.87
      0.00     -2.87     -0.48
      0.00     -2.40      0.00
      0.00     -4.30     -1.44
     -1.44     -7.66     -2.87
     -2.87     -9.57     -3.35
     -3.35    -10.05     -2.87
     -2.40     -8.13     -2.40
      0.00     -4.79     -2.87
      1.92     -0.95     -3.83
      3.35      1.92     -3.35
      4.30      5.26     -2.40
      2.87      8.13     -0.95
      0.95     11.01      0.95
     -0.48     12.92      1.92
     -1.44     12.92      1.92
     -1.44     11.48      2.87
      0.00     10.05      5.26
      1.44      9.09      6.70
      3.35      7.18      9.57
      3.35      4.30     11.48
      2.87      0.48     11.96
      1.44     -3.83     10.05
      0.48     -7.18      8.62
      0.00     -9.57      7.18
      0.00    -10.05      5.74
      0.95     -9.57      2.87
      1.92     -8.13     -0.95
      2.87     -8.13     -4.30
      2.87     -9.09     -7.18
      1.44     -9.09     -8.62
      0.48     -7.18     -9.57
     -0.95     -3.83    -10.53
     -3.83     -0.95    -10.53
     -7.18      1.44     -9.57
     -9.09      3.35     -8.13
     -9.09      4.30     -7.66
     -7.18      4.79     -7.18
     -5.74      5.26     -4.79
     -4.79      6.22     -3.83
     -1.92      7.18     -2.87
      2.40      7.18     -1.44
      4.79      5.74     -0.48
      5.26      3.35      0.00
      5.26      0.95      0.00
      5.26     -0.48      0.48
      3.83     -1.92      1.44
      1.44     -5.26      2.87
      0.00     -8.62      4.30
     -1.44    -11.96      5.26
     -2.87    -13.88      4.79
     -3.35    -14.36      2.40
     -1.44    -11.96     -0.95
      1.44     -8.13     -2.40
      3.35     -5.26     -1.92
      4.30     -4.30      0.00
      4.79     -1.92      4.79
      4.30      2.40      9.09
      2.87      7.66     11.48
      0.00     12.92     11.48
     -3.83     17.23     10.53
     -5.26     20.10      8.13
     -4.79     22.01      5.74
     -3.35     22.97      2.87
     -1.44     22.01      0.00
      0.48     18.18     -3.35
      1.92     11.96     -4.79
      2.40      4.30     -4.30
      2.40     -1.92     -2.40
      0.95     -7.18      0.00
     -1.44    -11.01      1.92
     -3.83    -15.31      2.87
     -5.26    -19.14      1.44
     -5.26    -22.97     -1.92
     -3.83    -22.97     -4.30
     -2.87    -21.54     -4.79
     -1.92    -19.14     -4.30
      0.00    -15.79     -3.83
      1.92    -11.48     -4.30
      3.35     -5.74     -5.26
      3.83      0.48     -4.79
      1.92      5.26     -2.87
     -0.48      8.62     -0.48
     -3.35     10.05     -0.48
     -4.79     11.96     -2.87
     -4.79     14.84     -4.79
     -3.83     16.75     -5.26
     -2.40     17.70     -4.30
      0.48     16.75     -1.92
      3.35     13.40      0.95
      4.30      8.62      2.87
      4.30      4.30      4.30
      3.83      0.95      6.22
      4.30     -2.87      8.13
      5.74     -5.26     10.53
      5.74     -5.74     11.48
      3.83     -4.30     11.01
      1.92     -0.95      9.09
      0.95      0.48      6.70
      1.44      0.48      5.74
      1.44     -1.44      3.83
      1.92     -2.40      0.95
      2.87     -2.87     -2.40
      3.35     -3.35     -4.30
      2.40     -4.30     -3.83
      0.48     -4.79     -2.40
     -1.44     -5.26     -2.40
     -3.35     -4.79     -3.83
     -5.26     -3.83     -6.70
     -5.74     -3.35     -8.13
     -4.79     -4.30    -10.05
     -3.35     -6.22    -10.53
     -1.92     -6.70    -10.05
      0.00     -5.26     -8.13
      0.48     -2.40     -6.22
      1.44      0.48     -3.83
      0.00      1.44     -1.44
     -3.83      1.44      0.48
     -7.18      0.48      0.95
     -8.13      0.00      0.48
     -5.74      0.48     -0.95
     -2.87      0.48     -2.87
      0.48      0.00     -3.35
      3.35     -0.48     -3.35
      5.74     -0.48     -2.40
      6.70      0.48      0.00
      5.74      2.40      3.35
      3.35      4.79      6.70
      0.95      6.22     10.05
     -0.95      5.74     12.44
     -1.44      5.26     13.88
     -2.40      3.35     12.44
     -2.87      0.00     10.05
     -1.92     -2.87      5.26
      0.00     -5.26      0.95
      3.35     -4.30     -1.92
      6.70     -0.95     -0.48
      8.62      3.35      2.40
      8.13      5.74      4.79
      5.26      5.26      5.26
      1.44      3.35      4.30
     -2.40      2.87      1.92
     -5.74      3.35     -0.95
     -8.13      4.79     -3.35
     -8.62      5.74     -5.74
     -7.66      4.79     -8.13
     -5.74      2.40    -10.05
     -3.35     -0.48    -10.05
     -1.92     -1.92     -8.62
     -0.48     -3.35     -5.26
      0.00     -3.83     -2.40
      0.95     -5.26      0.48
      0.95     -7.18      3.83
      0.00     -8.13      6.70
     -0.95     -8.62      8.62
     -1.44     -7.66     10.05
     -0.95     -6.70     10.05
      0.00     -6.70      8.62
      0.95     -6.22      5.74
      2.40     -5.26      1.44
      4.79     -2.87     -1.92
      6.70      0.95     -3.83
      6.70      5.74     -3.83
      5.26      9.57     -2.87
      2.87     12.92     -1.44
      0.00     15.31      0.48
     -3.35     16.75      1.92
     -6.22     16.27      2.87
     -8.13     13.88      1.92
     -8.13     10.05     -1.92
     -6.70      5.74     -6.22
     -4.30      1.44     -9.09
     -0.95     -2.40     -9.57
      3.35     -6.22     -7.66
      6.70    -10.53     -5.26
      7.18    -13.88     -2.40
      5.74    -15.79      0.00
      3.35    -15.79      2.40
      1.92    -14.84      4.30
      0.48    -14.84      4.79
     -0.95    -15.79      4.79
     -3.35    -16.27      3.35
     -5.26    -15.31      0.48
     -5.26    -11.01     -1.44
     -2.87     -4.79     -2.87
      0.48      2.40     -2.87
      3.35      8.13     -1.44
      4.30     12.44      0.48
      4.30     15.31      2.87
      2.40     17.70      5.74
      0.00     19.62      7.18
     -3.83     18.66      7.18
     -5.74     14.84      4.30
     -7.18     10.05      0.48
     -6.22      5.74     -3.83
     -4.79      2.87     -6.22
     -2.40      0.95     -8.13
      0.95      0.48     -9.09
      4.79     -0.48     -9.09
      8.13     -2.40     -7.66
      9.09     -5.26     -5.74
      7.66     -7.66     -3.35
      4.30    -11.01     -0.95
      1.44    -13.40     -0.48
     -1.44    -14.36     -1.44
     -2.87    -11.96     -1.92
     -3.35     -7.66     -1.92
     -2.87     -2.87     -1.44
     -0.95      1.92     -0.95
      0.48      5.26      0.00
      1.92      6.70      0.48
      1.92      8.13      1.44
      1.44      9.09      1.92
      0.95     10.05      2.87
      0.00      8.62      4.30
     -0.48      6.22      5.74
     -1.92      3.83      6.70
     -3.83      2.40      7.66
     -5.26      0.48      7.18
     -4.30     -1.92      5.74
     -2.40     -3.83      3.35
      0.00     -6.22      1.92
      1.44     -8.13      0.95
      2.87     -9.57      0.95
      4.30    -10.05      1.92
      5.74    -10.05      1.92
      5.74     -9.09      1.92
      4.79     -8.13      0.48
      2.87     -6.22     -0.48
      0.48     -2.40     -0.95
     -1.44      2.87     -1.44
     -2.40      7.18     -0.95
     -2.87     10.53     -0.95
     -2.87     11.96     -2.40
     -3.35     11.48     -4.30
     -3.35      9.57     -6.22
     -2.87      6.70     -5.74
     -3.35      3.35     -3.83
     -3.83      0.48     -1.44
     -4.30     -0.95      0.00
     -3.83     -2.40      0.48
     -2.87     -4.30      0.95
     -2.40     -5.26      1.44
     -1.44     -5.26      2.40
      0.48     -4.79      3.83
      1.92     -3.35      4.79
      3.83     -1.44      5.74
      4.79      0.48      6.70
      5.26      1.92      8.13
      4.30      2.87      8.62
      2.40      2.40      8.13
     -0.95      1.44      6.70
     -2.40      1.44      4.79
     -1.92      0.95      2.40
     -0.95      0.95      0.00
      0.00      1.44     -0.95
     -0.48      1.44     -0.48
     -1.44      2.40     -1.44
     -1.44      1.92     -3.35
     -1.44      1.44     -5.26
     -0.95      0.48     -7.18
     -0.48     -0.48     -8.13
     -0.95     -1.44     -9.09
     -0.48     -2.40     -9.09
      0.00     -1.92     -8.62
      0.95     -1.44     -7.18
      1.92     -0.95     -5.26
      2.40     -0.48     -4.30
      2.40     -0.95     -3.35
      2.40     -1.92     -2.87
      1.92     -2.87     -1.92
      2.40     -3.35     -1.92
      2.40     -3.35      0.00
      1.92     -3.35      1.44
      1.44     -1.92      1.92
      0.48     -1.44      1.92
      0.00     -0.48      0.48
     -0.95      0.00     -0.48
     -0.95      0.00     -0.95
     -0.95      0.48      0.00
     -0.48      1.44      1.44
     -1.44      2.87      2.87
     -2.87      3.35      4.30
     -3.35      4.30      3.83
     -2.87      4.79      2.40
     -0.95      3.83      0.95
      0.00      1.92      0.00
      0.48     -0.95     -0.48
      1.44     -2.87      0.00
      2.40     -4.30      1.44
      3.35     -3.83      2.40
      2.87     -2.87      3.35
      1.92     -1.44      4.30
      0.00     -0.95      5.26
     -1.44     -1.44      6.22
     -2.87     -1.44      6.70
     -3.83     -0.48      6.70
     -3.83      0.95      6.22
     -3.35      1.92      4.79
     -2.40      1.44      3.83
     -1.92      1.44      2.40
     -1.44      1.92      1.92
      0.00      3.83      0.95
      0.48      5.26     -0.48
      0.95      5.26     -2.40
      1.44      5.26     -3.35
      1.44      4.30     -4.30
      0.48      3.35     -5.26
      0.00      1.92     -6.22
     -1.92     -0.48     -8.13
     -2.40     -3.35     -9.57
     -3.35     -5.74    -10.53
     -2.40     -7.66    -10.05
     -1.92     -7.18     -7.66
     -1.44     -5.74     -5.26
     -0.95     -4.30     -2.87
      0.00     -2.87     -1.44
      1.44     -2.40     -0.95
      2.40     -0.95      0.48
      2.40      0.00      2.40
      1.44      1.44      4.30
      0.00      2.40      5.26
      0.48      2.87      5.26
      1.44      3.83      5.26
      1.92      5.26      5.74
      1.92      5.26      5.74
      1.92      3.83      4.30
      1.92      1.44      3.35
      2.40     -0.48      0.95
      2.40     -1.44     -0.48
      2.87     -2.40     -1.92
      2.40     -2.87     -2.87
      1.92     -2.87     -3.35
      1.44     -3.83     -3.35
      0.48     -4.30     -3.35
      0.00     -3.83     -2.87
      0.00     -3.35     -1.92
      0.48     -2.87     -0.95
      0.00     -3.35      0.00
     -0.95     -4.30      0.00
     -0.95     -3.83     -0.48
     -0.95     -2.40     -1.44
     -0.48      0.48     -2.40
      0.48      2.87     -3.83
      1.92      3.83     -3.83
      2.87      3.35     -4.30
      2.87      1.92     -4.30
      1.92      1.44     -3.35
      0.48      1.44     -1.92
     -1.44      0.95      0.00
     -3.35     -0.48      0.00
     -3.83     -1.92      0.48
     -4.30     -2.40      1.44
     -4.79     -3.83      3.35
     -4.30     -4.30      5.26
     -2.40     -4.79      6.22
     -0.48     -4.79      6.70
      0.48     -4.30      7.66
      0.48     -3.83      9.09
      0.00     -3.35     11.01
      0.00     -1.92     12.44
     -0.95     -0.48     13.88
     -2.40      0.95     13.40
     -2.40      3.35     11.96
     -2.87      4.79     10.05
     -3.35      4.79      8.62
     -2.40      5.74      6.70
     -0.95      5.26      4.30
      0.00      4.79      1.44
     -0.48      4.79     -1.44
     -1.44      5.26     -3.35
     -2.40      5.74     -4.30
     -2.87      6.22     -6.70
     -3.35      5.74     -8.13
     -4.30      4.30    -10.53
     -5.26      1.92    -12.44
     -5.74     -0.95    -12.92
     -5.74     -2.40    -11.96
     -4.79     -2.87    -10.05
     -4.30     -3.35     -8.13
     -4.30     -3.83     -5.74
     -3.83     -4.30     -3.35
     -2.40     -5.74      0.00
     -0.95     -6.22      2.87
      0.00     -7.66      5.26
      1.44     -8.13      6.22
      2.87     -7.66      6.70
      3.83     -5.74      7.18
      4.79     -2.87      8.62
      5.26      0.48     10.05
      5.74      3.83     10.53
      5.26      7.18     10.05
      3.83     10.05      8.62
      2.40     11.48      7.66
      0.48     12.44      6.22
      0.00     12.44      4.79
      0.00     11.96      4.30
     -0.95     10.05      2.87
     -2.40      8.13      1.44
     -3.35      6.22     -0.48
     -2.87      3.35     -2.40
     -1.44      1.44     -5.26
      0.48     -0.48     -6.22
      1.44     -3.35     -7.18
      2.40     -6.70     -7.66
      2.40     -9.57     -8.62
      2.40    -10.05     -9.09
      2.87     -8.62     -9.57
      3.35     -6.22     -9.09
      3.83     -4.30     -7.18
      3.35     -3.35     -4.30
      3.35     -2.87     -2.40
      2.87     -1.92     -0.48
      2.40      0.00      0.48
      1.92      0.95      1.44
      0.95      0.95      1.92
      0.48      0.48      2.40
      0.48      1.44      3.35
      0.00      3.83      4.30
      0.00      5.74      5.26
      0.48      5.74      5.74
      0.95      4.79      4.79
      1.44      3.35      3.83
      1.44      1.92      3.83
      0.95      0.00      4.30
      0.48     -2.40      4.30
      0.00     -4.30      3.83
     -0.95     -6.22      2.40
     -1.44     -7.66      0.00
     -2.40     -8.62     -1.92
     -1.92    -10.53     -3.35
     -1.44    -11.96     -3.83
      0.00    -12.92     -4.30
      0.48    -11.96     -4.79
      0.48    -10.05     -4.79
      0.48     -7.66     -4.30
      0.00     -6.22     -2.87
     -0.95     -5.26     -1.44
     -2.40     -3.35     -0.48
     -3.35     -1.44      0.00
     -4.79      0.95      0.00
     -4.79      3.35      0.48
     -4.30      5.74      1.44
     -3.35      8.62      2.40
     -2.40     11.48      3.35
     -1.44     12.44      3.35
      0.00     13.40      2.87
      0.48     12.44      2.40
      0.95     11.01      1.92
      0.48      9.57      0.95
      0.48      7.66      0.00
      0.00      6.22     -0.95
      0.48      5.26     -1.44
      0.48      3.83     -1.44
      0.48      2.87     -1.92
      0.00      0.00     -1.44
      0.48     -3.35     -1.44
      0.95     -5.26      0.00
      1.44     -6.22      0.95
      1.92     -6.70      1.92
      1.92     -5.74      2.87
      1.44     -4.79      3.35
      1.44     -2.87      2.87
      0.48     -1.44      1.92
      0.95      0.00      0.95
      0.48      1.44      0.48
      0.00      2.40     -0.48
      0.00      2.87     -1.92
      0.00      3.83     -2.87
      0.00      5.26     -2.87
      0.00      5.26     -3.35
      0.00      4.79     -4.30
      0.00      3.35     -4.79
     -0.95      1.44     -5.26
     -0.95     -0.95     -5.26
     -0.48     -3.83     -5.26
      0.00     -5.74     -4.79
      0.95     -8.13     -4.30
      1.44     -9.57     -3.35
      1.44    -10.05     -1.92
      1.44     -9.57      0.00
      1.92     -9.09      1.92
      2.40     -8.62      2.40
      2.40     -7.66      3.35
      1.44     -7.18      3.83
      0.95     -5.74      4.30
      0.95     -3.83      3.83
      1.44     -1.44      3.35
      2.40      0.95      3.35
      2.40      2.87      2.87
      1.44      4.30      2.87
      0.48      5.26      3.83
      0.95      6.70      4.30
      0.00      8.13      4.79
     -1.44      9.09      4.79
     -2.87      9.57      4.79
     -3.83      9.09      3.83
     -3.35      7.66      2.87
     -2.87      5.74      2.40
     -2.40      2.87      0.95
     -1.92      0.48     -0.48
     -1.44     -0.95     -1.44
     -0.95     -2.40     -2.40
      0.00     -3.83     -3.35
     -0.48     -4.79     -4.79
     -0.95     -6.22     -6.70
     -1.92     -6.70     -7.66
     -2.87     -7.66     -8.13
     -4.30     -6.70     -7.66
     -5.26     -5.26     -6.70
     -5.26     -3.35     -5.74
     -4.30     -0.95     -5.26
     -3.35      1.44     -3.35
     -2.40      3.83     -1.44
     -1.44      5.26      0.00
      0.00      5.74      1.44
      0.48      7.18      3.35
      1.92      8.13      5.74
      2.87      8.62      7.66
      3.35      8.62      9.57
      3.35      7.18     11.01
      2.87      6.70     11.48
      1.92      4.79     10.53
      1.44      2.40      8.62
      0.95      0.48      5.74
      0.95     -0.95      3.35
      1.92     -1.92      1.92
      2.40     -2.87      0.48
      2.40     -2.87     -0.95
      1.92     -2.87     -2.87
      0.95     -2.87     -3.83
      0.00     -2.40     -5.26
     -0.48     -2.40     -6.22
     -1.44     -3.35     -7.66
     -1.92     -3.35     -9.09
     -2.40     -3.83    -10.53
     -2.40     -4.30    -10.05
     -1.92     -5.26     -9.57
     -1.44     -4.79     -8.62
     -0.95     -4.30     -7.66
      0.00     -2.87     -6.70
      0.48     -2.40     -4.79
      1.44     -2.40     -2.40
      1.44     -2.40      0.48
      0.95     -2.40      2.87
      0.95     -1.92      4.30
      1.44     -1.44      5.74
      2.40     -0.95      7.18
      2.40      0.00      8.62
      1.92     -0.48     10.05
      1.44     -0.95     10.05
      0.48     -1.44      9.09
      0.00     -1.92      7.18
      0.00     -0.48      5.26
      0.48      0.48      3.83
      0.48      1.44      2.40
      0.95      1.92      0.95
      0.48      2.87      0.00
      0.00      3.35     -0.95
     -0.95      3.83     -1.44
     -1.92      4.30     -1.44
     -2.87      4.79     -1.44
     -3.35      4.30     -1.44
     -3.83      3.35     -1.44
     -4.30      2.40     -1.44
     -4.30      1.92     -1.92
     -3.35      1.44     -2.87
     -1.92      0.48     -3.83
     -0.95     -0.95     -4.30
      0.00     -1.92     -3.83
      0.95     -2.40     -2.40
      1.44     -2.87     -1.44
      0.95     -3.35     -0.95
      0.00     -3.83     -0.95
     -0.48     -4.30     -0.95
     -0.95     -4.30      0.00
     -0.95     -3.35      0.48
     -0.48     -1.92      1.44
      0.00     -0.48      1.44
      0.48      0.95      1.92
      0.95      2.40      2.40
      1.44      2.87      2.40
      2.40      2.87      1.92
      1.92      3.35      2.40
      0.95      2.87      2.87
      0.00      1.92      2.87
     -1.44      0.48      2.40
     -2.40     -0.95      0.95
     -2.87     -1.44     -0.95
     -2.40     -1.92     -2.87
     -1.44     -2.40     -4.30
      0.00     -3.35     -4.30
      1.44     -4.30     -3.83
      2.40     -5.26     -2.87
      1.92     -5.26     -1.92
      0.95     -4.79     -1.44
      0.48     -3.83     -0.48
      0.48     -2.40      0.48
      0.48     -1.44      1.92
      0.48     -0.48      2.40
      0.00      1.44      2.40
      0.00      3.35      1.92
      0.48      4.30      2.40
      0.95      5.26      2.87
      1.44      5.26      2.87
      1.44      5.26      2.40
      0.95      5.26      1.92
      0.00      4.30      0.48
      0.00      3.35     -0.48
      0.00      2.40     -1.44
     -0.95      1.44     -2.40
     -0.95      0.00     -3.83
     -0.95     -0.95     -4.79
      0.00     -2.40     -5.74
      0.95     -3.35     -6.22
      1.44     -5.26     -5.74
      0.95     -6.22     -5.26
      0.48     -6.22     -4.30
      0.00     -5.74     -3.83
      0.00     -4.30     -1.92
      0.48     -3.35      0.48
      0.00     -2.40      2.40
      0.00     -0.95      4.79
     -0.48      0.48      6.22
      0.00      2.87      7.18
      0.48      5.26      8.13
      0.95      7.18      9.09
      1.44      9.09      9.09
      1.44     10.53     10.05
      1.44     11.48     11.01
      0.95     11.01     11.01
      0.48     10.53      9.57
      0.48      8.13      7.18
      0.48      5.74      3.83
      0.48      3.35      1.44
      0.48      1.44      0.48
     -0.48     -0.48     -0.48
     -1.44     -2.40     -1.92
     -1.44     -4.79     -4.30
     -1.44     -6.22     -6.70
     -1.44     -7.18     -8.13
     -0.95     -8.13     -8.13
     -1.44     -9.57     -8.13
     -1.92    -10.53     -7.66
     -2.40    -11.01     -7.18
     -2.87    -10.05     -7.18
     -2.87     -8.13     -5.74
     -3.35     -6.22     -5.26
     -2.87     -3.83     -4.30
     -1.92     -1.92     -3.83
     -0.95     -1.44     -2.87
      0.00      0.00     -1.92
      0.48      1.44     -1.44
      0.48      2.40     -0.48
      0.95      3.83      0.48
      1.44      5.26      1.92
      1.44      6.22      3.35
      0.95      6.22      4.79
      0.95      5.74      5.74
      0.95      5.26      6.22
      1.44      5.26      6.22
      1.44      4.79      6.70
      1.44      4.79      6.70
      1.92      4.30      6.70
      1.44      3.35      6.70
      1.92      2.40      6.22
      1.44      2.40      4.79
      0.95      1.44      3.35
      0.95      0.48      1.92
      0.95     -1.44      0.00
      0.00     -3.35     -1.44
      0.48     -4.79     -2.87
      0.00     -6.22     -4.79
      0.00     -6.22     -6.70
     -0.95     -6.22     -7.66
     -0.95     -5.26     -7.66
     -1.44     -4.79     -7.66
     -1.44     -3.83     -7.18
     -1.92     -2.87     -7.18
     -1.92     -1.92     -7.18
     -1.44     -0.95     -7.18
     -0.95      0.00     -6.70
     -0.95      1.44     -6.22
     -0.95      2.40     -4.79
     -1.44      3.83     -2.40
     -1.44      4.30      0.00
     -1.44      4.79      2.40
     -1.92      4.79      4.30
     -2.40      4.79      6.70
     -2.40      4.79      7.18
     -1.92      3.83      7.66
     -0.95      1.92      7.66
      0.00      0.48      7.66
      0.48     -0.48      8.62
      1.44     -1.44      9.09
      1.44     -0.95      9.09
      1.44     -0.95      8.62
      0.95     -1.44      8.13
      0.48     -1.44      6.70
      0.00     -1.44      4.79
     -0.95     -1.44      2.87
     -1.44     -0.95      1.44
     -1.92     -0.95      0.00
     -1.92     -0.48     -1.92
     -0.95     -0.95     -3.35
     -0.95     -0.95     -4.79
     -0.95     -0.95     -5.74
     -0.95     -0.48     -6.22
      0.00     -0.48     -6.22
      0.48     -0.48     -6.70
      0.00     -1.44     -6.70
      0.00     -1.92     -5.74
     -0.48     -1.92     -4.79
     -0.95     -1.44     -3.35
     -0.95     -0.48     -1.92
     -1.44     -0.48     -0.95
     -1.44     -0.95      0.00
     -0.95     -1.44      0.48
     -0.48     -2.40      0.95
     -0.48     -2.40      1.92
      0.00     -2.87      2.40
      0.00     -2.87      3.35
      0.48     -2.40      2.87
      0.48     -1.44      2.87
      0.95     -0.48      1.92
      0.95      1.44      1.44
      0.95      1.92      0.48
      0.95      2.87      0.00
      0.00      3.35     -0.95
      0.00      3.83     -1.44
      0.00      4.79     -0.95
      0.00      5.74     -0.95
      0.00      5.74     -0.95
      0.48      5.26     -0.48
      0.48      4.79      0.00
      0.95      4.30      0.00
      0.95      3.35      0.48
      1.44      2.87      0.48
      1.92      1.44      0.48
      1.92     -0.95      0.00
      1.92     -3.35     -0.48
      1.92     -5.74     -0.95
      1.44     -7.66     -1.44
      1.92     -8.62     -1.44
      1.92     -9.09     -0.95
      1.92     -9.09     -0.95
      1.44     -8.62     -0.95
      0.95     -7.18     -0.95
      0.00     -5.26     -0.48
      0.00     -3.83      0.00
      0.00     -1.92      0.00
     -0.48     -0.48     -1.44
     -0.95      0.95     -0.48
     -0.95      2.40      0.00
     -0.95      3.83      0.48
     -1.44      5.26      0.00
     -0.95      5.74      0.00
     -0.95      5.74      0.00
     -0.95      5.74      0.00
      0.00      4.79      0.48
      0.00      4.30      1.44
      0.00      3.35      2.40
      0.00      2.40      3.35
      0.00      1.44      3.35
      0.48      0.48      3.35
      0.48      0.00      3.35
      0.95     -0.48      3.35
      0.95     -1.44      3.35
      1.44     -1.44      3.83
      0.95     -1.44      3.83
      0.95     -0.95      3.83
      0.48     -0.95      3.35
      0.00     -0.95      2.40
      0.00     -0.95      1.44
     -1.44     -1.44      0.00
     -1.92     -1.92     -0.95
     -2.40     -1.92     -2.40
     -2.40     -1.92     -3.35
     -2.40     -1.92     -3.83
     -1.92     -1.92     -3.83
     -1.44     -1.92     -4.30
     -0.95     -1.92     -4.30
     -0.95     -1.44     -3.83
     -0.95     -1.44     -2.87
     -0.95     -0.95     -2.40
     -0.95     -0.95     -1.44
      0.00      0.00     -0.48
      0.00      0.48      0.48
      0.00      0.95      0.95
      0.00      1.44      1.44
     -0.48      1.44      1.44
     -0.95      1.92      1.92
      0.00      2.40      1.92
      0.48      2.87      2.40
      0.95      2.87      2.87
      1.44      2.87      2.40
      1.44      2.40      1.92
      0.95      1.92      1.44
      0.00      1.44      0.48
      0.00      0.95     -0.48
      0.00      0.48     -0.95
      0.00     -0.48     -1.92
      0.48     -0.95     -2.40
      0.48     -1.92     -1.44
      0.00     -2.40     -1.44
      0.00     -2.40     -0.95
      0.00     -2.87     -0.48
      0.00     -2.87      0.00
      0.00     -2.87      0.00
      0.00     -2.40      0.00
     -0.48     -1.92      0.00
      0.00     -1.44      0.00
      0.00     -0.48      0.48
      0.00      0.00      0.48
      0.48      0.48      0.48
      0.95      1.44      0.48
      0.95      1.92      0.48
      0.95      1.92      0.48
      0.00      1.44      0.95
     -0.48      0.95      1.44
     -0.95      0.48      1.44
     -0.95      0.00      1.44
     -0.95     -0.48      0.95
     -0.48     -1.44      0.95
      0.00     -1.92      0.95
      0.00     -2.40      1.44
      0.48     -1.92      1.92
      0.48     -1.44      1.92
      0.48     -0.95      1.92
      0.48     -0.95      2.40
      0.00     -0.95      2.40
      0.00     -0.48      1.92
     -0.95      0.48      1.92
     -0.95      0.95      0.95
     -0.95      1.44     -0.48
     -0.48      2.87     -0.95
      0.00      3.35     -1.44
      0.00      3.83     -0.95
      0.00      3.83     -0.95
     -0.48      3.35     -1.44
     -0.48      2.87     -0.95
     -0.95      2.40     -0.95
     -0.95      1.92     -0.95
     -1.44      1.44     -0.95
     -1.44      0.95     -1.44
     -1.92      0.48     -1.92
     -1.44     -0.48     -1.44
     -0.95     -0.95     -1.92
      0.00     -1.44     -0.95
      0.48     -2.40     -0.95
      0.95     -2.87     -0.48
      0.95     -3.35      0.48
      0.95     -4.30      0.95
      0.95     -4.79      1.92
      0.95     -4.30      1.92
      0.95     -3.35      2.40
      0.48     -2.40      2.40
      0.48     -0.95      2.40
      0.95      0.00      1.92
      1.44      0.95      2.40
      1.44      1.92      2.40
      1.44      1.92      2.40
      0.95      1.92      1.44
      0.48      1.92      0.48
      0.48      1.44      0.48
      0.00      1.92     -0.48
     -0.95      2.40     -0.95
     -0.95      2.40     -2.40
     -1.44      1.92     -3.35
     -1.44      0.48     -3.83
     -1.44     -0.95     -4.30
     -0.95     -1.92     -4.79
      0.00     -3.35     -5.26
      0.00     -4.30     -4.79
      0.00     -4.79     -3.83
      0.00     -4.30     -2.40
      0.00     -3.83     -0.95
      0.00     -2.87      0.48
      0.00     -1.92      1.44
      0.00     -1.44      1.92
      0.00     -0.48      2.40
      0.48      0.00      2.87
      0.48      0.95      2.87
      0.48      2.87      3.35
      0.95      4.30      2.87
      1.44      5.74      1.92
      1.44      5.74      1.44
      0.95      5.74      0.00
      0.00      5.26      0.00
      0.00      3.83      0.48
     -0.95      2.87      0.95
     -1.44      1.92      0.48
     -1.92      0.95      0.48
     -1.92      0.00      0.00
     -1.92     -1.44      0.00
     -1.44     -2.40      0.00
     -0.95     -3.83     -0.48
     -0.95     -4.79     -0.95
      0.00     -5.26     -1.44
      0.48     -5.26     -1.92
      0.95     -5.26     -1.44
      1.44     -4.30     -0.95
      0.95     -2.87     -0.48
      0.00     -1.44      0.00
      0.00     -0.48      0.48
      0.00      0.48      0.48
     -0.95      1.44      0.95
     -0.48      2.40      1.44
      0.00      2.87      1.92
      0.00      2.87      2.40
      0.48      3.35      2.87
      0.95      2.87      3.35
      1.44      3.35      3.35
      1.44      2.87      3.83
      1.44      2.40      4.30
      1.44      0.95      4.30
      0.95      0.48      4.30
      0.48     -0.48      3.35
      0.00     -0.95      1.92
      0.00     -1.92      0.48
     -0.48     -2.87     -0.48
     -0.48     -3.35     -1.44
     -0.48     -3.83     -2.87
     -0.48     -3.35     -3.83
      0.00     -2.40     -4.30
     -0.48     -1.44     -4.30
      0.00     -0.95     -4.30
     -0.95     -0.48     -4.30
     -1.44      0.48     -4.30
     -2.40      1.44     -3.83
     -2.87      2.40     -2.87
     -2.87      2.87     -2.87
     -1.92      2.87     -1.44
     -1.44      3.35     -1.44
     -0.95      2.87     -1.44
     -0.48      2.87     -0.48
      0.00      2.40      0.00
      0.48      1.44      0.95
      0.95      0.95      1.44
      0.48      0.48      1.44
      0.48     -0.95      1.44
      0.48     -1.92      1.44
      0.48     -2.40      1.44
      0.48     -2.87      1.92
      0.48     -3.35      1.92
      0.00     -2.87      1.44
      0.48     -2.40      1.44
      0.48     -1.92      0.95
      0.48     -1.92      0.95
      0.00     -1.44      1.44
     -1.44     -0.95      1.44
     -0.95      0.48      1.44
     -0.95      1.44      1.44
     -0.95      2.40      1.44
     -0.48      2.87      1.44
      0.00      2.87      0.95
      0.00      2.87      0.48
     -0.95      2.87      0.48
     -0.95      2.87      0.48
     -0.95      2.40      0.00
      0.00      2.40      0.48
      0.48      1.92      0.48
      0.48      0.95      0.48
      0.00      0.00      0.00
      0.00     -0.95      0.48
     -0.48     -1.92      0.95
      0.00     -2.40      0.95
      0.00     -3.35      0.95
      0.48     -3.83      0.95
      0.48     -4.30      0.95
      0.48     -4.30      0.95
      0.48     -4.30      0.95
      0.48     -3.83      0.95
      0.95     -3.35      0.00
      0.95     -2.87     -0.48
      0.95     -2.40     -0.95
      0.95     -1.44     -0.95
      0.95     -0.48     -0.95
      0.48      0.00     -0.95
      0.48      0.48     -1.44
      0.00      0.48     -1.92
     -0.95      0.95     -2.40
      0.00      1.44     -2.87
      0.00      2.40     -2.87
      0.00      2.87     -2.40
      0.48      2.87     -1.44
      0.95      2.87     -0.95
      0.95      2.40     -0.48
      0.48      1.92      0.00
      0.00      1.44      0.48
      0.00      0.95      0.95
      0.00      0.00      0.95
      0.00     -0.48      0.95
      0.00     -0.95      0.95
      0.00     -1.44      0.48
      0.00     -1.44      0.00
      0.48     -1.92     -0.95
      0.48     -1.92     -1.44
      0.48     -2.40     -1.92
      0.95     -2.40     -1.92
      0.95     -2.87     -1.92
      1.44     -2.40     -1.92
      0.95     -2.40     -1.44
      0.00     -1.44     -0.95
     -0.48      0.00      0.00
     -0.95      0.95      0.00
     -1.44      1.92      0.48
     -1.44      2.40      0.48
     -1.44      2.40      0.95
     -0.95      2.87      1.44
      0.00      2.87      1.44
      0.48      2.40      1.92
      0.95      2.40      1.92
      0.95      2.40      2.87
      0.48      2.40      2.87
      0.48      2.87      2.87
      0.00      2.40      2.87
      0.00      1.92      1.92
      0.00      0.95      1.44
     -0.95      0.48      0.95
     -0.48     -0.48      0.00
     -0.48     -0.95      0.00
     -0.48     -0.95      0.00
     -0.95     -1.44      0.00
     -0.48     -1.44      0.00
      0.00     -1.92      0.48
     -0.48     -1.92      0.48
     -0.95     -1.44      0.95
     -1.44     -0.95      0.95
     -1.44     -0.48      0.95
     -1.44      0.00      0.48
     -1.44      0.48      0.00
     -0.95      0.95     -0.48
      0.00      0.95      0.00
      0.00      0.95      0.00
      0.00      0.48      0.00
     -0.48      0.48     -0.48
      0.00      0.95     -0.48
      0.00      0.48      0.00
      0.00      0.48      0.00
      0.00      0.00     -0.48
      0.00     -0.48     -0.48
      0.00     -0.95     -0.95
      0.00     -1.44     -0.95
      0.00     -1.44     -0.48
      0.48     -0.95     -0.48
      0.95     -0.48     -0.48
      0.00     -0.48     -0.48
      0.48     -0.48     -0.95
      0.48      0.00     -0.95
      0.48      0.48     -0.95
      0.48      0.48     -0.95
      0.48      0.95     -0.48
      0.00      1.44      0.00
      0.00      1.92      0.00
      0.00      1.92      0.00
      0.48      1.44      0.00
      0.00      0.95      0.00
      0.00      0.48      0.48
      0.00     -0.48      0.48
      0.00     -0.95      0.95
      0.48     -1.44      1.44
      0.48     -1.92      1.92
      0.95     -1.92      1.44
      0.48     -2.40      1.44
      0.48     -2.40      0.95
      0.48     -2.40      0.95
      0.48     -2.40      1.44
      0.00     -1.44      1.92
      0.00     -0.48      1.92
      0.00      0.00      2.87
      0.00      0.48      2.87
      0.48      0.48      2.87
      0.48      0.95      2.87
      0.00      1.44      1.92
      0.00      1.44      1.44
      0.00      2.40      1.44
      0.00      1.92      0.95
      0.48      1.92      0.48
      0.48      1.92      0.00
      0.48      1.92      0.00
      0.00      0.95     -0.48
      0.00     -0.48     -0.95
      0.00     -0.48     -0.95
      0.00     -0.95     -1.44
      0.00     -0.95     -1.44
      0.00     -1.44     -1.92
      0.00     -1.92     -2.40
      0.00     -2.40     -2.87
      0.00     -2.40     -2.87
      0.00     -1.44     -2.40
      0.48     -0.95     -2.40
      0.48     -0.48     -1.92
      0.00      0.00     -1.44
      0.00      0.48     -0.95
     -0.48      1.44     -0.95
     -0.95      1.92     -0.48
     -1.44      2.40      0.00
     -0.95      2.87      0.95
     -0.48      2.40      1.44
      0.00      2.40      1.44
      0.48      2.40      2.40
      0.48      1.92      3.35
      0.48      1.44      3.83
      0.48      0.48      3.83
      0.48     -0.48      3.83
      0.48     -0.95      2.87
      0.48     -1.44      2.40
      0.48     -1.92      1.92
      0.48     -2.40      1.44
      0.48     -2.87      0.95
      0.48     -2.87      0.00
      0.48     -2.87     -0.48
      0.48     -2.87     -0.95
      0.48     -1.92     -0.48
      0.00     -1.44     -0.48
      0.00     -0.48     -0.48
     -0.95     -0.48     -0.48
     -1.44      0.48     -0.95
     -1.44      1.44     -1.44
     -1.44      1.44     -1.44
     -0.95      1.44     -1.44
     -0.48      1.44     -1.44
      0.00      0.95     -1.44
      0.00      0.95     -1.44
      0.00      0.95     -1.44
      0.00      0.48     -1.44
      0.00      0.00     -1.44
      0.00     -0.48     -0.95
      0.00     -0.48     -0.48
      0.00     -0.48      0.00
      0.00     -0.95      0.48
      0.00     -1.44      0.95
      0.00     -1.44      1.44
      0.00     -0.95      1.92
      0.00     -0.48      2.40
      0.00      0.48      2.40
      0.48      0.48      2.40
      0.95      0.95      2.40
      0.48      1.44      1.92
      0.48      1.44      1.44
      0.00      1.92      0.95
      0.00      1.92      0.95
     -0.48      1.44      0.48
     -0.95      0.95     -0.48
     -0.95      0.00     -0.95
     -0.48     -0.95     -1.44
      0.00     -1.92     -1.92
      0.00     -2.40     -1.92
      0.00     -2.87     -2.40
      0.00     -2.87     -2.40
      0.00     -2.87     -1.92
      0.48     -2.40     -1.44
      0.48     -1.92     -0.48
      0.00     -1.44      0.00
      0.00     -0.95      0.48
      0.00     -0.48      0.95
      0.00      0.48      1.44
      0.00      0.95      1.92
      0.00      1.44      1.92
      0.00      2.40      2.40
      0.00      3.35      2.40
      0.00      3.83      1.92
      0.00      4.30      1.92
      0.00      4.30      1.44
      0.00      3.83      1.44
      0.00      2.87      0.95
      0.00      1.92      0.00
      0.00      0.95     -0.95
      0.00      0.48     -1.44
      0.00      0.00     -1.92
     -0.48     -0.48     -1.92
      0.00     -0.95     -2.40
     -0.48     -0.95     -1.92
      0.00     -1.44     -1.44
      0.00     -1.92     -0.95
      0.00     -2.40     -0.48
      0.00     -2.87      0.00
      0.00     -2.87      0.48
      0.00     -2.40      0.48
      0.00     -1.92      0.48
      0.48     -1.44      0.48
      0.95     -0.95      0.48
      0.95     -0.48      0.48
      0.95     -0.48      0.48
      0.95      0.48      0.48
      0.95      0.95      0.00
      0.95      0.95      0.00
      0.48      0.95      0.48
      0.00      0.48      0.48
      0.00      0.48      0.48
     -0.95      0.48      0.00
     -0.95      0.48      0.00
     -0.95      0.48      0.00
      0.00      0.00      0.00
      0.00      0.00      0.48
      0.00     -0.48      0.48
      0.48      0.00      0.00
      0.48      0.48     -0.48
      0.48      0.48     -0.95
      0.48      0.00     -0.95
      0.00      0.00     -0.48
      0.00     -0.48     -0.48
      0.00     -1.44     -0.48
      0.00     -1.92     -0.95
     -0.48     -2.40     -0.95
     -0.48     -2.87     -0.48
     -0.95     -2.87      0.00
     -0.48     -2.87      0.48
      0.00     -2.87      0.95
      0.00     -2.40      0.95
      0.00     -2.40      0.48
      0.00     -1.92      0.48
      0.48     -0.95      0.00
      0.48      0.48      0.00
      0.95      1.44      0.00
      0.95      2.40      0.00
      0.48      3.35      0.48
      0.00      3.83      0.48
     -0.95      4.30      0.95
     -0.95      4.79      0.95
     -0.95      4.79      0.48
     -0.95      3.83      0.48
     -0.95      2.87      0.95
     -0.95      1.92      0.95
     -0.48      0.48      0.95
      0.00      0.48      0.95
      0.00     -0.48      0.95
      0.48     -0.95      0.95
      0.95     -1.92      0.95
      0.48     -2.40      0.95
      0.00     -2.40      0.95
      0.00     -2.87      0.95
      0.00     -2.87      0.00
      0.00     -2.87     -0.95
      0.00     -2.40     -1.44
     -0.48     -1.92     -1.92
      0.00     -1.44     -1.92
      0.00     -0.48     -1.92
      0.00      0.48     -1.44
      0.00      0.48     -0.95
      0.00      0.95     -0.95
      0.00      1.44     -0.95
     -0.95      1.92     -0.95
     -1.44      2.40     -0.95
     -0.95      2.40     -0.48
     -0.95      2.40     -0.48
     -0.48      2.40     -0.48
      0.00      1.44      0.00
      0.48      0.95      0.00
      0.48      0.00      0.95
      0.00     -0.95      0.95
      0.00     -1.44      1.44
      0.00     -1.92      1.44
      0.00     -1.92      1.92
      0.48     -1.92      1.92
      0.48     -2.40      1.92
      0.48     -2.40      1.92
      0.48     -2.40      1.92
      0.95     -1.44      1.92
      0.95     -1.44      1.92
      0.95     -0.95      1.92
      0.95     -0.48      1.44
      0.48      0.48      0.95
      0.00      1.44      0.48
      0.00      1.92      0.00
      0.00      2.40      0.00
     -0.48      2.40     -0.95
     -0.95      2.40     -1.44
     -0.95      2.40     -1.92
     -0.95      2.40     -2.87
     -0.95      1.92     -2.40
     -0.95      0.95     -2.40
     -0.48      0.48     -1.92
     -0.48      0.00     -1.44
     -0.95     -0.48     -0.95
     -1.44     -0.95     -0.95
     -1.44     -1.44     -0.48
     -0.95     -1.44      0.00
      0.00     -1.44      0.00
      0.00     -1.44      0.48
      0.48     -1.44      0.95
      0.48     -1.92      1.44
      0.48     -1.44      1.44
      0.00     -1.92      1.92
      0.00     -1.44      1.44
      0.48     -0.95      1.92
      0.48      0.00      1.92
      0.48      0.95      1.92
      0.48      1.44      1.44
      0.00      1.92      1.44
      0.00      1.92      0.95
      0.00      2.40      0.95
      0.00      2.40      0.48
      0.00      2.40      0.00
      0.00      2.40      0.48
      0.00      1.92      0.48
      0.00      1.44      0.00
      0.00      0.95      0.00
      0.00      0.00     -0.48
      0.00     -0.48     -0.95
      0.00     -0.95     -1.92
      0.00     -1.44     -1.44
      0.00     -2.40     -1.44
      0.48     -2.40     -1.44
      0.48     -2.87     -1.44
      0.00     -3.83     -1.44
      0.00     -3.35     -1.44
      0.00     -3.83     -0.95
      0.00     -3.35     -0.48
      0.00     -2.87     -0.48
      0.00     -1.92     -0.48
      0.00     -0.95     -0.48
      0.00     -0.48      0.00
      0.00      0.00      0.00
      0.00      0.95      0.48
      0.00      0.95      0.48
      0.00      1.44      0.95
      0.00      1.44      0.95
      0.00      1.44      1.44
      0.00      0.95      1.44
     -0.48      0.95      1.44
      0.00      0.95      0.95
      0.00      0.48      0.95
      0.00      0.00      0.95
      0.00     -0.48      0.95
      0.00     -1.44      0.95
      0.00     -1.92      0.48
      0.00     -1.92     -0.48
      0.00     -1.92     -0.95
      0.00     -1.44     -0.95
      0.00     -1.44     -0.48
     -0.48     -1.44     -0.48
     -0.95     -1.44     -0.95
     -0.95     -1.44     -1.44
     -0.95     -0.95     -1.44
     -0.95     -0.48     -1.44
     -0.48     -0.48     -0.95
     -0.48      0.48      0.00
      0.00      0.95      0.48
      0.00      1.44      0.95
      0.48      1.44      1.44
      0.00      1.44      1.92
      0.00      1.44      2.40
      0.00      1.44      2.87
      0.00      1.44      2.87
      0.00      1.44      2.87
      0.95      1.44      2.87
      0.95      0.95      2.40
      0.95      0.48      1.92
      0.95      0.00      0.95
      0.95     -0.48      0.48
      0.48     -0.48      0.00
      0.48     -0.48     -0.48
      0.00     -0.48     -0.95
      0.00     -0.48     -1.44
     -0.95     -0.48     -1.92
     -0.95     -0.48     -2.40
     -0.95      0.00     -2.40
     -0.48      0.00     -2.40
     -0.48      0.00     -1.92
     -0.48      0.48     -1.44
      0.00      0.95     -0.95
      0.00      0.95     -0.48
      0.00      1.44      0.48
      0.48      1.44      0.95
      0.48      1.44      1.44
      0.48      0.95      1.44
      0.48      0.48      1.92
      0.48      0.48      2.40
      0.95      0.00      2.40
      0.95      0.00      2.87
      0.95      0.48      2.40
      0.95      0.48      2.40
      0.95      0.48      1.44
      0.95      0.00      1.92
      0.48     -0.48      1.44
      0.48     -0.48      1.44
      0.48      0.00      0.95
      0.00      0.00      0.48
      0.00      0.00      0.48
      0.00      0.00      0.48
      0.00      0.00      0.00
      0.00     -0.48     -0.48
     -0.48     -0.48     -1.44
     -0.95     -0.95     -1.92
     -0.48     -0.95     -2.40
      0.00     -0.95     -2.40
      0.00     -0.48     -2.40
      0.00      0.00     -1.92
     -0.48      0.00     -1.44
     -0.48     -0.48     -0.95
      0.00     -0.48     -0.95
     -0.48     -0.48     -0.48
     -0.48     -0.48      0.00
     -0.48     -0.48      0.48
     -0.48      0.00      0.95
      0.00      0.48      1.44
      0.00      0.95      1.44
      0.00      1.44      1.92
      0.00      1.44      1.92
      0.00      1.44      1.44
      0.00      1.44      0.95
      0.48      1.44      0.95
      0.00      1.44      0.95
      0.00      0.95      0.95
      0.00      0.95      0.95
      0.00      0.48      0.95
      0.00      0.00      0.48
     -0.48     -0.48      0.00
     -0.95     -0.95     -0.48
     -0.95     -1.44     -0.95
      0.00     -1.44     -0.95
      0.00     -0.95     -0.95
      0.00     -0.95     -0.95
      0.00     -0.95     -0.95
      0.00     -0.95     -0.95
      0.00     -0.95     -0.48
     -0.95     -0.95     -0.48
     -0.95     -0.48     -0.48
     -1.44      0.00     -0.95
     -0.95      0.48     -1.44
     -0.95      1.44     -1.44
      0.00      1.44     -0.95
      0.00      1.44     -0.95
      0.00      1.44     -0.48
      0.00      0.95     -0.48
      0.00      0.48      0.00
      0.00      0.48      0.48
      0.00      0.48      0.48
      0.00     -0.48      0.95
      0.00     -0.48      1.44
      0.00     -0.48      1.44
      0.48     -0.48      0.95
      0.95     -0.95      0.95
      1.44     -1.44      0.48
      1.44     -1.44      0.48
      0.95     -1.44      0.48
      0.95     -0.95      0.00
      0.48     -0.95      0.48
      0.95     -0.48      0.00
      0.48     -0.48      0.00
      0.00      0.48      0.48
      0.00      0.95      0.00
     -0.48      0.95      0.00
     -0.48      0.95      0.00
      0.00      0.95      0.48
      0.00      1.44      0.48
     -0.48      1.44      0.00
     -0.48      1.44      0.00
      0.00      1.44     -0.48
      0.00      1.44      0.00
     -0.48      0.95      0.00
     -0.48      0.48      0.00
      0.00      0.00      0.00
      0.00     -0.48      0.00
      0.00     -0.95      0.48
      0.00     -1.44      0.95
      0.48     -1.44      1.44
      0.48     -1.92      0.95
      0.00     -1.44      1.44
      0.00     -1.44      0.95
      0.48     -0.95      0.95
      0.48     -0.48      1.44
      0.48      0.48      1.44
      0.48      0.95      1.44
      0.48      1.44      1.44
      0.48      1.92      1.44
      0.00      2.40      0.95
      0.00      2.87      0.48
      0.00      2.87      0.00
      0.00      2.87     -0.48
      0.00      2.40     -0.48
      0.00      1.92     -0.48
      0.00      1.44     -0.48
      0.00      0.48     -0.48
      0.00     -0.48     -0.48
      0.00     -1.44     -0.48
      0.00     -2.40      0.00
      0.00     -2.87      0.00
      0.00     -2.87      0.48
      0.00     -3.35      0.48
      0.00     -3.35      0.00
      0.00     -3.83      0.00
      0.00     -3.35     -0.48
      0.00     -2.87     -0.48
      0.00     -2.40     -0.48
      0.00     -1.44     -0.48
      0.00     -0.95     -0.48
      0.48     -0.48     -0.48
      0.00      0.00      0.00
      0.00      0.95      0.00
     -0.95      1.44      0.48
     -0.95      2.40      0.48
     -0.95      2.40      0.48
     -0.95      2.87      0.00
     -0.95      3.35      0.00
      0.00      3.35      0.00
      0.00      3.35      0.00
      0.48      2.87      0.00
      0.48      2.40      0.48
      0.00      1.44      0.48
     -0.48      0.95      0.95
     -0.48      0.00      0.95
     -0.48     -0.95      0.95
     -0.95     -1.44      0.95
     -0.95     -2.40      0.95
     -0.95     -3.35      0.95
     -0.95     -3.35      0.48
      0.00     -3.35      0.00
      0.00     -2.87     -0.48
      0.48     -3.35     -0.48
      0.48     -2.87     -0.48
      0.48     -2.40     -0.48
      0.00     -1.92     -0.48
      0.00     -0.95     -0.95
      0.00     -0.48     -0.95
      0.00      0.48     -0.95
     -0.95      0.95     -0.48
     -0.95      1.92     -0.48
     -0.95      2.40     -0.48
     -0.48      3.35     -0.48
      0.00      3.35     -0.48
      0.00      2.87     -0.48
      0.48      2.40     -0.48
      0.00      1.92     -0.48
      0.48      1.44      0.48
      0.48      0.95      0.48
      0.48      0.95      0.48
      0.48      0.48      0.48
      0.00      0.00      0.48
      0.00     -0.48      0.00
      0.00     -0.95      0.00
      0.00     -1.44     -0.48
      0.00     -1.92     -0.95
      0.48     -2.40     -0.95
      0.48     -2.40     -0.48
      0.48     -1.92     -0.48
      0.48     -1.92      0.00
      0.00     -1.44      0.00
      0.00     -1.44      0.00
      0.00     -0.95      0.48
      0.00     -0.48      0.48
      0.00      0.00      0.95
      0.00      0.48      0.95
     -0.48      0.48      0.95
     -0.48      0.48      0.48
     -0.48      0.48      0.48
      0.00      0.48      0.48
      0.00      0.48      0.48
      0.00      0.00      0.95
      0.00     -0.48      0.95
      0.00     -0.48      0.95
      0.00     -0.95      1.44
      0.00     -0.95      0.95
      0.00     -0.95      0.48
      0.00     -0.95      0.48
      0.00     -0.95      0.48
      0.00     -0.95      0.48
      0.00     -0.48      0.48
      0.00     -0.48      0.00
      0.00      0.00      0.00
      0.00      0.48      0.00
      0.00      0.95     -0.48
      0.00      1.44      0.00
     -0.48      1.44      0.00
      0.00      1.44     -0.48
      0.00      1.44      0.00
      0.00      1.44      0.00
     -0.48      1.44      0.00
      0.00      0.95     -0.48
      0.00      0.48     -0.48
      0.00     -0.48     -0.95
      0.00     -0.48     -0.95
      0.48     -0.95     -0.48
      0.48     -0.95     -0.48
      0.48     -0.95     -0.48
      0.48     -0.95      0.00
      0.95     -0.48      0.00
      0.48     -0.48      0.48
      0.48     -0.48      0.48
      0.48     -0.48      0.48
      0.48      0.00      0.48
      0.00      0.00      0.48
      0.00      0.00      0.48
      0.48      0.00      0.48
      0.48      0.48      0.95
      0.48      0.48      0.48
      0.00      0.95      0.48
      0.00      0.95      0.00
      0.00      0.95      0.00
      0.48      0.95     -0.48
      0.00      0.95     -0.48
      0.00      0.95     -0.48
      0.00      0.48     -0.48
      0.00      0.48     -0.48
     -0.48      0.00     -0.48
      0.00     -0.48     -0.95
      0.00     -0.48     -0.95
      0.00     -0.95     -0.48
      0.00     -0.95      0.00
      0.00     -0.95      0.00
      0.00     -0.48      0.48
      0.00     -0.48      0.48
      0.00     -0.48      0.95
      0.00     -0.48      0.95
      0.00     -0.95      0.48
      0.00     -0.95      0.48
      0.00     -0.95      0.48
      0.00     -0.48      0.48
      0.00     -0.48      0.48
      0.00     -0.48      0.95
      0.00     -0.48      0.95
      0.00     -0.48      0.95
      0.00     -0.48      0.95
      0.00     -0.48      0.95
      0.00     -0.48      0.95
      0.00     -0.48      0.95
      0.00     -0.48      0.48
      0.00      0.00      0.48
      0.00      0.95      0.00
      0.48      0.95     -0.48
      0.48      0.95     -0.48
      0.48      0.48      0.00
      0.00     -0.48      0.00
      0.00      0.48      0.00
      0.00      0.48     -0.48
      0.00      0.48      0.00
     -0.48      0.48      0.00
     -0.95      0.00     -0.48
     -1.44      0.00     -0.48
     -0.48      0.00     -0.48
      0.00      0.00      0.00
      0.00      0.00      0.00
      0.00     -0.48      0.48
      0.00     -0.48      0.48
      0.00     -0.48      0.95
      0.00     -0.48      0.95
      0.00     -0.48      1.44
      0.00     -0.48      1.44
      0.00     -0.48      0.95
      0.00     -0.48      0.95
      0.00     -0.48      0.48
      0.00      0.00      0.48
      0.00      0.00      0.48
      0.00      0.00      0.48
      0.00      0.48      0.48
      0.00      0.48      0.00
      0.00      0.95      0.00
      0.00      0.95      0.00
      0.00      0.95      0.00
      0.00      1.44      0.00
     -0.48      1.44      0.48
     -0.95      1.44      0.00
     -0.95      1.44     -0.48
      0.00      0.95      0.00
     -0.48      0.48      0.00
     -0.48     -0.48     -0.48
     -0.48     -0.95     -0.48
      0.00     -0.95     -0.48
      0.00     -0.95      0.00
      0.48     -1.44      0.00
      0.48     -1.44      0.48
      0.48     -1.44      0.48
      0.48     -1.44      0.95
      0.48     -0.95      0.95
      0.00     -0.95      0.95
      0.48     -0.95      0.95
      0.00     -0.95      0.95
      0.48     -0.48      0.48
      0.00     -0.48      0.48
      0.00      0.00      0.00
      0.00      0.00      0.00
      0.00      0.00     -0.48
      0.00      0.48     -0.48
      0.00      0.95     -0.48
      0.00      0.48     -0.48
     -0.95      1.44     -0.95
     -0.48      1.44     -0.48
      0.00      0.95     -0.48
      0.00      0.95     -0.48
      0.00      0.95     -0.48
      0.00      0.48     -0.48
      0.00      0.48      0.00
      0.00     -0.48      0.48
      0.00      0.00      0.95
      0.00     -0.48      0.95
      0.00     -0.95      0.95
      0.00     -1.44      1.44
      0.00     -1.44      0.95
      0.00     -1.44      0.95
      0.00     -1.44      0.95
      0.00     -1.44      0.48
      0.00     -0.95      0.00
      0.00     -0.48      0.00
      0.00      0.00     -0.48
     -0.48      0.00     -0.48
      0.00      0.00     -0.95
     -0.48      0.48     -0.95
     -0.48      0.48     -0.95
     -0.48      0.48     -0.95
     -0.48      0.48     -0.48
     -0.48      0.48     -0.48
     -0.48      0.00     -0.48
     -0.48     -0.48     -0.48
      0.00      0.00      0.00
      0.00     -0.48      0.00
      0.00     -0.48      0.48
      0.48     -0.95      0.48
      0.48     -0.95      0.95
      0.48     -0.95      0.95
      0.48     -0.48      0.95
      0.48      0.00      0.95
      0.48      0.48      0.95
      0.95      0.48      0.95
      0.48      0.95      0.95
      0.48      1.44      0.95
      0.48      1.44      0.95
      0.00      1.44      0.48
      0.00      1.44      0.48
      0.00      1.92      0.48
      0.00      1.92      0.48
      0.00      1.44      0.48
      0.00      0.95      0.00
      0.00      0.95      0.00
      0.00      0.48      0.00
      0.00      0.48      0.00
      0.00      0.00      0.00
      0.00     -0.48      0.00
      0.00     -0.95      0.00
      0.48     -1.44     -0.48
      0.00     -1.44     -0.48
      0.00     -1.92      0.00
      0.00     -1.92      0.00
     -0.48     -2.40      0.00
      0.00     -2.40      0.00
      0.00     -1.92      0.00
      0.00     -1.44      0.00
      0.00     -0.95      0.00
      0.00     -0.48      0.00
      0.00      0.00      0.48
      0.00      0.48      0.48
      0.00      0.48      0.48
      0.00      1.44      0.48
      0.00      1.92      0.95
      0.00      1.92      0.95
      0.00      2.40      0.95
      0.00      2.40      0.95
     -0.48      1.92      0.95
     -0.48      1.44      0.48
     -0.48      0.95      0.48
     -0.48      0.48      0.00
     -0.95      0.00      0.00
      0.00     -0.48     -0.48
      0.00     -0.48     -0.48
      0.00     -0.95     -0.48
      0.00     -0.95     -0.95
      0.00     -1.44     -0.48
      0.00     -1.44     -0.48
      0.00     -1.44     -0.48
      0.00     -0.95     -0.48
      0.00     -0.95     -0.48
      0.00     -0.48     -0.95
      0.00     -0.48     -0.95
      0.00     -0.48     -0.95
      0.00      0.00     -0.48
      0.00      0.00     -0.48
      0.00      0.48     -0.48
      0.00      0.48      0.00
      0.00      0.48      0.00
      0.00      0.95      0.48
      0.48      1.44      0.48
      0.48      1.44      0.48
      0.00      1.92      0.95
      0.00      1.44      0.95
      0.00      1.44      0.95
      0.00      0.95      0.48
      0.00      0.95      0.48
      0.00      0.48      0.48
      0.00      0.00      0.48
      0.00     -0.48      0.48
      0.00     -0.48      0.48
      0.00     -0.48      0.48
      0.00     -0.95      0.00
      0.00     -1.44      0.00
      0.00     -1.92     -0.48
      0.00     -2.40     -0.48
      0.00     -1.92     -0.95
      0.00     -1.92     -0.95
      0.00     -1.44     -0.95
      0.00     -1.44     -0.95
      0.00     -0.95     -0.95
      0.00     -0.48     -0.95
     -0.48     -0.48     -0.48
     -0.95      0.00      0.00
     -0.48     -0.48      0.00
     -0.48      0.00      0.00
     -0.48      0.48      0.00
      0.00      0.48      0.00
     -0.48      0.48      0.00
      0.00      0.48      0.00
      0.00      0.48      0.48
      0.00      0.48      0.48
      0.48      0.48      0.95
      0.48      0.48      0.95
      0.48      0.48      0.95
      0.00      0.00      0.95
      0.00     -0.48      0.95
      0.00      0.00      0.95
     -0.48      0.00      0.95
     -0.48      0.00      0.95
     -0.48     -0.48      0.95
      0.00     -0.48      0.95
      0.00     -0.48      0.95
      0.00     -0.48      0.95
      0.00     -0.48      0.95
      0.00     -0.48      0.48
      0.00     -0.48      0.00
      0.00     -0.48      0.00
      0.00      0.00      0.00
     -0.95      0.00      0.00
     -0.95      0.48     -0.48
     -0.48      0.48     -0.48
     -0.95      0.48     -0.95
      0.00      0.48     -0.95
      0.00      0.95     -0.48
      0.00      0.95     -0.48
      0.00      0.95      0.00
      0.00      0.95      0.00
      0.00      0.95      0.00
      0.00      0.95      0.48
      0.00      0.95      0.48
      0.00      0.48      0.48
      0.00      0.48      0.48
      0.00      0.48      0.95
      0.00      0.48      0.95
      0.48      0.00      0.95
      0.48     -0.48      0.95
      0.48     -0.48      0.95
      0.00     -0.48      0.95
      0.00     -0.48      0.95
      0.00     -0.48      0.48
      0.00      0.00      0.48
      0.00      0.00      0.48
      0.00      0.00      0.00
      0.00      0.00      0.00
      0.00      0.00      0.00
      0.00      0.00      0.00
      0.00     -0.48      0.00
      0.00      0.00      0.00
      0.00      0.00      0.48
      0.00      0.00      0.00
      0.00      0.00      0.48
     -0.48      0.48      0.48
      0.00      0.00      0.48
      0.00      0.00      0.00
      0.00      0.00     -0.48
      0.48      0.00      0.00
      0.48      0.00      0.00
      0.48      0.00      0.00
      0.00     -0.48      0.00
      0.00     -0.48      0.00
      0.00     -0.48      0.48
      0.00     -0.48      0.48
      0.00     -0.48      0.48
      0.00     -0.48      0.00
      0.00     -0.48      0.00
      0.00     -0.48      0.48
      0.00      0.00      0.00
      0.00      0.00      0.00
      0.00      0.00      0.48
      0.00      0.00      0.48
