********************************************************************************
                       INSTITUTO DE INGENIERIA, UNAM
                   Coordinacion de Instrumentacion Sismica
  Ciudad Universitaria, Apartado Postal 70-472, Coyoacan 04510, Mexico, D.F.
 Tel.(52-5)622-3414    Fax.(52-5)616-1514    e-mail: isismica@pumas.iingen.unam.mx
**************************************************************************************
ARCHIVO ESTANDAR DE ACELERACION:
VERSION DEL FORMATO                    : 2.0
NOMBRE DEL ARCHIVO                     : ACAR9505.151
FECHA Y HORA DE CREACION               : Fri Jul 05 11:18:44 1996
REF. CATALOGO ACELEROGRAMAS, SMIS 1995 : REGISTRO NO.      /PAG.    


================================================================================
DATOS DE LA ESTACION:
NOMBRE DE LA ESTACION                  : ACAPULCO RENACIMIENTO
CLAVE DE LA ESTACION                   : ACAR
LOCALIZACION DE LA ESTACION            : CIUDAD RENACIMIENTO, CENTRO DE ESTUDIOS TECNOLOGICOS
                                       : Y SERVICIOS, ANTES DE LLEGAR AL MAXITUNEL DE ACAPULCO,
                                       : GUERRERO. 
                                       : 
                                       : 
COORDENADAS DE LA ESTACION             : 16.888789 LAT. N
                                       : 99.835027 LONG. W
ALTITUD (msnm)                         : 40
TIPO DE SUELO                          : ALUVIAL
                                       : 
                                       : 
INSTITUCION RESPONSABLE                : INSTITUTO DE INGENIERIA UNAM 
                                       : 

================================================================================
DATOS DEL ACELEROGRAFO: 
MODELO DEL ACELEROGRAFO                : DCA-333
NUMERO DE SERIE DEL ACELEROGRAFO       : 207
NUMERO DE CANALES                      : 3
ORIENTACION C1-C6 (rumbo;orientacion)  : /V/N90E/N00E
ORIENTACION C7-C12 (rumbo;orientacion) :
VEL. DE MUESTREO, C1-C6 (muestras/s)   : /100/100/100
VEL. DE MUESTREO, C7-C12 (muestras/s)  :
ESC. COMPLETA DE SENSORES, C1-C6, (g)  : /1/1/1
ESC. COMPLETA DE SENSORES, C7-C12 (g)  :
FREC. NAT. DE SENSORES, C1-C6, (Hz)    : /30.0/30.0/30.0
FREC. NAT. DE SENSORES, C7-C12 (Hz)    :
AMORTIGUAMIENTO DE SENSORES, C1-C6     : /0.750/0.714/0.714
AMORTIGUAMIENTO DE SENSORES, C7-C12    :
INTERVALO DE MUESTREO, C1-C6 (s)       : /0.01/0.01/0.01
INTERVALO DE MUESTREO, C7-C12 (s)      :
UMBRAL DE DISPARO, C1-C6 (Gal)         : /7/7/7
UMBRAL DE DISPARO, C7-C12 (Gal)        :
MEMORIA DE PREEVENTO (s)               : 4
TIEMPO DE POSEVENTO (s)                : 15


================================================================================
DATOS DEL SISMO:
FECHA DEL SISMO [GMT]                  : 1995/05/15
HORA EPICENTRO (GMT)                   : 22:36:15.0
MAGNITUD(ES)                           : /Mc=4.6
COORDENADAS DEL EPICENTRO              : 16.500 LAT. N
                                       : 100.020 LONG. W
PROFUNDIDAD FOCAL (Km)                 : 5 
FUENTE DE LOS DATOS EPICENTRALES       : Instituto de Geofisica, UNAM
                                       : SSN

================================================================================
DATOS DE ESTE REGISTRO:
HORA DE LA PRIMERA MUESTRA (GMT)       : 22:36:21   
EXACTITUD DEL TIEMPO (s)               : 0.5  
DURACION DEL REGISTRO (s), C1-C6       : /16.62/16.62/16.62                      
DURACION DEL REGISTRO (s), C7-C12      : 
NUM. TOTAL DE MUESTRAS, C1-C6          : /1662/1662/1662                       
NUM. TOTAL DE MUESTRAS, C7-C12         : 
ACEL. MAX.(Gal), C1-C6                 : /26.32/-18.66/-31.10                  
ACEL. MAX., C1-C6, EN LA MUESTRA       : /353/362/372                          
ACEL. MAX.(Gal), C7-C12                : 
ACEL. MAX., C7-C12,EN LA MUESTRA       : 
UNIDADES DE LOS DATOS                  : Gal (cm/s/s)
FACTOR DE DECIMACION                   : 1
FORMATO DATOS (FORTRAN,10 campos/dato) : 3F10.2


================================================================================
CALIDAD DEL ACELEROGRAMA:
REGISTRO DIGITAL COMPLETO, CON TIEMPO ABSOLUTO CORRECTO.


================================================================================
COMENTARIOS:














================================================================================
DATOS DE ACELERACION:
---------+---------+---------+---------+---------+---------+---------+---------+
   CANAL-1   CANAL-2   CANAL-3
         V      N90E      N00E
---------+---------+---------+---------+---------+---------+---------+---------+
      0.00      0.00      0.00
      0.00      0.00      0.00
      0.00      0.00      0.00
      0.00      0.00      0.00
      0.00      0.00      0.00
      0.00      0.00      0.00
      0.00      0.00      0.00
      0.00      0.00      0.00
      0.00      0.00      0.00
      0.00      0.00      0.00
      0.00      0.00      0.00
      0.00      0.00      0.00
      0.00      0.00      0.00
      0.00      0.00      0.00
      0.00      0.00      0.00
      0.00      0.00      0.00
      0.00      0.00      0.00
      0.00      0.00      0.00
      0.00      0.00      0.00
      0.00      0.00      0.00
      0.00      0.00      0.00
      0.00      0.00      0.00
      0.00      0.00      0.00
      0.00      0.00      0.00
      0.00      0.00      0.00
      0.00      0.00      0.00
      0.00      0.00      0.00
      0.00      0.00      0.00
      0.00      0.00      0.00
      0.00      0.00      0.00
      0.00      0.00      0.00
      0.00      0.00      0.00
      0.48      0.00      0.00
      2.39      0.00      0.00
      0.96      0.00      0.00
     -2.87      0.48      0.00
     -3.83      0.48      0.48
      0.96      0.48      0.00
      6.70     -0.48     -0.48
      2.87     -0.96      0.00
     -5.26     -0.48      1.44
     -6.22      0.48      0.96
      0.96      0.48     -0.96
      4.79      0.48     -1.91
      5.26      0.00      0.00
      2.39     -0.48      2.39
     -5.74     -0.48      0.96
     -8.61      0.00     -1.44
      0.96      0.96     -1.44
      8.61      1.44     -0.48
      3.35      0.00      1.44
     -1.91     -1.91      2.39
     -2.87     -0.96      0.00
     -4.31      1.44     -1.91
     -1.91      1.44     -0.48
      3.35      0.48      0.96
      5.26      0.96     -0.48
      1.91     -1.91      0.48
     -2.87     -2.39      1.44
     -2.87      1.44     -0.96
     -3.35      3.35     -0.96
      0.48     -0.48      0.48
      7.18     -1.44      0.00
      7.18     -1.44      0.00
      7.66     -0.96     -1.44
      8.61      0.00     -2.87
      0.96     -1.44     -0.48
     -5.26      0.96      2.39
     -3.83      3.35      2.87
      1.91      0.00     -0.96
      4.79     -3.35     -2.87
      0.48     -1.44      0.00
      0.00      0.96      3.35
     -2.39      0.48      1.44
     -4.31      0.96     -2.87
      1.91      1.91     -2.87
      3.83      0.00      1.44
      1.91     -1.91      1.91
      1.91     -1.44      0.48
     -1.44      0.96     -0.48
     -4.79      1.91      0.96
     -1.44      1.44     -0.48
      5.26      0.48     -1.91
      3.35     -0.96     -0.48
     -1.44     -2.87      2.39
     -2.87     -0.96      2.39
     -2.39      3.83     -2.39
      0.48      3.35     -2.39
      3.35     -0.96      1.44
      1.91     -3.83      0.96
     -1.44     -2.39      0.00
     -0.96      0.96     -0.96
      0.00      2.87     -0.48
     -0.96      1.91      1.91
      0.00     -1.44      0.96
      1.44     -1.91     -1.91
      2.39      0.96     -1.91
      1.44      0.00      1.91
     -2.87      0.96      2.39
     -3.83      1.91     -1.44
     -1.44      0.00     -2.39
      3.35     -1.91      0.96
      5.26     -0.96      1.44
     -0.48      0.96     -0.48
     -3.83      0.96     -0.48
     -2.39     -0.48      0.96
      0.48     -0.96      0.48
      3.35      0.00     -1.44
      1.91      0.00     -0.96
     -1.44      1.44      0.48
     -1.91      0.96      0.00
      0.00     -1.44     -0.48
      1.44     -0.96     -0.48
      2.39      0.96      0.48
     -1.91      0.96      1.44
     -3.35     -0.48      0.48
      0.48      0.00     -1.91
      2.39      0.96     -1.44
      2.39      0.00      1.44
     -1.44     -1.44      2.87
     -3.35      0.00      0.00
      0.96      0.96     -2.39
      2.39      0.00     -1.44
      0.00      1.44     -0.48
      0.00      0.48      1.44
      0.00     -1.44      2.39
     -1.91     -1.44      0.48
      0.48      0.96     -1.44
      1.44      2.39     -0.96
      0.00      1.91     -0.96
      0.48     -1.91      0.00
      0.00     -2.39      1.44
      0.00      0.96      0.96
     -1.44      2.87      0.00
     -1.44      1.44      0.00
      1.91     -0.48     -0.48
      1.91     -1.91     -0.48
     -0.96     -1.91      0.96
     -0.96      0.00      0.48
      0.96      0.96     -0.96
     -1.44      1.44     -0.48
     -0.96      0.96      0.00
      3.35      0.48      0.00
      1.44     -0.96      0.48
     -1.44     -1.44      0.48
     -1.91     -0.48     -0.48
      0.00      1.44     -0.96
      1.44      0.96      0.96
      0.48      0.00      1.44
     -1.91      0.96      0.00
     -0.48      0.48     -0.96
      0.96     -1.44     -1.44
      0.96     -0.48      0.00
      0.00      0.48      1.91
     -0.48      0.00      1.44
      1.44      0.00     -1.44
     -0.48      0.48     -1.91
     -1.91      0.48      0.48
      0.96     -0.48      1.44
      0.48     -0.48      0.48
      0.48     -0.48     -0.48
     -1.44     -0.48      0.00
     -0.48      0.48      0.00
      0.48      1.44     -0.96
      2.39      0.48      0.00
      2.87      0.00      0.00
      1.91     -0.48     -0.48
     -1.91     -0.48      0.48
     -4.31      0.48      1.44
      0.48      0.48     -0.48
      2.39      0.48     -0.96
     -0.96      0.00      0.96
     -0.48     -0.96      1.91
      1.91      0.00      0.48
      1.44      0.00     -2.39
     -0.96     -0.48     -1.44
     -0.96      0.96      0.48
      0.96      2.39     -0.48
     -1.44      0.48      0.00
     -1.91     -1.44      1.44
      4.31     -0.48      0.48
      5.26      0.96     -0.48
     -2.87     -0.96      0.48
     -7.18      0.00      0.48
     -1.44      3.35      0.00
      4.31      1.44      0.00
      1.91     -1.44     -0.48
     -0.48     -1.44      0.48
     -1.44     -1.44      1.44
      0.48     -1.44     -0.96
      0.00      0.96     -2.39
      0.48      2.87     -0.96
      3.83      1.91      1.44
     -0.48     -0.96      2.87
     -4.79     -1.44      0.96
     -1.44      0.00     -0.96
      1.91      0.00     -1.44
      1.91      0.00     -0.48
      1.44     -0.48     -0.48
     -1.44      0.00     -1.44
     -2.39      1.44      0.00
     -0.48      1.44      2.87
      2.87      1.44      1.44
      5.26     -0.48     -0.96
     -0.96     -2.87      0.48
     -7.18     -1.91      1.91
     -1.91      0.00     -0.48
      2.39      1.91     -3.83
      1.91      2.87     -1.91
      0.96      0.96      3.35
      0.00     -1.44      2.39
      0.48     -0.48     -1.91
      0.00      0.96     -2.87
      0.96      0.96      0.96
      2.39     -0.48      1.44
     -0.96     -0.48     -0.96
     -4.31      0.48     -0.48
      0.48      0.00      2.39
      3.83      0.48      0.96
      0.96      0.96     -2.39
     -2.39     -0.48     -0.48
     -2.39     -1.91      2.39
      0.96     -0.48      0.96
      1.91      0.96     -1.91
      2.39      1.91     -1.44
      2.39      0.96      1.91
     -0.96     -0.96      1.91
     -1.91     -1.91      0.00
     -0.48      0.48     -1.91
     -0.48      2.87      0.00
     -1.91      0.96      1.91
      1.44     -1.44      0.48
      1.44     -0.48     -1.91
     -1.91      0.48     -1.44
     -1.44     -0.96      0.48
      0.96     -0.48      0.48
      3.35      1.44     -0.96
      0.96      0.48      0.00
     -2.39     -0.96      1.44
     -0.96      0.48      0.96
      0.96      0.96     -1.91
      0.48      0.00     -1.91
      0.48      0.00      0.96
      0.96      0.48      1.91
     -1.91      0.48     -0.48
     -2.87      0.48     -2.39
      2.87      0.96      0.00
      2.87      0.00      2.87
     -0.96     -1.44      1.44
     -0.96     -1.44     -1.44
     -1.44      0.48     -0.96
      0.96      0.48      1.44
      2.39     -0.96      0.96
     -1.91      0.00     -0.96
     -2.87      1.91      0.00
      1.44      0.00      1.44
      2.87     -0.48     -0.48
      3.83      1.44     -2.39
      0.96      0.00      0.96
     -3.35     -1.44      2.39
     -2.87     -0.48      0.00
     -0.96      1.91     -2.39
      0.48      2.39     -2.87
      3.83      0.00      0.00
      2.39     -2.39      2.39
     -4.31     -0.48      0.96
     -3.83      0.96      0.00
      0.48      0.96      1.44
      2.87      0.48      0.00
      2.39      0.00     -1.91
      1.91     -0.48     -0.96
      0.00     -0.96      1.44
     -3.83     -0.48     -0.48
     -0.96      0.48     -1.91
      5.74      1.91     -0.96
      2.87      0.48      0.96
     -5.26     -0.96      2.87
     -4.31     -0.48      1.91
      2.87      0.48     -0.96
      5.26     -0.48     -0.48
     -0.48     -1.91      1.44
     -3.83     -0.48      0.48
     -2.87      2.39     -1.44
      1.44      1.44     -0.96
      5.74     -0.48      0.48
      5.26      0.96      1.44
     -0.48      0.96      2.87
     -7.18     -1.44      0.48
     -3.35     -1.44     -3.83
      4.79      0.96     -4.79
      0.96      1.44     -0.48
     -2.39      0.00      3.83
      1.44     -0.48      1.91
      1.44     -0.48     -2.39
     -2.87      0.00     -1.44
     -3.35      0.00      1.44
      2.39      0.96     -0.48
      2.87     -0.48     -2.39
      0.00     -2.87      0.96
      0.96      0.48      2.87
     -0.96      1.91      0.48
     -4.79      0.48     -1.91
     -2.87      0.00     -0.96
     -0.48     -0.48      0.00
    -10.05     -0.96     -0.96
     -1.91      1.91      0.00
      5.26      2.87      0.48
      2.39     -1.91      0.48
      0.96     -2.87      1.44
     -0.48      0.96     -0.96
     -5.26      1.44     -0.96
     -3.83      0.48     -0.96
      1.91      3.83     -3.83
      1.91      9.09     -3.83
      2.87      6.22      0.48
      3.35     -4.31      1.44
     -0.48     -7.18     -3.35
     -3.83     -2.87     -3.35
     -1.91      2.39     -1.44
      1.44      8.13     -4.31
      5.26      3.83     -1.91
      8.61     -8.61      9.09
     -0.48    -11.01     12.44
    -12.92      0.48      1.91
    -10.53      6.22     -9.57
      3.35      1.91    -11.96
     10.05      3.83     -5.74
      4.79      7.66      5.74
     -0.96      3.35      6.70
     -2.39     -0.48     -4.79
     -0.96     -5.74    -11.48
      4.79    -14.36     -2.87
      5.74    -13.88      8.61
     -1.91     -0.96     12.44
     -8.13     10.05     11.48
    -10.05      8.13     12.92
     -5.74      0.00      8.13
      3.83     -4.31    -11.01
      9.09     -1.44    -23.45
      2.39      0.48    -17.23
     -4.31     -0.96     -3.83
      1.44     -2.39      7.18
     12.44     -1.91     13.40
     11.01      0.00     11.48
      0.00      1.44      6.22
    -11.01      0.48      6.70
    -10.53     -5.74     10.05
     -3.35     -6.70      5.26
     -3.35      2.39     -2.87
     -7.18     11.01     -4.79
     -9.09      7.66     -4.31
      2.39      0.96    -13.40
     25.36     -2.39    -22.97
     26.32      0.96    -11.01
      2.87      9.57     12.92
    -15.79      0.96     19.14
    -15.79     -9.57      7.18
     -8.13     -2.39      6.22
     -8.61      7.18     13.40
    -13.40      6.22      7.18
     -9.57     -0.48     -4.79
      2.87    -10.05     -8.13
     13.88    -18.66     -9.57
     18.18    -16.75     -7.18
     19.14     -9.09      0.00
     16.27     -0.48     11.01
      9.09      4.79     20.58
     -1.91     11.48     19.62
     -9.57     11.96     12.92
    -11.01      3.35      6.70
    -14.83      8.13    -12.92
    -13.40     15.31    -30.63
      1.44     10.05    -31.10
      9.09      4.31    -22.01
      1.44     11.48     -8.13
     -3.83     18.66      5.74
      1.91      8.13     16.27
      6.70     -5.74     13.40
      0.00     -4.31      3.83
     -6.22     -1.44      0.00
     -6.70     -8.61      3.83
     -7.66    -12.92      6.70
    -10.53    -10.53      6.70
     -6.22     -5.74      1.44
      9.57      1.91    -11.48
     23.45     -1.44    -22.97
     24.40    -11.96    -25.84
     16.75    -12.92    -13.40
     10.05     -6.70      8.61
     -0.96     -1.44     21.05
    -16.27      6.22     23.45
    -22.01      6.70     23.45
    -19.62     -0.96     10.05
    -17.23     -2.87     -8.13
    -11.01     -0.96    -14.83
      0.00      1.44    -15.31
     10.53      5.74    -14.36
     18.18      8.13     -0.96
     21.05      9.09     14.83
     15.79     10.05     11.01
      6.22     12.92     -0.48
     -0.96     13.40      3.35
     -5.26      4.79     13.88
    -12.92     -7.18      8.61
    -15.31    -10.05     -6.70
     -9.09     -3.83    -12.44
     -2.39      1.44    -10.05
      1.44      0.00     -3.83
      5.74     -5.26     -3.35
      8.61     -6.22     -2.87
      7.18     -8.13      0.48
      4.31    -11.96     -1.44
      3.83    -12.44     -3.83
      4.79     -6.70      2.87
      2.39     -2.39      8.61
     -6.22     -0.96      6.70
    -11.48      2.87      1.44
     -6.70      4.31      1.44
     -0.96      5.26      2.39
      1.44      9.09     -6.70
      5.74     13.40    -13.88
     10.05     12.92     -9.57
      7.18      3.83     -3.35
     -1.91     -1.44      0.48
     -6.70      0.00     10.53
     -7.66      3.83     18.18
     -6.22      4.31     11.48
     -3.83     -0.96     -0.96
     -0.96     -6.70     -9.57
      0.00     -9.09    -13.40
      3.83     -6.22     -8.61
     11.01     -0.96      5.74
     11.01     -0.48     10.53
      4.31     -2.87      5.74
     -2.39     -1.44      3.83
     -5.74      0.48      3.35
     -2.39      0.48     -1.91
      0.48      1.44     -8.13
     -1.91      0.00     -8.13
     -5.74     -5.26     -4.79
     -5.74     -6.22     -3.83
     -1.91     -1.44     -3.35
      2.39      6.70      0.96
      3.35     12.44      4.79
      1.91     10.05      4.31
      4.31      5.26      0.96
      8.61      2.39      2.87
      6.70      1.44      7.66
     -2.87      0.96      7.18
    -13.40      0.48      3.35
    -14.36     -0.48      1.44
     -7.18      0.00      0.96
      1.44      1.44     -0.48
      7.66      3.83     -3.83
      9.09      3.83     -6.70
      7.66     -1.91     -7.18
      6.70     -9.57     -6.70
      4.31    -10.53     -1.91
      1.44     -5.74      4.31
     -3.35     -3.83      4.79
     -7.66     -3.35      0.00
     -5.74      0.00     -4.79
      0.96      0.48     -4.79
      1.44     -1.44     -2.39
     -2.87     -1.91     -1.91
     -3.35     -1.44     -2.39
      0.96     -1.44     -0.48
      1.91      0.96      6.22
      1.44      3.35      9.57
      3.83      3.83      3.35
      5.74      3.83     -4.31
      1.91      4.31     -6.22
     -0.96      7.66     -5.26
      0.00      7.66     -1.91
      0.48      3.35      5.74
     -5.26      1.44     11.01
    -10.05      2.87     10.53
     -5.74      2.87      6.70
      2.39      0.00      2.87
      5.74     -2.87      0.00
      3.83     -4.31     -3.35
      4.31     -1.91     -5.74
      3.35     -0.96     -3.83
     -0.48     -3.35      0.48
     -2.39     -6.70      3.35
     -0.48     -8.61      0.48
     -0.48     -9.09     -5.74
     -1.91     -6.22     -9.09
     -2.87     -2.87     -7.18
      0.00      0.00     -3.83
      3.83      1.91     -3.35
      2.87      3.35     -4.79
     -0.48      5.74     -5.74
     -3.35      6.22     -3.35
     -2.39      1.91      1.44
     -0.48     -1.91      4.79
     -0.48      0.00      7.66
     -0.48      4.31      9.57
      0.00      4.79     10.05
      1.91      3.35      9.57
      3.35      1.91      7.66
      2.39      1.91      3.35
      0.00      2.39     -1.91
     -0.96      2.87     -6.70
      0.48      2.87     -7.66
      3.83      0.96     -3.83
      5.26     -1.44      1.44
      1.91     -1.91      4.31
     -3.83     -0.96      2.39
     -6.22      0.48     -1.44
     -4.31      0.96     -3.35
     -0.96     -0.48     -3.35
      1.91     -3.83     -3.35
      1.91     -5.26     -3.83
      1.44     -4.31     -3.35
      0.00     -1.44     -2.87
     -0.96     -0.96     -0.96
      0.48     -3.35      0.96
      0.48     -3.83      1.91
      0.00      0.00      1.91
      0.48      2.39      1.44
     -0.48      0.96      0.48
     -2.39     -0.96     -1.91
     -1.91     -0.96     -4.31
     -0.48      0.96     -2.87
     -1.44      3.35      0.00
     -2.39      5.74      1.44
      2.39      4.79      0.96
      9.09      2.87      0.48
      8.61      3.35      1.44
      1.44      6.22      5.74
     -1.44      7.66      7.66
     -0.48      4.31      6.22
     -0.48     -0.48      3.35
     -2.87     -3.35      0.48
     -3.83     -5.26     -1.91
     -2.39     -5.26     -2.87
      0.48     -4.31     -2.39
      0.96     -3.83      0.00
      0.96     -3.83      1.91
      0.96     -1.44      0.00
      0.00      1.44     -1.44
     -0.48      0.48     -1.91
     -0.48     -2.87     -2.87
     -1.91     -3.83     -4.31
     -1.91     -0.96     -4.79
     -0.96      2.87     -3.83
      0.00      2.87     -1.44
      1.91     -0.96      1.91
      1.44     -1.44      4.79
     -0.48      1.44      5.74
     -1.44      2.87      2.87
     -0.96      2.87     -1.91
      0.48      0.96     -3.35
      1.44     -2.87     -3.35
      0.96     -4.31     -3.83
     -0.48     -1.91     -1.91
      0.96      1.44      1.91
      1.44      2.39      3.83
      0.48      0.96      3.35
      1.44     -0.48      2.87
      3.83      0.00      2.87
      2.39      0.96      1.44
     -1.91      1.91      0.96
     -3.83      1.44      2.39
     -3.35      1.44      2.87
     -2.39      3.35      0.48
     -0.48      4.79     -0.96
      0.00      2.87     -0.96
     -0.96      0.48     -0.96
     -0.48     -0.96     -1.44
      1.44     -0.96     -1.91
      3.83      0.00     -2.87
      4.31      1.91     -1.91
      1.44      2.39     -0.48
     -0.96     -0.48     -0.96
     -3.35     -3.83     -2.39
     -4.79     -3.83     -2.87
     -2.39     -2.87     -0.96
      0.96     -2.39      0.00
      0.96     -1.91     -0.96
      0.00     -3.35      0.00
      0.48     -4.31      1.91
      0.96     -2.39      2.39
      2.87      0.00      2.39
      3.35      1.44      1.91
      0.96      0.96      0.00
     -1.44      1.91     -1.91
     -1.44      1.91     -0.48
      0.48      2.39      2.39
      0.96      5.74      3.83
      0.48      7.66      3.83
     -0.48      4.31      2.39
     -1.44      0.96      0.96
     -1.44      0.00     -0.48
      1.44      0.48     -0.96
      2.39      0.96     -1.91
      0.96      0.00     -1.91
     -0.96     -3.35     -1.91
     -1.44     -5.26     -2.87
     -0.96     -3.83     -3.83
      0.48     -2.87     -4.31
      0.48     -2.39     -3.83
      0.00     -1.91     -2.87
      0.96     -0.96     -1.44
      1.44     -0.96      0.48
      0.00     -1.91      2.39
     -1.91     -1.91      2.39
     -1.44      0.48      0.96
      0.48      1.91     -0.48
      0.48      2.87      0.00
     -0.48      3.83      0.96
      1.44      3.83      1.44
      2.87      3.35      1.44
      1.91      1.91      2.39
      0.48      0.96      3.35
      1.91      0.48      4.31
      2.87      0.00      3.83
      0.96     -1.44      2.87
     -0.48     -0.48      2.39
     -0.48      0.48      1.91
      0.00      0.00      1.91
     -0.48     -0.48      0.48
     -1.91     -0.48     -1.91
     -1.44     -0.48     -4.79
     -0.48      0.00     -5.74
      0.00     -1.44     -3.83
      1.44     -2.87     -2.39
      0.00     -2.39     -2.39
     -2.39      0.48     -2.39
     -3.83      1.91     -1.91
     -2.39      1.44     -1.91
      0.00      0.96     -3.83
      0.96      1.44     -3.83
      0.00      0.96     -1.44
      0.00      0.48     -0.96
      0.96      0.48     -1.44
      1.91      0.48     -0.48
      1.91      0.96      1.44
      0.48      0.96      3.35
     -0.96      0.00      5.26
     -0.48     -2.39      5.26
     -0.48     -2.87      4.79
     -1.91     -0.48      5.26
     -2.39      1.91      5.26
      0.48      2.39      4.31
      3.35      1.44      1.91
      2.87      0.48      0.00
      0.96      1.44     -1.44
      0.00      2.87     -2.39
      1.44      2.39     -1.91
      1.91      0.96     -1.91
     -0.48     -0.48     -2.39
     -2.39     -0.96     -2.39
     -2.87     -0.96     -1.91
     -3.35     -0.96     -1.44
     -2.39     -1.44      0.00
     -1.44     -0.96      0.96
     -0.96      0.48     -0.96
      0.00      0.48     -3.35
      1.91     -0.96     -3.83
      3.35     -2.87     -3.35
      3.83     -4.31     -1.44
      2.87     -3.83      0.96
      0.48     -2.87      2.39
     -1.91     -0.96      1.91
     -2.39      1.44      2.87
     -1.44      2.87      3.83
      0.00      2.39      3.35
      0.00      1.44      2.39
     -0.48      0.48      0.48
     -0.48      1.91     -0.48
      1.91      4.31      0.00
      3.83      4.79      0.48
      3.83      3.83      0.48
      2.87      3.35      0.00
      0.48      1.91      0.00
     -1.91      0.00      0.00
     -2.39     -0.96      0.48
     -1.44     -1.44      0.96
     -1.44     -1.91     -0.48
     -2.87     -1.91     -3.35
     -2.39     -1.44     -5.26
      0.00     -1.91     -4.31
      1.91     -2.87     -1.91
      2.87     -2.39     -0.48
      2.87     -2.87      0.96
      1.91     -3.83      1.44
      0.00     -4.31      1.91
     -0.48     -2.39      2.39
     -0.96      0.96      1.91
     -1.91      3.35      1.44
     -2.39      4.31      0.48
     -1.44      4.31     -1.44
      0.00      3.83     -2.87
      1.91      2.87     -1.44
      2.39      1.91      0.48
      0.96      0.96      1.91
      0.48      0.00      2.87
      0.48     -0.96      2.39
      0.96      0.00      0.00
      0.96      0.48     -0.48
     -0.48     -1.91     -0.48
     -1.44     -3.83     -0.48
     -0.48     -2.39     -0.96
      0.96     -0.96     -0.96
      0.96     -0.48     -1.44
      0.48      0.00     -1.44
      0.00      0.48     -0.96
      0.96      0.96      0.00
      0.96      0.96      0.96
     -1.44      2.39      1.44
     -2.87      2.39      1.44
     -1.44      0.96      1.44
      0.48     -0.48      0.48
      1.44     -0.48      0.00
      1.44      0.96      0.00
      0.00      3.35      0.00
     -1.44      2.87     -0.48
     -0.48      1.44     -1.91
      1.91      0.48     -1.91
      2.39     -0.48     -0.96
      0.96     -1.44     -0.48
     -0.96     -2.39     -0.96
     -1.44     -2.87     -0.48
     -0.96     -1.91      1.44
     -0.48     -0.48      1.44
      0.00      0.96      0.48
     -0.48      0.96      0.00
     -0.48     -0.48      0.96
      0.48     -1.91      1.91
      1.91     -2.87      1.91
      1.91     -1.91      1.44
      0.48     -0.96      0.48
      0.00      0.00      0.00
      0.48      1.91     -0.96
      1.44      3.35     -0.96
      1.44      3.83      0.48
     -0.96      3.83      2.87
     -1.91      1.91      2.87
     -0.48      0.00      0.96
      0.00      0.48     -0.48
      0.00      0.96     -0.96
      0.00      0.96     -1.91
     -0.48      1.44     -1.44
     -0.48      1.44     -0.96
     -0.48      0.00      0.00
      0.00     -1.91      0.00
      1.44     -2.87     -0.48
      1.91     -2.87     -0.96
      1.44     -3.35     -0.96
      0.48     -3.35     -1.44
      0.00     -1.91     -0.96
     -0.48      0.48      0.48
     -0.48      1.91      0.48
      0.00      1.91     -0.96
     -0.96      1.44     -2.39
     -0.96      0.96     -1.44
      0.96      0.96      0.48
      1.91      0.96      0.48
      1.44      1.44      1.44
      1.44      2.39      2.39
      0.48      2.87      2.39
     -0.96      2.39      1.91
     -1.44      1.91      1.91
     -0.96      0.48      1.91
     -0.96     -0.48      1.44
     -0.48     -1.44      0.96
      0.00     -1.91     -0.48
      1.44     -1.91     -1.91
      1.44     -0.48     -2.39
      1.91      0.96     -1.91
      1.91     -0.48     -0.96
      0.96     -2.87     -0.48
     -0.48     -3.83     -0.96
     -0.48     -2.39     -1.91
     -0.96      0.00     -1.44
     -1.44      0.48      0.00
     -1.44      0.48      1.44
     -1.44      0.00      0.48
     -0.96     -0.96     -1.44
     -0.48      0.48     -0.96
      0.00      2.39      0.00
      0.96      2.39      0.96
      1.44      0.48      1.91
      0.96      0.00      1.91
      0.96     -0.48      1.44
      0.96      0.48      1.44
     -0.48      1.44      0.96
     -0.96      1.44      0.96
     -1.44      0.00      1.44
     -1.44     -0.48      0.48
     -0.96      0.48     -0.96
      0.48      0.96     -1.44
      1.44      0.00     -0.48
      0.48     -0.48      0.00
     -0.48      0.00     -0.48
      0.48      0.96     -0.96
      0.48      0.96     -0.48
      0.00      0.48      0.48
      0.00      0.48      0.48
      0.48      0.48      0.00
     -0.48     -0.48      0.00
     -1.91     -0.48      0.00
     -1.44      0.48     -0.96
      0.96      0.00     -1.44
      1.91     -0.96     -0.96
      0.96     -1.44     -0.48
      1.91     -1.44      0.48
      2.39     -1.91      1.44
      0.96     -1.91      2.87
     -0.48     -1.44      3.83
     -1.44     -0.48      2.39
     -0.96     -0.48      0.00
      0.00      0.00     -1.91
      0.00      0.96     -1.44
      0.48      1.91     -0.48
      1.44      1.91      0.00
      0.96      2.39      0.48
      0.00      2.39      0.48
      0.48      1.91      0.48
      0.48      0.96      0.00
      0.00      0.48     -0.48
     -0.96      1.44     -0.96
     -0.96      1.44     -0.96
      0.00      0.48     -1.44
      0.48     -0.48     -1.91
     -0.48      0.00     -1.91
     -0.96      0.48     -1.44
      0.48     -0.48     -0.96
      0.96     -1.91     -0.48
      1.44     -2.39      0.48
      1.44     -1.44      0.48
      0.48     -0.48      0.48
     -0.48      0.48      0.96
     -0.48      0.96      1.44
     -1.44      0.48      0.96
     -0.96     -0.96      0.00
      0.48     -1.44     -1.44
      0.96      0.48     -1.91
      0.96      1.91     -0.48
      0.48      0.96      1.44
     -0.48      0.00      1.44
     -0.48      0.00      0.00
      0.00      0.96      0.48
     -0.48      0.48      1.44
     -0.96     -0.96      1.44
     -0.96     -1.44      0.96
     -0.96     -0.96      0.48
      0.00      0.48     -0.48
      0.48      0.96     -0.48
      0.96      0.96     -0.48
      1.91     -0.48      0.00
      1.91     -0.96      0.00
      1.44     -0.48      0.00
      0.00      0.96      0.96
     -0.96      1.44      1.44
     -0.96      0.48      0.96
     -0.96      0.48      0.00
     -1.44      1.44      0.48
     -1.91      1.44      0.48
     -0.96      0.96      0.00
      0.96      0.00     -1.44
      1.91     -0.96     -1.44
      1.44     -0.48     -0.48
      0.48      0.48      0.00
      0.96      0.96      0.00
      0.48      0.48      0.48
      0.00     -0.96      0.96
     -0.96     -1.91      0.96
     -1.44     -1.91     -0.48
     -0.96     -0.96     -2.39
      0.48     -0.48     -2.87
      1.44     -0.48     -0.96
      0.96     -0.48      0.96
      0.96      0.00      0.00
      1.44      1.44     -0.96
      0.00      1.91      0.48
     -0.48      0.48      2.39
      0.00     -0.48      2.87
      0.00     -0.96      2.87
     -0.96     -0.96      1.91
     -1.91     -0.48      0.48
     -0.96      0.48     -0.96
      0.48      1.44     -1.91
      1.44      1.44     -1.91
      1.44      0.96     -1.44
      0.48      0.48     -0.96
      0.96      0.96     -0.48
      1.44      0.48     -0.48
      0.96     -0.48     -0.48
     -0.96      0.00      0.00
     -2.39      0.48      0.48
     -2.39      0.48      0.48
     -1.44      0.48      0.00
     -0.48      0.48     -0.96
     -0.48      0.96     -0.96
      0.48      0.48     -0.48
      1.44     -0.48      0.96
      1.91     -0.48      1.91
      2.39      0.00      2.39
      1.91      0.48      1.44
      0.96      0.00      0.48
     -0.96     -0.48      0.48
     -1.44     -0.48      0.96
     -0.96      0.00      0.48
     -0.96      0.48     -0.96
     -0.48      0.96     -1.91
      0.48      0.48     -1.44
      1.44     -0.48     -1.44
      1.44     -0.96     -1.44
      0.96      0.48     -1.44
      0.00      0.96     -0.48
     -0.48      0.00      0.96
     -0.48     -0.96      1.44
      0.00     -0.96      0.48
     -0.48      0.00     -0.48
     -1.44      0.48      0.00
     -0.96      0.00      1.44
      0.48      0.48      1.44
      1.44      0.48      0.48
      0.48      0.48      0.00
      0.00      1.44      0.48
      0.00      1.91      0.00
      0.48      0.96     -0.48
      0.96     -0.96     -0.48
      0.48     -1.91     -0.48
     -0.48     -0.96     -0.96
     -0.96      0.96     -0.48
      0.00      1.44      0.48
      0.48      0.96      1.44
      0.00      0.48      1.91
     -0.48      0.00      1.44
     -0.48      0.00     -0.48
      0.48      0.00     -1.44
      1.44     -0.48     -0.96
      1.44     -0.96      0.00
      0.96     -0.48      0.00
      0.48     -0.48      0.48
      0.00      0.00      0.96
     -0.96      0.48      1.44
     -0.96      0.96      0.96
     -0.96      0.00      0.48
     -0.48     -0.96     -0.48
      0.00     -0.96     -1.44
      0.00      0.00     -1.44
      0.00      0.48     -1.44
      0.48      0.48     -1.44
      0.96      0.48     -0.96
      0.96      0.48     -0.48
      0.48      0.48     -0.48
      0.00      0.48     -0.48
     -0.48      0.00      0.48
     -0.96      0.00      0.96
     -0.48      0.00      0.96
      0.00      0.48     -0.48
      0.00      0.48     -0.96
      0.48      0.96     -0.48
      0.96      0.96      0.48
      1.91      0.48      0.96
      1.91     -0.48      1.44
      0.48      0.00      1.44
     -0.48      0.48      1.44
     -0.48     -0.48      1.91
     -0.48     -1.44      1.44
      0.00     -1.44      0.96
      0.00     -0.48      0.48
     -0.96      0.96     -0.48
     -0.96      0.96      0.00
      0.00      0.00      0.48
      1.44     -0.48      0.48
      1.44     -0.48     -0.48
      0.48     -0.48     -1.44
     -0.96     -0.48     -2.39
     -0.96      0.00     -2.39
      0.00      0.96     -0.96
      0.48      1.44      0.00
      0.00      0.00      0.48
     -0.48     -0.96      0.00
     -0.96     -1.44     -0.48
      0.00     -1.44      0.00
      0.48     -0.96      0.00
      0.48      0.00      0.00
      0.48      0.96      0.00
      0.00      0.96      0.00
      0.48      0.96      0.96
      0.48      0.96      0.96
      0.48      1.91      0.00
      0.48      1.91      0.48
      0.96      0.96      0.96
      0.96      0.48      0.96
      0.48      0.48      0.48
     -0.48      0.96      0.00
     -1.91      1.44      0.48
     -0.96      0.48      0.48
      0.00      0.00      0.00
      0.48      0.00      0.00
      0.96     -0.48      0.00
      0.48     -0.96      0.00
      0.48     -1.44     -0.48
      1.44     -1.44     -0.48
      0.96     -0.96      0.00
      0.00      0.00      0.48
     -0.48      0.00     -0.48
     -0.48      0.00     -0.48
     -0.48     -0.48      0.48
     -0.48     -0.96      0.48
     -0.48     -0.96     -0.96
     -0.48     -0.48     -1.91
      0.00      0.96     -1.44
      0.48      0.96     -0.48
      0.96      0.96      0.00
      0.96      0.48      0.48
      0.00      0.48      1.44
     -0.48      0.96      1.44
      0.00      1.91      1.44
      0.00      1.44      0.96
     -0.48      0.48      0.96
     -0.48      0.96      0.48
     -0.48      0.96     -0.48
      0.48      0.96     -0.48
      0.48      0.48      0.00
      0.00      0.48      0.00
      0.00      0.00      0.00
      0.96     -0.48     -0.48
      0.00     -0.48     -0.48
     -0.48     -0.48      0.00
     -0.48     -0.96      0.00
      0.00     -1.44     -0.48
      0.00     -0.96     -0.96
      0.48     -0.48     -0.48
      0.48     -0.48      0.00
      0.00     -0.48     -0.48
      0.48     -0.48     -0.48
      0.48      0.00      0.48
      0.48      0.48      0.48
      0.96     -0.48     -0.48
      0.48     -0.48     -0.48
      0.00      0.48     -0.48
     -0.96      0.48      0.48
     -0.48      0.48      0.48
      0.00      0.96      0.00
      0.48      0.96      0.00
      0.48      1.44      0.48
      0.48      1.44      0.48
      0.48      0.96      0.00
     -0.48      0.48     -0.48
     -0.96      0.48     -0.48
     -0.48      0.96     -0.48
      0.00      0.48      0.48
      0.48     -0.48      0.96
      0.00     -0.48      0.96
      0.00     -0.48      0.48
      0.48     -0.48      0.00
      0.96     -0.48     -0.48
      0.96     -0.48      0.00
      0.48     -0.96      1.44
     -0.48     -0.96      0.96
     -0.48     -0.96     -0.48
      0.48      0.00     -1.44
      0.96      0.00     -0.96
      0.00     -0.48     -0.48
     -0.48     -0.48      0.00
      0.48      0.00      0.00
      0.48      0.48      0.00
      0.00      0.96      0.48
     -0.96      0.96      0.96
     -0.48      0.96      0.48
      0.00      1.44      0.48
      0.00      0.96      0.48
      0.00      0.96     -0.48
      0.00      0.96     -0.48
      0.48      0.48     -0.96
      0.96      0.00     -1.44
      0.96     -0.48     -0.96
      0.00      0.00      0.00
     -0.96      0.48      0.96
     -0.48      0.96      0.48
      0.00      0.00     -0.48
      0.00     -0.96     -0.48
     -0.48     -1.44     -0.48
     -0.48     -0.96      0.00
     -0.48     -0.48      0.00
      0.00      0.00      0.00
      0.48      0.00      0.00
      0.96     -0.48      0.48
      0.96     -0.96      0.96
      0.00     -0.48      0.96
     -0.48     -0.48      0.96
     -0.96     -0.48      0.96
     -0.48      0.48      0.96
      0.00      1.91      0.48
      0.48      1.91      0.00
      0.00      0.96     -0.48
      0.00      0.96     -1.44
      0.48      0.96     -0.96
      0.00      0.96     -0.48
      0.00      0.96      0.00
      0.48      0.96      0.00
      0.48      0.96      0.48
      0.00      0.48      0.96
      0.00     -0.48      0.96
      0.00     -0.96      0.00
      0.00     -0.96     -0.48
      0.00     -0.96     -0.48
      0.48     -0.48     -0.48
      0.96      0.00     -0.48
      0.96      0.48      0.00
      0.96      0.00      0.48
      0.48     -1.44      0.48
      0.48     -1.91      0.48
      0.48     -1.44      1.44
      0.48     -0.96      1.91
     -0.48     -0.48      0.96
     -0.96      0.00      0.00
     -0.48      0.48     -0.48
      0.00      1.44     -0.96
      0.48      1.91     -0.96
      0.96      1.91     -0.96
      0.48      1.44      0.00
      0.48      1.44      0.48
      0.00      1.44      0.48
     -0.48      0.96      0.48
     -0.96      0.96      0.48
     -0.96      0.96      0.48
     -0.96      0.96      0.00
     -0.48      0.00     -0.48
     -0.48     -0.48     -0.48
      0.00     -0.48      0.00
      0.48     -0.96      0.48
      0.96     -0.96      0.48
      0.96     -0.96      0.00
      0.96     -0.96      0.00
      0.00     -1.44      0.48
      0.00     -1.44      0.00
      0.48     -0.96     -0.96
     -0.48      0.00     -0.96
     -0.96      0.00      0.00
     -0.48      0.48      0.00
      0.48      0.48      0.00
      0.48      0.48      0.00
     -0.48      0.96      0.00
     -0.96      0.96      0.00
     -0.48      0.48     -0.48
      0.96      0.48      0.00
      0.96      0.48      0.48
      0.00      0.00      0.48
      0.00      0.00      0.00
      0.00      0.00     -0.48
      0.00      0.00      0.00
      0.00     -0.48      0.48
      0.00      0.00      0.96
      0.48      0.96      0.96
      0.48      0.96      0.96
      0.96      0.00      0.48
      0.48     -0.48      0.48
      0.00     -0.48      0.48
     -0.48      0.00     -0.48
      0.00      0.00     -0.96
      0.00      0.00     -0.96
      0.48      0.00     -0.48
      0.48      0.00      0.00
      0.00      0.00      0.00
      0.00      0.00      0.48
      0.00      0.48      0.96
      0.00      0.48      0.48
      0.00      0.00     -0.48
     -0.48      0.00     -0.48
     -0.96      0.00     -0.48
     -0.48      0.00     -0.48
      0.00      0.48      0.00
      0.00      0.48      0.00
      0.48      0.48      0.48
      0.48      0.00      0.48
      0.48      0.48      0.00
      0.48      0.48     -0.48
      0.96      0.00      0.00
      0.00     -0.48     -0.48
     -0.48     -0.48      0.00
      0.00      0.00      0.00
      0.48      0.48      0.00
      0.00      0.96      0.00
     -0.48      0.96      0.00
      0.00      0.96      0.48
      0.48      0.00      0.96
      0.48      0.00      0.96
      0.48      0.00      0.00
      0.48      0.00      0.00
      0.48      0.00      0.00
      0.00      0.00      0.48
      0.00      0.48      0.48
      0.48      0.00      0.00
      0.00     -0.48     -0.48
     -0.48     -0.96     -0.96
      0.00     -0.96     -0.96
      0.48     -0.48     -0.48
      0.48      0.00      0.48
      0.00      0.96      0.48
      0.48      0.48     -0.48
      0.00      0.48     -0.48
     -0.48      0.00      0.00
      0.00      0.00      0.00
      0.48      0.00     -0.48
      0.00      0.48     -0.48
      0.00      0.48      0.48
      0.00      0.48      0.96
      0.48      0.48      0.96
      0.00      0.96      0.48
      0.00      0.96      0.00
      0.48      0.48     -0.48
      0.00      0.48     -0.48
      0.48      0.00     -0.48
      0.48      0.00      0.00
      0.48      0.48      0.00
     -0.48      0.48      0.00
     -0.48      0.48      0.48
      0.00      0.00      0.96
      0.00      0.00      0.96
     -0.48      0.00      0.48
     -0.48      0.48      0.00
      0.48      0.48      0.00
      0.48      0.00      0.48
      0.48      0.00      0.48
      0.48      0.00      0.00
      0.48      0.00     -0.48
      0.00      0.00      0.00
      0.00      0.00     -0.48
      0.48      0.00     -0.48
      0.48      0.00      0.00
     -0.48      0.00      0.00
     -0.48      0.48     -0.48
     -0.48      0.00     -0.48
     -0.48     -0.48      0.00
     -0.96      0.00      0.00
     -0.48      0.00     -0.48
      0.48      0.48     -0.48
      0.96      0.00      0.00
      0.48     -0.48      0.48
      0.00     -0.48      0.48
      0.00      0.00      0.96
      0.48      0.00      0.96
      0.00      0.00      0.00
      0.00      0.00     -0.48
      0.00      0.00      0.00
     -0.48      0.00      0.00
      0.00      0.00      0.00
      0.48      0.96      0.00
      0.48      0.96      0.48
     -0.48      0.48      0.00
      0.00      0.00     -0.48
      0.48      0.00      0.00
      0.48      0.00      0.00
     -0.48      0.48      0.00
     -0.48      0.96      0.00
      0.48      0.48      0.00
      0.48      0.00      0.00
      0.00      0.00      0.00
     -0.48     -0.48     -0.48
      0.00     -0.48      0.00
      0.00     -0.48      0.00
      0.48     -0.48      0.00
      0.48      0.00     -0.48
      0.48      0.00     -0.48
      0.96      0.00     -0.48
      0.96     -0.48      0.00
      0.48     -0.48      0.48
      0.00      0.00      0.48
      0.00      0.48      0.48
      0.00      0.96      0.48
      0.48      0.48      0.00
      0.00      0.48      0.48
      0.00      0.96      0.00
      0.00      0.96     -0.48
      0.00      0.96     -0.48
      0.48      0.48     -0.48
      0.48      0.48     -0.48
      0.00      0.00     -0.48
      0.00      0.48      0.00
      0.00      0.96      0.48
      0.00      0.96      0.96
     -0.48      0.48      0.96
     -0.48      0.00      0.48
      0.00      0.00      0.48
      0.00     -0.48      0.48
     -0.48     -0.96      0.48
      0.00     -0.48      0.48
      0.48     -0.48      0.00
      0.48     -0.48      0.00
      0.96      0.00      0.00
      0.96     -0.48     -0.48
      0.00      0.00      0.00
      0.00     -0.48      0.00
      0.00      0.00      0.00
     -0.48      0.00     -0.48
     -0.96      0.00      0.00
     -0.96     -0.48      0.00
     -0.48      0.00     -0.96
      0.48      0.00     -1.91
      0.48      0.48     -1.91
      0.00      0.96     -0.48
      0.00      0.48      0.00
      0.48      0.00      0.48
      0.96      0.00      0.48
      0.48      0.48      1.44
     -0.48      0.48      1.91
     -0.48      0.48      1.44
      0.00      0.00      0.96
      0.48      0.48      0.48
      0.48      0.48      0.96
      0.00      0.96      0.96
      0.48      0.48      0.00
      0.96      0.00     -0.48
      0.96     -0.48     -0.48
      0.96     -0.48      0.00
      0.96     -0.48      0.00
      0.48     -0.48      0.00
     -0.48     -0.48      0.48
     -0.96     -0.48      0.48
     -1.44     -0.48      0.00
     -1.44      0.00     -0.48
     -0.48      0.48     -1.44
      0.48      0.00     -0.96
      0.48     -0.48     -0.96
      0.48      0.00     -0.48
      1.44      0.00     -0.48
      1.44      0.48      0.00
      0.96      0.96      0.48
     -0.48      0.96      0.48
     -0.96      0.48      0.48
     -0.96      0.48      0.00
     -0.96      0.00      0.00
     -0.48      0.48     -0.48
      0.48      0.96     -0.48
      0.48      0.48      0.00
      0.48      0.00      0.48
      0.48      0.00      0.96
      0.96      0.00      1.44
      0.48      0.00      0.96
      0.00      0.00      0.96
      0.00      0.00      0.00
     -0.48      0.00      0.00
     -0.48      0.00      0.00
     -0.48      0.48      0.00
      0.00      0.48      0.48
      0.00      0.96      0.00
      0.48      0.48      0.00
      0.00      0.00     -0.48
      0.00     -0.96     -0.48
      0.00     -1.44     -0.48
      0.00     -0.96     -0.48
      0.48     -0.48     -0.96
      0.48     -0.48     -0.96
      0.00     -0.48     -0.96
     -0.48     -0.48     -0.48
     -0.48      0.00      0.00
      0.00      0.00      0.00
      0.00      0.00      0.00
     -0.48     -0.48     -0.48
      0.00     -0.48     -0.48
      0.00      0.48     -0.48
      0.00      0.96      0.00
      0.00      1.44      0.00
      0.48      0.96      0.48
      0.48      0.48      0.00
      0.48      0.48      0.00
      0.00      0.48      0.96
      0.48      0.48      1.44
      0.48      0.48      1.91
      0.48      0.48      0.96
      0.48      0.96      0.48
      0.48      1.44      0.00
      0.00      0.48      0.00
      0.00      0.00      0.00
      0.00     -0.48      0.00
      0.00     -0.48      0.00
      0.00      0.00      0.00
      0.00      0.48      0.00
      0.48      0.00     -0.48
      0.48     -0.48     -0.48
      0.00     -0.96     -0.48
     -0.48     -0.96     -0.48
     -0.48     -0.48     -0.48
      0.00      0.00      0.00
      0.48     -0.48      0.00
      0.48     -0.96     -0.96
      0.48     -0.48     -0.96
      0.00      0.00     -0.48
      0.00      0.00      0.00
      0.00      0.00      0.48
      0.00      0.48      0.48
      0.48      0.48      0.48
      0.48      0.48      0.48
      0.48      0.48      0.96
      0.00      0.48      0.96
     -0.48      0.00      0.96
     -0.48      0.48      0.48
      0.00      0.96      0.00
      0.48      0.96      0.00
      0.48      0.48      0.48
      0.96      0.00      0.48
      0.48     -0.96      0.00
      0.00     -0.48      0.00
     -0.48      0.00     -0.48
      0.00      0.48     -0.48
      0.00      0.48     -0.48
      0.00      0.48      0.00
      0.00      0.00      0.00
      0.00      0.00     -0.48
      0.00      0.00     -0.48
     -0.48     -0.48     -0.48
     -0.48     -0.96     -0.48
      0.00     -0.48     -0.48
      0.00      0.00     -0.48
      0.00      0.48     -0.48
      0.00      0.00      0.00
      0.00      0.00      0.00
      0.00      0.00      0.00
      0.96      0.00      0.48
      0.48      0.48      0.96
     -0.48      0.48      0.96
      0.00      0.48      0.48
      0.00      0.48      0.48
      0.00      0.96      0.48
      0.48      0.96      0.48
      0.48      0.48      0.48
      0.48      0.48      0.00
      0.00      0.48      0.00
      0.00      0.96      0.48
      0.48      0.48      0.48
      0.00      0.00      0.48
     -0.48      0.00      0.00
     -0.96      0.00      0.00
     -0.96      0.48      0.00
     -0.48      0.00     -0.48
      0.48     -0.96      0.00
      0.48     -1.91     -0.48
      0.48     -1.91     -0.96
      0.48     -1.44     -1.44
      0.00     -0.48     -0.96
      0.00      0.00      0.00
      0.00     -0.48      0.48
      0.48      0.00      0.00
      0.00      0.48     -0.48
     -0.48      0.48     -0.48
      0.00      0.00      0.00
      0.00     -0.48      0.48
     -0.48      0.00      0.48
      0.00      0.96      0.00
      0.00      1.91     -0.48
      0.48      1.91      0.00
      0.96      1.44      0.48
      0.96      0.48      0.48
      0.48      0.00      0.48
      0.48      0.48      0.00
      0.00      0.48      0.48
      0.00      0.48      0.96
      0.00      0.48      0.48
      0.00      0.00      0.48
      0.00      0.00      0.00
     -0.48     -0.48     -0.48
      0.00     -0.96     -0.48
      0.00     -0.96     -0.48
      0.48     -0.96     -0.48
      0.48     -0.48     -0.96
      0.48     -0.48     -0.96
      0.48      0.00     -0.48
      0.48      0.48      0.00
      0.00      0.48      0.96
     -0.48      0.00      0.96
     -0.48      0.00      0.48
     -0.48      0.00      0.00
      0.00      0.00      0.00
      0.00      0.00      0.00
      0.00      0.48      0.00
      0.48      0.96      0.00
      0.48      0.96      0.00
      0.48      0.96      0.00
      0.48      0.96      0.00
      0.48      0.48      0.00
      0.00      0.00      0.48
     -0.48      0.00      0.48
     -0.48      0.00      0.48
     -0.48      0.48      0.00
      0.00      0.48      0.00
      0.00      0.48      0.00
      0.00      0.00      0.00
      0.48      0.00      0.00
      0.96      0.00      0.00
      0.48      0.00      0.00
      0.48      0.00      0.48
      0.00      0.00      0.48
      0.48      0.00      0.48
      0.00      0.00      0.00
     -0.48      0.00      0.00
     -0.48      0.48      0.48
     -0.48      0.00      0.48
     -0.48      0.00      0.48
      0.00      0.00      0.00
      0.00      0.00     -0.48
      0.00      0.00     -0.48
      0.48     -0.48     -0.48
      0.48     -0.48     -0.48
      0.00     -0.48     -0.48
      0.00      0.00      0.00
      0.00      0.00      0.00
      0.48      0.48      0.00
      0.00      0.00      0.00
      0.00      0.00      0.00
     -0.48      0.48      0.00
     -0.48      0.48      0.00
      0.48      0.00      0.00
      0.48     -0.48     -0.48
      0.48      0.00     -0.48
      0.48      0.48      0.48
      0.96      0.48      0.96
      0.48      0.48      0.96
      0.00      0.48      1.44
     -0.48      0.48      1.44
      0.00      0.48      0.48
      0.00      0.48     -0.48
      0.48      0.48     -0.48
     -0.48      0.48     -0.48
     -0.48      0.48     -0.48
      0.00      0.96     -0.48
      0.48      0.96     -0.48
      0.00      0.48     -0.48
      0.00      0.00     -0.48
      0.00     -0.48     -0.48
      0.00     -0.96     -0.48
      0.00     -0.96     -0.48
     -0.48     -0.96      0.00
     -0.96     -0.48      0.00
     -0.48      0.00      0.00
      0.48      0.00     -0.48
      0.96     -0.48     -0.48
      0.96     -0.48     -0.48
      0.48      0.00      0.00
      0.48      0.00      0.48
      0.48      0.48      0.48
      0.48      0.48      0.96
      0.48      0.00      0.96
      0.00     -0.48      0.96
     -0.48      0.00      0.96
     -0.48      0.48      0.48
      0.00      0.96      0.48
      0.48      0.48      0.00
      0.96      0.48      0.00
      0.96      0.48     -0.48
      0.48      0.48     -0.48
      0.48      0.96      0.00
      0.00      0.96      0.00
      0.00      0.48      0.00
      0.00      0.48      0.00
     -0.48      0.00      0.00
     -0.96      0.00      0.00
     -0.48      0.00     -0.48
      0.00      0.00     -0.48
      0.00      0.00     -0.48
      0.00     -0.48     -0.48
      0.48     -0.48     -0.48
      0.48     -0.96     -0.48
      0.48     -0.96      0.00
      0.48     -0.96      0.48
      0.00     -0.96      0.00
      0.00     -0.48      0.00
      0.00      0.00      0.00
      0.00      0.00      0.00
      0.00      0.48      0.48
      0.00      0.96      0.00
      0.48      0.96      0.48
      0.00      0.96      0.48
      0.00      0.96      0.48
      0.48      0.96      0.48
      0.48      0.48      0.48
      0.00      0.00      0.00
      0.00      0.00      0.48
      0.00      0.48      0.48
      0.00      0.48      0.48
      0.00      0.48      0.48
      0.00      0.00      0.00
      0.48      0.00     -0.48
      0.48      0.00     -0.48
      0.48      0.00     -0.48
      0.48      0.00      0.00
      0.00      0.00      0.00
      0.00     -0.48      0.00
      0.00     -0.96     -0.48
      0.00     -0.48     -0.48
     -0.48      0.00      0.00
      0.00      0.00      0.48
      0.00      0.00      0.00
      0.48      0.00     -0.48
      0.48      0.00     -0.48
      0.48      0.00      0.00
      0.00      0.00      0.00
      0.00      0.48      0.48
      0.00      0.48      0.48
      0.00      0.48      0.48
      0.00      0.00      0.48
      0.00      0.48      0.00
      0.00      0.48      0.00
      0.00      0.48      0.00
      0.00      0.96      0.00
      0.48      0.96      0.48
      0.96      0.48      0.48
      0.96      0.00      0.48
      0.48      0.00      0.00
      0.00     -0.48      0.00
      0.00     -0.48     -0.48
     -0.48     -0.48      0.00
     -0.48     -0.48      0.00
     -0.48     -0.48      0.00
      0.00      0.00      0.48
      0.00      0.00      0.00
      0.48      0.00     -0.48
      0.48      0.00     -0.48
      0.48      0.00      0.00
      0.00      0.00      0.00
      0.00      0.00      0.48
      0.00      0.00      0.48
      0.00      0.00      0.48
     -0.48      0.00      0.48
     -0.48      0.00      0.00
      0.00      0.00     -0.48
      0.48      0.00     -0.48
      0.96      0.00      0.00
      0.96      0.48      0.00
      0.48      0.48      0.48
      0.48      0.48      0.48
      0.00      0.00      0.48
      0.00      0.00      0.00
      0.00      0.00      0.00
     -0.48      0.00     -0.48
     -0.48      0.00     -0.48
      0.00      0.48     -0.48
      0.48      0.48     -0.48
      0.48      0.48      0.00
      0.00      0.48      0.00
      0.00      0.48      0.00
      0.00      0.00      0.00
      0.00      0.00      0.00
      0.00     -0.48     -0.48
      0.00     -0.48     -0.48
     -0.48      0.00     -0.48
     -0.48      0.00      0.00
      0.00      0.48      0.00
      0.00      0.00      0.00
      0.48      0.00      0.00
      0.96      0.00      0.48
      0.48     -0.48      0.48
      0.00     -0.48      0.48
      0.00     -0.48      0.48
      0.00      0.00      0.48
     -0.48      0.48      0.48
     -0.48      0.48      0.48
      0.00      0.48      0.48
      0.00      0.00      0.00
      0.48      0.48      0.00
      0.48      0.48      0.00
      0.48      0.48      0.00
      0.48      0.48      0.48
      0.00      0.48      0.48
      0.00      0.48      0.48
