********************************************************************************
                       INSTITUTO DE INGENIERIA, UNAM
                   Coordinacion de Instrumentacion Sismica
  Ciudad Universitaria, Apartado Postal 70-472, Coyoacan 04510, Mexico, D.F.
 Tel.(52-5)622-3414    Fax.(52-5)616-1514    e-mail: isismica@pumas.iingen.unam.mx
********************************************************************************
ARCHIVO ESTANDAR DE ACELERACION:
VERSION DEL FORMATO                    : 2.0
NOMBRE DEL ARCHIVO                     : ACAS7405.271
FECHA Y HORA DE CREACION               : Wed Mar  4 14:13:08 1998
REF. CATALOGO ACELEROGRAMAS, SMIS 1995 : REGISTRO No. 62 /PAG. 36


================================================================================
DATOS DE LA ESTACION:
NOMBRE DE LA ESTACION                  : ACAPULCO SOP
CLAVE DE LA ESTACION                   : ACAS
LOCALIZACION DE LA ESTACION            : Direccion de Policia y Transito, a dos
                                       : cuadras del parque Papagayo.
                                       : Guerrero.
                                       :
                                       :
COORDENADAS DE LA ESTACION             : 16.858 LAT. N 
                                       : 99.894 LONG. W 
ALTITUD (msnm)                         : 20  
TIPO DE SUELO                          : ALUVIAL
                                       : 
                                       : 
INSTITUCION RESPONSABLE                : INSTITUTO DE INGENIERIA UNAM
                                       :

================================================================================
DATOS DEL ACELEROGRAFO:
MODELO DEL ACELEROGRAFO                : SMA-1
NUMERO DE SERIE DEL ACELEROGRAFO       : 0157
NUMERO DE CANALES                      : 3
ORIENTACION C1-C6 (rumbo;orientacion)  : /S00E/+V/N90E
ORIENTACION C7-C12 (rumbo;orientacion) :
VEL. DE MUESTREO, C1-C6 (muestras/s)   : /--/--/--
VEL. DE MUESTREO, C7-C12 (muestras/s)  :
ESC. COMPLETA DE SENSORES, C1-C6, (g)  : /1/1/1
ESC. COMPLETA DE SENSORES, C7-C12, (g) :
FREC. NAT. DE SENSORES, C1-C6, (Hz)    : /26.3/24.9/25.5
FREC. NAT. DE SENSORES, C7-C12, (Hz)   :
AMORTIGUAMIENTO DE SENSORES, C1-C6     : /0.6/0.6/0.6
AMORTIGUAMIENTO DE SENSORES, C7-C12    :
INTERVALO DE MUESTREO, C1-C6, (s)      : /0.02/0.02/0.02
INTERVALO DE MUESTREO, C7-C12, (s)     :
UMBRAL DE DISPARO, C1-C6, (Gal)       *: /--/10/--
UMBRAL DE DISPARO, C7-C12, (Gal)       :
MEMORIA DE PREEVENTO (s)               : 0
TIEMPO DE POSEVENTO (s)                : 8


================================================================================
DATOS DEL SISMO:
FECHA DEL SISMO [GMT]                  : 1974/05/27
HORA EPICENTRO (GMT)                   : 05:01:15,4
MAGNITUD(ES)                           : /Mb=5.30
COORDENADAS DEL EPICENTRO              : 17.650 LAT. N 
                                       : 98.530 LONG. W 
PROFUNDIDAD FOCAL (km)                 : 50  
FUENTES DE LOS DATOS EPICENTRALES      : SSN
                                       : INSTITUTO DE GEOFISICA, UNAM

================================================================================
DATOS DE ESTE REGISTRO:
HORA DE LA PRIMERA MUESTRA (GMT)       : --:--:--.-
EXACTITUD DEL TIEMPO (s)               : --     
DURACION DEL REGISTRO (s), C1-C6       : /11.54/11.52/11.6
DURACION DEL REGISTRO (s), C7-C12      :
NUM. TOTAL DE MUESTRAS, C1-C6          : /577/576/580   
NUM. TOTAL DE MUESTRAS, C7-C12         :
ACEL. MAX.(Gal), C1-C6                 : /32.421/-8.667/43.476   
ACEL. MAX., C1-C6, EN LA MUESTRA       : /9/42/18       
ACEL. MAX.(Gal), C7-C12                :
ACEL. MAX., C7-C12, EN LA MUESTRA      :
UNIDADES DE LOS DATOS                  : Gal (cm/s/s)
FACTOR DE DECIMACION                   : 1
FORMATO DATOS (FORTRAN,10 campos/dato) : 3F10.3


===============================================================================
CALIDAD DEL ACELEROGRAMA:
REGISTRO ANALOGICO AL QUE FALTA UNA PARTE AL INICIO SIN TIEMPO
ABSOLUTO. DIGITALIZACION SEMIAUTOMATICA O MANUAL.

===============================================================================
COMENTARIOS:

          * Disparo por arrancador mecánico
            Registro en película fotográfica de 70 mm











===============================================================================
DATOS DE ACELERACION:
---------+---------+---------+---------+---------+---------+---------+---------+
   CANAL-1   CANAL-2   CANAL-3   CANAL-4   CANAL-5   CANAL-6   CANAL-7   CANAL-8
      S00E        +V      N90E
---------+---------+---------+---------+---------+---------+---------+---------+
     5.772     0.900     2.103
    -7.611    -3.837    10.449
    -5.294    -7.059     6.510
   -10.090    -6.363    -0.112
   -21.984    -3.169    -0.344
   -15.163     1.108   -11.910
     2.328     0.434   -22.523
    29.300    -4.054     2.692
    32.421    -2.134    21.086
     7.413     1.297   -10.668
   -10.100    -0.093   -29.861
   -14.217    -0.890   -19.466
   -14.365    -0.974    -5.047
   -17.251    -0.422    10.439
    -7.107     1.465    -4.885
    16.210     3.430   -33.046
     1.799     1.909    -3.792
   -17.526    -0.995    43.476
     4.029    -0.113    37.033
    17.362     2.222    11.061
    10.124     2.015     2.781
     1.155    -0.005     5.765
    11.262     0.098    10.479
     8.730     2.503     2.351
   -19.872     6.439   -13.394
   -10.988     5.548   -12.847
    11.419     1.905    -0.018
    11.632     4.574     5.837
     0.358     1.543     5.638
    -5.183    -3.353     7.904
     5.016    -0.094     8.060
     8.375     0.425     5.755
     5.497    -0.530   -10.677
     1.358    -2.964   -19.459
    -6.355    -4.357     0.746
   -16.139    -1.207    -6.127
   -16.943    -2.832   -21.139
     0.029    -5.557    -3.602
    12.251    -0.244    11.241
     7.351     6.989    -1.735
     6.423     0.761   -18.931
     6.988    -8.667     1.493
   -15.318    -3.097    16.299
   -14.806     1.315    -0.026
    13.888    -0.851    -7.229
    12.146    -0.775    -8.697
    -1.363     1.066    -9.521
    -4.453     0.570    -1.992
    -1.435    -3.652    12.785
     0.262    -4.663    20.592
     2.773    -2.899    11.360
     8.147    -1.440    -1.682
     0.305     0.718    -8.334
    -5.665     2.113   -13.494
    -4.859     3.241   -10.333
    -1.563     2.304    21.433
    -0.884     1.037    26.298
    -1.848     2.730   -16.210
     8.809     2.666   -18.070
     9.602    -1.213     6.205
     1.208     0.770     7.162
     0.422     2.692     7.325
     2.522     0.643     8.133
     3.841     4.646     1.464
    -0.562     1.954    -5.330
    -9.593    -0.380    -4.597
   -13.683     4.918    -3.072
    -7.501     0.420     4.125
     0.446    -1.708    11.248
     4.649     1.219     4.149
     9.503     0.628    -0.090
    14.809     1.037    -0.127
     8.300     0.033    -4.888
    -6.332    -1.485    -6.542
   -12.589    -0.897     3.545
   -10.989    -1.270     4.957
    -4.146    -3.820    -6.783
     3.165    -2.547    -5.502
     5.297    -0.450    -0.477
     1.471    -3.724     0.335
    -0.392    -5.080     1.963
     2.193    -3.165     3.631
    -2.022    -0.083     2.149
    -2.330     4.673    -4.690
     3.707     2.200    -4.728
    -0.854    -1.303     1.349
    -6.744     1.381     5.941
    -5.467     1.029     6.048
    -4.316     0.477    -0.939
    -1.134     0.328    -8.453
     4.154    -2.771    -6.069
     3.761    -3.048     2.668
    -0.099    -0.746     5.652
     0.823     0.069     4.060
     2.155     0.405    -0.115
    -0.981     2.366    -3.950
    -3.742     2.439    -5.318
    -3.997     1.283    -6.014
    -2.214     0.955    -0.109
     1.695     0.904     5.412
     4.838     1.182     1.590
     4.573     1.094    -2.097
     3.902     1.934    -1.384
    -1.390     2.255    -1.132
    -4.291     1.412    -0.860
     2.357     2.063     0.283
     7.073     2.569     0.100
     7.785    -0.436    -1.926
     4.503    -3.688    -1.174
    -0.638    -2.921    -1.132
    -5.417    -1.340    -6.326
    -1.651    -1.098    -2.918
     8.936    -1.503     5.006
     6.302    -2.008     4.434
    -0.876    -2.034     1.609
    -2.399    -1.893    -0.609
    -1.669    -1.463    -2.392
    -2.745    -0.034    -3.322
    -5.190     1.800    -1.064
    -2.507     0.186     2.702
     0.136    -2.960     3.071
    -2.845    -3.343     1.886
    -4.646    -2.899    -1.265
    -0.394    -1.478    -8.688
     3.691     1.218    -9.515
     3.852     0.395     1.047
     2.216     0.554     7.300
     0.377     4.291     8.741
    -3.106     3.268    10.272
    -7.863     0.778     4.729
    -5.601     2.142    -1.563
     3.846     3.677     2.269
     6.290     3.422     3.938
    -0.592     1.461    -2.981
    -3.751    -0.576    -2.243
    -8.519    -2.459     3.218
   -14.066    -4.051     1.229
    -3.308    -4.412    -2.604
     8.609    -2.398    -0.949
     6.692     0.920    -1.335
     2.351     0.997    -3.736
     0.894    -0.022     1.873
     0.908     1.722     4.892
    -2.668     2.569    -5.732
    -7.645     1.576   -13.882
    -3.603     0.834    -3.121
     5.052     1.170     7.937
     7.872     1.820     8.021
     5.058     0.692     6.508
     2.664     0.903    -0.454
     0.453     1.230    -9.683
    -0.399    -0.426    -9.967
     1.680    -0.739     0.661
     2.545    -0.386     8.199
     0.232     0.508     5.165
    -1.440    -0.023    -0.257
     0.543    -2.139    -2.985
     1.931    -1.224    -0.426
    -0.557     0.983     2.903
    -2.555    -0.075     5.124
     0.776    -2.532     6.407
     3.691    -1.536     4.316
    -0.237    -0.020    -0.404
    -4.301    -0.044    -5.488
    -3.926    -1.136    -5.351
    -1.841    -1.606    -2.376
    -2.023     0.641    -3.282
    -2.346     0.631    -3.238
     2.036    -1.232    -0.047
     4.237    -0.608    -1.889
    -0.361    -0.622    -7.150
    -2.848    -1.170    -7.017
    -2.064    -0.084    -3.406
    -1.683    -0.263    -0.645
    -0.677    -0.552     0.741
     0.177     0.230     1.132
     1.492    -0.155     1.398
     1.224    -0.267     1.523
     0.260    -0.211     1.437
     1.432    -0.131     0.708
     0.756     0.424    -0.539
     0.065     0.607    -1.779
     1.138     0.428    -1.941
     1.421     0.048    -0.529
     0.916     0.981     0.793
     0.251     1.347     2.651
     0.052    -0.283     3.229
    -0.249    -0.159     2.752
     0.078     0.851     2.042
     0.897     0.511    -0.661
     3.385     0.091     0.225
     3.704    -0.462     4.254
    -1.138    -0.256     5.434
    -2.023     1.041     2.597
     1.155     1.783    -1.717
     0.187     1.561    -3.484
    -1.277     1.031    -2.247
     0.230     0.642     0.835
    -0.767     1.127     2.992
    -2.726     1.504     6.779
     0.416     0.271     9.454
     3.489    -0.840     4.927
     0.627    -0.218    -1.182
    -4.388     0.413    -6.161
    -5.394    -0.200    -7.790
    -1.341    -0.837     1.200
     3.033    -0.857    13.102
     3.097    -1.011     7.576
     1.042    -0.951    -3.634
    -1.688    -0.467    -2.539
    -4.415     0.677    -3.458
    -3.095     0.325    -8.039
     0.319    -1.860    -6.383
     2.850    -1.517     2.115
     3.813    -0.148     7.637
     3.578    -0.188     2.472
     3.286    -0.959    -2.472
    -2.248    -1.354    -3.533
    -6.913    -0.079    -3.646
    -1.486     0.526    -2.670
     4.148     0.085    -0.608
     3.378     0.328     2.469
    -0.555     0.846     1.354
    -2.705     1.206    -1.241
    -1.773     0.536    -1.256
    -2.196    -0.931    -0.439
    -2.607    -1.149    -0.422
     0.532    -0.271    -3.185
     3.244     0.037    -5.619
     1.028    -0.250    -5.976
    -2.450    -0.580    -0.615
    -2.621    -0.125     4.084
    -0.266     0.153    -2.042
     1.099     0.077    -6.321
     0.130    -0.014    -3.189
     0.425    -0.346    -0.659
     1.813    -0.568     0.169
     2.274    -0.788     0.173
     1.294    -0.552     1.252
     0.472    -0.111     3.994
     1.395     1.016     3.118
     0.662     1.863    -0.148
    -3.271     0.617    -0.030
    -5.996    -0.433     0.260
    -1.139    -0.403     0.020
     4.584    -0.383     0.467
     2.642    -0.064     0.629
     1.540     0.740     1.091
     1.568     0.947     1.392
    -1.898     1.608     2.690
    -4.450     2.499     3.664
    -5.800     1.925     3.464
    -3.435     1.212     2.527
     4.051     0.907    -0.192
     6.684     1.212    -1.564
     3.138     1.442     0.566
    -0.430     0.489     2.396
    -2.957    -0.735     3.772
    -2.140    -0.769     4.463
     0.454    -0.882    -0.591
     2.172    -0.700    -2.795
     2.741     0.266    -0.361
     1.762    -0.728    -2.860
     0.669    -1.650    -3.831
    -0.378    -1.227    -0.890
    -1.641    -1.037     1.155
    -1.872    -1.503     1.647
    -0.970    -1.594     1.758
     0.199    -0.761     1.626
     0.892    -1.338     1.009
     0.740    -1.446     2.030
     1.175    -0.432     0.491
     1.151     0.968    -3.130
    -0.156     1.907    -4.207
     0.479     0.786    -4.296
     0.899     0.133    -2.034
    -0.507     0.927    -0.054
    -0.634     0.750    -1.875
     0.717     0.026    -2.042
     1.366     0.998     0.136
     0.726     0.848     1.559
    -0.280    -1.052     2.271
    -0.531    -1.256     0.993
     0.197    -1.106     0.093
     1.602    -1.185     1.868
     2.501    -0.970     1.917
     1.314    -0.751    -0.929
    -0.694    -0.431    -3.689
    -2.242    -0.245    -3.817
    -1.789    -0.073    -1.279
    -0.081    -0.231    -0.106
    -0.747    -0.456    -0.009
    -3.110    -0.360     1.579
    -5.046     0.135     2.374
    -4.586     0.665     1.166
    -2.448     1.081    -0.125
    -1.537     1.231     0.245
    -2.150     0.005     1.510
    -2.301    -0.967     1.578
    -0.552    -0.290     1.110
    -0.009     0.271     1.691
    -0.868     0.478     1.795
    -1.039     0.429     0.578
    -0.930     0.179    -1.180
    -1.246    -0.259    -2.659
    -0.648    -0.656    -2.114
     2.632    -0.655     0.062
     5.108    -0.424     1.546
     4.023     0.375     1.068
     1.945     1.248    -2.849
     1.610     1.299    -6.071
     1.773     1.070    -2.499
     0.848     1.184     2.216
     2.044     1.342     2.900
     4.118     0.765     2.256
     3.834     0.422     0.702
     2.700     0.778    -2.435
     1.850     0.692    -3.149
     1.430     0.107    -0.313
     0.576    -0.001     0.173
    -1.087     0.255    -0.079
    -1.465     0.125     1.526
     0.010    -0.256     1.501
     1.278    -0.547     0.547
     0.865    -0.579     1.006
    -0.251    -0.281     1.220
    -0.955    -0.206    -0.441
    -1.740    -0.437     0.099
    -1.969    -0.474     1.820
    -1.011     0.009     1.349
    -0.360     0.570    -0.066
    -0.380     0.556    -0.800
    -0.679     0.239     0.914
    -1.268    -0.546     1.649
    -1.454    -1.016     1.270
    -1.395    -0.185     0.923
    -1.257    -0.119    -3.144
    -1.004    -1.071    -5.130
    -0.734    -1.059     1.518
    -0.976    -0.926     5.565
    -1.047    -0.932    -0.890
    -0.982    -0.814    -4.845
    -0.749    -0.777    -2.379
     0.207    -0.205    -0.592
     1.085     0.076     0.406
     1.621    -0.528     0.243
    -0.046    -0.472    -1.165
    -1.667    -0.412    -1.960
    -0.506    -0.592    -0.970
     0.074     0.428     0.258
    -0.426     1.514     2.840
    -1.583     0.900     5.206
    -1.624     0.339     3.187
    -0.682     1.025     0.855
    -0.265    -0.068    -0.763
     0.934    -1.399    -1.163
     1.606    -0.269    -0.659
     1.055     0.430    -1.115
     0.148     0.593    -0.242
    -0.713     0.720    -0.289
    -0.742     0.630    -0.919
    -0.409     0.734    -0.454
    -0.256     0.689    -0.070
    -0.216     0.463     0.970
     0.085    -0.428     1.835
     0.768    -0.998     1.374
     1.270    -0.568    -0.048
     1.573    -0.043    -1.275
     1.744     0.270    -1.074
     1.711    -0.276    -0.390
     1.088    -0.482     1.253
     0.194     0.548     4.124
    -0.151     0.837     3.150
     0.055     0.624    -0.599
     0.540     0.447    -2.098
     1.068     0.141    -2.126
     1.350    -0.075    -1.340
     1.510    -0.304    -1.087
     1.682    -0.310    -1.945
     1.478    -0.304    -2.590
     1.174    -0.381    -3.243
     1.254    -0.332    -3.475
     1.754    -0.094    -3.228
     1.704     0.224    -2.447
    -0.193     0.205    -1.148
    -2.333     0.271     0.639
    -2.797     0.592     3.044
    -0.436     0.683     4.403
    -0.512     0.365     3.625
    -3.050     0.199     0.377
    -1.151     0.184    -1.852
     0.579     0.184    -0.522
    -0.576     0.203     0.700
    -0.929     0.215     1.210
    -0.913     0.224     1.793
    -1.256     0.215     2.084
    -3.270     0.078     1.913
    -4.909    -0.162     0.765
    -2.433    -0.404     0.162
     0.810    -0.681     0.083
     1.128    -0.810    -0.426
     0.167    -0.786    -0.759
    -0.220    -0.738    -0.722
     0.640    -0.863    -0.658
     0.281    -1.118    -0.745
    -1.372    -0.934    -0.973
    -0.295    -0.517    -0.944
     1.323    -0.079    -0.330
     0.932     0.322     0.063
     0.709     0.310     0.075
     0.918     0.174     0.280
     0.920     0.298     0.721
     1.010     0.607     1.210
     1.049     0.705     1.301
     1.105     0.759     1.145
     1.173     0.677    -0.168
     1.211     0.410    -0.918
     1.285     0.001     0.261
     1.371     0.074     0.148
     1.659     0.900    -0.406
     1.690     0.537    -0.167
    -0.082    -0.859    -0.277
    -0.768    -1.388    -0.087
     0.463    -1.481    -0.505
     0.439    -1.260    -1.357
     0.183    -0.705    -0.953
     0.322    -0.361     0.601
     0.183    -0.309     1.436
    -0.406    -0.039     1.023
    -1.806     0.310     0.640
    -2.223     0.247     0.137
    -0.920    -0.116    -0.426
     1.160    -0.382    -0.068
     1.731    -0.057     0.605
     0.365     0.211    -0.076
    -1.602    -0.012    -0.988
    -3.171     0.026    -1.433
    -3.082     0.091    -0.094
    -2.304     0.105     2.742
    -1.480     0.164     0.983
    -0.094     0.165    -1.513
     0.790     0.211    -0.021
     0.843     0.233     0.006
     0.533     0.275    -2.044
     0.228     0.299    -2.333
    -0.224     0.343    -0.587
    -0.465     0.360    -0.969
    -0.227     0.511    -1.072
     0.034     0.897     1.059
     0.067     1.347     1.963
    -0.272     1.300     1.153
    -0.248     0.695    -1.072
     0.044     0.438    -2.067
     0.457     0.539    -1.253
     1.024     0.529    -0.216
     1.632     0.562     0.615
     1.756     0.359     0.145
     0.640     0.057    -0.614
    -0.075     0.082    -0.926
     0.419     0.003    -0.716
     1.193    -0.379    -0.178
     1.558    -0.446     0.764
     0.628    -0.420     1.348
    -0.354    -0.382     1.081
    -0.533    -0.363     0.510
    -0.357    -0.340    -0.099
    -0.225    -0.299    -0.080
    -0.135    -0.305     0.363
    -0.212    -0.240     0.703
     0.088    -0.530     0.741
     0.871    -0.951     0.029
     0.586    -0.748    -1.691
    -0.903    -0.334    -2.189
    -1.332    -0.933     0.701
    -0.052    -1.446     3.168
     0.352    -0.652     2.565
    -0.477    -0.182     0.998
    -0.757    -0.205     0.160
    -0.672    -0.509     0.301
    -0.197    -0.940     0.638
     0.620    -0.723     0.994
     1.076    -0.460     1.244
     0.211    -0.308     1.233
    -0.911    -0.064     0.994
    -0.859     0.369     0.059
    -0.667     0.710    -0.564
    -0.560     0.710    -0.173
    -0.423     0.514    -0.032
    -0.364     0.379     0.414
    -0.247     0.427     0.920
    -0.117     0.551     1.139
    -0.002     0.588    -0.517
    -0.007     0.630    -2.825
     0.017     0.661    -1.916
     0.143     0.706    -0.440
     0.412     0.738     0.032
     0.602     0.780    -0.576
     0.578     0.817    -1.513
     0.529     0.851    -0.647
     0.280     0.872    -0.050
    -0.083     0.778     0.110
    -1.174     0.452    -0.355
    -1.262     0.208    -1.062
     0.330    -0.060    -1.858
     0.903    -0.656    -1.281
     0.661    -1.104     1.162
    -0.128    -1.036     1.124
    -1.002    -0.976    -0.285
    -0.829    -0.968    -1.648
    -0.669    -0.913    -2.137
     0.084    -0.860    -0.123
    -0.161    -0.647     1.125
    -1.307    -0.312     0.860
    -0.303     0.033     0.363
     0.996     0.277    -0.086
     0.999     0.326    -0.413
     0.617     0.326    -0.624
     0.238     0.357    -0.518
    -0.115     0.362    -0.438
    -0.526     0.393    -0.287
    -1.018     0.349    -0.217
    -1.243     0.354    -0.095
    -0.810     0.356     0.054
    -0.397     0.345     0.517
    -0.021     0.366     1.845
     0.470     0.335     2.644
     1.009     0.233     1.834
     1.331    -0.520     0.644
     0.994    -1.203    -0.390
     0.606    -0.880    -0.295
     0.390    -0.608     0.680
     0.624    -0.324     1.393
     0.930     0.052     1.368
     1.037     0.291     0.583
     1.139     0.527    -0.064
     1.045     0.612    -1.370
     0.928     0.395    -0.768
     0.365     0.124     1.958
     0.377     0.134     1.735
     0.846     0.192     0.963
    -0.481     0.190     0.461
    -1.856     0.316    -0.346
    -1.802     0.367    -0.586
    -1.131     0.420    -0.521
    -0.393    -0.037     0.315
     0.078    -0.684     0.426
     0.223    -0.673     0.047
     0.199    -0.509    -1.279
     0.218     0.159    -2.591
     0.125     1.075    -1.497
    -0.074     0.557    -0.051
    -0.237    -0.259     0.777
    -0.346    -0.235    -0.171
    -0.319    -0.218    -2.476
    -0.309    -0.255    -3.035
    -0.301    -0.253    -1.841
    -0.300    -0.277    -0.701
    -0.390    -0.328    -0.078
    -0.563    -0.516     0.651
    -0.743    -0.753     1.042
    -0.853    -0.740     0.692
    -0.841    -0.538     0.040
    -0.805    -0.347     0.208
    -0.697    -0.246     0.754
    -0.370    -0.245     0.708
    -0.093    -0.206     0.518
     0.211    -0.027     0.013
     0.287     0.172    -0.801
    -0.273     0.318    -0.589
    -0.638     0.331     0.772
    -0.301     0.328     1.299
     0.129     0.339     0.296
     0.497     0.338    -0.529
     1.007     0.347    -0.578
     1.429     0.348    -0.391
     2.051     0.356    -0.176
     2.430     0.000     0.009
     0.000     0.000     0.240
     0.000     0.000     0.420
     0.000     0.000     0.456
     0.000     0.000     0.000
     0.000     0.000     0.000
     0.000     0.000     0.000
