********************************************************************************
                       INSTITUTO DE INGENIERIA, UNAM
                   Coordinacion de Instrumentacion Sismica
  Ciudad Universitaria, Apartado Postal 70-472, Coyoacan 04510, Mexico, D.F.
 Tel.(52-5)622-3414    Fax.(52-5)616-1514    e-mail: isismica@pumas.iingen.unam.mx
********************************************************************************
ARCHIVO ESTANDAR DE ACELERACION:
VERSION DEL FORMATO                    : 2.0
NOMBRE DEL ARCHIVO                     : ACAS7109.051
FECHA Y HORA DE CREACION               : Wed Mar  4 14:11:22 1998
REF. CATALOGO ACELEROGRAMAS, SMIS 1995 : REGISTRO No. 31 /PAG. 33


================================================================================
DATOS DE LA ESTACION:
NOMBRE DE LA ESTACION                  : ACAPULCO SOP
CLAVE DE LA ESTACION                   : ACAS
LOCALIZACION DE LA ESTACION            : Direccion de Policia y Transito, a dos
                                       : cuadras del parque Papagayo.
                                       : Guerrero.
                                       :
                                       :
COORDENADAS DE LA ESTACION             : 16.858 LAT. N 
                                       : 99.894 LONG. W 
ALTITUD (msnm)                         : 20  
TIPO DE SUELO                          : ALUVIAL
                                       : 
                                       : 
INSTITUCION RESPONSABLE                : INSTITUTO DE INGENIERIA UNAM
                                       :

================================================================================
DATOS DEL ACELEROGRAFO:
MODELO DEL ACELEROGRAFO                : SMA-1
NUMERO DE SERIE DEL ACELEROGRAFO       : 0157
NUMERO DE CANALES                      : 3
ORIENTACION C1-C6 (rumbo;orientacion)  : /S00E/+V/N90E
ORIENTACION C7-C12 (rumbo;orientacion) :
VEL. DE MUESTREO, C1-C6 (muestras/s)   : /--/--/--
VEL. DE MUESTREO, C7-C12 (muestras/s)  :
ESC. COMPLETA DE SENSORES, C1-C6, (g)  : /1/1/1
ESC. COMPLETA DE SENSORES, C7-C12, (g) :
FREC. NAT. DE SENSORES, C1-C6, (Hz)    : /26.3/24.9/25.5
FREC. NAT. DE SENSORES, C7-C12, (Hz)   :
AMORTIGUAMIENTO DE SENSORES, C1-C6     : /0.6/0.6/0.6
AMORTIGUAMIENTO DE SENSORES, C7-C12    :
INTERVALO DE MUESTREO, C1-C6, (s)      : /0.01/0.02/0.01
INTERVALO DE MUESTREO, C7-C12, (s)     :
UMBRAL DE DISPARO, C1-C6, (Gal)       *: /--/10/--
UMBRAL DE DISPARO, C7-C12, (Gal)       :
MEMORIA DE PREEVENTO (s)               : 0
TIEMPO DE POSEVENTO (s)                : 8


================================================================================
DATOS DEL SISMO:
FECHA DEL SISMO [GMT]                  : 1971/09/05
HORA EPICENTRO (GMT)                   : 09:13:15,3
MAGNITUD(ES)                           : /Mb=5.20/Ms=5.00
COORDENADAS DEL EPICENTRO              : 17.090 LAT. N 
                                       : 99.810 LONG. W 
PROFUNDIDAD FOCAL (km)                 : 50 
FUENTES DE LOS DATOS EPICENTRALES      : SSN
                                       : INSTITUTO DE GEOFISICA, UNAM

================================================================================
DATOS DE ESTE REGISTRO:
HORA DE LA PRIMERA MUESTRA (GMT)       : --:--:--.-
EXACTITUD DEL TIEMPO (s)               : --     
DURACION DEL REGISTRO (s), C1-C6       : /8.95/16.88/9.4
DURACION DEL REGISTRO (s), C7-C12      :
NUM. TOTAL DE MUESTRAS, C1-C6          : /895/844/941   
NUM. TOTAL DE MUESTRAS, C7-C12         :
ACEL. MAX.(Gal), C1-C6                 : /166.894/61.971/230.226 
ACEL. MAX., C1-C6, EN LA MUESTRA       : /431/219/456   
ACEL. MAX.(Gal), C7-C12                :
ACEL. MAX., C7-C12, EN LA MUESTRA      :
UNIDADES DE LOS DATOS                  : Gal (cm/s/s)
FACTOR DE DECIMACION                   : 1
FORMATO DATOS (FORTRAN,10 campos/dato) : 3F10.3


===============================================================================
CALIDAD DEL ACELEROGRAMA:
REGISTRO ANALOGICO AL QUE FALTA UNA PARTE AL INICIO SIN TIEMPO
ABSOLUTO. DIGITALIZACION SEMIAUTOMATICA O MANUAL.

===============================================================================
COMENTARIOS:

          * Disparo por arrancador mecánico
            Registro en película fotográfica de 70 mm











===============================================================================
DATOS DE ACELERACION:
---------+---------+---------+---------+---------+---------+---------+---------+
   CANAL-1   CANAL-2   CANAL-3   CANAL-4   CANAL-5   CANAL-6   CANAL-7   CANAL-8
      S00E        +V      N90E
---------+---------+---------+---------+---------+---------+---------+---------+
    15.707   -21.300     1.801
     2.340     2.662    -0.315
    -9.173     4.030    -0.913
   -15.674    -0.380    -0.580
   -14.348    -2.099    -0.629
    -7.068     5.827    -2.072
     2.639     1.785    -4.269
    11.782    -9.001    -5.861
    17.201    11.918    -6.496
    15.413   -17.558    -6.693
     5.797    -5.519    -5.866
    -6.519    13.999    -1.940
   -13.337   -12.563     5.421
   -10.087    14.820    11.724
     0.406   -26.029    10.592
    10.423    -0.339     1.406
    12.976    45.028    -8.054
     6.430   -31.480    -9.430
    -4.004   -11.734    -3.360
    -9.733    15.767     1.970
    -6.670    -4.797     1.658
    -0.360    -1.771    -0.623
    -0.333    -2.837     0.256
    -7.859     6.600     2.729
   -12.493     2.925     1.505
    -4.116    -7.546    -3.738
    13.275   -14.592    -7.576
    23.834     7.208    -6.434
    16.485    17.851    -2.323
    -3.199    -5.638     1.954
   -18.555     1.369     6.905
   -17.823    -6.255    13.081
    -4.487     5.570    17.058
     6.827    16.575    14.432
     4.742    -8.703     5.749
    -7.062    -6.514    -3.560
   -12.919    -9.230    -8.914
    -2.285    14.950   -10.148
    16.747     3.900    -9.636
    24.622   -19.668    -8.980
    11.979     8.801    -7.809
    -9.563    -1.737    -4.465
   -20.502     1.086     2.064
   -13.876     6.744     9.644
     0.882    -1.478    13.033
    11.247    -8.075     8.643
    12.881    -1.575    -0.443
     8.215    21.451    -6.313
     0.552   -15.089    -4.187
    -6.983   -15.810     2.612
   -10.429    25.241     6.363
    -7.467     4.808     2.646
    -0.360   -18.196    -6.047
     6.080    -4.655   -12.839
     8.893    18.927   -11.721
     7.553     2.033    -1.835
     1.803   -13.898    11.528
    -7.437     7.128    20.345
   -14.832    -4.796    19.656
   -12.495    -8.929    10.725
     1.528     4.277    -1.025
    17.891    -3.900   -10.351
    22.638     3.927   -14.542
    10.769     3.094   -13.334
    -8.127    -6.637    -8.189
   -19.125     3.227    -1.415
   -16.247     3.848     4.988
    -6.439    -3.358     9.619
    -0.081    -2.077    10.916
     0.036     1.457     7.649
    -0.746     7.179     1.225
     2.652    -1.883    -4.158
     8.906   -12.568    -5.849
    12.517     8.255    -6.249
     9.775     3.593    -9.146
     1.512   -15.641   -12.773
    -8.225     2.751   -10.368
   -14.451     0.289     0.369
   -13.370    -2.548    11.481
    -4.956     7.074    12.279
     5.813    -3.001     1.944
    11.863     9.504    -8.932
     9.653    -4.711   -10.101
     1.990   -13.647    -2.106
    -4.813    33.530     6.278
    -6.178     5.327     8.339
    -1.966   -24.536     4.456
     4.397    14.407    -1.454
     8.301    -4.319    -6.406
     6.465    -8.741    -8.356
    -0.692    11.916    -5.242
    -8.390   -18.073     2.747
   -10.610     0.004    10.827
    -5.569    14.479    12.650
     1.927   -13.095     6.601
     4.810    -1.365    -2.397
     0.956     1.041    -8.033
    -4.550    -0.932    -8.324
    -4.801     1.854    -5.750
     1.743    -6.605    -3.383
     9.725     5.474    -2.299
    11.888     6.034    -1.665
     5.234    -5.258     0.313
    -6.543    -4.791     4.979
   -15.196    -1.857    10.950
   -13.237     7.394    13.486
     0.059    10.244     8.200
    16.301    -5.526    -3.752
    23.015   -11.174   -15.238
    13.663     7.221   -18.605
    -6.108     1.319   -11.359
   -22.429   -10.339     2.602
   -24.093     9.672    15.440
   -10.732    -3.022    19.298
     7.957    -3.058    11.215
    19.948    12.495    -3.326
    18.993   -13.307   -13.220
     7.641     1.927   -11.061
    -5.877     5.772    -0.172
   -13.632    -4.724     8.880
   -12.279     9.180     8.565
    -3.717    -9.221     0.194
     6.494    -2.158    -9.339
    11.695     7.539   -13.923
     8.000    -1.760   -11.261
    -2.034     6.749    -2.721
   -10.475     1.093     7.382
   -10.919   -16.471    13.409
    -4.410     7.348    11.730
     2.845    16.671     3.571
     6.741   -19.378    -5.533
     7.700     2.523    -9.419
     6.312    10.749    -5.409
     0.935    -5.644     3.616
    -7.815     3.104    10.822
   -13.493    -4.097    10.575
    -9.431     6.435     3.290
     2.311     2.601    -5.222
    11.481    -6.211    -9.557
    10.297    -0.782    -8.849
     1.050    -3.226    -4.907
    -7.810     0.164     1.163
   -10.416     5.283     8.061
    -6.686     0.056    11.794
     0.398    -8.010     8.231
     7.313     5.909    -0.888
    10.516    -1.839    -7.624
     7.735    -5.453    -5.796
     0.058     6.758     2.167
    -8.221    -7.954     8.202
   -12.308     0.186     7.322
    -9.373     7.203     1.361
     0.177    -1.063    -5.064
    11.685     2.174    -9.431
    17.259     4.532   -11.473
    11.392     5.479   -10.881
    -2.527    -4.333    -6.991
   -13.447    -5.854    -0.437
   -12.845     5.206     6.262
    -2.998     1.415    10.140
     6.516    -7.780     9.704
     9.305     3.581     5.890
     6.662     9.471     1.577
     2.618    -5.518    -0.473
    -1.254    -4.865    -0.115
    -4.416     0.966    -0.089
    -4.351     2.504    -2.832
     0.895     3.088    -6.950
     7.802    -1.032    -7.960
     8.858     1.328    -3.223
     0.676     2.288     4.494
   -11.022     0.697     9.156
   -16.050    -7.870     7.036
    -9.067    -4.047    -0.184
     5.785     4.338    -7.330
    17.977    -5.465    -9.905
    17.949     7.374    -6.654
     4.117     7.357     0.531
   -14.408   -17.993     8.073
   -22.999    -5.839    12.298
   -13.503     7.996    10.857
     6.816    -3.185     3.858
    20.378     1.374    -5.743
    15.990    -0.091   -13.046
    -0.037    -5.243   -13.586
   -11.392    14.598    -6.371
    -9.615     3.523     4.550
    -1.403   -14.812    12.051
     2.196    -6.554    10.986
    -0.406   -19.154     2.532
    -1.939   -10.989    -6.465
     1.714    19.238    -9.253
     5.666    14.677    -4.998
     3.519    10.659     1.045
    -3.503    19.466     3.214
    -8.207    -6.418     0.898
    -6.220   -27.425    -2.047
     0.137     1.356    -2.549
     5.861    22.253    -1.398
     7.917    13.693    -0.728
     5.784    -2.100    -0.339
     0.388     0.583     1.540
    -6.128    -3.318     4.553
   -11.097   -21.091     5.723
   -12.749    -5.938     3.299
   -10.213   -13.982    -0.824
    -2.785   -11.328    -3.801
     8.288    32.197    -5.426
    17.154    27.319    -7.150
    16.274    -2.507    -8.345
     4.616    -9.684    -5.974
    -9.167   -22.409     1.331
   -14.607   -20.319    10.298
    -9.399    28.387    15.236
     0.532    30.433    12.915
     8.894   -28.303     5.013
    13.212   -55.659    -3.554
    12.415    11.941    -8.230
     5.672    61.971    -7.480
    -4.470    -0.339    -3.175
   -11.747   -35.066     1.073
   -12.060   -33.256     2.216
    -7.514    -5.409    -0.628
    -2.238     4.758    -5.603
     3.108     6.848    -8.678
     9.068    51.322    -6.024
    12.016     0.824     2.367
     6.879   -26.018    11.329
    -4.039    10.386    14.351
   -10.416   -10.124     9.598
    -5.607    -8.660     1.433
     4.212    22.827    -4.368
     6.921    14.198    -5.816
    -0.623   -26.528    -4.714
    -8.894   -15.663    -3.164
    -7.765    23.057    -1.750
     1.310    17.511    -0.451
     7.728   -15.382     0.516
     4.592   -30.261     1.058
    -3.896     0.978     1.395
    -8.179    25.576     1.650
    -4.318    14.560     1.797
     2.462     1.131     1.726
     4.676    -5.808     0.884
     1.134   -11.204    -1.248
    -2.707    -0.003    -3.377
    -2.145    17.115    -2.450
     1.238     9.948     2.423
     2.495    -4.603     7.162
     0.069    -7.835     6.819
    -2.775    -9.196     2.286
    -3.054   -10.210    -0.706
    -1.905    -4.517    -0.097
    -1.924     6.444    -0.770
    -2.531    20.155    -6.623
    -0.486     6.013   -13.078
     5.151   -21.148   -12.151
    10.512    -6.361    -3.256
    10.196    12.541     5.993
     2.515    17.397     9.554
    -8.330    14.367     8.583
   -14.545    -7.950     6.328
   -10.095   -16.421     2.572
     3.689    -0.350    -3.527
    17.003     4.748    -8.751
    18.447   -14.275    -8.673
     5.706   -13.845    -3.983
   -10.874     3.320     0.081
   -17.327     6.419     0.473
    -9.178     5.462    -1.051
     5.294     1.866    -2.256
    14.370     0.992    -3.387
    13.477    -4.930    -4.140
     6.343   -13.888    -1.351
    -1.365    -0.255     6.691
    -6.671    19.481    15.185
    -8.498    12.206    16.076
    -5.938    -9.027     6.994
     0.586   -13.936    -5.575
     7.643    -4.733   -12.990
    10.501     3.770   -12.279
     7.006     2.006    -6.386
    -0.888    -2.551     0.827
    -9.163    -0.559     6.996
   -14.178     3.256     9.932
   -13.466     2.178     7.715
    -6.481    -2.644     1.556
     3.864    -2.074    -3.828
    11.814    -0.111    -4.931
    13.232    -0.026    -3.477
     9.307    -0.012    -3.606
     4.130    -6.951    -5.774
    -0.751    -7.708    -6.015
    -6.490    15.402    -1.628
   -11.473    23.775     4.884
   -10.086    -4.366     8.759
    -0.236   -12.380     7.924
    10.627     1.821     3.449
    12.013     2.839    -3.001
     2.984     0.102    -9.460
    -6.144    -2.078   -12.373
    -6.176    -3.605    -8.548
     0.475    -1.527     0.400
     4.200     5.096     7.946
     0.332     7.329     8.839
    -6.611    -3.330     4.223
    -9.523   -13.309    -0.849
    -5.945    -1.021    -3.589
     1.258    10.772    -4.830
     7.149    -2.328    -4.864
     7.632     0.775    -1.280
     1.791     7.247     7.171
    -6.580    -1.452    16.254
   -10.987     2.431    18.452
    -7.631    -1.986    10.089
     1.089    -4.994    -4.695
     8.790     5.141   -17.188
    10.187     1.754   -20.521
     4.102    -6.105   -13.447
    -6.359    -3.587    -0.198
   -14.836     3.980    11.784
   -14.444     3.986    15.581
    -2.867    -0.607     9.497
    13.851     3.923    -0.725
    24.190     5.007    -5.879
    19.952    -2.638    -1.263
     3.249    -4.235     8.994
   -14.879     3.644    15.514
   -22.700     8.633    11.208
   -15.832    -2.157    -3.735
     0.336   -11.487   -21.665
    14.472    -3.130   -31.315
    16.598     4.487   -24.841
     4.638    -1.304    -4.655
   -13.992    -7.403    16.786
   -27.200    -2.884    26.458
   -26.271     7.726    20.967
   -11.335     8.477     7.089
     9.182    -6.346    -6.045
    23.905   -11.524   -12.881
    24.884     3.429   -11.401
    11.811     8.862    -2.593
    -7.708    -3.546     8.013
   -22.278    -6.514    12.163
   -23.367    -2.002     6.000
   -10.338     1.495    -5.606
     9.416     4.637   -13.758
    24.873    -5.572   -13.256
    27.435   -10.775    -4.576
    15.834     2.861     8.638
    -2.621     6.230    20.581
   -16.434    -3.110    24.098
   -18.221    -3.054    15.704
   -10.070    -2.551     0.531
    -0.331    -0.371   -11.237
     4.711     5.215   -13.934
     5.105     2.083   -10.206
     4.439    -2.913    -5.523
     6.062     1.032    -2.486
    12.559    10.750    -1.208
    24.420     0.905    -1.271
    35.336    -9.077    -1.135
    31.998    -0.567     1.069
     5.441     4.574     3.509
   -35.815     6.758     0.204
   -68.845     0.044   -12.398
   -75.926    -4.898   -30.466
   -58.902    -0.532   -46.628
   -32.321     1.991   -55.495
    -6.257     0.356   -52.050
    19.254    -2.413   -29.119
    44.638    -0.025    15.763
    62.549    -1.011    70.747
    63.134     0.839   113.427
    45.816     2.373   126.925
    22.620    -6.372   109.584
     8.444    -3.435    69.471
     8.297     7.908    15.750
    14.620     5.692   -41.834
    16.817    -3.349   -90.956
    11.740    -2.541  -120.575
     3.421     2.890  -126.167
    -5.456     3.420  -108.846
   -16.951    -0.221   -72.005
   -30.818    -5.514   -22.173
   -38.418    -1.063    29.731
   -29.539     4.317    73.149
    -5.992    -1.565   103.186
    15.591    -1.666   117.483
    17.307     2.094   109.979
    -4.077     3.158    74.591
   -34.607     8.323    16.553
   -54.271     2.943   -45.692
   -49.906    -8.213   -93.717
   -21.203    -5.630  -121.173
    20.062    -1.140  -129.798
    54.810    -2.318  -117.491
    64.810    -2.583   -77.123
    42.606    -0.511    -8.367
    -2.538     0.336    73.531
   -48.293     0.279   143.154
   -71.198     1.014   177.379
   -58.863     1.053   162.910
   -15.463     1.829    98.731
    40.567    -0.957     0.267
    84.599    -1.736   -97.528
    97.413     3.515  -150.828
    75.403     2.825  -133.428
    31.727    -2.715   -58.561
   -13.541    -0.284    27.986
   -45.223     4.424    80.462
   -57.145    -1.058    81.401
   -50.741    -3.575    42.763
   -35.652     0.336   -11.397
   -29.047     0.402   -58.353
   -43.924    -0.596   -80.266
   -71.937     0.977   -67.666
   -82.839     4.790   -25.308
   -49.354     1.922    28.708
    24.883    -2.418    73.139
   103.201    -3.705    93.505
   140.718    -3.770    84.902
   112.868     2.151    50.935
    29.344     0.596     1.865
   -69.131    -2.711   -49.173
  -129.423     2.235   -89.353
  -115.493     2.841  -104.950
   -32.094     1.037   -82.686
    77.139    -0.863   -23.205
   156.335    -5.053    45.114
   166.894    -2.641    78.347
   103.317     3.492    54.208
    -4.815     2.389    -5.793
  -104.584    -1.969   -57.802
  -148.754    -2.475   -75.217
  -128.282     0.971   -60.733
   -76.525    -1.225   -27.334
   -34.961    -1.419    16.611
   -15.279     3.276    62.335
     1.111    -1.155    96.865
    30.997    -1.177   113.992
    66.097     2.669   120.673
    81.727     0.754   122.571
    61.097    -3.199   108.093
    10.310    -3.766    57.927
   -42.796     1.617   -28.767
   -62.586     1.307  -125.163
   -28.766     0.064  -195.989
    43.811     3.083  -221.740
   109.397     4.171  -203.706
   123.410     1.410  -151.993
    75.710    -1.447   -74.719
    -5.318     0.091    21.127
   -77.997    -2.591   121.430
  -115.029    -0.401   200.699
  -112.045     5.326   230.226
   -79.270     1.589   196.001
   -31.151    -0.411   111.596
    17.781    -3.113    11.809
    54.394    -3.070   -69.586
    71.698     1.392  -117.964
    73.894     0.623  -136.757
    72.045     0.965  -133.594
    69.676    -0.440  -111.930
    54.606    -2.994   -75.090
    11.989    -0.855   -31.741
   -52.334    -0.774     8.305
  -107.137    -0.562    42.607
  -119.785     0.470    75.174
   -84.227    -2.949   105.511
   -23.830     0.837   122.734
    29.810     4.874   113.999
    57.337    -1.540    76.739
    55.959    -2.619    19.950
    33.707    -0.827   -43.333
     4.437    -0.283   -99.552
   -15.648     1.290  -132.798
   -14.436    -0.613  -128.550
     7.484    -0.779   -84.934
    33.694     4.209   -18.355
    41.110     4.039    45.096
    18.167    -2.119    83.974
   -23.212    -1.166    89.685
   -55.752     2.117    67.448
   -59.654     1.028    32.893
   -37.634    -2.422     3.059
    -8.382    -1.842   -15.002
    10.539     4.542   -25.968
    11.961    -0.704   -34.592
    -1.457    -4.524   -36.423
   -18.817     2.310   -25.068
   -24.323     0.658    -5.176
    -8.896    -1.085     9.617
    18.429     0.794    12.087
    37.326    -0.229     8.221
    38.027    -0.228     6.926
    30.487     0.420     9.025
    27.601    -1.897     9.816
    26.470    -2.247     7.663
    15.035     2.441     5.265
    -6.668     0.443     4.957
   -23.338    -2.589     6.602
   -24.358     2.572     8.061
   -17.413     4.792     4.655
   -16.738     0.226    -8.479
   -24.037    -4.887   -28.222
   -27.909    -0.777   -39.727
   -19.190     5.025   -27.686
    -0.297    -0.753     6.884
    19.521    -3.011    45.066
    31.707     2.365    66.483
    30.395     1.365    64.114
    13.432    -1.305    42.981
   -13.856     0.646    10.854
   -38.230    -0.434   -24.737
   -46.399    -3.578   -54.201
   -34.644    -1.469   -68.573
   -10.367     0.430   -66.647
    14.525     0.174   -55.241
    30.429     0.776   -39.948
    32.608     2.032   -19.005
    21.804     0.353    10.163
     4.635    -2.015    40.863
    -8.668     1.013    59.177
   -10.024     0.752    57.228
     1.601    -2.119    40.607
    20.321    -0.970    20.736
    36.860     0.478     3.454
    41.925     0.358   -11.239
    29.639    -2.385   -21.118
     2.021    -2.881   -20.168
   -29.445     0.132    -7.096
   -49.966    -1.888     9.212
   -51.593    -5.903    16.698
   -37.306     1.029    10.988
   -15.683     4.083    -3.254
     6.080    -2.140   -19.207
    23.380     0.831   -31.500
    32.250     2.949   -34.113
    30.380     2.871   -21.471
    20.102     1.411     4.280
     7.627    -4.094    29.944
    -1.624    -0.609    39.872
    -6.076     3.125    28.753
    -7.033     2.417     4.860
    -6.824     1.807   -18.044
    -7.963     1.280   -29.923
   -11.662     2.469   -27.529
   -15.655    -0.339   -13.541
   -14.787    -2.466     4.547
    -5.659     0.453    16.955
     8.958     0.105    16.860
    20.817    -0.734     4.945
    21.909     1.264   -10.812
    10.813    -0.589   -19.695
    -5.125    -2.050   -14.188
   -14.155     1.915     4.793
    -8.878     1.200    26.172
     7.476    -2.267    34.311
    23.546     1.473    20.511
    29.392     1.423    -9.032
    23.882    -0.958   -36.954
    13.020     0.228   -46.668
     2.306    -0.340   -32.013
    -8.154     1.158     0.745
   -21.428     0.259    36.282
   -38.034    -0.129    56.670
   -52.896     1.207    50.548
   -57.485    -1.888    21.015
   -44.997    -2.269   -15.106
   -15.055    -0.065   -38.094
    24.150     0.585   -37.937
    57.150    -0.305   -19.167
    67.107     0.402     4.001
    46.146     0.121    17.472
     4.320    -1.258    15.965
   -32.868     0.346     5.266
   -41.481     0.634    -4.147
   -18.046    -0.760    -6.853
    18.088    -0.881    -5.809
    41.891     1.196    -6.347
    41.699     1.343    -9.336
    22.440    -0.177   -11.707
    -4.691    -1.033   -11.271
   -30.540    -0.595    -8.111
   -47.611     0.130    -2.592
   -49.043    -2.186     4.521
   -33.457    -0.249    10.201
    -9.182     2.161    10.735
    10.968    -0.768     6.097
    20.403     0.478     0.614
    22.386     2.743    -1.210
    22.810    -1.324     2.218
    22.054    -3.660     9.966
    15.847    -0.205    18.610
     2.748     1.431    21.500
   -11.526    -0.087    12.451
   -17.678    -0.867    -6.703
   -10.498    -1.093   -24.543
     5.969    -1.363   -29.321
    19.943     1.543   -19.332
    19.911     1.879    -2.544
     3.691    -1.706    12.283
   -19.393    -0.819    21.289
   -35.773     0.418    23.705
   -37.239    -0.470    18.888
   -24.084     0.174     7.392
    -1.792     1.457    -6.718
    21.935    -0.173   -16.936
    37.738     0.198   -18.486
    37.560     2.066   -11.738
    21.189    -0.080    -1.795
    -1.107     1.009     5.733
   -15.697     0.402     9.082
   -16.346    -0.998    10.050
    -7.447     1.226     9.250
     2.197    -1.121     3.692
     6.683    -1.134    -8.694
     4.964     0.899   -23.130
    -0.858    -0.120   -29.673
    -7.119    -0.128   -21.842
    -9.967     0.007    -2.422
    -7.393     0.094    18.893
    -0.591     0.095    31.804
     6.534     0.520    30.323
     9.030    -0.261    15.504
     3.416    -0.465    -4.613
    -8.869     1.685   -19.722
   -20.152     1.189   -23.993
   -21.420     0.468   -17.992
   -10.552     0.082    -4.889
     5.589     0.371    11.896
    18.414     1.242    26.556
    24.845     0.212    31.047
    25.522     0.104    21.529
    19.149    -1.184     3.115
     4.079    -0.829   -14.836
   -14.399     1.581   -26.611
   -24.206    -0.707   -30.698
   -17.977    -0.869   -25.770
    -2.383     1.922   -12.293
     7.565    -0.153     2.414
     3.352    -1.634     7.789
    -9.622     0.437     1.935
   -18.411    -0.220    -4.531
   -14.136    -2.211    -0.355
     1.773    -0.698    13.361
    19.611    -0.178    25.456
    28.609    -1.615    27.606
    24.389    -0.316    20.832
    11.266    -0.526    10.525
    -2.641    -1.639    -0.169
   -12.254    -0.895   -10.792
   -16.692    -1.585   -20.515
   -15.087    -2.778   -26.693
    -5.351    -1.212   -25.917
    10.594     1.977   -16.602
    23.182     0.577    -1.871
    21.580    -1.635    10.636
     5.017     0.014    14.405
   -14.641     0.254    10.323
   -23.345     0.952     5.425
   -17.044     2.275     4.623
    -2.913     0.027     5.714
     9.393    -1.135     3.851
    15.370     0.118    -1.357
    15.613     0.518    -5.845
    11.847     1.006    -7.069
     5.074     1.164    -6.856
    -3.667     0.394    -7.763
   -12.932     0.912    -9.033
   -21.553     2.309    -7.637
   -28.406     2.896    -1.984
   -30.986     2.860     6.866
   -25.374     3.137    16.609
    -9.360     2.788    24.280
    13.454     1.631    25.682
    33.151     1.586    16.974
    38.855    -0.217    -1.117
    26.795    -2.498   -21.272
     4.248    -1.226   -33.520
   -15.085    -0.689   -32.102
   -21.128    -1.589   -18.688
   -14.189    -1.639     0.029
    -2.547     0.407    16.462
     5.959     1.440    24.605
     9.545    -1.916    21.711
    10.524    -3.109    10.182
     9.769    -0.885    -2.817
     5.065    -1.363    -9.946
    -4.824    -0.951    -8.851
   -16.006     1.240    -2.574
   -21.023    -0.365     4.253
   -14.953    -1.254     8.257
     0.318    -0.229     7.474
    17.372    -0.597     1.852
    27.736    -0.939    -5.304
    25.685    -0.723    -8.745
    10.633     0.667    -6.099
   -11.399    -0.134    -0.230
   -29.118    -1.684     4.367
   -31.975     0.021     5.997
   -17.592     0.981     5.173
     6.043     0.399     1.907
    25.946    -0.258    -3.163
    32.197    -0.696    -6.180
    22.547    -0.705    -2.976
     2.104     0.175     4.387
   -19.767     1.209     7.687
   -33.453    -0.222     1.601
   -33.104    -0.763    -9.463
   -19.331     0.857   -16.015
     0.900     0.806   -13.460
    17.534    -0.081    -5.189
    22.772    -0.159     2.660
    15.938     0.275     6.205
     4.148     0.029     4.247
    -3.004    -0.182    -2.076
    -1.072     0.365    -8.215
     6.271     0.487    -7.651
    11.472    -0.279     2.294
     9.648     0.627    16.372
     1.450     1.898    25.178
    -8.233    -0.349    23.341
   -12.999    -1.598    13.044
    -8.416    -0.238    -0.019
     3.928     0.328   -11.983
    15.713     0.510   -21.290
    17.996     1.465   -25.854
     9.484     1.362   -22.627
    -2.501    -0.950   -11.051
    -9.976    -1.020     4.061
   -11.599     0.974    14.633
   -11.215     1.274    15.225
   -11.413     0.597     7.253
   -10.982     0.747    -2.468
    -7.842     0.455    -7.377
    -1.818    -1.069    -5.781
     5.746    -1.529    -0.714
    12.955    -0.261     3.797
    17.082     0.844     5.841
    15.122     0.098     5.688
     6.347    -1.291     4.169
    -5.891    -0.795     1.923
   -15.697     0.983    -0.169
   -18.200     0.198    -0.893
   -12.156    -1.631     0.496
    -0.507    -0.585     3.610
    10.784     0.674     7.070
    15.497     0.552     8.889
    10.715    -0.487     7.018
    -1.069    -1.627     0.923
   -13.014    -0.509    -6.457
   -17.588     0.361    -9.468
   -11.021    -0.503    -4.475
     3.506    -0.499     5.683
    16.574    -0.683    13.322
    18.648    -1.024    12.895
     7.925    -0.051     5.740
    -7.694     0.781    -2.558
   -17.523     0.286    -8.252
   -16.936     1.236   -11.548
    -8.984     2.184   -13.522
     1.115    -0.446   -13.237
    10.292    -0.072    -8.951
    16.336     0.348    -1.222
    15.842    -1.946     6.322
     6.905     0.270     9.439
    -6.378     1.096     6.534
   -14.854    -1.265     0.050
   -11.732    -0.211    -5.190
     0.885     1.053    -5.770
    13.251    -0.299    -2.480
    15.881    -0.701     0.808
     6.884     0.670     1.290
    -7.234     1.509    -0.210
   -17.152     0.885    -1.164
   -17.606     0.085    -1.062
   -10.117     0.028    -2.039
    -0.300     0.301    -5.696
     6.826     0.368   -10.262
     9.384    -1.128   -11.647
     8.247    -0.873    -7.191
     5.671     1.194     1.735
     4.083     0.754    10.481
     4.686     0.404    14.116
     6.517     0.206    10.337
     7.544    -0.852     0.959
     7.027    -0.723    -8.383
     5.895    -0.582   -10.848
     4.381    -0.825    -3.216
     0.741    -0.687    10.204
    -6.214     0.004    19.455
   -14.054     0.502    17.000
   -18.002    -0.193     4.661
   -15.502    -0.974    -8.376
    -8.595    -0.624   -14.299
    -1.975     0.644   -12.032
     0.266     1.143    -4.506
    -3.281     0.739     5.634
   -10.054    -0.211    15.223
   -13.724    -0.648    18.447
    -8.213     0.355    10.602
     6.252     0.166    -5.162
    21.705    -0.217   -18.281
    28.563     0.192   -20.056
    23.209    -0.177   -11.159
     9.536    -0.296     0.826
    -5.100    -0.168     8.903
   -13.916     0.041    10.135
   -12.920     0.231     4.679
    -3.152    -0.213    -4.371
     8.218    -0.959   -10.540
    11.909     0.092    -7.747
     4.351     1.407     3.124
    -8.576     0.608    13.272
   -16.555    -0.032    13.757
   -13.563    -0.047     3.806
    -1.815     0.411    -9.380
    11.298     0.385   -17.609
    18.687    -0.118   -17.056
    16.961     0.184    -8.528
     7.058     0.024     4.014
    -6.550    -0.142    14.461
   -17.429    -0.004    17.025
   -19.720     0.305    10.551
   -11.408     0.081     0.292
     3.381    -1.007    -6.091
    15.683    -0.792    -4.837
    17.234    -0.371     1.637
     6.510    -0.563     7.951
   -10.054     0.074    10.267
   -22.789     0.237     8.041
   -25.087    -0.218     3.031
   -16.534    -0.558    -2.342
    -2.005    -0.375    -6.132
    11.613     0.071    -7.537
    19.426    -0.522    -7.072
    21.062    -0.133    -5.980
    19.302     1.077    -5.078
    15.825     0.776    -3.994
     9.254     0.269    -1.734
    -1.651     0.677     1.732
   -13.916     0.967     4.732
   -21.416     0.000     5.298
   -20.198     0.000     3.232
   -11.716     0.000     0.060
    -1.005     0.000    -2.932
     7.065     0.000    -5.356
    10.015     0.000    -6.079
     8.438     0.000    -2.891
     5.525     0.000     4.194
     4.679     0.000    10.316
     6.298     0.000     9.374
     7.146     0.000     1.103
     3.468     0.000    -7.455
    -5.378     0.000    -8.818
   -16.117     0.000    -2.212
   -23.257     0.000     6.843
   -21.712     0.000    12.094
    -9.924     0.000    10.216
     7.701     0.000     1.411
    22.211     0.000   -10.058
    26.028     0.000   -16.582
    18.465     0.000   -12.592
     5.422     0.000    -0.903
    -5.758     0.000     8.724
   -10.695     0.000     9.123
    -8.837     0.000     2.257
    -2.623     0.000    -4.782
     3.519     0.000    -7.681
     5.312     0.000    -6.477
     1.784     0.000    -1.813
    -3.725     0.000     5.848
    -6.663     0.000    13.129
    -5.506     0.000    14.142
    -2.418     0.000     6.513
    -0.055     0.000    -4.822
     1.172     0.000   -11.969
     2.265     0.000   -11.499
     3.256     0.000    -6.338
     3.106     0.000    -1.565
     1.856     0.000    -0.288
     1.269     0.000    -2.938
     2.465     0.000    -7.951
     4.017     0.000   -12.032
     3.724     0.000   -11.205
     1.580     0.000    -3.355
    -0.710     0.000     9.680
    -2.828     0.000    22.561
    -6.059     0.000    29.188
    -9.679     0.000    26.074
    -9.613     0.000    14.579
    -3.023     0.000     0.359
     2.960     0.000   -10.360
     0.000     0.000   -14.984
     0.000     0.000   -15.272
     0.000     0.000   -14.133
     0.000     0.000   -12.583
     0.000     0.000   -10.092
     0.000     0.000    -6.584
     0.000     0.000    -2.539
     0.000     0.000     2.413
     0.000     0.000     9.008
     0.000     0.000    15.688
     0.000     0.000    18.039
     0.000     0.000    12.721
     0.000     0.000     1.740
     0.000     0.000    -8.667
     0.000     0.000   -13.632
     0.000     0.000   -13.039
     0.000     0.000    -9.254
     0.000     0.000    -3.425
     0.000     0.000     4.381
     0.000     0.000    12.279
     0.000     0.000    16.173
     0.000     0.000    13.228
     0.000     0.000     4.974
     0.000     0.000    -3.748
     0.000     0.000    -8.655
     0.000     0.000    -8.808
     0.000     0.000    -6.405
     0.000     0.000    -4.429
     0.000     0.000    -4.108
     0.000     0.000    -4.162
     0.000     0.000    -2.684
     0.000     0.000     0.225
     0.000     0.000     2.411
     0.000     0.000     2.531
     0.000     0.000     1.941
     0.000     0.000     2.684
     0.000     0.000     4.321
     0.000     0.000     4.322
     0.000     0.000     1.664
     0.000     0.000    -1.511
     0.000     0.000    -2.499
     0.000     0.000    -1.140
     0.000     0.000     0.677
     0.000     0.000     1.767
     0.000     0.000     2.576
     0.000     0.000     0.829
     0.000     0.000     0.000
     0.000     0.000     0.000
