********************************************************************************
                       INSTITUTO DE INGENIERIA, UNAM
                   Coordinacion de Instrumentacion Sismica
  Ciudad Universitaria, Apartado Postal 70-472, Coyoacan 04510, Mexico, D.F.
 Tel.(52-5)622-3414    Fax.(52-5)616-1514    e-mail: isismica@pumas.iingen.unam.mx
********************************************************************************
ARCHIVO ESTANDAR DE ACELERACION:
VERSION DEL FORMATO                    : 2.0
NOMBRE DEL ARCHIVO                     : ACAS8010.241
FECHA Y HORA DE CREACION               : Fri Apr  3 12:17:43 1998
REF. CATALOGO ACELEROGRAMAS, SMIS 1995 : REGISTRO No. 254 /PAG. 52


================================================================================
DATOS DE LA ESTACION:
NOMBRE DE LA ESTACION                  : ACAPULCO SOP
CLAVE DE LA ESTACION                   : ACAS
LOCALIZACION DE LA ESTACION            : Direccion de Policia y Transito, a dos
                                       : cuadras del parque Papagayo.
                                       : Guerrero.
                                       :
                                       :
COORDENADAS DE LA ESTACION             : 16.858 LAT. N 
                                       : 99.894 LONG. W 
ALTITUD (msnm)                         : 20  
TIPO DE SUELO                          : ALUVIAL
                                       : 
                                       : 
INSTITUCION RESPONSABLE                : INSTITUTO DE INGENIERIA UNAM
                                       :

================================================================================
DATOS DEL ACELEROGRAFO:
MODELO DEL ACELEROGRAFO                : SMA-1
NUMERO DE SERIE DEL ACELEROGRAFO       : 0157
NUMERO DE CANALES                      : 3
ORIENTACION C1-C6 (rumbo;orientacion)  : /S00E/+V/N90E
ORIENTACION C7-C12 (rumbo;orientacion) :
VEL. DE MUESTREO, C1-C6 (muestras/s)   : /--/--/--
VEL. DE MUESTREO, C7-C12 (muestras/s)  :
ESC. COMPLETA DE SENSORES, C1-C6, (g)  : /1/1/1
ESC. COMPLETA DE SENSORES, C7-C12, (g) :
FREC. NAT. DE SENSORES, C1-C6, (Hz)    : /26.3/24.9/25.5
FREC. NAT. DE SENSORES, C7-C12, (Hz)   :
AMORTIGUAMIENTO DE SENSORES, C1-C6     : /0.6/0.6/0.6
AMORTIGUAMIENTO DE SENSORES, C7-C12    :
INTERVALO DE MUESTREO, C1-C6, (s)      : /0.01/0.02/0.00
INTERVALO DE MUESTREO, C7-C12, (s)     :
UMBRAL DE DISPARO, C1-C6, (Gal)       *: /--/10/--
UMBRAL DE DISPARO, C7-C12, (Gal)       :
MEMORIA DE PREEVENTO (s)               : 0
TIEMPO DE POSEVENTO (s)                : 8


================================================================================
DATOS DEL SISMO:
FECHA DEL SISMO [GMT]                  : 1980/10/24
HORA EPICENTRO (GMT)                   : 14:53:33,7
MAGNITUD(ES)                           : /Mb=6.40/Mc=7.00
COORDENADAS DEL EPICENTRO              : 18.030 LAT. N 
                                       : 98.290 LONG. W 
PROFUNDIDAD FOCAL (km)                 : 70 
FUENTES DE LOS DATOS EPICENTRALES      : SSN
                                       : INSTITUTO DE GEOFISICA, UNAM

================================================================================
DATOS DE ESTE REGISTRO:
HORA DE LA PRIMERA MUESTRA (GMT)       : --:--:--.-
EXACTITUD DEL TIEMPO (s)               : --    
DURACION DEL REGISTRO (s), C1-C6       : /25.47/22.92/0.00
DURACION DEL REGISTRO (s), C7-C12      :
NUM. TOTAL DE MUESTRAS, C1-C6          : /2547/1146/0000
NUM. TOTAL DE MUESTRAS, C7-C12         :
ACEL. MAX.(Gal), C1-C6                 : /18.411/-7.915/0.000    
ACEL. MAX., C1-C6, EN LA MUESTRA       : /1771/637/0000 
ACEL. MAX.(Gal), C7-C12                :
ACEL. MAX., C7-C12, EN LA MUESTRA      :
UNIDADES DE LOS DATOS                  : Gal (cm/s/s)
FACTOR DE DECIMACION                   : 1
FORMATO DATOS (FORTRAN,10 campos/dato) : 3F10.3


===============================================================================
CALIDAD DEL ACELEROGRAMA:
REGISTRO ANALOGICO AL QUE FALTA UNA PARTE AL INICIO SIN TIEMPO
ABSOLUTO. DIGITALIZACION SEMIAUTOMATICA O MANUAL.

===============================================================================
COMENTARIOS:

          * Disparo por arrancador mecánico
            Registro en película fotográfica de 70 mm











===============================================================================
DATOS DE ACELERACION:
---------+---------+---------+---------+---------+---------+---------+---------+
   CANAL-1   CANAL-2   CANAL-3   CANAL-4   CANAL-5   CANAL-6   CANAL-7   CANAL-8
      S00E        +V      N90E
---------+---------+---------+---------+---------+---------+---------+---------+
     3.541     3.007     0.000
     0.089     1.942     0.000
    -3.357     0.758     0.000
    -4.799    -2.012     0.000
    -2.546    -3.216     0.000
     1.576     0.334     0.000
     3.333     1.983     0.000
     0.581     0.839     0.000
    -3.898     0.086     0.000
    -5.159     0.635     0.000
    -1.591     2.395     0.000
     3.411    -0.681     0.000
     4.996    -3.986     0.000
     1.714     1.886     0.000
    -3.566     3.989     0.000
    -6.543    -1.573     0.000
    -4.927     1.424     0.000
     0.027     0.248     0.000
     4.456    -5.021     0.000
     4.816     1.360     0.000
     0.993     0.702     0.000
    -3.172    -1.890     0.000
    -3.602     3.712     0.000
    -0.178     0.818     0.000
     3.109    -1.823     0.000
     2.726     2.746     0.000
    -0.450    -0.533     0.000
    -2.576    -4.044     0.000
    -1.727     1.098     0.000
    -0.053     1.185     0.000
    -0.757    -0.526     0.000
    -3.916     0.678     0.000
    -6.506    -0.343     0.000
    -5.857    -0.042     0.000
    -2.449     0.575     0.000
     0.884     0.758     0.000
     1.856     0.322     0.000
     0.605     0.528     0.000
    -0.890     1.782     0.000
    -0.864     0.574     0.000
     0.647    -1.265     0.000
     2.197    -1.481     0.000
     2.577     0.589     0.000
     2.164     0.570     0.000
     2.177    -1.370     0.000
     2.958    -0.552     0.000
     3.554     0.419     0.000
     3.109    -1.647     0.000
     1.950    -2.262     0.000
     0.801    -0.734     0.000
    -0.502    -1.377     0.000
    -2.480    -0.980     0.000
    -4.499     0.455     0.000
    -4.777     1.648     0.000
    -2.683    -0.275     0.000
    -0.077    -1.653     0.000
     0.744     2.013     0.000
     0.059     0.375     0.000
     0.365    -2.064     0.000
     2.735     1.459     0.000
     4.923     2.263     0.000
     4.169    -1.012     0.000
     0.956     0.035     0.000
    -1.347     3.204     0.000
    -0.569     1.672     0.000
     1.928     2.036     0.000
     3.286     1.222     0.000
     2.247    -1.570     0.000
    -0.407     0.243     0.000
    -3.280    -0.076     0.000
    -5.056     0.392     0.000
    -4.611     0.853     0.000
    -2.097    -2.982     0.000
     0.316    -2.120     0.000
     0.364    -0.812     0.000
    -1.244    -0.656     0.000
    -1.163     1.596     0.000
     2.358     0.251     0.000
     6.760    -0.929     0.000
     7.893    -0.327     0.000
     4.717    -0.097     0.000
    -0.041     2.046     0.000
    -3.436     2.546     0.000
    -4.789    -2.663     0.000
    -4.452    -3.120     0.000
    -2.088     2.033     0.000
     2.254    -0.263     0.000
     6.308    -0.782     0.000
     6.876     1.887     0.000
     3.433    -0.561     0.000
    -0.820    -0.265     0.000
    -2.450     2.452     0.000
    -1.546     1.732     0.000
    -1.072    -0.069     0.000
    -2.737     0.169     0.000
    -4.824     1.009     0.000
    -4.513     2.793     0.000
    -1.365     2.173     0.000
     2.362     0.348     0.000
     4.399     2.596     0.000
     4.483     0.381     0.000
     3.725    -1.957     0.000
     3.115     0.838     0.000
     2.957    -1.663     0.000
     3.163    -1.930     0.000
     3.272    -1.054     0.000
     2.464    -5.773     0.000
     0.316    -1.565     0.000
    -2.372     2.074     0.000
    -3.992    -3.607     0.000
    -3.595    -3.318     0.000
    -1.825    -1.721     0.000
    -0.213    -4.587     0.000
    -0.032    -3.173     0.000
    -1.594    -1.507     0.000
    -4.094    -0.997     0.000
    -5.758     0.342     0.000
    -4.794    -1.000     0.000
    -1.147     2.956     0.000
     2.626     4.941     0.000
     3.216     0.165     0.000
    -0.065    -1.187     0.000
    -3.928     0.078     0.000
    -4.172     0.602     0.000
    -0.020    -1.523     0.000
     5.069    -0.391     0.000
     7.013     1.542     0.000
     4.912     2.151     0.000
     1.010     1.676     0.000
    -2.216    -0.445     0.000
    -3.972     0.500     0.000
    -4.667    -0.871     0.000
    -4.637     0.769     0.000
    -4.056     2.004     0.000
    -3.137    -2.267     0.000
    -1.941    -0.871     0.000
    -0.430    -0.730     0.000
     0.894    -1.096     0.000
     0.996     1.875     0.000
    -0.319     0.846     0.000
    -1.424     1.659     0.000
    -0.328     1.725     0.000
     2.901    -0.315     0.000
     5.622     0.198     0.000
     5.167    -0.402     0.000
     1.533    -0.338     0.000
    -2.642    -2.272     0.000
    -4.519    -0.039     0.000
    -3.289     5.033     0.000
    -0.396     0.536     0.000
     2.023    -1.134     0.000
     2.807     1.188     0.000
     2.418     0.418     0.000
     1.878     0.973     0.000
     1.480     0.521     0.000
     0.764    -0.396     0.000
    -0.264    -0.413     0.000
    -0.579    -1.223     0.000
     0.577     0.399     0.000
     2.137     0.978     0.000
     1.931    -1.206     0.000
    -0.752    -0.158     0.000
    -3.825    -2.260     0.000
    -4.618    -3.925     0.000
    -2.953     1.055     0.000
    -1.179     2.211     0.000
    -1.012     1.118     0.000
    -1.318     0.199     0.000
     0.233     1.359     0.000
     3.905     4.554     0.000
     7.297     0.953     0.000
     7.832    -1.094     0.000
     5.149     1.261     0.000
     0.758     0.714     0.000
    -3.434    -0.239     0.000
    -5.885    -0.520     0.000
    -5.808     0.573     0.000
    -3.933    -1.724     0.000
    -2.431    -3.651     0.000
    -2.804    -0.038     0.000
    -3.810    -0.661     0.000
    -2.612    -1.981     0.000
     1.767    -0.879     0.000
     6.741    -1.995     0.000
     8.577    -2.572     0.000
     6.001    -1.786     0.000
     1.136    -1.633     0.000
    -2.627    -2.177     0.000
    -3.284     0.856     0.000
    -1.391     2.905     0.000
     0.685     1.482     0.000
     0.855     2.797     0.000
    -0.656     1.929     0.000
    -1.559    -0.181     0.000
    -0.083     0.740     0.000
     2.863     0.935     0.000
     4.591     1.816     0.000
     3.499     3.435     0.000
     0.498     2.529     0.000
    -2.251     1.086     0.000
    -3.204     2.640     0.000
    -2.078     3.079     0.000
     0.507    -0.191     0.000
     3.268     1.028     0.000
     4.739     3.550     0.000
     4.233     0.954     0.000
     2.437     0.532     0.000
     0.742     0.512     0.000
    -0.012    -0.771     0.000
    -0.040    -0.578     0.000
    -0.053    -2.106     0.000
    -0.510    -1.842     0.000
    -1.285     0.205     0.000
    -1.980    -1.025     0.000
    -2.528    -1.600     0.000
    -3.360    -0.369     0.000
    -4.557    -0.772     0.000
    -4.871    -2.068     0.000
    -2.515    -4.440     0.000
     2.375    -3.223     0.000
     6.732     0.283     0.000
     7.180    -1.612     0.000
     3.643    -2.502     0.000
    -0.719     0.068     0.000
    -3.272    -1.617     0.000
    -4.352    -2.683     0.000
    -5.420     1.593     0.000
    -6.133     0.111     0.000
    -4.785    -1.161     0.000
    -1.168     1.869     0.000
     2.605    -1.528     0.000
     4.467    -1.665     0.000
     4.409     0.109     0.000
     3.659    -0.063     0.000
     2.796     1.194     0.000
     1.488    -1.465     0.000
    -0.403     0.459     0.000
    -2.233     2.792     0.000
    -3.037    -0.970     0.000
    -2.367     0.636     0.000
    -1.005     3.166     0.000
    -0.915     0.817     0.000
    -3.573    -0.390     0.000
    -7.572    -0.537     0.000
    -8.769    -0.647     0.000
    -4.297    -0.455     0.000
     3.515    -1.343     0.000
     8.540    -0.371     0.000
     6.742    -0.097     0.000
    -0.006    -3.184     0.000
    -6.217    -2.553     0.000
    -7.916    -0.233     0.000
    -5.130    -2.251     0.000
    -0.629    -1.590     0.000
     2.372     2.801     0.000
     1.980     3.700     0.000
    -1.112     1.576     0.000
    -3.804     2.113     0.000
    -3.206     4.358     0.000
     0.406     0.213     0.000
     3.968    -3.924     0.000
     5.093    -0.497     0.000
     4.085     1.316     0.000
     2.277    -0.857     0.000
    -0.159     0.514     0.000
    -3.389     0.627     0.000
    -5.858    -2.378     0.000
    -5.084    -0.392     0.000
    -0.925    -0.050     0.000
     3.330    -0.602     0.000
     4.148     1.220     0.000
     1.638    -0.333     0.000
    -0.542    -1.485     0.000
     0.933    -1.166     0.000
     5.534    -1.622     0.000
     9.247    -1.696     0.000
     8.387    -0.568     0.000
     3.238     2.072     0.000
    -1.999     3.035     0.000
    -3.139     0.020     0.000
    -0.063     0.592     0.000
     3.395     0.576     0.000
     3.595    -1.113     0.000
     0.695     2.084     0.000
    -2.358     1.300     0.000
    -3.708     1.527     0.000
    -4.198     3.848     0.000
    -4.907     0.829     0.000
    -4.578    -2.055     0.000
    -1.095    -0.010     0.000
     4.656     3.171     0.000
     8.128     1.028     0.000
     5.348     0.243     0.000
    -2.569     2.846     0.000
   -10.005     2.082     0.000
   -11.777    -0.687     0.000
    -7.134    -0.027     0.000
     0.464     2.149     0.000
     6.332     1.458     0.000
     7.444     1.865     0.000
     4.033     0.026     0.000
    -0.487    -1.698     0.000
    -1.978     1.600     0.000
     0.850    -0.282     0.000
     5.114    -2.026     0.000
     6.728    -0.631     0.000
     4.610    -1.689     0.000
     1.226    -0.408     0.000
    -0.898    -2.400     0.000
    -1.974    -3.305     0.000
    -3.652     2.356     0.000
    -5.878     0.218     0.000
    -6.479    -2.734     0.000
    -3.887     1.184     0.000
     0.666    -0.036     0.000
     4.216    -0.076     0.000
     4.853     2.729     0.000
     3.078    -0.351     0.000
     0.823    -0.294     0.000
    -0.247     0.439     0.000
     0.341    -0.529     0.000
     1.848     1.575     0.000
     2.864    -0.851     0.000
     2.376    -0.069     0.000
     0.760     3.394     0.000
    -0.393     1.453     0.000
     0.209     1.159     0.000
     2.212    -1.916     0.000
     4.017    -2.017     0.000
     4.388     1.934     0.000
     3.321    -0.692     0.000
     1.546    -1.829     0.000
    -0.180    -0.638     0.000
    -1.096     0.102     0.000
    -0.619     0.399     0.000
     0.786    -2.743     0.000
     1.311    -3.680     0.000
    -0.679    -1.317     0.000
    -4.624    -2.049     0.000
    -7.827    -0.849     0.000
    -7.885     2.116     0.000
    -4.878    -0.948     0.000
    -1.148    -1.606     0.000
     0.881    -0.567     0.000
     0.669    -2.012     0.000
    -0.166    -1.782     0.000
     0.544    -3.391     0.000
     3.263    -1.287     0.000
     5.999     2.394     0.000
     6.225    -1.483     0.000
     3.604    -3.600     0.000
     0.179    -2.365     0.000
    -2.209    -2.018     0.000
    -3.619     0.798     0.000
    -4.604     2.930     0.000
    -4.343     1.770     0.000
    -1.735     1.185     0.000
     2.006     1.314     0.000
     3.682     0.523     0.000
     1.753     1.137     0.000
    -1.487     2.094     0.000
    -2.318    -0.243     0.000
     0.321    -0.582     0.000
     3.902     1.929     0.000
     5.051    -1.930     0.000
     2.613    -2.062     0.000
    -1.667     2.089     0.000
    -4.780    -0.835     0.000
    -4.971     0.309     0.000
    -3.260    -0.399     0.000
    -2.343    -3.691     0.000
    -3.410    -0.131     0.000
    -4.459     0.656     0.000
    -2.670    -0.022     0.000
     1.687     1.509     0.000
     5.079     2.035     0.000
     4.923     1.667     0.000
     2.656     2.981     0.000
     1.471     1.303     0.000
     1.896    -1.021     0.000
     1.381     0.312     0.000
    -1.678     0.354     0.000
    -5.224     0.014     0.000
    -5.737    -2.185     0.000
    -2.319    -1.341     0.000
     2.355     1.838     0.000
     4.756     0.596     0.000
     3.452     1.539     0.000
    -0.196     1.180     0.000
    -3.285    -3.581     0.000
    -3.435     0.372     0.000
    -0.611     3.142     0.000
     2.592    -3.918     0.000
     2.990    -2.251     0.000
    -0.417     1.778     0.000
    -5.536     2.256     0.000
    -8.777     0.274     0.000
    -7.509    -2.992     0.000
    -1.809     2.344     0.000
     5.086     3.546     0.000
     8.427     2.309     0.000
     5.754     2.846     0.000
    -0.219     0.166     0.000
    -3.651     2.109     0.000
    -1.689     3.046     0.000
     2.228    -0.361     0.000
     2.369    -3.107     0.000
    -2.539    -0.007     0.000
    -8.056     3.180     0.000
    -9.339    -1.172     0.000
    -6.047    -0.498     0.000
    -1.531     1.692     0.000
     1.123    -0.623     0.000
     1.219     2.484     0.000
    -0.259     3.064     0.000
    -1.859    -0.236     0.000
    -2.464     1.422     0.000
    -2.069     2.275     0.000
    -1.762     0.087     0.000
    -2.121    -0.339     0.000
    -1.945     1.112     0.000
     0.335     0.864     0.000
     4.008    -0.416     0.000
     6.281    -0.290     0.000
     5.577     0.112     0.000
     3.498    -0.199     0.000
     2.653     0.622     0.000
     3.314    -2.423     0.000
     3.339    -6.297     0.000
     1.237     0.856     0.000
    -1.771    -0.496     0.000
    -3.133    -7.336     0.000
    -1.973    -0.222     0.000
    -0.089    -3.081     0.000
     0.104    -7.418     0.000
    -1.510     0.474     0.000
    -2.381    -0.260     0.000
    -0.170    -3.329     0.000
     4.273     1.058     0.000
     7.576     3.383     0.000
     7.530    -0.318     0.000
     5.273     0.146     0.000
     3.275     2.390     0.000
     2.176     1.335     0.000
     0.651     2.895     0.000
    -1.949     0.253     0.000
    -4.184    -3.838     0.000
    -4.288    -1.576     0.000
    -2.609    -0.910     0.000
    -1.448    -1.724     0.000
    -2.424     2.408     0.000
    -4.306     2.939     0.000
    -3.918    -0.459     0.000
     0.462    -0.871     0.000
     6.550     0.962     0.000
     9.635     2.308     0.000
     7.375    -2.699     0.000
     2.572    -4.022     0.000
     0.128    -0.215     0.000
     1.361    -0.282     0.000
     2.635     0.964     0.000
     0.160     1.830     0.000
    -5.160     0.777     0.000
    -8.765    -1.850     0.000
    -7.731    -5.568     0.000
    -3.555    -2.525     0.000
     0.384     2.216     0.000
     2.813    -0.421     0.000
     5.204    -1.823     0.000
     8.924     0.317     0.000
    12.687     0.255     0.000
    13.309    -0.864     0.000
     8.919     0.990     0.000
     1.207     6.427     0.000
    -5.871     4.657     0.000
    -9.593    -1.885     0.000
   -10.303    -1.549     0.000
    -9.832    -0.685     0.000
    -8.974    -1.025     0.000
    -7.245    -0.641     0.000
    -4.480    -2.289     0.000
    -1.418     0.352     0.000
     1.302     2.375     0.000
     3.660    -1.198     0.000
     5.278     1.054     0.000
     4.926     4.099     0.000
     1.988     0.912     0.000
    -1.868    -0.728     0.000
    -3.485     0.370     0.000
    -1.172     2.036     0.000
     3.352     1.920     0.000
     6.284    -0.659     0.000
     5.235    -0.010     0.000
     1.559     0.491     0.000
    -0.938    -1.470     0.000
     0.186     0.737     0.000
     3.647     2.689     0.000
     6.096     1.123     0.000
     5.773    -1.787     0.000
     3.879    -1.534     0.000
     2.545    -0.501     0.000
     2.408    -3.249     0.000
     2.328     0.186     0.000
     0.611    -0.930     0.000
    -3.667    -3.479     0.000
    -9.335     2.919     0.000
   -12.695     0.654     0.000
   -10.049    -1.103     0.000
    -2.171     1.640     0.000
     4.894     1.959     0.000
     5.509     2.107     0.000
     0.615    -0.546     0.000
    -3.692    -0.533     0.000
    -3.689     2.721     0.000
    -1.807     2.360     0.000
    -2.159    -1.314     0.000
    -4.589     0.402     0.000
    -5.184     3.310     0.000
    -1.607    -0.102     0.000
     4.037    -1.843     0.000
     7.531     2.110     0.000
     6.347     1.733     0.000
     1.355    -5.440     0.000
    -3.995    -3.239     0.000
    -6.011     5.429     0.000
    -3.594     3.443     0.000
     0.649    -1.160     0.000
     2.712    -2.529     0.000
     1.007    -1.514     0.000
    -2.383     2.217     0.000
    -4.118    -2.277     0.000
    -2.761    -1.486     0.000
     0.386     0.848     0.000
     2.640    -2.780     0.000
     2.086     1.593     0.000
    -0.833    -1.265     0.000
    -3.504    -0.196     0.000
    -3.536     3.896     0.000
    -1.229    -1.187     0.000
     0.905     0.452     0.000
     1.189    -2.865     0.000
     0.415    -7.724     0.000
     0.128    -1.370     0.000
     0.310     2.024     0.000
    -0.011    -2.955     0.000
    -0.518    -1.555     0.000
     0.467     1.952     0.000
     3.467    -0.007     0.000
     6.339     1.841     0.000
     6.120     1.058     0.000
     2.135     0.947     0.000
    -3.312     1.795     0.000
    -7.168    -1.550     0.000
    -8.195    -0.686     0.000
    -7.078    -3.260     0.000
    -4.719    -3.003     0.000
    -1.401     4.225     0.000
     2.179     0.327     0.000
     4.230    -1.219     0.000
     3.565     3.678     0.000
     1.808     0.222     0.000
     2.302    -0.686     0.000
     6.123     0.543     0.000
     9.962     2.196     0.000
     9.282     3.476     0.000
     3.292    -1.928     0.000
    -4.073    -1.965     0.000
    -8.069    -1.347     0.000
    -7.317    -4.356     0.000
    -4.174    -1.778     0.000
    -1.874     2.257     0.000
    -1.759     2.175     0.000
    -2.635    -4.569     0.000
    -2.402    -3.280     0.000
    -0.181     4.805     0.000
     2.910    -1.752     0.000
     4.986    -3.922     0.000
     5.215     3.894     0.000
     4.197     3.006     0.000
     2.820     2.971     0.000
     1.326     0.168     0.000
    -0.469    -2.015     0.000
    -2.419     5.829     0.000
    -3.983     0.020     0.000
    -4.504    -6.099     0.000
    -3.454     5.271     0.000
    -0.821     5.548     0.000
     2.394    -1.614     0.000
     4.392    -1.333     0.000
     3.826     1.262     0.000
     1.033     0.528     0.000
    -2.135    -4.033     0.000
    -3.565    -0.962     0.000
    -2.300     0.249     0.000
     0.918    -3.089     0.000
     4.116    -2.111     0.000
     5.338     1.151     0.000
     3.944     2.196     0.000
     0.894     1.024     0.000
    -2.104     3.257     0.000
    -3.609     1.569     0.000
    -3.077     3.272     0.000
    -1.247     1.472     0.000
    -0.392    -5.133     0.000
    -2.901    -0.007     0.000
    -8.484    -2.828     0.000
   -13.181    -4.479     0.000
   -12.646     1.197     0.000
    -6.762    -2.623     0.000
     0.079    -0.040     0.000
     3.783     5.169     0.000
     4.483     0.458     0.000
     5.119    -1.270     0.000
     7.037     0.619     0.000
     8.699     0.255     0.000
     8.252    -0.903     0.000
     5.671    -1.431     0.000
     2.002     1.548     0.000
    -2.011     1.453     0.000
    -5.674    -1.572     0.000
    -7.695     0.193     0.000
    -7.075     1.984     0.000
    -4.251     3.344     0.000
    -0.882     3.222     0.000
     1.338     2.700     0.000
     1.244     0.910     0.000
    -1.429    -3.286     0.000
    -5.141     1.399     0.000
    -6.809     1.345     0.000
    -4.596    -2.459     0.000
    -0.284     1.004     0.000
     2.627     0.742     0.000
     3.302     2.333     0.000
     4.085     0.446     0.000
     6.381    -3.341     0.000
     8.219    -4.645     0.000
     7.405    -7.915     0.000
     5.229    -3.323     0.000
     4.675    -0.075     0.000
     5.801    -3.676     0.000
     5.523    -0.823     0.000
     2.116     4.410     0.000
    -2.190     2.958     0.000
    -4.003     1.000     0.000
    -2.446     1.216     0.000
     0.743     0.629     0.000
     3.308    -2.441     0.000
     3.726    -4.943     0.000
     1.684    -2.597     0.000
    -1.345     1.958     0.000
    -2.886     3.217     0.000
    -2.089    -0.329     0.000
    -0.753    -1.625     0.000
    -0.665    -0.440     0.000
    -0.782     0.582     0.000
     1.049     0.267     0.000
     4.112    -0.166     0.000
     4.994     1.312     0.000
     2.416     4.346     0.000
    -0.202     2.559     0.000
     1.338    -2.417     0.000
     6.483     2.402     0.000
    10.134    -0.708     0.000
     8.236    -4.263     0.000
     1.983     4.566     0.000
    -3.944     0.668     0.000
    -6.417    -0.895     0.000
    -6.399     2.912     0.000
    -6.713    -1.557     0.000
    -8.078     0.341     0.000
    -7.991     0.518     0.000
    -3.737     0.950     0.000
     3.924     6.452     0.000
    10.581     2.983     0.000
    11.954     1.033     0.000
     7.727     0.118     0.000
     1.582    -4.461     0.000
    -2.352    -2.740     0.000
    -2.963     2.434     0.000
    -2.333     1.235     0.000
    -2.805    -3.463     0.000
    -4.245     0.494     0.000
    -4.428     5.199     0.000
    -2.115     0.114     0.000
     0.940    -4.811     0.000
     1.689     1.108     0.000
    -0.570     4.246     0.000
    -2.964     0.629     0.000
    -1.852    -0.512     0.000
     3.298    -2.384     0.000
     8.981     0.040     0.000
    10.608    -1.556     0.000
     6.563    -4.759     0.000
    -0.330     2.257     0.000
    -5.364     4.088     0.000
    -6.218     0.914     0.000
    -4.601    -0.947     0.000
    -3.567    -3.548     0.000
    -3.762    -1.627     0.000
    -3.177     0.459     0.000
    -0.315    -1.916     0.000
     3.619    -2.012     0.000
     5.980    -0.053     0.000
     5.105    -1.949     0.000
     1.097    -3.212     0.000
    -4.541     0.612     0.000
    -9.229     2.193     0.000
   -10.489    -0.339     0.000
    -8.301    -1.150     0.000
    -5.609     0.584     0.000
    -4.899    -1.419     0.000
    -4.694    -1.428     0.000
    -1.480     2.784     0.000
     4.627     0.331     0.000
     8.363     0.542     0.000
     5.027     1.511     0.000
    -3.443    -1.751     0.000
    -9.930    -1.889     0.000
    -9.533    -1.559     0.000
    -4.224    -1.063     0.000
    -0.024    -0.300     0.000
    -0.644    -0.610     0.000
    -4.383    -1.627     0.000
    -6.517     0.379     0.000
    -4.020    -0.730     0.000
     1.861     0.600     0.000
     7.085     4.128     0.000
     8.517    -0.376     0.000
     6.161    -1.693     0.000
     2.038    -2.139     0.000
    -2.393    -0.262     0.000
    -6.818     1.529     0.000
   -10.275     0.018     0.000
   -10.206    -2.762     0.000
    -4.814    -6.800     0.000
     3.728    -1.993     0.000
     9.907    -1.185     0.000
     9.853    -1.804     0.000
     5.295     2.868     0.000
     1.629     1.533     0.000
     2.122    -0.782     0.000
     4.976     1.658     0.000
     6.157     3.255     0.000
     3.898     2.523     0.000
    -0.381     2.051     0.000
    -4.513    -1.054     0.000
    -7.380     1.981     0.000
    -8.553    -0.728     0.000
    -7.833    -6.416     0.000
    -5.795     2.327     0.000
    -3.673     1.658     0.000
    -1.794    -0.551     0.000
     1.063     3.122     0.000
     5.622     1.745     0.000
     9.803     2.772     0.000
     9.958     1.385     0.000
     5.072     0.977     0.000
    -1.144     3.156     0.000
    -3.449     1.792     0.000
    -0.450     0.289     0.000
     3.826     1.261     0.000
     4.148     3.553     0.000
    -0.483     2.499     0.000
    -5.988    -1.143     0.000
    -7.569    -1.669     0.000
    -4.171     0.033     0.000
     1.356    -0.109     0.000
     5.348    -0.861     0.000
     5.732    -1.508     0.000
     2.446     0.223     0.000
    -2.593     2.498     0.000
    -5.768    -3.907     0.000
    -3.961    -5.793     0.000
     2.269     2.734     0.000
     8.492     2.854     0.000
    10.472     0.635     0.000
     7.817     1.604     0.000
     2.847    -2.083     0.000
    -2.831    -3.176     0.000
    -8.635     0.343     0.000
   -12.514     1.606     0.000
   -10.993     1.377     0.000
    -3.145     1.027     0.000
     7.112    -0.357     0.000
    14.264     1.951     0.000
    16.163     6.331     0.000
    14.560     2.379     0.000
    11.549    -3.809     0.000
     7.352     0.256     0.000
     1.873     1.833     0.000
    -3.248    -2.842     0.000
    -5.464    -2.695     0.000
    -4.157     0.225     0.000
    -1.820     0.124     0.000
    -1.951    -3.581     0.000
    -5.395     0.253     0.000
    -8.819     3.558     0.000
    -7.577     1.386     0.000
    -0.787    -1.081     0.000
     6.904    -4.187     0.000
     9.558     1.625     0.000
     5.900    -1.565     0.000
     0.081    -6.522     0.000
    -3.201     2.036     0.000
    -2.995     0.766     0.000
    -1.225    -3.020     0.000
     0.584    -1.490     0.000
     2.090    -0.716     0.000
     2.712     0.327     0.000
     1.663    -1.692     0.000
    -0.290    -1.237     0.000
    -0.821     0.927     0.000
     1.098     0.656     0.000
     3.472     1.007     0.000
     3.466     0.935     0.000
     0.749     1.093     0.000
    -2.544    -0.704     0.000
    -4.873    -0.332     0.000
    -6.723     3.606     0.000
    -8.488     0.813     0.000
    -8.392    -0.857     0.000
    -4.165     0.883     0.000
     3.209    -1.137     0.000
     8.981    -0.425     0.000
     8.645    -0.086     0.000
     2.211    -2.495     0.000
    -5.804    -2.024     0.000
   -10.222    -1.270     0.000
    -8.909    -0.458     0.000
    -3.742    -0.082     0.000
     0.873    -0.332     0.000
     0.918     0.217     0.000
    -4.231    -2.097     0.000
   -10.635    -1.629     0.000
   -12.557     3.032     0.000
    -7.367     2.081     0.000
     2.133    -1.740     0.000
    10.286    -1.416     0.000
    12.925     2.526     0.000
     9.271     1.506     0.000
     1.248    -4.910     0.000
    -7.269    -3.639     0.000
   -11.477     1.553     0.000
    -8.389    -0.098     0.000
     0.008    -2.569     0.000
     7.588     1.344     0.000
     9.389     2.860     0.000
     5.823    -1.465     0.000
     1.175    -2.410     0.000
    -1.124    -0.800     0.000
    -0.762    -0.108     0.000
     0.896    -1.078     0.000
     2.290    -0.714     0.000
     1.808     2.296     0.000
    -1.685     0.717     0.000
    -7.116    -0.031     0.000
   -10.951     3.921     0.000
    -9.953     1.520     0.000
    -4.081    -3.093     0.000
     3.769    -1.486     0.000
    10.220     0.477     0.000
    13.061    -1.808     0.000
    11.465    -1.967     0.000
     6.582     0.586     0.000
     1.662     2.159     0.000
    -0.130     3.277     0.000
     1.215    -0.504     0.000
     2.677     1.177     0.000
     1.909     5.115     0.000
    -0.394     1.071     0.000
    -2.460    -0.437     0.000
    -4.068     2.466     0.000
    -5.744     3.360     0.000
    -6.436    -1.931     0.000
    -4.712     0.102     0.000
    -2.016     3.935     0.000
    -1.835    -2.363     0.000
    -4.476    -2.073     0.000
    -5.143     2.367     0.000
     0.399    -0.975     0.000
     9.456    -4.592     0.000
    14.347    -1.483     0.000
    10.661    -1.664     0.000
     1.842    -2.469     0.000
    -4.844     0.731     0.000
    -5.214    -0.845     0.000
    -0.610     2.168     0.000
     4.768     6.319     0.000
     7.713     1.618     0.000
     8.014    -0.453     0.000
     7.648     3.140     0.000
     7.801     3.672     0.000
     6.523    -0.645     0.000
     0.769    -0.968     0.000
    -8.773     0.435     0.000
   -16.511     0.874     0.000
   -17.294     0.881     0.000
   -11.944     1.509     0.000
    -5.655     6.359     0.000
    -1.724    -2.208     0.000
     0.688    -7.880     0.000
     2.875     5.999     0.000
     3.902     5.143     0.000
     3.188    -3.160     0.000
     2.972    -0.287     0.000
     5.358     1.414     0.000
     8.101     0.857     0.000
     6.419     0.641     0.000
    -0.793     0.624     0.000
    -9.111     0.928     0.000
   -13.693     0.058     0.000
   -13.921    -1.868     0.000
   -11.736     1.902     0.000
    -7.596     3.320     0.000
    -0.862    -1.398     0.000
     6.786    -0.067     0.000
    11.498    -0.000     0.000
    11.543    -3.614     0.000
     9.203    -6.191     0.000
     7.301    -3.407     0.000
     5.805     2.537     0.000
     3.557     0.660     0.000
     1.540    -3.533     0.000
     1.573    -2.962     0.000
     2.251     0.187     0.000
    -0.504    -1.370     0.000
    -7.584    -2.556     0.000
   -13.738    -1.142     0.000
   -12.753    -1.987     0.000
    -4.752     1.340     0.000
     3.629    -0.007     0.000
     6.268    -4.257     0.000
     3.404     0.410     0.000
     0.447     2.570     0.000
     2.155    -0.188     0.000
     8.091    -0.696     0.000
    12.838    -0.563     0.000
    10.700    -0.229     0.000
     1.418    -0.966     0.000
    -8.520    -5.408     0.000
   -11.450    -5.835     0.000
    -6.056     1.087     0.000
     1.509     1.202     0.000
     4.264    -3.937     0.000
     1.035    -3.612     0.000
    -4.025    -1.984     0.000
    -6.844     0.567     0.000
    -6.684     0.475     0.000
    -5.020    -1.042     0.000
    -3.304     1.610     0.000
    -2.042    -0.665     0.000
    -0.666    -1.393     0.000
     1.979     2.637     0.000
     5.687    -0.103     0.000
     7.493    -0.355     0.000
     4.046     2.962     0.000
    -3.745     2.038     0.000
    -9.983     2.253     0.000
    -9.260     2.334     0.000
    -2.267     1.739     0.000
     5.117     3.050     0.000
     7.679    -0.099     0.000
     4.940    -2.772     0.000
     0.162     0.259     0.000
    -2.854     1.818     0.000
    -2.267     0.789     0.000
     0.659    -1.837     0.000
     2.340     1.123     0.000
     0.117     2.483     0.000
    -4.519    -3.425     0.000
    -6.811    -0.210     0.000
    -3.650     1.743     0.000
     3.059     0.985     0.000
     8.244     5.021     0.000
     8.294     0.711     0.000
     3.494     0.250     0.000
    -2.863     5.013     0.000
    -6.706     2.493     0.000
    -5.500    -1.261     0.000
    -0.156    -1.549     0.000
     5.200     1.376     0.000
     6.612    -0.347     0.000
     4.031    -0.437     0.000
     0.905     3.131     0.000
     0.075    -0.634     0.000
     1.073    -3.827     0.000
     1.878    -1.905     0.000
     2.190    -0.258     0.000
     3.675     1.325     0.000
     7.189     0.010     0.000
    10.799    -0.911     0.000
    11.031     1.239     0.000
     6.035    -3.255     0.000
    -2.505    -1.884     0.000
   -10.195     5.497     0.000
   -12.915     1.338     0.000
    -9.782    -2.715     0.000
    -3.797     1.344     0.000
     0.552     3.880     0.000
     0.868    -0.153     0.000
    -1.525    -1.488     0.000
    -3.394    -0.096     0.000
    -3.012    -0.617     0.000
    -1.820     1.161     0.000
    -2.477     0.838     0.000
    -5.295    -0.225     0.000
    -6.996     0.803     0.000
    -3.719    -0.331     0.000
     4.341     0.671     0.000
    11.796     1.830     0.000
    12.517    -2.560     0.000
     5.779    -0.712     0.000
    -2.415     2.512     0.000
    -4.990    -0.717     0.000
    -0.860    -0.703     0.000
     4.150    -0.262     0.000
     3.651    -0.453     0.000
    -2.641    -0.621     0.000
    -8.979    -0.526     0.000
    -9.694     1.557     0.000
    -4.336    -0.120     0.000
     2.826    -3.129     0.000
     7.006     0.487     0.000
     6.130     3.381     0.000
     1.425    -0.979     0.000
    -3.702    -1.725     0.000
    -5.769     0.799     0.000
    -3.768    -0.131     0.000
    -0.062     1.261     0.000
     2.086     0.635     0.000
     2.059    -4.076     0.000
     1.996    -2.932     0.000
     3.213    -0.893     0.000
     4.061    -1.048     0.000
     2.628    -0.202     0.000
     0.360    -1.071     0.000
     0.788    -0.673     0.000
     4.593    -0.267     0.000
     8.001    -2.071     0.000
     7.092    -0.881     0.000
     2.202     1.767     0.000
    -3.292     0.106     0.000
    -7.308    -2.259     0.000
   -10.186     0.967     0.000
   -11.916     4.499     0.000
   -10.774     1.531     0.000
    -5.868    -1.292     0.000
     0.412     1.181     0.000
     4.178     0.718     0.000
     4.003    -3.364     0.000
     1.963    -3.361     0.000
     0.756     0.158     0.000
     0.818    -0.732     0.000
     0.686    -3.677     0.000
    -0.562    -0.112     0.000
    -2.023     0.948     0.000
    -2.142    -0.535     0.000
    -0.744     1.665     0.000
     0.468     0.441     0.000
    -0.333    -1.610     0.000
    -2.828    -0.114     0.000
    -4.392     0.133     0.000
    -2.640    -2.104     0.000
     2.002     2.147     0.000
     6.551     4.353     0.000
     8.146    -2.920     0.000
     6.075    -2.438     0.000
     1.534     1.430     0.000
    -3.584     0.222     0.000
    -7.417    -0.887     0.000
    -8.733     1.129     0.000
    -7.625     1.552     0.000
    -5.259    -2.381     0.000
    -2.260    -0.854     0.000
     2.040     1.526     0.000
     7.856    -0.287     0.000
    12.900    -1.418     0.000
    13.568     0.210     0.000
     8.819     1.267     0.000
     1.957     1.098     0.000
    -2.371     2.302     0.000
    -2.720     1.023     0.000
    -1.798     1.050     0.000
    -2.804     2.671     0.000
    -5.467     1.509     0.000
    -6.225    -0.345     0.000
    -2.357    -0.737     0.000
     4.446    -0.746     0.000
     9.162     0.517     0.000
     8.208     1.833     0.000
     2.796     0.303     0.000
    -2.544     0.717     0.000
    -4.208     2.429     0.000
    -1.893     4.308     0.000
     2.094     3.430     0.000
     4.560    -1.145     0.000
     3.007    -1.974     0.000
    -2.407     1.250     0.000
    -7.884     1.673     0.000
    -8.698    -2.981     0.000
    -4.108    -2.446     0.000
     1.679     1.372     0.000
     4.500     0.302     0.000
     4.682    -2.171     0.000
     4.708    -3.208     0.000
     4.323    -2.128     0.000
     1.382    -1.838     0.000
    -2.842    -0.704     0.000
    -3.476     0.386     0.000
     1.070     0.085     0.000
     5.458     0.504     0.000
     3.733    -2.398     0.000
    -2.824    -1.647     0.000
    -7.601     1.652     0.000
    -7.347    -1.541     0.000
    -5.155    -3.082     0.000
    -4.767    -0.614     0.000
    -5.829     1.302     0.000
    -6.207     1.451     0.000
    -5.623     1.584     0.000
    -4.522     1.222     0.000
    -1.770    -1.738     0.000
     3.360    -0.484     0.000
     8.099     0.853     0.000
     8.261    -0.936     0.000
     3.463     1.118     0.000
    -2.159     1.821     0.000
    -4.710     1.484     0.000
    -4.030     0.510     0.000
    -2.228     0.256     0.000
    -0.981     2.271     0.000
    -1.105    -1.112     0.000
    -2.761    -1.700     0.000
    -4.671    -0.996     0.000
    -4.391    -1.716     0.000
    -0.849     0.122     0.000
     3.981    -1.092     0.000
     6.848     2.511     0.000
     5.979     5.023     0.000
     1.642    -0.367     0.000
    -4.650    -2.934     0.000
   -10.303    -1.697     0.000
   -12.350    -1.163     0.000
    -9.970    -1.859     0.000
    -5.793    -0.307     0.000
    -3.019    -0.337     0.000
    -1.567    -1.529     0.000
     1.262    -1.026     0.000
     6.542     0.000     0.000
    12.096     0.000     0.000
    15.365     0.000     0.000
    15.829     0.000     0.000
    13.787     0.000     0.000
     8.666     0.000     0.000
     0.450     0.000     0.000
    -8.107     0.000     0.000
   -12.574     0.000     0.000
   -10.526     0.000     0.000
    -3.605     0.000     0.000
     3.787     0.000     0.000
     7.461     0.000     0.000
     6.036     0.000     0.000
     1.972     0.000     0.000
    -0.283     0.000     0.000
     1.669     0.000     0.000
     5.763     0.000     0.000
     7.792     0.000     0.000
     5.883     0.000     0.000
     1.687     0.000     0.000
    -2.468     0.000     0.000
    -5.875     0.000     0.000
    -8.506     0.000     0.000
    -9.487     0.000     0.000
    -7.961     0.000     0.000
    -4.456     0.000     0.000
    -0.113     0.000     0.000
     4.781     0.000     0.000
    10.023     0.000     0.000
    13.835     0.000     0.000
    13.997     0.000     0.000
    10.971     0.000     0.000
     7.894     0.000     0.000
     6.448     0.000     0.000
     4.295     0.000     0.000
    -1.606     0.000     0.000
   -10.101     0.000     0.000
   -16.267     0.000     0.000
   -16.535     0.000     0.000
   -11.640     0.000     0.000
    -4.502     0.000     0.000
     2.596     0.000     0.000
     7.822     0.000     0.000
     9.022     0.000     0.000
     5.392     0.000     0.000
    -0.493     0.000     0.000
    -4.200     0.000     0.000
    -3.434     0.000     0.000
     0.118     0.000     0.000
     2.726     0.000     0.000
     1.835     0.000     0.000
    -1.992     0.000     0.000
    -5.227     0.000     0.000
    -4.071     0.000     0.000
     1.383     0.000     0.000
     5.977     0.000     0.000
     4.415     0.000     0.000
    -2.336     0.000     0.000
    -7.577     0.000     0.000
    -6.649     0.000     0.000
    -2.109     0.000     0.000
     0.430     0.000     0.000
    -0.140     0.000     0.000
     0.340     0.000     0.000
     4.961     0.000     0.000
    11.221     0.000     0.000
    13.651     0.000     0.000
     9.544     0.000     0.000
     1.412     0.000     0.000
    -5.326     0.000     0.000
    -6.733     0.000     0.000
    -3.425     0.000     0.000
     0.261     0.000     0.000
     0.704     0.000     0.000
    -1.351     0.000     0.000
    -2.447     0.000     0.000
    -1.175     0.000     0.000
     0.578     0.000     0.000
     1.244     0.000     0.000
     1.875     0.000     0.000
     3.390     0.000     0.000
     3.816     0.000     0.000
     1.060     0.000     0.000
    -2.767     0.000     0.000
    -3.021     0.000     0.000
     0.988     0.000     0.000
     4.182     0.000     0.000
     2.046     0.000     0.000
    -3.133     0.000     0.000
    -4.789     0.000     0.000
    -0.326     0.000     0.000
     5.323     0.000     0.000
     5.186     0.000     0.000
    -1.963     0.000     0.000
   -10.196     0.000     0.000
   -12.540     0.000     0.000
    -7.604     0.000     0.000
    -0.141     0.000     0.000
     4.010     0.000     0.000
     2.815     0.000     0.000
    -1.397     0.000     0.000
    -4.670     0.000     0.000
    -4.209     0.000     0.000
     0.006     0.000     0.000
     5.195     0.000     0.000
     7.676     0.000     0.000
     6.054     0.000     0.000
     2.382     0.000     0.000
    -0.639     0.000     0.000
    -3.014     0.000     0.000
    -6.493     0.000     0.000
   -10.485     0.000     0.000
   -11.006     0.000     0.000
    -5.101     0.000     0.000
     4.992     0.000     0.000
    13.112     0.000     0.000
    14.401     0.000     0.000
     8.941     0.000     0.000
     1.170     0.000     0.000
    -3.656     0.000     0.000
    -3.534     0.000     0.000
    -1.371     0.000     0.000
    -1.772     0.000     0.000
    -5.468     0.000     0.000
    -7.781     0.000     0.000
    -4.293     0.000     0.000
     3.085     0.000     0.000
     7.930     0.000     0.000
     6.914     0.000     0.000
     3.104     0.000     0.000
     0.988     0.000     0.000
     0.587     0.000     0.000
    -1.623     0.000     0.000
    -7.498     0.000     0.000
   -14.513     0.000     0.000
   -17.977     0.000     0.000
   -14.586     0.000     0.000
    -4.612     0.000     0.000
     7.590     0.000     0.000
    15.489     0.000     0.000
    14.939     0.000     0.000
     7.848     0.000     0.000
     0.497     0.000     0.000
    -2.677     0.000     0.000
    -2.669     0.000     0.000
    -3.175     0.000     0.000
    -5.267     0.000     0.000
    -5.993     0.000     0.000
    -2.202     0.000     0.000
     5.000     0.000     0.000
    10.108     0.000     0.000
     7.891     0.000     0.000
    -1.197     0.000     0.000
   -10.540     0.000     0.000
   -12.926     0.000     0.000
    -7.522     0.000     0.000
    -0.843     0.000     0.000
    -0.107     0.000     0.000
    -5.768     0.000     0.000
   -11.225     0.000     0.000
    -9.806     0.000     0.000
    -1.384     0.000     0.000
     8.088     0.000     0.000
    12.516     0.000     0.000
    10.733     0.000     0.000
     6.058     0.000     0.000
     2.179     0.000     0.000
     0.097     0.000     0.000
    -1.417     0.000     0.000
    -3.521     0.000     0.000
    -6.040     0.000     0.000
    -8.029     0.000     0.000
    -8.697     0.000     0.000
    -7.706     0.000     0.000
    -4.953     0.000     0.000
    -0.795     0.000     0.000
     3.597     0.000     0.000
     6.483     0.000     0.000
     6.515     0.000     0.000
     3.751     0.000     0.000
     0.014     0.000     0.000
    -1.944     0.000     0.000
    -0.478     0.000     0.000
     2.960     0.000     0.000
     4.437     0.000     0.000
     1.292     0.000     0.000
    -4.302     0.000     0.000
    -6.551     0.000     0.000
    -1.795     0.000     0.000
     7.307     0.000     0.000
    14.226     0.000     0.000
    14.885     0.000     0.000
    10.592     0.000     0.000
     5.033     0.000     0.000
     0.266     0.000     0.000
    -3.598     0.000     0.000
    -6.450     0.000     0.000
    -7.812     0.000     0.000
    -7.797     0.000     0.000
    -6.667     0.000     0.000
    -3.712     0.000     0.000
     1.515     0.000     0.000
     6.599     0.000     0.000
     7.222     0.000     0.000
     2.152     0.000     0.000
    -4.054     0.000     0.000
    -5.122     0.000     0.000
     0.540     0.000     0.000
     8.587     0.000     0.000
    13.188     0.000     0.000
    11.440     0.000     0.000
     4.221     0.000     0.000
    -5.024     0.000     0.000
   -11.765     0.000     0.000
   -12.710     0.000     0.000
    -8.101     0.000     0.000
    -1.345     0.000     0.000
     4.107     0.000     0.000
     6.991     0.000     0.000
     7.393     0.000     0.000
     5.231     0.000     0.000
     0.725     0.000     0.000
    -4.555     0.000     0.000
    -8.223     0.000     0.000
    -8.759     0.000     0.000
    -5.950     0.000     0.000
    -0.425     0.000     0.000
     6.272     0.000     0.000
    11.703     0.000     0.000
    14.029     0.000     0.000
    13.564     0.000     0.000
    11.861     0.000     0.000
     9.098     0.000     0.000
     3.783     0.000     0.000
    -4.641     0.000     0.000
   -13.408     0.000     0.000
   -17.549     0.000     0.000
   -13.734     0.000     0.000
    -3.510     0.000     0.000
     6.741     0.000     0.000
     9.840     0.000     0.000
     3.612     0.000     0.000
    -6.784     0.000     0.000
   -12.993     0.000     0.000
   -11.005     0.000     0.000
    -3.796     0.000     0.000
     3.360     0.000     0.000
     8.541     0.000     0.000
    12.998     0.000     0.000
    16.905     0.000     0.000
    17.777     0.000     0.000
    13.516     0.000     0.000
     5.309     0.000     0.000
    -2.929     0.000     0.000
    -7.677     0.000     0.000
    -7.895     0.000     0.000
    -5.293     0.000     0.000
    -3.122     0.000     0.000
    -3.764     0.000     0.000
    -6.457     0.000     0.000
    -7.778     0.000     0.000
    -5.156     0.000     0.000
     0.056     0.000     0.000
     4.016     0.000     0.000
     4.417     0.000     0.000
     2.767     0.000     0.000
     2.369     0.000     0.000
     4.539     0.000     0.000
     7.058     0.000     0.000
     6.243     0.000     0.000
     0.576     0.000     0.000
    -7.367     0.000     0.000
   -12.779     0.000     0.000
   -12.415     0.000     0.000
    -7.153     0.000     0.000
    -0.482     0.000     0.000
     4.910     0.000     0.000
     8.449     0.000     0.000
    10.065     0.000     0.000
     8.921     0.000     0.000
     4.744     0.000     0.000
    -0.428     0.000     0.000
    -3.519     0.000     0.000
    -3.367     0.000     0.000
    -1.910     0.000     0.000
    -1.752     0.000     0.000
    -3.420     0.000     0.000
    -5.355     0.000     0.000
    -5.866     0.000     0.000
    -4.401     0.000     0.000
    -1.426     0.000     0.000
     1.939     0.000     0.000
     3.972     0.000     0.000
     3.255     0.000     0.000
    -0.157     0.000     0.000
    -4.259     0.000     0.000
    -6.429     0.000     0.000
    -5.589     0.000     0.000
    -3.189     0.000     0.000
    -1.829     0.000     0.000
    -2.623     0.000     0.000
    -4.006     0.000     0.000
    -3.616     0.000     0.000
    -1.075     0.000     0.000
     1.357     0.000     0.000
     1.305     0.000     0.000
    -1.176     0.000     0.000
    -3.814     0.000     0.000
    -4.391     0.000     0.000
    -2.577     0.000     0.000
    -0.124     0.000     0.000
     0.484     0.000     0.000
    -1.666     0.000     0.000
    -4.186     0.000     0.000
    -3.238     0.000     0.000
     1.916     0.000     0.000
     7.016     0.000     0.000
     7.028     0.000     0.000
     1.822     0.000     0.000
    -4.159     0.000     0.000
    -7.519     0.000     0.000
    -8.759     0.000     0.000
    -9.109     0.000     0.000
    -7.301     0.000     0.000
    -1.824     0.000     0.000
     5.425     0.000     0.000
    10.324     0.000     0.000
    10.936     0.000     0.000
     8.699     0.000     0.000
     5.563     0.000     0.000
     2.209     0.000     0.000
    -0.632     0.000     0.000
    -1.503     0.000     0.000
    -0.082     0.000     0.000
     1.697     0.000     0.000
     1.906     0.000     0.000
     1.108     0.000     0.000
     1.237     0.000     0.000
     2.534     0.000     0.000
     3.065     0.000     0.000
     1.349     0.000     0.000
    -1.634     0.000     0.000
    -3.435     0.000     0.000
    -2.479     0.000     0.000
     0.813     0.000     0.000
     4.526     0.000     0.000
     6.379     0.000     0.000
     5.002     0.000     0.000
     1.077     0.000     0.000
    -2.621     0.000     0.000
    -3.137     0.000     0.000
    -0.078     0.000     0.000
     3.604     0.000     0.000
     4.113     0.000     0.000
     0.470     0.000     0.000
    -4.658     0.000     0.000
    -7.857     0.000     0.000
    -8.087     0.000     0.000
    -6.500     0.000     0.000
    -4.046     0.000     0.000
    -0.699     0.000     0.000
     2.878     0.000     0.000
     4.609     0.000     0.000
     3.066     0.000     0.000
    -0.190     0.000     0.000
    -1.790     0.000     0.000
    -0.064     0.000     0.000
     3.475     0.000     0.000
     6.177     0.000     0.000
     6.799     0.000     0.000
     5.739     0.000     0.000
     3.941     0.000     0.000
     2.578     0.000     0.000
     2.841     0.000     0.000
     4.807     0.000     0.000
     6.415     0.000     0.000
     4.985     0.000     0.000
     0.293     0.000     0.000
    -4.666     0.000     0.000
    -6.504     0.000     0.000
    -4.456     0.000     0.000
    -0.568     0.000     0.000
     2.064     0.000     0.000
     0.660     0.000     0.000
    -5.489     0.000     0.000
   -13.062     0.000     0.000
   -15.685     0.000     0.000
    -9.759     0.000     0.000
     0.448     0.000     0.000
     6.040     0.000     0.000
     3.062     0.000     0.000
    -2.995     0.000     0.000
    -3.551     0.000     0.000
     3.414     0.000     0.000
    11.964     0.000     0.000
    15.003     0.000     0.000
    10.621     0.000     0.000
     2.457     0.000     0.000
    -3.912     0.000     0.000
    -4.886     0.000     0.000
    -1.270     0.000     0.000
     2.458     0.000     0.000
     2.585     0.000     0.000
    -0.112     0.000     0.000
    -1.962     0.000     0.000
    -1.700     0.000     0.000
    -1.864     0.000     0.000
    -4.386     0.000     0.000
    -7.218     0.000     0.000
    -7.065     0.000     0.000
    -3.788     0.000     0.000
     0.063     0.000     0.000
     3.119     0.000     0.000
     5.946     0.000     0.000
     8.449     0.000     0.000
     8.826     0.000     0.000
     6.103     0.000     0.000
     2.091     0.000     0.000
    -0.459     0.000     0.000
    -0.961     0.000     0.000
    -1.276     0.000     0.000
    -3.149     0.000     0.000
    -5.884     0.000     0.000
    -6.974     0.000     0.000
    -4.787     0.000     0.000
    -0.799     0.000     0.000
     1.504     0.000     0.000
     0.396     0.000     0.000
    -2.052     0.000     0.000
    -2.679     0.000     0.000
    -1.408     0.000     0.000
    -1.005     0.000     0.000
    -2.569     0.000     0.000
    -3.633     0.000     0.000
    -1.838     0.000     0.000
     0.991     0.000     0.000
     0.867     0.000     0.000
    -2.605     0.000     0.000
    -4.813     0.000     0.000
    -1.442     0.000     0.000
     6.102     0.000     0.000
    11.807     0.000     0.000
    11.210     0.000     0.000
     5.352     0.000     0.000
    -0.956     0.000     0.000
    -3.991     0.000     0.000
    -3.876     0.000     0.000
    -3.249     0.000     0.000
    -4.015     0.000     0.000
    -5.572     0.000     0.000
    -5.875     0.000     0.000
    -3.744     0.000     0.000
     0.137     0.000     0.000
     4.113     0.000     0.000
     7.029     0.000     0.000
     8.523     0.000     0.000
     8.446     0.000     0.000
     6.675     0.000     0.000
     3.497     0.000     0.000
    -0.372     0.000     0.000
    -4.276     0.000     0.000
    -7.697     0.000     0.000
    -9.667     0.000     0.000
    -8.926     0.000     0.000
    -5.279     0.000     0.000
    -0.586     0.000     0.000
     2.462     0.000     0.000
     2.784     0.000     0.000
     1.807     0.000     0.000
     1.953     0.000     0.000
     4.464     0.000     0.000
     8.264     0.000     0.000
    10.268     0.000     0.000
     7.235     0.000     0.000
    -1.089     0.000     0.000
   -10.177     0.000     0.000
   -13.435     0.000     0.000
    -8.169     0.000     0.000
     1.499     0.000     0.000
     8.686     0.000     0.000
    10.388     0.000     0.000
     9.053     0.000     0.000
     8.075     0.000     0.000
     7.610     0.000     0.000
     5.564     0.000     0.000
     1.192     0.000     0.000
    -3.685     0.000     0.000
    -6.564     0.000     0.000
    -6.350     0.000     0.000
    -3.911     0.000     0.000
    -1.494     0.000     0.000
    -1.235     0.000     0.000
    -3.133     0.000     0.000
    -4.429     0.000     0.000
    -2.053     0.000     0.000
     3.878     0.000     0.000
     9.648     0.000     0.000
    11.338     0.000     0.000
     8.171     0.000     0.000
     2.542     0.000     0.000
    -2.308     0.000     0.000
    -4.335     0.000     0.000
    -3.655     0.000     0.000
    -2.488     0.000     0.000
    -3.535     0.000     0.000
    -7.177     0.000     0.000
   -10.519     0.000     0.000
   -10.239     0.000     0.000
    -6.240     0.000     0.000
    -1.441     0.000     0.000
     1.823     0.000     0.000
     3.661     0.000     0.000
     4.600     0.000     0.000
     3.727     0.000     0.000
     0.352     0.000     0.000
    -3.612     0.000     0.000
    -5.180     0.000     0.000
    -4.133     0.000     0.000
    -3.274     0.000     0.000
    -4.205     0.000     0.000
    -4.789     0.000     0.000
    -2.464     0.000     0.000
     1.172     0.000     0.000
     1.686     0.000     0.000
    -2.151     0.000     0.000
    -5.822     0.000     0.000
    -4.058     0.000     0.000
     2.797     0.000     0.000
     9.038     0.000     0.000
     9.780     0.000     0.000
     5.275     0.000     0.000
    -0.801     0.000     0.000
    -5.360     0.000     0.000
    -7.108     0.000     0.000
    -5.591     0.000     0.000
    -1.236     0.000     0.000
     3.722     0.000     0.000
     6.262     0.000     0.000
     5.319     0.000     0.000
     2.544     0.000     0.000
    -0.163     0.000     0.000
    -2.640     0.000     0.000
    -5.152     0.000     0.000
    -6.345     0.000     0.000
    -4.464     0.000     0.000
    -0.226     0.000     0.000
     3.328     0.000     0.000
     4.315     0.000     0.000
     3.887     0.000     0.000
     3.955     0.000     0.000
     4.381     0.000     0.000
     3.622     0.000     0.000
     1.357     0.000     0.000
    -0.824     0.000     0.000
    -1.267     0.000     0.000
     0.156     0.000     0.000
     2.053     0.000     0.000
     2.466     0.000     0.000
     0.351     0.000     0.000
    -2.912     0.000     0.000
    -4.074     0.000     0.000
    -1.475     0.000     0.000
     2.300     0.000     0.000
     3.045     0.000     0.000
     0.237     0.000     0.000
    -2.258     0.000     0.000
    -1.592     0.000     0.000
     0.188     0.000     0.000
    -0.449     0.000     0.000
    -2.825     0.000     0.000
    -2.609     0.000     0.000
     2.137     0.000     0.000
     7.988     0.000     0.000
    10.094     0.000     0.000
     7.191     0.000     0.000
     1.856     0.000     0.000
    -2.648     0.000     0.000
    -4.435     0.000     0.000
    -3.229     0.000     0.000
    -0.464     0.000     0.000
     1.126     0.000     0.000
    -0.410     0.000     0.000
    -4.167     0.000     0.000
    -7.086     0.000     0.000
    -6.931     0.000     0.000
    -3.965     0.000     0.000
    -0.114     0.000     0.000
     2.509     0.000     0.000
     2.515     0.000     0.000
     0.169     0.000     0.000
    -2.162     0.000     0.000
    -1.853     0.000     0.000
     0.733     0.000     0.000
     1.919     0.000     0.000
    -1.211     0.000     0.000
    -6.797     0.000     0.000
    -9.543     0.000     0.000
    -6.135     0.000     0.000
     1.421     0.000     0.000
     7.688     0.000     0.000
     8.208     0.000     0.000
     2.430     0.000     0.000
    -6.129     0.000     0.000
   -11.929     0.000     0.000
   -11.130     0.000     0.000
    -4.822     0.000     0.000
     1.486     0.000     0.000
     2.727     0.000     0.000
    -0.991     0.000     0.000
    -4.870     0.000     0.000
    -4.565     0.000     0.000
    -0.260     0.000     0.000
     4.224     0.000     0.000
     5.480     0.000     0.000
     3.087     0.000     0.000
    -0.768     0.000     0.000
    -3.095     0.000     0.000
    -1.758     0.000     0.000
     3.376     0.000     0.000
    10.253     0.000     0.000
    15.931     0.000     0.000
    18.411     0.000     0.000
    17.109     0.000     0.000
    12.162     0.000     0.000
     4.343     0.000     0.000
    -3.864     0.000     0.000
    -8.657     0.000     0.000
    -7.958     0.000     0.000
    -3.810     0.000     0.000
    -0.482     0.000     0.000
    -0.028     0.000     0.000
    -0.615     0.000     0.000
     0.662     0.000     0.000
     4.526     0.000     0.000
     9.104     0.000     0.000
    11.628     0.000     0.000
     9.951     0.000     0.000
     3.827     0.000     0.000
    -3.964     0.000     0.000
    -8.676     0.000     0.000
    -7.573     0.000     0.000
    -2.850     0.000     0.000
     0.634     0.000     0.000
     0.641     0.000     0.000
    -1.054     0.000     0.000
    -2.379     0.000     0.000
    -3.956     0.000     0.000
    -6.960     0.000     0.000
    -9.602     0.000     0.000
    -8.209     0.000     0.000
    -1.995     0.000     0.000
     4.974     0.000     0.000
     7.412     0.000     0.000
     3.984     0.000     0.000
    -1.674     0.000     0.000
    -4.414     0.000     0.000
    -1.971     0.000     0.000
     3.297     0.000     0.000
     6.496     0.000     0.000
     4.527     0.000     0.000
    -0.954     0.000     0.000
    -4.943     0.000     0.000
    -3.958     0.000     0.000
     0.605     0.000     0.000
     4.043     0.000     0.000
     3.404     0.000     0.000
     0.594     0.000     0.000
     0.205     0.000     0.000
     4.344     0.000     0.000
     9.970     0.000     0.000
    11.650     0.000     0.000
     6.918     0.000     0.000
    -1.392     0.000     0.000
    -7.810     0.000     0.000
    -8.950     0.000     0.000
    -5.646     0.000     0.000
    -1.490     0.000     0.000
     0.138     0.000     0.000
    -1.642     0.000     0.000
    -4.721     0.000     0.000
    -5.759     0.000     0.000
    -3.315     0.000     0.000
     0.435     0.000     0.000
     1.796     0.000     0.000
    -0.597     0.000     0.000
    -4.402     0.000     0.000
    -6.159     0.000     0.000
    -4.620     0.000     0.000
    -1.373     0.000     0.000
     0.961     0.000     0.000
     0.663     0.000     0.000
    -2.042     0.000     0.000
    -4.859     0.000     0.000
    -4.557     0.000     0.000
     0.394     0.000     0.000
     7.820     0.000     0.000
    12.911     0.000     0.000
    12.055     0.000     0.000
     5.971     0.000     0.000
    -0.944     0.000     0.000
    -4.524     0.000     0.000
    -4.257     0.000     0.000
    -2.884     0.000     0.000
    -2.712     0.000     0.000
    -3.018     0.000     0.000
    -1.652     0.000     0.000
     1.319     0.000     0.000
     2.911     0.000     0.000
     0.622     0.000     0.000
    -4.377     0.000     0.000
    -8.150     0.000     0.000
    -7.570     0.000     0.000
    -2.680     0.000     0.000
     3.498     0.000     0.000
     6.658     0.000     0.000
     3.955     0.000     0.000
    -3.044     0.000     0.000
    -8.383     0.000     0.000
    -6.756     0.000     0.000
     0.707     0.000     0.000
     7.038     0.000     0.000
     6.698     0.000     0.000
     1.269     0.000     0.000
    -3.000     0.000     0.000
    -2.246     0.000     0.000
     1.699     0.000     0.000
     4.342     0.000     0.000
     3.087     0.000     0.000
    -1.257     0.000     0.000
    -5.818     0.000     0.000
    -7.594     0.000     0.000
    -5.150     0.000     0.000
     0.284     0.000     0.000
     5.292     0.000     0.000
     6.755     0.000     0.000
     4.328     0.000     0.000
     0.596     0.000     0.000
    -1.231     0.000     0.000
     0.016     0.000     0.000
     2.699     0.000     0.000
     4.020     0.000     0.000
     2.575     0.000     0.000
    -0.467     0.000     0.000
    -2.612     0.000     0.000
    -2.183     0.000     0.000
     0.569     0.000     0.000
     3.928     0.000     0.000
     5.778     0.000     0.000
     4.705     0.000     0.000
     1.020     0.000     0.000
    -3.087     0.000     0.000
    -5.159     0.000     0.000
    -4.609     0.000     0.000
    -2.971     0.000     0.000
    -1.748     0.000     0.000
    -0.811     0.000     0.000
     0.693     0.000     0.000
     2.547     0.000     0.000
     3.436     0.000     0.000
     2.459     0.000     0.000
    -0.088     0.000     0.000
    -3.255     0.000     0.000
    -5.900     0.000     0.000
    -6.760     0.000     0.000
    -5.031     0.000     0.000
    -1.646     0.000     0.000
     0.752     0.000     0.000
     0.001     0.000     0.000
    -3.330     0.000     0.000
    -6.259     0.000     0.000
    -6.037     0.000     0.000
    -2.496     0.000     0.000
     1.889     0.000     0.000
     3.877     0.000     0.000
     2.071     0.000     0.000
    -1.741     0.000     0.000
    -3.898     0.000     0.000
    -2.240     0.000     0.000
     1.644     0.000     0.000
     4.038     0.000     0.000
     3.107     0.000     0.000
     0.735     0.000     0.000
     0.184     0.000     0.000
     2.451     0.000     0.000
     5.671     0.000     0.000
     7.390     0.000     0.000
     6.591     0.000     0.000
     3.650     0.000     0.000
    -0.500     0.000     0.000
    -4.596     0.000     0.000
    -7.134     0.000     0.000
    -7.063     0.000     0.000
    -4.429     0.000     0.000
    -0.277     0.000     0.000
     3.938     0.000     0.000
     6.552     0.000     0.000
     6.136     0.000     0.000
     2.730     0.000     0.000
    -1.371     0.000     0.000
    -3.033     0.000     0.000
    -1.144     0.000     0.000
     2.133     0.000     0.000
     3.358     0.000     0.000
     0.998     0.000     0.000
    -3.186     0.000     0.000
    -5.699     0.000     0.000
    -4.262     0.000     0.000
     0.204     0.000     0.000
     4.205     0.000     0.000
     4.744     0.000     0.000
     2.144     0.000     0.000
    -0.499     0.000     0.000
    -0.850     0.000     0.000
     0.243     0.000     0.000
     0.449     0.000     0.000
    -0.806     0.000     0.000
    -1.924     0.000     0.000
    -1.640     0.000     0.000
    -0.502     0.000     0.000
     0.417     0.000     0.000
     0.975     0.000     0.000
     1.384     0.000     0.000
     1.286     0.000     0.000
     0.494     0.000     0.000
     0.102     0.000     0.000
     1.614     0.000     0.000
     4.971     0.000     0.000
     8.171     0.000     0.000
     8.839     0.000     0.000
     5.907     0.000     0.000
     0.404     0.000     0.000
    -4.539     0.000     0.000
    -5.187     0.000     0.000
    -0.386     0.000     0.000
     6.328     0.000     0.000
     9.077     0.000     0.000
     4.970     0.000     0.000
    -3.259     0.000     0.000
   -10.011     0.000     0.000
   -11.522     0.000     0.000
    -7.881     0.000     0.000
    -1.929     0.000     0.000
     2.751     0.000     0.000
     3.842     0.000     0.000
     1.728     0.000     0.000
    -0.893     0.000     0.000
    -1.595     0.000     0.000
    -0.290     0.000     0.000
     1.592     0.000     0.000
     3.162     0.000     0.000
     4.234     0.000     0.000
     4.109     0.000     0.000
     1.879     0.000     0.000
    -1.686     0.000     0.000
    -4.076     0.000     0.000
    -3.454     0.000     0.000
    -0.474     0.000     0.000
     2.624     0.000     0.000
     3.901     0.000     0.000
     2.600     0.000     0.000
    -0.497     0.000     0.000
    -2.908     0.000     0.000
    -2.048     0.000     0.000
     1.919     0.000     0.000
     5.435     0.000     0.000
     5.117     0.000     0.000
     1.228     0.000     0.000
    -3.538     0.000     0.000
    -7.626     0.000     0.000
   -10.936     0.000     0.000
   -12.211     0.000     0.000
    -9.170     0.000     0.000
    -2.462     0.000     0.000
     3.126     0.000     0.000
     3.443     0.000     0.000
     0.116     0.000     0.000
    -1.227     0.000     0.000
     2.386     0.000     0.000
     8.085     0.000     0.000
    10.602     0.000     0.000
     7.480     0.000     0.000
     0.746     0.000     0.000
    -5.166     0.000     0.000
    -6.499     0.000     0.000
    -2.884     0.000     0.000
     2.116     0.000     0.000
     3.851     0.000     0.000
     1.007     0.000     0.000
    -3.100     0.000     0.000
    -4.271     0.000     0.000
    -1.996     0.000     0.000
     0.464     0.000     0.000
     0.036     0.000     0.000
    -2.956     0.000     0.000
    -5.757     0.000     0.000
    -6.172     0.000     0.000
    -4.214     0.000     0.000
    -1.320     0.000     0.000
     1.334     0.000     0.000
     3.514     0.000     0.000
     5.181     0.000     0.000
     5.635     0.000     0.000
     3.982     0.000     0.000
     0.724     0.000     0.000
    -2.091     0.000     0.000
    -2.724     0.000     0.000
    -1.534     0.000     0.000
    -0.339     0.000     0.000
    -0.335     0.000     0.000
    -1.336     0.000     0.000
    -2.711     0.000     0.000
    -3.849     0.000     0.000
    -3.578     0.000     0.000
    -0.316     0.000     0.000
     5.814     0.000     0.000
    11.584     0.000     0.000
    12.527     0.000     0.000
     6.917     0.000     0.000
    -2.146     0.000     0.000
    -8.797     0.000     0.000
    -8.899     0.000     0.000
    -3.151     0.000     0.000
     3.602     0.000     0.000
     6.283     0.000     0.000
     3.226     0.000     0.000
    -3.125     0.000     0.000
    -8.468     0.000     0.000
    -9.487     0.000     0.000
    -5.557     0.000     0.000
     0.970     0.000     0.000
     6.061     0.000     0.000
     6.928     0.000     0.000
     4.556     0.000     0.000
     2.793     0.000     0.000
     4.087     0.000     0.000
     6.725     0.000     0.000
     6.959     0.000     0.000
     3.235     0.000     0.000
    -2.554     0.000     0.000
    -7.317     0.000     0.000
    -8.911     0.000     0.000
    -6.597     0.000     0.000
    -1.399     0.000     0.000
     3.571     0.000     0.000
     4.946     0.000     0.000
     2.625     0.000     0.000
     0.304     0.000     0.000
     1.133     0.000     0.000
     3.620     0.000     0.000
     3.433     0.000     0.000
    -1.019     0.000     0.000
    -6.474     0.000     0.000
    -8.594     0.000     0.000
    -6.535     0.000     0.000
    -3.056     0.000     0.000
    -1.023     0.000     0.000
    -0.750     0.000     0.000
    -0.427     0.000     0.000
     1.577     0.000     0.000
     4.910     0.000     0.000
     7.358     0.000     0.000
     6.740     0.000     0.000
     2.850     0.000     0.000
    -2.397     0.000     0.000
    -6.361     0.000     0.000
    -7.079     0.000     0.000
    -4.068     0.000     0.000
     0.975     0.000     0.000
     4.374     0.000     0.000
     3.119     0.000     0.000
    -1.620     0.000     0.000
    -4.826     0.000     0.000
    -2.971     0.000     0.000
     1.528     0.000     0.000
     3.059     0.000     0.000
    -0.265     0.000     0.000
    -4.393     0.000     0.000
    -4.619     0.000     0.000
    -1.126     0.000     0.000
     2.082     0.000     0.000
     2.280     0.000     0.000
     0.180     0.000     0.000
    -2.157     0.000     0.000
    -3.514     0.000     0.000
    -3.471     0.000     0.000
    -2.300     0.000     0.000
    -1.394     0.000     0.000
    -2.134     0.000     0.000
    -3.611     0.000     0.000
    -3.145     0.000     0.000
    -0.103     0.000     0.000
     2.517     0.000     0.000
     2.114     0.000     0.000
     0.330     0.000     0.000
     0.595     0.000     0.000
     2.551     0.000     0.000
     2.334     0.000     0.000
    -1.202     0.000     0.000
    -3.954     0.000     0.000
    -2.243     0.000     0.000
     1.598     0.000     0.000
     2.373     0.000     0.000
    -0.432     0.000     0.000
    -1.884     0.000     0.000
     1.613     0.000     0.000
     7.573     0.000     0.000
    10.752     0.000     0.000
     8.989     0.000     0.000
     4.183     0.000     0.000
    -0.785     0.000     0.000
    -3.928     0.000     0.000
    -3.909     0.000     0.000
    -0.370     0.000     0.000
     4.751     0.000     0.000
     7.965     0.000     0.000
     6.994     0.000     0.000
     2.524     0.000     0.000
    -2.735     0.000     0.000
    -6.042     0.000     0.000
    -5.949     0.000     0.000
    -3.027     0.000     0.000
     0.230     0.000     0.000
     1.307     0.000     0.000
    -0.007     0.000     0.000
    -1.549     0.000     0.000
    -1.618     0.000     0.000
    -0.861     0.000     0.000
    -0.675     0.000     0.000
    -0.851     0.000     0.000
    -0.303     0.000     0.000
     0.376     0.000     0.000
    -0.931     0.000     0.000
    -4.497     0.000     0.000
    -7.201     0.000     0.000
    -5.523     0.000     0.000
     0.257     0.000     0.000
     6.029     0.000     0.000
     7.939     0.000     0.000
     5.583     0.000     0.000
     1.272     0.000     0.000
    -2.552     0.000     0.000
    -4.411     0.000     0.000
    -3.341     0.000     0.000
     0.686     0.000     0.000
     5.677     0.000     0.000
     8.130     0.000     0.000
     5.971     0.000     0.000
     0.835     0.000     0.000
    -3.394     0.000     0.000
    -4.316     0.000     0.000
    -2.676     0.000     0.000
    -0.558     0.000     0.000
     0.995     0.000     0.000
     2.021     0.000     0.000
     2.598     0.000     0.000
     2.615     0.000     0.000
     2.038     0.000     0.000
     0.471     0.000     0.000
    -2.840     0.000     0.000
    -7.253     0.000     0.000
    -9.568     0.000     0.000
    -6.661     0.000     0.000
     0.285     0.000     0.000
     5.964     0.000     0.000
     6.609     0.000     0.000
     3.998     0.000     0.000
     2.469     0.000     0.000
     3.181     0.000     0.000
     3.475     0.000     0.000
     1.458     0.000     0.000
    -1.186     0.000     0.000
    -1.642     0.000     0.000
     0.511     0.000     0.000
     3.221     0.000     0.000
     4.362     0.000     0.000
     3.137     0.000     0.000
     0.041     0.000     0.000
    -3.356     0.000     0.000
    -4.990     0.000     0.000
    -3.797     0.000     0.000
    -0.703     0.000     0.000
     2.353     0.000     0.000
     4.194     0.000     0.000
     4.787     0.000     0.000
     4.426     0.000     0.000
     3.313     0.000     0.000
     1.774     0.000     0.000
     0.178     0.000     0.000
    -1.376     0.000     0.000
    -2.891     0.000     0.000
    -4.244     0.000     0.000
    -5.502     0.000     0.000
    -6.885     0.000     0.000
    -7.685     0.000     0.000
    -5.965     0.000     0.000
    -0.675     0.000     0.000
     6.083     0.000     0.000
    10.273     0.000     0.000
     9.678     0.000     0.000
     5.445     0.000     0.000
    -0.050     0.000     0.000
    -5.245     0.000     0.000
    -8.846     0.000     0.000
    -9.176     0.000     0.000
    -5.883     0.000     0.000
    -1.496     0.000     0.000
     0.460     0.000     0.000
    -1.099     0.000     0.000
    -4.196     0.000     0.000
    -6.249     0.000     0.000
    -5.972     0.000     0.000
    -3.261     0.000     0.000
     0.979     0.000     0.000
     4.550     0.000     0.000
     5.055     0.000     0.000
     2.458     0.000     0.000
    -0.278     0.000     0.000
    -0.173     0.000     0.000
     2.517     0.000     0.000
     4.789     0.000     0.000
     4.301     0.000     0.000
     1.455     0.000     0.000
    -1.763     0.000     0.000
    -3.991     0.000     0.000
    -5.218     0.000     0.000
    -5.756     0.000     0.000
    -5.168     0.000     0.000
    -2.608     0.000     0.000
     1.660     0.000     0.000
     5.458     0.000     0.000
     6.241     0.000     0.000
     3.869     0.000     0.000
     1.188     0.000     0.000
     1.195     0.000     0.000
     3.774     0.000     0.000
     6.039     0.000     0.000
     5.766     0.000     0.000
     3.581     0.000     0.000
     1.589     0.000     0.000
     0.803     0.000     0.000
     0.641     0.000     0.000
     0.314     0.000     0.000
    -0.347     0.000     0.000
    -1.295     0.000     0.000
    -2.620     0.000     0.000
    -3.981     0.000     0.000
    -4.325     0.000     0.000
    -2.808     0.000     0.000
     0.106     0.000     0.000
     2.899     0.000     0.000
     4.354     0.000     0.000
     4.357     0.000     0.000
     3.432     0.000     0.000
     2.043     0.000     0.000
     0.499     0.000     0.000
    -0.837     0.000     0.000
    -1.758     0.000     0.000
    -2.477     0.000     0.000
    -3.303     0.000     0.000
    -4.167     0.000     0.000
    -4.909     0.000     0.000
    -5.861     0.000     0.000
    -7.415     0.000     0.000
    -8.749     0.000     0.000
    -7.976     0.000     0.000
    -4.346     0.000     0.000
     0.092     0.000     0.000
     2.153     0.000     0.000
     1.025     0.000     0.000
    -0.766     0.000     0.000
    -0.430     0.000     0.000
     1.719     0.000     0.000
     2.782     0.000     0.000
     1.005     0.000     0.000
    -2.023     0.000     0.000
    -3.215     0.000     0.000
    -1.475     0.000     0.000
     1.273     0.000     0.000
     2.330     0.000     0.000
     0.824     0.000     0.000
    -2.068     0.000     0.000
    -4.703     0.000     0.000
    -6.009     0.000     0.000
    -5.223     0.000     0.000
    -1.864     0.000     0.000
     3.300     0.000     0.000
     7.877     0.000     0.000
     9.480     0.000     0.000
     7.881     0.000     0.000
     4.927     0.000     0.000
     2.310     0.000     0.000
     0.118     0.000     0.000
    -2.306     0.000     0.000
    -4.933     0.000     0.000
    -7.075     0.000     0.000
    -8.176     0.000     0.000
    -7.867     0.000     0.000
    -5.677     0.000     0.000
    -1.554     0.000     0.000
     3.396     0.000     0.000
     7.364     0.000     0.000
     9.100     0.000     0.000
     8.381     0.000     0.000
     5.625     0.000     0.000
     1.807     0.000     0.000
    -1.417     0.000     0.000
    -2.587     0.000     0.000
    -1.834     0.000     0.000
    -0.760     0.000     0.000
    -0.705     0.000     0.000
    -1.740     0.000     0.000
    -3.339     0.000     0.000
    -4.884     0.000     0.000
    -5.097     0.000     0.000
    -2.306     0.000     0.000
     3.516     0.000     0.000
     9.678     0.000     0.000
    12.967     0.000     0.000
    12.543     0.000     0.000
     9.697     0.000     0.000
     5.449     0.000     0.000
     0.070     0.000     0.000
    -5.204     0.000     0.000
    -8.072     0.000     0.000
    -7.610     0.000     0.000
    -5.389     0.000     0.000
    -3.141     0.000     0.000
    -0.546     0.000     0.000
     3.269     0.000     0.000
     7.006     0.000     0.000
     7.887     0.000     0.000
     5.106     0.000     0.000
     1.096     0.000     0.000
    -1.093     0.000     0.000
    -0.602     0.000     0.000
     1.354     0.000     0.000
     3.124     0.000     0.000
     3.393     0.000     0.000
     1.449     0.000     0.000
    -1.939     0.000     0.000
    -4.327     0.000     0.000
    -3.656     0.000     0.000
    -0.743     0.000     0.000
     1.365     0.000     0.000
     1.003     0.000     0.000
    -0.048     0.000     0.000
     1.037     0.000     0.000
     4.198     0.000     0.000
     6.137     0.000     0.000
     4.204     0.000     0.000
    -0.233     0.000     0.000
    -3.091     0.000     0.000
    -2.043     0.000     0.000
     1.035     0.000     0.000
     2.313     0.000     0.000
     0.185     0.000     0.000
    -3.313     0.000     0.000
    -5.073     0.000     0.000
    -4.199     0.000     0.000
    -2.329     0.000     0.000
    -1.160     0.000     0.000
    -0.566     0.000     0.000
     0.458     0.000     0.000
     1.736     0.000     0.000
     1.875     0.000     0.000
     0.469     0.000     0.000
    -0.691     0.000     0.000
     0.481     0.000     0.000
     3.557     0.000     0.000
     5.651     0.000     0.000
     4.514     0.000     0.000
     0.902     0.000     0.000
    -2.430     0.000     0.000
    -3.480     0.000     0.000
    -2.291     0.000     0.000
    -0.204     0.000     0.000
     1.223     0.000     0.000
     0.798     0.000     0.000
    -1.546     0.000     0.000
    -4.061     0.000     0.000
    -4.157     0.000     0.000
    -1.025     0.000     0.000
     3.000     0.000     0.000
     4.556     0.000     0.000
     2.780     0.000     0.000
    -0.063     0.000     0.000
    -1.595     0.000     0.000
    -1.963     0.000     0.000
    -2.797     0.000     0.000
    -4.390     0.000     0.000
    -5.309     0.000     0.000
    -4.802     0.000     0.000
    -4.160     0.000     0.000
    -4.925     0.000     0.000
    -6.621     0.000     0.000
    -7.281     0.000     0.000
    -5.722     0.000     0.000
    -2.371     0.000     0.000
     1.613     0.000     0.000
     4.702     0.000     0.000
     4.861     0.000     0.000
     1.092     0.000     0.000
    -4.234     0.000     0.000
    -6.504     0.000     0.000
    -3.896     0.000     0.000
    -0.073     0.000     0.000
     0.091     0.000     0.000
    -3.180     0.000     0.000
    -4.810     0.000     0.000
    -1.508     0.000     0.000
     4.104     0.000     0.000
     6.961     0.000     0.000
     5.338     0.000     0.000
     1.698     0.000     0.000
    -0.896     0.000     0.000
    -1.452     0.000     0.000
    -0.746     0.000     0.000
    -0.135     0.000     0.000
    -0.641     0.000     0.000
    -1.795     0.000     0.000
    -1.306     0.000     0.000
     2.740     0.000     0.000
     8.907     0.000     0.000
    12.754     0.000     0.000
    10.984     0.000     0.000
     4.681     0.000     0.000
    -1.909     0.000     0.000
    -5.173     0.000     0.000
    -4.470     0.000     0.000
    -1.740     0.000     0.000
     0.309     0.000     0.000
     0.195     0.000     0.000
    -1.146     0.000     0.000
    -1.270     0.000     0.000
     1.196     0.000     0.000
     4.940     0.000     0.000
     7.238     0.000     0.000
     6.522     0.000     0.000
     3.356     0.000     0.000
    -0.500     0.000     0.000
    -3.269     0.000     0.000
    -3.956     0.000     0.000
    -3.071     0.000     0.000
    -2.601     0.000     0.000
    -4.129     0.000     0.000
    -6.775     0.000     0.000
    -7.809     0.000     0.000
    -5.646     0.000     0.000
    -1.489     0.000     0.000
     2.346     0.000     0.000
     4.891     0.000     0.000
     6.627     0.000     0.000
     7.903     0.000     0.000
     8.251     0.000     0.000
     7.224     0.000     0.000
     4.934     0.000     0.000
     1.652     0.000     0.000
    -2.307     0.000     0.000
    -5.929     0.000     0.000
    -7.367     0.000     0.000
    -5.295     0.000     0.000
    -0.505     0.000     0.000
     4.319     0.000     0.000
     6.624     0.000     0.000
     5.892     0.000     0.000
     3.471     0.000     0.000
     0.931     0.000     0.000
    -1.062     0.000     0.000
    -2.444     0.000     0.000
    -3.201     0.000     0.000
    -3.574     0.000     0.000
    -4.228     0.000     0.000
    -5.260     0.000     0.000
    -5.320     0.000     0.000
    -2.609     0.000     0.000
     2.662     0.000     0.000
     7.599     0.000     0.000
     9.039     0.000     0.000
     6.412     0.000     0.000
     1.904     0.000     0.000
    -1.706     0.000     0.000
    -2.913     0.000     0.000
    -1.841     0.000     0.000
     0.089     0.000     0.000
     0.970     0.000     0.000
    -0.297     0.000     0.000
    -3.048     0.000     0.000
    -5.403     0.000     0.000
    -5.791     0.000     0.000
    -3.815     0.000     0.000
    -0.218     0.000     0.000
     3.311     0.000     0.000
     4.769     0.000     0.000
     3.563     0.000     0.000
     1.620     0.000     0.000
     1.429     0.000     0.000
     2.617     0.000     0.000
     2.031     0.000     0.000
    -1.832     0.000     0.000
    -5.930     0.000     0.000
    -7.689     0.000     0.000
    -7.689     0.000     0.000
