********************************************************************************
                       INSTITUTO DE INGENIERIA, UNAM
                   Coordinacion de Instrumentacion Sismica
  Ciudad Universitaria, Apartado Postal 70-472, Coyoacan 04510, Mexico, D.F.
 Tel.(52-5)622-3414    Fax.(52-5)616-1514    e-mail: isismica@pumas.iingen.unam.mx
**************************************************************************************
ARCHIVO ESTANDAR DE ACELERACION:
VERSION DEL FORMATO                    : 2.0
NOMBRE DEL ARCHIVO                     : ACAZ9607.191
FECHA Y HORA DE CREACION               : Tue Nov 26 13:55:48 1996
REF. CATALOGO ACELEROGRAMAS, SMIS 1995 : REGISTRO NO.      /PAG.    


================================================================================
DATOS DE LA ESTACION:
NOMBRE DE LA ESTACION                  : ACAPULCO LA ZANJA
CLAVE DE LA ESTACION                   : ACAZ
LOCALIZACION DE LA ESTACION            : ESCUELA PRIMARIA EN EL EJIDO LA ZANJA, CERCA DEL
                                       : ENTRONQUE CON LA AUTOPISTA PUERTO MARQUEZ-MEXICO
                                       : Y COMO A 5KM DEL AEROPUERTO. ACAPULCO, GUERRERO.
                                       : 
                                       : 
COORDENADAS DE LA ESTACION             : 16.788528 LAT. N
                                       : 99.790152 LONG. W
ALTITUD (msnm)                         : 10
TIPO DE SUELO                          : DEPOSITO BARRA
                                       : 
                                       : 
INSTITUCION RESPONSABLE                : INSTITUTO DE INGENIERIA UNAM 
                                       : 

================================================================================
DATOS DEL ACELEROGRAFO: 
MODELO DEL ACELEROGRAFO                : DCA-333
NUMERO DE SERIE DEL ACELEROGRAFO       : 114
NUMERO DE CANALES                      : 3
ORIENTACION C1-C6 (rumbo;orientacion)  : /V/N90E/N00E
ORIENTACION C7-C12 (rumbo;orientacion) :
VEL. DE MUESTREO, C1-C6 (muestras/s)   : /100/100/100
VEL. DE MUESTREO, C7-C12 (muestras/s)  :
ESC. COMPLETA DE SENSORES, C1-C6, (g)  : /2/2/2
ESC. COMPLETA DE SENSORES, C7-C12 (g)  :
FREC. NAT. DE SENSORES, C1-C6, (Hz)    : /30.0/30.0/30.0
FREC. NAT. DE SENSORES, C7-C12 (Hz)    :
AMORTIGUAMIENTO DE SENSORES, C1-C6     : /0.70/0.70/0.70
AMORTIGUAMIENTO DE SENSORES, C7-C12    :
INTERVALO DE MUESTREO, C1-C6 (s)       : /0.01/0.01/0.01
INTERVALO DE MUESTREO, C7-C12 (s)      :
UMBRAL DE DISPARO, C1-C6 (Gal)         : /8/8/8
UMBRAL DE DISPARO, C7-C12 (Gal)        :
MEMORIA DE PREEVENTO (s)               : 4
TIEMPO DE POSEVENTO (s)                : 15


================================================================================
DATOS DEL SISMO:
FECHA DEL SISMO [GMT]                  : 1996/07/19
HORA EPICENTRO (GMT)                   : 09:00:55.2
MAGNITUD(ES)                           : /Mb=4.8/Ms=3.9/Mc=4.8
COORDENADAS DEL EPICENTRO              : 17.35 LAT. N
                                       : 100.29 LONG. W
PROFUNDIDAD FOCAL (Km)                 : 20
FUENTE DE LOS DATOS EPICENTRALES       : Instituto de Geofisica, UNAM
                                       : SSN

================================================================================
DATOS DE ESTE REGISTRO:
HORA DE LA PRIMERA MUESTRA (GMT)       : 09:01:14    
EXACTITUD DEL TIEMPO (s)               : 0.5  
DURACION DEL REGISTRO (s), C1-C6       : /16.24/16.24/16.24                      
DURACION DEL REGISTRO (s), C7-C12      : 
NUM. TOTAL DE MUESTRAS, C1-C6          : /1624/1624/1624                       
NUM. TOTAL DE MUESTRAS, C7-C12         : 
ACEL. MAX.(Gal), C1-C6                 : /8.59/11.05/-10.10                    
ACEL. MAX., C1-C6, EN LA MUESTRA       : /379/328/430                          
ACEL. MAX.(Gal), C7-C12                : 
ACEL. MAX., C7-C12,EN LA MUESTRA       : 
UNIDADES DE LOS DATOS                  : Gal (cm/s/s)
FACTOR DE DECIMACION                   : 1
FORMATO DATOS (FORTRAN,10 campos/dato) : 3F10.2


================================================================================
CALIDAD DEL ACELEROGRAMA:
REGISTRO DIGITAL COMPLETO, CON TIEMPO ABSOLUTO CORRECTO.


================================================================================
COMENTARIOS:














================================================================================
DATOS DE ACELERACION:
---------+---------+---------+---------+---------+---------+---------+---------+
   CANAL-1   CANAL-2   CANAL-3
         V      N90E      N00E
---------+---------+---------+---------+---------+---------+---------+---------+
     -0.02     -0.43     -0.53
     -0.02     -0.43     -0.53
      0.94     -0.43     -0.53
      0.94     -0.43     -1.48
     -0.02     -0.43     -0.53
     -0.98     -0.43      0.43
     -0.02     -0.43      0.43
     -0.02      0.53      0.43
      0.94      0.53      0.43
     -0.02      0.53      0.43
     -0.02      0.53      0.43
     -0.02      0.53      0.43
     -0.98     -0.43     -0.53
     -0.98     -0.43     -1.48
     -0.98     -0.43     -0.53
     -0.98     -0.43     -0.53
      0.94      0.53      0.43
      0.94     -0.43      0.43
      0.94     -0.43      0.43
      0.94      0.53      0.43
      0.94      0.53      0.43
     -0.02      0.53      0.43
     -0.02     -0.43      0.43
     -0.98     -0.43      0.43
     -0.98     -0.43      0.43
     -0.98     -0.43     -0.53
     -0.02     -0.43     -0.53
      0.94     -0.43     -1.48
      0.94      0.53     -1.48
      0.94      0.53     -0.53
      0.94      0.53      0.43
      0.94      0.53      1.39
     -0.02      0.53      1.39
     -0.98     -0.43      1.39
     -0.98     -0.43      1.39
     -0.98     -0.43      0.43
     -0.02     -0.43      0.43
      0.94     -0.43     -0.53
      0.94     -0.43     -0.53
     -0.02     -0.43     -0.53
      0.94     -0.43      0.43
     -0.02     -0.43      0.43
     -0.02      0.53      0.43
     -0.98      0.53      0.43
     -0.98      0.53      0.43
     -0.02      0.53     -0.53
      0.94     -0.43     -0.53
     -0.02     -0.43      0.43
     -0.02     -0.43      0.43
     -0.02     -0.43     -0.53
      0.94     -0.43      0.43
     -0.02      0.53      0.43
     -0.02      1.48      0.43
     -0.02      0.53     -0.53
     -0.02      0.53      0.43
     -0.02      0.53      0.43
     -0.02     -0.43      0.43
     -0.02     -0.43      0.43
     -0.02     -1.39     -0.53
      0.94     -0.43     -1.48
      0.94     -0.43     -1.48
      0.94     -0.43     -0.53
     -0.02      0.53      0.43
     -0.02     -0.43      1.39
     -0.02     -0.43      2.34
     -0.98      0.53      1.39
     -0.98      0.53      1.39
     -0.02      0.53      0.43
      0.94      0.53     -1.48
      0.94      0.53     -2.44
      0.94     -0.43     -1.48
     -0.98     -0.43     -1.48
     -0.98     -0.43     -0.53
     -0.02     -0.43      0.43
      0.94      0.53     -0.53
     -0.02      0.53      1.39
     -0.02      0.53      1.39
     -0.02      0.53      0.43
     -0.98     -0.43     -0.53
     -0.02     -1.39     -0.53
     -0.02     -1.39     -0.53
     -0.02     -0.43     -0.53
     -0.98     -0.43     -0.53
     -0.98      0.53     -0.53
     -1.93      0.53      0.43
     -0.02      0.53      0.43
      0.94      0.53      0.43
      0.94     -0.43      0.43
      0.94     -0.43      0.43
     -0.98     -0.43      0.43
     -0.02     -0.43      0.43
      0.94     -0.43     -0.53
     -0.02      0.53     -1.48
      0.94      0.53     -0.53
     -0.02      0.53      0.43
     -0.02      0.53      0.43
      0.94      0.53     -0.53
      0.94      0.53     -1.48
     -0.02      0.53     -1.48
     -0.02      0.53     -1.48
     -0.02     -0.43      0.43
     -0.98     -0.43      1.39
     -0.02     -0.43      2.34
     -0.02      0.53      0.43
      0.94      0.53     -0.53
      0.94     -0.43     -0.53
     -0.02     -0.43     -0.53
     -0.98     -0.43     -1.48
     -0.02      0.53     -1.48
     -0.98      0.53      0.43
     -0.98     -0.43      1.39
     -0.98      0.53      0.43
     -0.02      1.48      0.43
      0.94      1.48      1.39
      1.89      0.53      1.39
      0.94      0.53      0.43
     -0.02      0.53      0.43
     -0.02     -0.43     -0.53
      0.94     -0.43     -1.48
     -0.02     -0.43     -0.53
     -0.98     -0.43      0.43
     -1.93      0.53      0.43
     -0.98     -0.43      0.43
     -0.02      0.53     -0.53
      0.94     -0.43     -1.48
     -0.02      0.53     -0.53
     -0.02     -0.43     -0.53
     -0.02     -1.39      0.43
     -0.02     -1.39     -0.53
     -0.02     -0.43      0.43
     -0.02     -0.43      0.43
     -0.98     -0.43      0.43
     -0.98      0.53      0.43
     -0.02      0.53      0.43
      0.94      0.53     -0.53
      0.94      0.53     -0.53
      0.94      0.53     -0.53
      0.94      0.53     -0.53
      0.94      0.53      0.43
      0.94      0.53      1.39
     -0.02      0.53      1.39
     -0.98     -0.43      0.43
     -1.93     -0.43     -0.53
     -0.98     -0.43     -0.53
      0.94     -0.43     -0.53
      0.94      0.53     -0.53
     -0.98      0.53     -0.53
     -0.98     -0.43      0.43
     -0.02     -0.43      0.43
      1.89     -0.43      1.39
      0.94     -0.43      0.43
     -0.02      0.53      0.43
     -0.02     -0.43     -0.53
     -0.02     -0.43     -0.53
     -0.02     -0.43     -0.53
     -0.02     -0.43     -0.53
     -0.98     -0.43     -0.53
     -0.02      0.53      0.43
     -0.02      0.53      0.43
     -0.02      0.53      0.43
     -1.93      0.53      0.43
      0.94     -0.43     -0.53
      0.94     -0.43     -0.53
      0.94     -0.43     -0.53
      0.94      0.53      0.43
     -1.93     -0.43      0.43
     -1.93     -0.43      0.43
     -0.98     -0.43     -0.53
      0.94     -0.43     -0.53
      0.94      0.53      0.43
      0.94      0.53      1.39
     -0.02      0.53      1.39
      0.94     -0.43      0.43
     -0.02     -0.43      0.43
     -1.93      0.53      0.43
     -1.93      0.53     -0.53
     -0.02      0.53     -0.53
      0.94     -0.43     -0.53
      1.89      0.53     -0.53
      0.94      0.53     -1.48
     -0.02      0.53     -0.53
     -0.02     -0.43      0.43
     -0.02     -0.43      0.43
     -0.02      0.53      0.43
     -0.02      0.53      1.39
     -0.02      0.53      1.39
     -0.02     -0.43      0.43
     -0.02     -0.43     -1.48
      0.94     -0.43     -1.48
     -0.02     -0.43     -0.53
     -0.02      0.53      0.43
     -0.02      0.53     -0.53
     -0.98     -0.43     -0.53
     -0.98     -0.43     -0.53
     -0.98      0.53     -0.53
     -0.98     -0.43      0.43
     -0.02     -0.43      1.39
     -0.98      0.53      0.43
     -0.98      0.53     -0.53
     -0.98     -0.43     -1.48
     -0.98     -0.43     -0.53
     -0.02     -0.43      0.43
      1.89      0.53      1.39
      2.85      0.53      0.43
      1.89      0.53     -0.53
     -0.02      0.53     -1.48
     -0.02      0.53     -1.48
     -0.02     -0.43     -0.53
     -0.02     -0.43      1.39
     -0.02     -0.43      1.39
     -0.02     -0.43      1.39
     -0.98     -0.43      0.43
     -0.98      0.53      0.43
     -0.02      0.53      0.43
     -0.02      0.53      0.43
     -0.02     -0.43      0.43
     -0.02     -0.43      0.43
     -0.02     -0.43      1.39
     -0.98     -0.43      1.39
     -0.98     -0.43      0.43
     -0.98     -0.43      0.43
     -0.98     -0.43     -0.53
     -0.02      0.53     -1.48
     -0.02      0.53     -1.48
      0.94      0.53     -1.48
      1.89      0.53     -0.53
      1.89      0.53      0.43
      0.94      1.48      0.43
     -0.02      0.53      0.43
     -0.98     -0.43      1.39
     -0.98     -1.39      1.39
      0.94     -0.43      2.34
      2.85     -0.43      1.39
      2.85     -0.43      0.43
      1.89     -0.43     -0.53
     -0.02      0.53     -0.53
     -1.93      0.53     -1.48
     -2.89      0.53     -2.44
     -3.85      0.53     -1.48
     -3.85     -0.43     -0.53
     -3.85     -0.43     -0.53
     -2.89     -1.39      0.43
     -1.93     -1.39     -0.53
     -0.98     -0.43     -1.48
      0.94      0.53     -1.48
      0.94      0.53     -1.48
      0.94     -0.43     -0.53
      1.89     -1.39      0.43
      3.81     -2.34      2.34
      4.77     -2.34      3.30
      3.81     -2.34      2.34
      0.94     -1.39      1.39
     -0.98     -1.39      0.43
     -2.89     -1.39      0.43
     -2.89     -1.39      0.43
     -0.98     -1.39      2.34
     -0.02     -0.43      3.30
      0.94      1.48      2.34
      0.94      1.48      1.39
     -0.02      1.48     -0.53
     -0.98      2.44     -1.48
     -0.02      2.44     -2.44
      0.94      2.44     -3.40
      0.94      2.44     -3.40
     -0.98      3.40     -2.44
     -2.89      3.40     -1.48
     -1.93      3.40     -2.44
     -0.02      2.44     -3.40
      0.94      0.53     -2.44
      1.89     -1.39      0.43
      2.85     -1.39      4.26
      1.89     -1.39      4.26
     -0.02     -0.43      0.43
     -0.98     -0.43     -1.48
     -1.93     -0.43     -1.48
     -0.98     -0.43      0.43
     -0.02     -2.34      1.39
      0.94     -2.34      2.34
      0.94     -2.34      2.34
      0.94     -2.34      2.34
      0.94     -2.34      2.34
      0.94     -2.34      2.34
     -0.98     -0.43     -0.53
     -1.93      1.48     -3.40
      1.89     -0.43     -3.40
      3.81     -1.39     -0.53
      2.85     -0.43      0.43
      0.94     -0.43      0.43
     -0.98      0.53     -0.53
     -0.98      0.53     -1.48
     -0.02     -0.43     -4.36
      1.89     -2.34     -3.40
      0.94     -2.34      0.43
      0.94     -1.39      5.22
      0.94     -0.43      4.26
      1.89     -1.39      1.39
      2.85     -1.39     -1.48
      2.85     -2.34      0.43
      1.89     -1.39      3.30
     -0.98     -0.43      6.17
     -2.89      1.48      8.09
     -2.89      1.48      8.09
     -2.89      1.48      8.09
     -0.02      1.48      6.17
      2.85      2.44      5.22
     -0.02      4.36      0.43
     -1.93      5.31     -4.36
     -1.93      4.36     -5.31
     -0.02      0.53     -6.27
     -1.93     -2.34     -7.23
     -3.85     -5.22     -6.27
     -2.89     -7.13     -3.40
     -0.02     -7.13      2.34
     -0.02     -5.22      4.26
      0.94     -3.30      4.26
      1.89     -0.43      5.22
      1.89     -1.39      1.39
      2.85     -1.39     -3.40
      1.89      0.53     -5.31
     -0.98      3.40     -8.18
     -2.89      4.36     -7.23
     -0.98      1.48     -1.48
      1.89     -2.34      5.22
      1.89     -5.22      7.13
     -0.02     -5.22      3.30
     -0.98     -0.43      0.43
     -1.93      4.36      1.39
     -0.98      9.14      1.39
      0.94     11.05      2.34
      2.85      7.23      0.43
      3.81     -0.43     -0.53
      2.85     -6.17      0.43
     -0.02     -7.13      2.34
     -3.85     -4.26      4.26
     -4.81      1.48      4.26
     -3.85      4.36      2.34
     -2.89      4.36     -3.40
     -0.98      0.53     -8.18
      2.85     -4.26     -6.27
      5.72     -5.22     -1.48
      4.77     -2.34      2.34
      0.94      2.44      4.26
     -0.98      5.31      3.30
     -1.93      4.36      2.34
     -0.98      0.53      2.34
     -0.02     -3.30      1.39
     -0.02     -5.22      1.39
     -0.98     -3.30      1.39
     -0.98      0.53     -1.48
     -0.02      3.40     -3.40
      0.94      4.36     -4.36
      0.94      3.40     -3.40
     -1.93      2.44      0.43
     -4.81     -0.43      3.30
     -3.85     -2.34      2.34
     -0.98     -1.39     -0.53
      0.94     -0.43     -5.31
     -0.02      1.48     -9.14
     -1.93      1.48     -7.23
     -0.98      0.53     -5.31
      0.94     -1.39     -3.40
     -0.02     -1.39     -5.31
     -0.98     -2.34     -7.23
     -0.02     -3.30     -5.31
      1.89     -2.34      0.43
      2.85      0.53      6.17
     -0.02      1.48      7.13
     -1.93      2.44      7.13
     -0.02      0.53      6.17
      1.89     -0.43      4.26
      0.94     -0.43      1.39
     -2.89      0.53     -0.53
     -4.81      0.53     -0.53
     -3.85     -0.43     -0.53
     -1.93      0.53     -0.53
     -0.98      1.48     -0.53
     -0.02      4.36      0.43
      1.89      5.31      1.39
      6.68      2.44      2.34
      8.59     -0.43     -0.53
      6.68     -5.22     -1.48
      4.77     -6.17     -1.48
      0.94     -4.26     -0.53
     -1.93     -0.43      0.43
     -3.85      3.40      0.43
     -3.85      5.31      2.34
     -0.98      3.40      1.39
     -0.98      0.53     -1.48
      0.94     -3.30     -4.36
      1.89     -5.22     -7.23
      0.94     -4.26     -8.18
     -0.02     -2.34     -5.31
     -1.93     -0.43     -1.48
     -1.93     -0.43      1.39
     -0.98     -1.39      3.30
     -1.93     -1.39      4.26
     -1.93     -0.43      5.22
     -2.89      2.44      3.30
     -1.93      5.31     -0.53
     -1.93      3.40     -3.40
     -0.98     -1.39     -3.40
     -0.98     -5.22     -3.40
     -0.02     -7.13     -1.48
     -0.02     -6.17      1.39
      0.94     -2.34      2.34
      1.89      0.53      1.39
      1.89      2.44     -0.53
     -0.02      3.40      0.43
     -0.98      2.44      4.26
     -1.93      2.44      6.17
     -4.81      1.48      5.22
     -2.89      0.53      3.30
     -0.98     -1.39      2.34
      0.94     -1.39      4.26
      2.85      0.53      5.22
      2.85      2.44      2.34
      2.85      2.44      1.39
      2.85     -0.43      0.43
      2.85      1.48      1.39
      1.89      0.53     -0.53
     -0.02      0.53     -2.44
     -0.98     -1.39     -1.48
     -2.89     -1.39      0.43
     -2.89     -1.39      0.43
     -1.93      0.53      0.43
     -0.02      2.44      0.43
      0.94      3.40     -0.53
     -0.98      3.40     -2.44
     -0.98      1.48     -4.36
     -0.98     -1.39     -7.23
     -0.02     -2.34    -10.10
      1.89     -2.34     -8.18
      3.81     -2.34     -4.36
      4.77     -3.30     -0.53
      1.89     -2.34      2.34
     -0.98     -1.39      4.26
     -2.89     -2.34      3.30
     -3.85     -2.34      0.43
     -1.93      0.53     -0.53
     -0.98      3.40     -0.53
     -1.93      5.31      1.39
     -2.89      4.36      4.26
     -3.85      2.44      4.26
     -0.02     -0.43      2.34
      2.85     -3.30      1.39
      2.85     -4.26      3.30
      0.94     -3.30      2.34
     -0.98     -1.39      1.39
     -1.93     -0.43      0.43
     -1.93      1.48     -1.48
     -0.98      2.44     -3.40
      0.94      2.44     -4.36
      2.85      2.44     -2.44
      4.77      3.40      0.43
      3.81      4.36      4.26
      1.89      4.36      5.22
      1.89      1.48      3.30
      1.89     -1.39      0.43
      1.89     -2.34     -3.40
     -0.02     -2.34     -6.27
     -2.89     -1.39     -7.23
     -3.85     -0.43     -3.40
     -3.85      1.48      0.43
     -2.89      4.36      0.43
     -0.98      5.31     -1.48
     -0.02      3.40     -2.44
      0.94      1.48     -2.44
      1.89     -0.43     -1.48
      2.85     -3.30      0.43
      1.89     -5.22      1.39
      0.94     -5.22      1.39
     -0.02     -3.30     -0.53
     -1.93     -1.39     -2.44
     -2.89      0.53     -4.36
     -2.89      0.53     -6.27
     -2.89      0.53     -6.27
     -2.89      0.53     -6.27
     -2.89      0.53     -6.27
     -2.89      2.44     -4.36
     -1.93      4.36     -1.48
     -0.02      4.36     -0.53
      0.94      2.44     -0.53
      1.89     -0.43      3.30
     -0.02     -3.30      6.17
     -0.98     -2.34      7.13
     -0.98      0.53      8.09
     -0.98      2.44      8.09
     -0.98      2.44      7.13
     -0.98      2.44      4.26
     -0.98     -0.43      2.34
     -0.02     -2.34     -0.53
      0.94     -3.30     -2.44
      0.94     -2.34     -3.40
      1.89     -0.43     -4.36
      1.89      1.48     -4.36
      1.89      1.48     -4.36
      0.94      1.48     -5.31
     -0.98      1.48     -8.18
     -1.93      1.48     -7.23
     -1.93      1.48     -4.36
     -0.98      2.44      0.43
     -1.93      1.48      1.39
     -0.98     -0.43      2.34
     -1.93     -1.39      3.30
     -0.98     -3.30      2.34
     -0.02     -3.30      1.39
     -0.02     -3.30      2.34
     -0.98     -1.39      4.26
     -1.93     -0.43      4.26
     -0.98      0.53      1.39
      0.94      1.48      0.43
      1.89      1.48     -0.53
      0.94      1.48     -0.53
     -0.98      1.48     -0.53
     -0.98      0.53     -0.53
     -0.02     -1.39      0.43
      1.89     -3.30      1.39
      2.85     -3.30      0.43
      2.85     -4.26     -1.48
      0.94     -4.26     -2.44
      1.89     -3.30      0.43
     -0.02     -1.39      2.34
     -0.02      1.48      2.34
      1.89      2.44      3.30
      1.89      3.40      2.34
     -0.02      3.40     -0.53
     -1.93      4.36     -4.36
     -1.93      3.40     -6.27
     -0.98      1.48     -5.31
      0.94     -0.43     -0.53
      0.94     -1.39      3.30
      0.94     -2.34      5.22
     -0.98     -1.39      5.22
     -1.93     -1.39      4.26
     -1.93      0.53      5.22
     -1.93      2.44      5.22
     -2.89      2.44      6.17
     -4.81      3.40      4.26
     -4.81      4.36      0.43
     -1.93      3.40     -3.40
      2.85      0.53     -4.36
      5.72     -2.34     -5.31
      5.72     -5.22     -6.27
      3.81     -4.26     -7.23
      0.94     -3.30     -6.27
     -0.98     -1.39     -4.36
     -2.89      0.53      0.43
     -3.85      1.48      4.26
     -4.81      2.44      5.22
     -2.89      1.48      5.22
     -0.98     -0.43      2.34
     -0.02     -1.39      0.43
      0.94     -1.39     -1.48
     -0.98     -1.39     -2.44
     -0.98     -1.39     -2.44
     -0.02     -1.39     -1.48
      0.94     -1.39      0.43
      1.89     -2.34      2.34
      1.89     -2.34      3.30
      1.89     -1.39      4.26
      1.89      0.53      3.30
      0.94      1.48      1.39
      0.94      3.40     -0.53
      0.94      4.36     -2.44
     -0.02      3.40     -4.36
     -0.98      2.44     -4.36
     -0.98      0.53     -3.40
     -0.02     -1.39     -2.44
     -0.02     -2.34     -1.48
      1.89     -2.34     -1.48
      2.85     -2.34      0.43
      2.85     -0.43      2.34
      0.94      2.44      3.30
     -0.98      4.36     -0.53
     -2.89      4.36     -4.36
     -3.85      4.36     -5.31
     -4.81      4.36     -2.44
     -3.85      4.36      2.34
     -2.89      3.40      5.22
     -0.98      3.40      3.30
      1.89      2.44     -0.53
      3.81      0.53     -3.40
      3.81     -2.34     -4.36
      2.85     -4.26     -4.36
      0.94     -5.22     -3.40
     -0.98     -5.22      0.43
     -1.93     -1.39      6.17
     -2.89      1.48      8.09
     -1.93      3.40      7.13
     -1.93      3.40      4.26
     -0.98      1.48      2.34
     -0.02     -0.43     -1.48
     -0.98     -2.34     -4.36
     -0.98     -4.26     -5.31
     -0.02     -4.26     -6.27
      1.89     -4.26     -4.36
      1.89     -3.30     -3.40
      0.94     -3.30     -0.53
     -0.02     -2.34      1.39
      0.94     -2.34      4.26
      1.89     -1.39      5.22
      0.94      0.53      4.26
     -0.98      1.48      2.34
     -2.89      1.48      1.39
     -1.93      1.48      0.43
      0.94      2.44      0.43
      3.81      0.53     -0.53
      2.85     -0.43     -0.53
      2.85     -2.34     -0.53
     -0.02     -2.34     -1.48
     -1.93     -0.43     -3.40
     -1.93      3.40     -5.31
     -0.98      6.27     -4.36
     -0.02      5.31     -1.48
      0.94      2.44      1.39
     -0.02      1.48      0.43
     -1.93      0.53     -0.53
     -0.98     -0.43     -0.53
      0.94      1.48      0.43
      2.85      2.44      3.30
      2.85      1.48      3.30
      2.85      1.48      3.30
     -0.02     -2.34      1.39
     -2.89     -5.22      0.43
     -1.93     -5.22      4.26
     -1.93     -1.39      3.30
     -0.98      3.40      3.30
     -0.02      4.36      0.43
      1.89      3.40     -0.53
      2.85      0.53     -2.44
      0.94     -2.34     -5.31
     -0.98     -5.22     -6.27
     -1.93     -5.22     -5.31
     -1.93     -4.26     -5.31
     -1.93     -1.39     -4.36
     -0.02     -1.39     -0.53
      0.94     -0.43      3.30
      1.89     -0.43      6.17
      0.94     -0.43      5.22
      0.94      1.48      2.34
     -0.02      2.44      0.43
     -0.98      2.44      0.43
     -1.93      1.48      0.43
     -0.98     -2.34     -0.53
     -0.02     -4.26     -1.48
      0.94     -4.26     -3.40
      0.94     -1.39     -2.44
      1.89      2.44      0.43
      1.89      2.44      0.43
      0.94      3.40      0.43
      0.94      5.31      1.39
     -0.98      5.31      0.43
     -0.98      5.31     -1.48
     -0.98      4.36     -2.44
     -0.98      3.40     -3.40
     -0.98      2.44     -2.44
     -0.02      1.48      0.43
      0.94      1.48      1.39
      0.94      0.53      0.43
      0.94     -0.43     -0.53
     -0.02     -2.34     -1.48
     -0.98     -4.26     -0.53
     -1.93     -5.22      1.39
     -2.89     -4.26      3.30
     -1.93     -4.26      4.26
     -0.98     -2.34      4.26
     -0.02     -1.39      2.34
      0.94     -2.34      1.39
      1.89     -3.30     -0.53
      2.85     -3.30     -3.40
      1.89     -3.30     -4.36
     -0.98     -2.34     -2.44
     -2.89     -0.43     -0.53
     -4.81      0.53     -1.48
     -3.85     -0.43     -3.40
     -1.93     -0.43     -5.31
     -0.02     -0.43     -3.40
      1.89      0.53     -0.53
      1.89      1.48      2.34
      3.81      1.48      2.34
      2.85      2.44      0.43
      1.89      3.40     -2.44
      0.94      3.40     -2.44
      0.94      2.44     -1.48
     -0.02      1.48      1.39
     -0.98     -0.43      3.30
     -0.98     -1.39      4.26
     -0.02     -3.30      2.34
      0.94     -3.30      0.43
      0.94     -1.39      0.43
      0.94      0.53      1.39
      0.94      1.48      2.34
      0.94      2.44      2.34
     -0.02      2.44      1.39
     -0.98      4.36      0.43
     -1.93      5.31     -0.53
     -2.89      5.31     -0.53
     -2.89      3.40      0.43
     -1.93      0.53      1.39
     -0.98     -1.39     -0.53
     -0.02     -3.30     -1.48
     -0.02     -3.30     -3.40
      0.94     -3.30     -3.40
      1.89     -2.34     -1.48
      0.94     -2.34     -0.53
     -0.98     -3.30     -0.53
     -1.93     -3.30     -1.48
     -1.93     -4.26     -1.48
     -2.89     -4.26     -2.44
     -2.89     -3.30     -2.44
     -2.89     -2.34     -3.40
     -1.93     -2.34     -1.48
     -0.98     -2.34     -0.53
      1.89     -0.43      1.39
      3.81      0.53      4.26
      3.81      1.48      6.17
      2.85      0.53      5.22
      0.94      1.48      1.39
     -0.98      0.53     -1.48
     -0.02     -0.43     -3.40
      0.94     -0.43     -2.44
      0.94      0.53     -1.48
     -0.02      1.48     -0.53
     -0.98      4.36     -0.53
     -0.98      4.36      1.39
      0.94      3.40      2.34
      0.94      1.48      2.34
      0.94      1.48      2.34
      0.94      1.48      2.34
      0.94      0.53      1.39
      0.94      0.53     -0.53
     -0.02     -0.43     -1.48
     -0.02     -0.43     -2.44
     -0.02      0.53     -2.44
      0.94      2.44      0.43
      1.89      4.36      3.30
      1.89      3.40      5.22
     -0.02      2.44      5.22
     -1.93      0.53      3.30
     -1.93     -1.39      0.43
     -1.93     -2.34     -3.40
     -0.98     -3.30     -5.31
     -0.98     -3.30     -4.36
     -0.98     -2.34     -4.36
     -0.98     -2.34     -4.36
     -0.98     -1.39     -2.44
     -0.98     -0.43      0.43
     -0.98     -0.43      1.39
     -0.98      0.53      2.34
     -0.98      0.53      1.39
     -0.02      0.53     -0.53
     -0.02      0.53     -3.40
     -0.02     -0.43     -4.36
     -0.98     -0.43     -2.44
     -0.98     -1.39     -0.53
     -0.98     -1.39      0.43
     -0.02     -2.34      1.39
      0.94     -2.34      2.34
      1.89     -1.39      3.30
      0.94      0.53      4.26
      0.94      1.48      5.22
     -0.02      3.40      5.22
     -0.98      3.40      4.26
     -0.98      4.36      0.43
     -0.98      3.40     -2.44
     -0.02      2.44     -4.36
     -0.02      1.48     -4.36
      0.94     -0.43     -1.48
      1.89     -1.39      2.34
      0.94     -1.39      3.30
      0.94     -1.39      2.34
      1.89      0.53     -0.53
      2.85      1.48     -2.44
      2.85      2.44     -3.40
      1.89      2.44     -3.40
     -0.02      2.44     -2.44
     -0.98      1.48     -0.53
     -1.93     -0.43      1.39
     -1.93     -0.43      2.34
     -0.98      0.53      1.39
     -0.02      0.53     -0.53
      0.94      0.53     -0.53
      0.94     -0.43     -1.48
     -0.02     -1.39     -3.40
     -0.98     -1.39     -4.36
     -0.98     -3.30     -3.40
     -0.98     -3.30     -2.44
     -0.02     -3.30     -1.48
     -0.98     -3.30      0.43
     -0.98     -4.26      1.39
     -0.98     -4.26      1.39
     -0.02     -3.30      0.43
     -0.02     -3.30      0.43
     -0.02     -3.30      0.43
     -0.02     -3.30      0.43
     -0.02     -3.30      0.43
     -0.02     -3.30      0.43
     -0.98     -0.43      0.43
     -0.98      2.44      1.39
      0.94      1.48      0.43
     -0.02      0.53     -2.44
     -0.02     -0.43     -4.36
     -0.02     -1.39     -4.36
     -0.02     -1.39     -3.40
     -0.98     -0.43     -2.44
     -0.98     -0.43     -1.48
     -0.98     -0.43     -0.53
     -0.02     -1.39      1.39
      1.89     -1.39      1.39
      1.89     -1.39      1.39
      1.89      0.53      1.39
     -0.02      1.48      0.43
     -0.98      1.48     -0.53
     -0.98      0.53     -1.48
     -0.98     -0.43     -1.48
      0.94     -1.39     -1.48
      0.94     -1.39     -1.48
     -0.02     -0.43     -0.53
     -0.98      0.53      1.39
     -1.93      1.48     -0.53
     -1.93      1.48     -2.44
     -0.98      1.48     -3.40
      0.94      0.53     -1.48
      0.94      0.53     -0.53
     -0.02     -0.43      0.43
     -0.02     -1.39      1.39
     -0.02     -2.34      1.39
     -0.02     -3.30      1.39
      0.94     -2.34      0.43
     -0.02     -1.39     -0.53
     -0.02     -0.43     -1.48
     -0.02      0.53     -1.48
     -0.98      0.53      0.43
     -0.98      0.53      2.34
     -1.93      1.48      2.34
     -0.98      1.48      1.39
     -0.02      0.53      1.39
     -0.02     -0.43      2.34
     -0.02      1.48      3.30
      0.94      2.44      2.34
      0.94      3.40      1.39
      1.89      3.40      0.43
      1.89      2.44     -1.48
      0.94      1.48     -3.40
     -0.98      0.53     -4.36
     -0.98     -0.43     -4.36
     -0.98     -0.43     -2.44
     -0.02     -0.43     -0.53
     -0.02     -0.43     -0.53
     -0.02     -0.43     -0.53
     -0.98     -0.43     -0.53
     -0.02     -0.43      0.43
      0.94     -0.43     -0.53
      1.89      0.53      0.43
      0.94      0.53      2.34
     -0.02      0.53      3.30
     -0.98      0.53      3.30
     -0.98      0.53      1.39
     -0.02     -0.43     -0.53
     -0.02     -0.43     -0.53
      0.94     -0.43      0.43
      0.94      0.53     -0.53
      0.94      0.53     -1.48
      0.94      1.48     -2.44
      0.94      1.48     -1.48
      0.94      0.53     -0.53
     -0.02      0.53     -0.53
     -0.02     -0.43     -0.53
     -0.98     -1.39     -1.48
     -0.98     -2.34     -1.48
     -1.93     -1.39     -1.48
     -1.93     -0.43     -1.48
     -1.93      0.53      0.43
     -0.98      0.53      1.39
      0.94     -0.43      1.39
      0.94      0.53      0.43
      0.94     -0.43      0.43
     -0.02     -0.43      1.39
     -0.02     -0.43      2.34
      0.94      0.53      3.30
      0.94      0.53      3.30
     -0.02      0.53      2.34
     -0.98      0.53      1.39
     -0.98     -0.43      0.43
     -0.02     -0.43     -0.53
     -0.02     -1.39     -0.53
     -0.02      0.53     -0.53
     -0.98      1.48     -0.53
     -0.98      1.48     -0.53
     -0.02      1.48     -0.53
     -0.02      0.53      0.43
     -0.02      0.53      1.39
     -0.02      0.53      1.39
     -0.98     -0.43      1.39
     -1.93      0.53      0.43
     -1.93      0.53      0.43
     -0.98      0.53      1.39
     -0.02     -0.43      0.43
     -0.02     -1.39     -0.53
     -0.02     -1.39     -1.48
     -0.02     -1.39     -1.48
     -0.98     -0.43     -0.53
     -0.02     -0.43     -0.53
     -0.02     -1.39     -1.48
      0.94     -0.43     -1.48
      1.89     -1.39     -1.48
      1.89     -0.43     -1.48
      0.94      0.53     -1.48
     -0.02     -0.43     -2.44
     -0.02     -1.39     -2.44
     -0.98     -1.39     -3.40
     -0.98     -1.39     -3.40
     -0.02     -0.43     -3.40
      0.94     -0.43     -0.53
     -0.02     -0.43      2.34
     -0.02      0.53      4.26
     -0.02      0.53      4.26
     -0.98      0.53      4.26
     -0.02      0.53      3.30
     -0.02     -0.43      3.30
     -0.02      0.53      2.34
     -0.02     -0.43      1.39
     -0.98     -0.43     -0.53
     -0.98     -0.43     -0.53
     -0.02     -0.43     -1.48
     -0.02     -0.43     -0.53
      0.94     -0.43     -0.53
      0.94     -0.43      0.43
      0.94     -0.43      0.43
      0.94     -0.43      0.43
      0.94      0.53      0.43
     -0.02      0.53     -1.48
     -0.98      0.53     -2.44
     -1.93     -0.43     -3.40
     -1.93      0.53     -3.40
     -1.93     -0.43     -3.40
     -1.93      0.53     -3.40
     -0.98      0.53     -0.53
     -0.02      0.53      0.43
      0.94     -0.43      2.34
      1.89     -0.43      3.30
      0.94     -1.39      2.34
     -0.02     -1.39      1.39
     -0.98     -0.43     -0.53
     -0.98      0.53     -1.48
     -0.98     -0.43     -2.44
     -0.98      0.53     -1.48
     -0.02      0.53     -0.53
     -0.02      1.48     -0.53
      0.94      1.48      0.43
      0.94      0.53     -0.53
      0.94     -0.43      0.43
      0.94     -0.43      0.43
      0.94     -1.39      0.43
     -0.02     -2.34     -0.53
     -0.02     -2.34     -1.48
     -0.02     -1.39     -2.44
     -0.02     -0.43     -1.48
     -0.02      1.48      0.43
     -0.02      2.44      2.34
     -0.02      2.44      2.34
     -0.02      2.44      2.34
     -0.02      2.44      2.34
     -0.02      2.44      2.34
     -0.02      2.44      2.34
     -0.02      1.48      1.39
     -0.02      1.48      0.43
     -0.02      1.48      1.39
     -0.02      0.53      0.43
     -0.02      0.53     -0.53
     -0.98      0.53     -2.44
     -0.02      0.53     -4.36
     -0.02      0.53     -5.31
     -0.98      1.48     -4.36
     -0.98      1.48     -3.40
     -0.02      1.48     -1.48
      0.94      0.53      0.43
      0.94     -0.43      2.34
      0.94     -0.43      3.30
      0.94     -0.43      3.30
     -0.02     -0.43      3.30
     -0.02      0.53      2.34
     -0.02      0.53      1.39
     -0.02      0.53      1.39
     -0.02      0.53      1.39
     -0.02      0.53      1.39
     -0.02      0.53      1.39
     -0.02      0.53      0.43
     -0.02      0.53     -0.53
     -0.02      0.53     -0.53
      0.94      0.53      0.43
      0.94      0.53      1.39
     -0.02      1.48      0.43
     -0.02      1.48      0.43
     -0.02      0.53     -0.53
     -0.02     -0.43     -0.53
      0.94     -1.39     -1.48
     -0.02     -1.39     -1.48
     -0.02     -1.39     -1.48
     -0.98     -0.43     -1.48
     -0.98     -1.39     -1.48
     -0.98      1.48     -1.48
     -0.98      2.44     -2.44
     -0.98      2.44     -1.48
     -0.02      1.48     -0.53
     -0.02      0.53     -0.53
     -0.02      0.53     -1.48
     -0.98     -0.43     -2.44
     -0.98     -0.43     -1.48
     -0.98     -0.43     -0.53
     -0.02     -1.39      1.39
      0.94     -1.39      1.39
      1.89     -1.39      1.39
      1.89     -1.39      1.39
      0.94     -1.39      1.39
     -0.02     -0.43      1.39
     -0.02     -0.43      1.39
     -0.98     -0.43      0.43
     -1.93     -0.43      0.43
     -0.98     -0.43      0.43
     -0.98     -0.43      0.43
     -0.02     -0.43      0.43
      0.94     -0.43     -0.53
     -0.02     -0.43     -0.53
     -0.02     -0.43      0.43
     -0.02     -0.43      0.43
      0.94     -0.43      0.43
      1.89     -1.39      0.43
      0.94     -0.43      0.43
      0.94     -0.43     -0.53
     -0.02     -0.43     -0.53
     -0.02     -0.43      0.43
      0.94     -0.43      0.43
      0.94     -0.43      0.43
     -0.02      0.53     -0.53
     -0.02      0.53     -1.48
     -0.02      0.53     -0.53
      0.94      1.48      0.43
      0.94      1.48     -0.53
     -0.02      1.48     -0.53
     -0.98      1.48     -0.53
     -0.98      0.53     -0.53
     -1.93      0.53     -0.53
     -1.93      0.53     -0.53
     -0.98      0.53     -1.48
     -0.02      1.48     -1.48
     -0.02      0.53     -1.48
     -0.02     -0.43      0.43
     -0.02     -0.43      1.39
     -0.98     -0.43      1.39
     -0.02     -0.43      1.39
     -0.02     -0.43      1.39
      0.94     -0.43      0.43
      0.94     -0.43      0.43
     -0.02     -0.43      0.43
     -0.98     -0.43      0.43
     -0.98     -0.43     -0.53
     -0.98     -0.43     -0.53
     -0.98      0.53     -0.53
     -0.98      0.53      0.43
     -0.98      0.53      0.43
     -0.98      0.53      1.39
     -0.02     -0.43      2.34
      0.94     -0.43      2.34
      1.89     -0.43      2.34
      1.89     -0.43      1.39
      0.94     -0.43      0.43
     -0.02     -0.43     -1.48
     -0.02     -0.43     -2.44
      0.94     -0.43     -1.48
      0.94     -0.43     -0.53
      0.94     -0.43     -0.53
     -0.02     -0.43      0.43
     -0.02      0.53      1.39
     -0.02      1.48      1.39
     -0.02      2.44      0.43
     -0.02      1.48     -0.53
     -0.02      0.53     -1.48
     -0.98      0.53     -1.48
     -1.93     -0.43     -1.48
     -2.89     -0.43     -1.48
     -1.93     -0.43     -2.44
     -0.98      0.53     -2.44
     -0.02      0.53     -0.53
      0.94      0.53      1.39
      1.89      0.53      2.34
      0.94      0.53      1.39
     -0.02      1.48      1.39
     -0.98      1.48      0.43
     -0.98      0.53      0.43
     -0.98     -0.43      0.43
     -0.98     -0.43      0.43
     -1.93     -0.43      0.43
     -0.98     -0.43      1.39
     -0.02     -1.39      1.39
      0.94     -1.39      0.43
      1.89     -1.39     -0.53
      1.89     -0.43      0.43
      0.94      0.53      0.43
     -0.02      0.53      0.43
     -0.02      0.53      0.43
     -0.02      0.53      0.43
     -0.02     -0.43      0.43
     -0.02     -1.39      0.43
     -0.02     -1.39      0.43
     -0.02     -0.43      0.43
      0.94     -0.43      0.43
      0.94     -0.43      0.43
      1.89     -0.43      0.43
      0.94     -0.43     -0.53
      0.94     -0.43     -1.48
     -0.02     -0.43     -2.44
     -0.02     -0.43     -2.44
     -0.02     -0.43     -2.44
     -0.02      0.53     -2.44
     -0.02      0.53     -1.48
     -0.02      0.53     -0.53
     -0.98      0.53     -0.53
     -0.02      1.48      0.43
     -0.02      1.48      0.43
     -0.02      1.48      0.43
     -0.98      1.48      0.43
     -0.98      0.53      0.43
     -0.98      0.53     -0.53
     -0.98     -0.43     -0.53
     -1.93     -0.43      0.43
     -0.98     -0.43      1.39
     -0.98     -0.43      1.39
     -0.98     -0.43      1.39
     -0.98     -0.43      1.39
     -0.98     -0.43      1.39
     -0.98     -0.43      1.39
     -0.98     -1.39      0.43
     -0.02     -1.39     -0.53
      0.94     -1.39     -0.53
      0.94     -0.43     -1.48
      0.94     -0.43     -0.53
      0.94      0.53     -0.53
     -0.98      0.53     -0.53
     -0.02      0.53     -0.53
     -0.02      0.53     -1.48
      0.94      0.53     -1.48
     -0.02     -0.43     -0.53
      0.94     -0.43     -0.53
      0.94     -0.43     -1.48
      0.94     -1.39     -1.48
      0.94     -1.39     -1.48
      0.94     -1.39      0.43
      0.94     -0.43      2.34
      0.94     -0.43      2.34
      0.94     -0.43      2.34
     -0.02      0.53      1.39
     -0.02      1.48      0.43
     -0.98      1.48     -0.53
     -0.98      1.48      0.43
     -0.02      0.53     -0.53
     -0.02      1.48     -0.53
     -0.98      1.48     -0.53
     -0.02      0.53     -0.53
     -0.98      0.53     -0.53
     -0.98     -0.43     -0.53
     -0.98     -1.39     -0.53
     -0.98     -1.39     -0.53
     -0.98     -1.39      0.43
     -0.98     -2.34      0.43
     -0.02     -2.34      1.39
      0.94     -2.34      2.34
      0.94     -0.43      2.34
      0.94      0.53      2.34
     -0.02      0.53      1.39
     -0.02      0.53      0.43
     -0.02      0.53      0.43
     -0.02      0.53      0.43
     -0.98     -0.43     -0.53
     -0.98      0.53     -0.53
     -1.93      0.53     -0.53
     -0.98      0.53     -0.53
     -0.98     -0.43     -0.53
     -0.02      0.53      0.43
     -0.02     -0.43      0.43
      0.94     -0.43     -0.53
      0.94     -0.43     -0.53
      0.94     -0.43     -0.53
      0.94     -0.43     -1.48
      0.94     -1.39     -1.48
      0.94     -0.43     -0.53
      0.94     -0.43     -1.48
     -0.02      0.53     -0.53
     -0.02      1.48      0.43
      0.94      1.48      1.39
      0.94      1.48      1.39
      1.89      1.48      0.43
      0.94      0.53     -0.53
      0.94      0.53     -0.53
     -0.02      0.53     -0.53
     -0.02      0.53     -0.53
     -0.02      0.53      0.43
     -0.98      1.48      0.43
     -0.98      1.48      0.43
     -0.98      1.48      0.43
     -0.98      1.48     -0.53
     -0.98      1.48      0.43
     -0.98      0.53     -0.53
     -0.98     -0.43     -0.53
     -0.98     -1.39     -1.48
     -0.98     -1.39     -1.48
     -0.98     -1.39     -1.48
     -0.98     -1.39     -0.53
     -0.02     -0.43     -0.53
     -0.02     -0.43      0.43
     -0.02     -0.43      0.43
     -0.02     -0.43     -0.53
     -0.02     -1.39     -0.53
     -0.02     -0.43     -0.53
     -0.02     -0.43     -0.53
     -0.02      0.53     -0.53
     -0.02     -0.43      0.43
      0.94     -0.43      0.43
      0.94     -0.43      1.39
      0.94     -1.39      1.39
     -0.02     -0.43      1.39
     -0.98     -0.43      1.39
     -0.02     -0.43      0.43
     -0.02      0.53     -0.53
     -0.02     -0.43      0.43
     -1.93      0.53     -0.53
     -0.98      1.48     -0.53
     -0.02      1.48     -0.53
      0.94      1.48     -0.53
      0.94      1.48     -0.53
      0.94      0.53     -0.53
      0.94      1.48     -0.53
      0.94      0.53     -0.53
      0.94      0.53      0.43
     -0.02      0.53      0.43
     -0.02     -0.43      0.43
     -0.02      0.53      0.43
     -0.02      0.53      0.43
      0.94     -2.34      1.39
      0.94     -1.39      0.43
      0.94     -2.34      0.43
     -0.02     -1.39     -0.53
     -0.02     -1.39     -0.53
     -0.02     -1.39      0.43
     -0.02     -0.43      0.43
     -0.98     -0.43      0.43
     -0.98     -0.43     -0.53
     -0.98      0.53     -0.53
     -0.02      0.53     -0.53
     -0.02     -0.43      0.43
     -0.02     -1.39     -0.53
     -0.02     -1.39      0.43
     -0.02     -1.39     -0.53
     -0.98     -0.43      0.43
     -0.02     -0.43      0.43
     -0.02      0.53      1.39
     -0.02      0.53      1.39
     -0.02      1.48      1.39
     -0.02      1.48      0.43
      0.94      0.53     -0.53
      0.94     -0.43     -1.48
      0.94     -0.43     -1.48
     -0.02     -0.43     -0.53
     -0.98     -0.43      0.43
     -0.98     -0.43      0.43
     -0.98      0.53      1.39
     -0.98      1.48      0.43
     -0.02      1.48      0.43
     -0.02      0.53      0.43
     -0.02      0.53      0.43
     -0.02      0.53     -0.53
     -0.98      0.53     -0.53
     -0.98      0.53     -0.53
     -0.02     -0.43      0.43
      0.94      0.53      0.43
      0.94      0.53      0.43
      1.89      0.53     -0.53
      0.94      0.53     -0.53
      0.94      0.53     -0.53
     -0.02      0.53     -0.53
     -0.98      0.53      0.43
     -0.98     -0.43     -0.53
     -0.98     -0.43     -0.53
     -0.02     -0.43     -0.53
      0.94     -0.43      0.43
      0.94     -0.43     -0.53
      0.94     -0.43     -0.53
      0.94     -0.43     -0.53
     -0.02     -0.43     -0.53
     -0.02     -0.43     -1.48
     -0.02     -0.43     -0.53
     -0.02     -0.43     -0.53
     -0.02     -0.43     -0.53
     -0.02     -0.43      0.43
      0.94     -0.43      0.43
     -0.02     -0.43     -0.53
     -0.02     -0.43     -0.53
     -0.02     -0.43     -0.53
     -0.02      0.53      0.43
     -0.02      1.48      1.39
     -0.02      1.48      1.39
     -0.98      1.48      1.39
     -0.98      1.48      1.39
     -0.98      0.53      1.39
     -0.02      0.53      1.39
     -0.02      0.53      0.43
     -0.02      0.53     -0.53
     -0.02     -0.43     -1.48
     -0.02     -0.43     -1.48
     -0.02     -0.43     -0.53
     -0.02     -0.43      0.43
     -0.02      0.53     -0.53
     -0.02      0.53      0.43
     -1.93      0.53      0.43
     -0.98      0.53      0.43
     -0.02      1.48      0.43
     -0.02      1.48      0.43
     -0.02      1.48     -0.53
     -0.02      0.53     -0.53
     -0.02      0.53     -0.53
      0.94     -0.43     -1.48
      0.94     -0.43     -2.44
     -0.02     -0.43     -0.53
     -0.02     -0.43      0.43
     -0.02     -1.39     -0.53
     -0.98     -0.43     -0.53
     -0.02     -0.43     -0.53
     -0.02     -0.43     -0.53
     -0.02     -0.43     -0.53
     -0.02     -1.39      0.43
      0.94      0.53     -0.53
      0.94      1.48      0.43
      0.94      1.48      0.43
     -0.02      0.53      0.43
     -0.02     -0.43      0.43
     -0.02     -0.43     -0.53
     -0.02     -0.43     -0.53
     -0.02     -0.43     -0.53
     -0.02     -0.43      0.43
     -0.98     -0.43      0.43
     -0.02     -0.43     -0.53
     -0.02     -1.39      0.43
     -0.02      0.53     -1.48
     -0.02      0.53      0.43
     -0.02      0.53      0.43
      0.94      0.53      0.43
     -0.02      0.53      0.43
      0.94     -0.43      0.43
      0.94     -0.43      1.39
      0.94      0.53      1.39
     -0.02     -0.43      0.43
     -0.02     -0.43      0.43
     -0.98      0.53      0.43
     -0.02      0.53     -0.53
     -0.98      0.53     -1.48
     -0.98     -0.43     -1.48
     -0.02     -0.43     -1.48
     -0.02     -0.43     -0.53
      0.94     -0.43      0.43
     -0.02     -1.39      0.43
      0.94     -0.43      0.43
      0.94      0.53      0.43
      0.94      0.53      0.43
     -0.02      0.53      0.43
     -0.02     -0.43      0.43
     -0.98     -0.43     -0.53
     -0.98     -0.43     -1.48
     -0.98     -0.43     -0.53
     -0.02     -0.43     -0.53
     -1.93     -0.43     -0.53
     -0.98     -0.43     -0.53
     -0.98     -0.43     -0.53
     -0.02     -0.43     -0.53
     -0.02     -0.43     -0.53
     -0.02     -0.43     -1.48
     -0.98     -0.43     -1.48
     -0.98     -0.43     -0.53
     -0.98     -1.39      0.43
     -0.98     -1.39      0.43
     -0.98     -1.39      1.39
     -0.98     -0.43      1.39
     -0.02      0.53      1.39
     -0.02      0.53      1.39
      0.94      1.48      1.39
      0.94      1.48      1.39
      0.94      1.48      0.43
     -0.02      0.53      0.43
     -0.98      0.53     -0.53
     -0.98      0.53     -0.53
     -0.02     -0.43     -0.53
     -0.02     -0.43      0.43
      0.94     -1.39      1.39
      0.94     -0.43      1.39
      0.94     -0.43      1.39
      0.94      0.53      1.39
      0.94      1.48      0.43
      0.94      1.48      0.43
     -0.02      0.53      0.43
     -0.02      0.53      0.43
      0.94     -0.43     -0.53
     -0.02      0.53     -0.53
     -0.02      0.53     -1.48
     -0.02      0.53     -1.48
     -0.02      0.53     -1.48
     -0.02      0.53     -1.48
      0.94      1.48     -1.48
      0.94      1.48     -0.53
     -0.02      0.53     -0.53
     -0.02      0.53      0.43
     -0.98      0.53     -0.53
     -0.98      0.53     -0.53
     -1.93      0.53     -0.53
     -0.02      0.53     -0.53
     -0.02     -0.43      0.43
     -0.02     -0.43      1.39
     -0.02     -0.43      0.43
     -0.02     -0.43      0.43
     -0.02      0.53      0.43
      0.94      0.53     -0.53
     -0.02      0.53     -0.53
     -0.02      0.53     -0.53
     -0.02      0.53     -0.53
     -0.02      0.53     -0.53
      0.94      0.53     -0.53
     -0.02      1.48     -0.53
     -0.02      0.53      0.43
     -0.02      0.53      0.43
     -0.98     -0.43      0.43
     -0.98     -0.43      0.43
     -0.02     -0.43     -0.53
     -0.02     -1.39     -0.53
      0.94     -0.43     -0.53
      0.94     -0.43     -0.53
     -0.02      0.53     -0.53
     -0.02     -0.43     -0.53
     -0.02     -0.43      0.43
     -0.02     -0.43      0.43
      0.94      0.53     -0.53
      0.94      0.53      0.43
     -0.02      0.53      0.43
     -0.02      1.48      0.43
     -0.98     -0.43      0.43
     -0.02     -0.43      0.43
     -0.02     -1.39     -0.53
     -0.02     -1.39     -0.53
     -0.02     -0.43     -0.53
     -0.02     -0.43     -0.53
     -0.02     -0.43      0.43
     -0.02     -0.43      0.43
     -0.02     -0.43     -0.53
     -0.98     -0.43     -0.53
     -0.98     -0.43     -1.48
     -0.98      1.48     -1.48
     -0.02      1.48     -0.53
     -0.02      0.53      0.43
     -0.02     -0.43      1.39
     -0.02     -0.43      1.39
     -0.02     -0.43      0.43
      0.94     -0.43      0.43
      0.94     -0.43      0.43
      0.94     -0.43      0.43
      0.94     -0.43      0.43
     -0.02     -0.43     -0.53
     -0.02     -0.43     -0.53
     -0.02     -1.39     -0.53
     -0.02     -1.39      0.43
     -0.02     -0.43      0.43
     -0.02     -0.43      1.39
     -0.02     -0.43      1.39
     -0.98     -0.43      1.39
     -0.98     -1.39      1.39
     -0.02     -0.43     -0.53
      0.94      0.53      0.43
     -0.02      0.53     -0.53
     -0.02      0.53     -0.53
     -0.02      0.53     -0.53
     -0.02     -0.43     -1.48
     -0.02     -0.43     -0.53
     -0.02     -0.43     -0.53
      0.94     -0.43      0.43
      0.94      0.53      0.43
      0.94     -0.43      1.39
     -0.02      0.53      1.39
     -0.02     -0.43      1.39
      0.94     -0.43      1.39
     -0.02      0.53      0.43
     -0.02      0.53      1.39
     -0.02     -0.43      0.43
     -0.02     -0.43      0.43
     -0.98      0.53      0.43
     -0.98      0.53     -0.53
     -1.93      0.53     -0.53
     -0.02      0.53      0.43
     -0.02      1.48      0.43
      0.94      0.53      0.43
      0.94      0.53     -0.53
      0.94      0.53     -0.53
      0.94     -0.43     -1.48
     -0.02      0.53     -1.48
     -0.02     -0.43     -3.40
     -0.02      0.53     -1.48
     -0.02     -0.43     -1.48
     -0.98      0.53     -0.53
     -0.98      0.53      0.43
     -0.02     -0.43      1.39
     -0.02     -0.43      1.39
     -0.02     -0.43      1.39
     -0.02      0.53      0.43
      0.94     -0.43     -0.53
     -0.02     -0.43     -0.53
     -0.02     -0.43     -0.53
     -0.02     -0.43     -0.53
     -0.02     -0.43     -0.53
     -0.02      0.53     -0.53
     -0.02      0.53     -0.53
     -0.02      1.48     -0.53
     -0.02      1.48     -0.53
     -0.02      1.48      0.43
     -0.98      0.53      0.43
     -0.02      0.53      0.43
     -0.02     -0.43      0.43
     -0.02     -0.43      0.43
     -0.02     -0.43      0.43
     -0.98     -0.43      0.43
     -0.02     -0.43      0.43
     -0.02     -0.43      0.43
     -0.02     -0.43      0.43
     -0.02      0.53      0.43
     -0.02      0.53     -0.53
     -0.02      1.48     -1.48
     -0.02      1.48     -1.48
     -0.02      0.53     -0.53
     -0.98      0.53     -0.53
     -0.02      0.53      0.43
      0.94      0.53      0.43
     -0.02      0.53      0.43
      0.94     -0.43      0.43
      0.94     -0.43      1.39
      0.94     -0.43      0.43
     -0.02     -1.39     -0.53
     -0.02     -1.39      0.43
     -0.02     -1.39      0.43
     -0.02     -1.39      0.43
     -0.02     -1.39     -0.53
     -0.02     -0.43     -0.53
     -0.02     -0.43     -0.53
     -0.02     -0.43     -0.53
     -0.02      0.53     -0.53
     -0.98      0.53     -0.53
     -0.98     -0.43     -0.53
     -0.98     -0.43     -0.53
     -0.98     -0.43     -0.53
     -0.02     -0.43      0.43
     -0.02     -0.43      0.43
     -0.02     -0.43      0.43
     -0.02     -0.43      0.43
     -0.02     -0.43      0.43
     -0.02     -0.43      1.39
     -0.02     -0.43      1.39
     -0.02     -0.43      1.39
     -0.02     -0.43      1.39
     -0.98     -0.43      0.43
     -0.02     -0.43      0.43
     -0.98      0.53     -0.53
     -0.02      0.53     -0.53
     -0.02      0.53     -1.48
      0.94      0.53     -0.53
     -0.02      0.53      0.43
     -0.02      0.53      0.43
     -0.02      0.53      0.43
     -0.02      0.53      0.43
     -0.02      0.53      0.43
     -0.02      0.53      0.43
     -0.02      0.53      0.43
     -0.02      0.53      0.43
      0.94      0.53      0.43
     -0.02     -0.43     -0.53
     -0.02     -0.43     -0.53
     -0.02      0.53     -0.53
     -0.02      0.53     -0.53
      0.94     -0.43     -0.53
      0.94      0.53      0.43
      0.94      0.53      0.43
     -0.02      0.53      0.43
     -0.02      0.53     -0.53
     -0.02      0.53     -0.53
     -0.02      0.53     -0.53
     -0.02     -0.43     -0.53
     -0.02     -0.43     -0.53
     -0.02     -0.43     -0.53
     -0.98     -0.43     -0.53
     -0.02     -0.43     -0.53
      0.94     -0.43      0.43
      0.94     -0.43      0.43
     -0.02      0.53     -0.53
     -0.02      0.53     -0.53
     -0.98      0.53     -0.53
     -0.02      0.53     -0.53
     -0.98      0.53     -0.53
     -0.98      0.53      0.43
     -0.98      0.53      1.39
     -1.93     -0.43      0.43
     -0.98      0.53      0.43
     -0.98     -0.43      0.43
     -0.02      0.53      0.43
     -0.98      0.53      0.43
     -0.02      0.53      0.43
     -0.02      0.53     -0.53
     -0.02      0.53     -0.53
     -0.02      0.53     -1.48
     -0.02      0.53     -0.53
     -0.02     -0.43     -0.53
     -0.02      0.53     -2.44
     -0.98      0.53      0.43
     -0.02      1.48      0.43
     -0.02      1.48      0.43
      0.94      0.53      0.43
     -0.02      0.53      0.43
     -0.02      0.53      0.43
     -0.02     -0.43      0.43
     -0.98     -0.43     -0.53
     -0.02     -0.43     -0.53
     -0.02     -0.43      0.43
     -0.02     -0.43      0.43
     -0.02     -0.43      0.43
