********************************************************************************
                       INSTITUTO DE INGENIERIA, UNAM
                   Coordinacion de Instrumentacion Sismica
  Ciudad Universitaria, Apartado Postal 70-472, Coyoacan 04510, Mexico, D.F.
 Tel.(52-5)622-3414    Fax.(52-5)616-1514    e-mail: isismica@pumas.iingen.unam.mx
**************************************************************************************
ARCHIVO ESTANDAR DE ACELERACION:
VERSION DEL FORMATO                    : 2.0
NOMBRE DEL ARCHIVO                     : ACAZ9609.031
FECHA Y HORA DE CREACION               : Tue Nov 26 13:55:59 1996
REF. CATALOGO ACELEROGRAMAS, SMIS 1995 : REGISTRO NO.      /PAG.    


================================================================================
DATOS DE LA ESTACION:
NOMBRE DE LA ESTACION                  : ACAPULCO LA ZANJA
CLAVE DE LA ESTACION                   : ACAZ
LOCALIZACION DE LA ESTACION            : ESCUELA PRIMARIA EN EL EJIDO LA ZANJA, CERCA DEL
                                       : ENTRONQUE CON LA AUTOPISTA PUERTO MARQUEZ-MEXICO
                                       : Y COMO A 5KM DEL AEROPUERTO. ACAPULCO, GUERRERO.
                                       : 
                                       : 
COORDENADAS DE LA ESTACION             : 16.788528 LAT. N
                                       : 99.790152 LONG. W
ALTITUD (msnm)                         : 10
TIPO DE SUELO                          : DEPOSITO BARRA
                                       : 
                                       : 
INSTITUCION RESPONSABLE                : INSTITUTO DE INGENIERIA UNAM 
                                       : 

================================================================================
DATOS DEL ACELEROGRAFO: 
MODELO DEL ACELEROGRAFO                : DCA-333
NUMERO DE SERIE DEL ACELEROGRAFO       : 114
NUMERO DE CANALES                      : 3
ORIENTACION C1-C6 (rumbo;orientacion)  : /V/N90E/N00E
ORIENTACION C7-C12 (rumbo;orientacion) :
VEL. DE MUESTREO, C1-C6 (muestras/s)   : /100/100/100
VEL. DE MUESTREO, C7-C12 (muestras/s)  :
ESC. COMPLETA DE SENSORES, C1-C6, (g)  : /2/2/2
ESC. COMPLETA DE SENSORES, C7-C12 (g)  :
FREC. NAT. DE SENSORES, C1-C6, (Hz)    : /30.0/30.0/30.0
FREC. NAT. DE SENSORES, C7-C12 (Hz)    :
AMORTIGUAMIENTO DE SENSORES, C1-C6     : /0.70/0.70/0.70
AMORTIGUAMIENTO DE SENSORES, C7-C12    :
INTERVALO DE MUESTREO, C1-C6 (s)       : /0.01/0.01/0.01
INTERVALO DE MUESTREO, C7-C12 (s)      :
UMBRAL DE DISPARO, C1-C6 (Gal)         : /8/8/8
UMBRAL DE DISPARO, C7-C12 (Gal)        :
MEMORIA DE PREEVENTO (s)               : 4
TIEMPO DE POSEVENTO (s)                : 15


================================================================================
DATOS DEL SISMO:
FECHA DEL SISMO [GMT]                  : 1996/09/03
HORA EPICENTRO (GMT)                   : 11:45:04.8
MAGNITUD(ES)                           : /Mb=4.6/Mc=4.9
COORDENADAS DEL EPICENTRO              : 16.72 LAT. N
                                       : 99.85 LONG. W
PROFUNDIDAD FOCAL (Km)                 : 9
FUENTE DE LOS DATOS EPICENTRALES       : Instituto de Geofisica, UNAM
                                       : SSN

================================================================================
DATOS DE ESTE REGISTRO:
HORA DE LA PRIMERA MUESTRA (GMT)       : 11:45:11    
EXACTITUD DEL TIEMPO (s)               : 0.5  
DURACION DEL REGISTRO (s), C1-C6       : /17.16/17.16/17.16                      
DURACION DEL REGISTRO (s), C7-C12      : 
NUM. TOTAL DE MUESTRAS, C1-C6          : /1716/1716/1716                       
NUM. TOTAL DE MUESTRAS, C7-C12         : 
ACEL. MAX.(Gal), C1-C6                 : /7.01/-9.35/-13.34                    
ACEL. MAX., C1-C6, EN LA MUESTRA       : /349/515/342                          
ACEL. MAX.(Gal), C7-C12                : 
ACEL. MAX., C7-C12,EN LA MUESTRA       : 
UNIDADES DE LOS DATOS                  : Gal (cm/s/s)
FACTOR DE DECIMACION                   : 1
FORMATO DATOS (FORTRAN,10 campos/dato) : 3F10.2


================================================================================
CALIDAD DEL ACELEROGRAMA:
REGISTRO DIGITAL COMPLETO, CON TIEMPO ABSOLUTO CORRECTO.


================================================================================
COMENTARIOS:














================================================================================
DATOS DE ACELERACION:
---------+---------+---------+---------+---------+---------+---------+---------+
   CANAL-1   CANAL-2   CANAL-3
         V      N90E      N00E
---------+---------+---------+---------+---------+---------+---------+---------+
      0.31      0.22     -0.90
      0.31      0.22     -0.90
      0.31      0.22     -0.90
      0.31      0.22     -0.90
      0.31      0.22     -0.90
      0.31      1.18      0.06
      0.31      2.13      1.97
      0.31      1.18      1.02
      0.31      1.18      1.97
      1.27      1.18      1.97
      1.27      0.22      1.97
      1.27     -0.74      1.97
      0.31     -2.65      1.02
     -0.65     -2.65      0.06
     -1.60     -2.65     -1.85
     -1.60     -0.74     -1.85
     -1.60      0.22     -3.77
     -0.65      0.22     -3.77
     -0.65      0.22     -3.77
      0.31      0.22     -3.77
      0.31     -0.74     -2.81
      1.27      0.22     -1.85
      1.27      0.22     -0.90
      0.31      0.22     -0.90
      0.31      0.22     -0.90
     -0.65      0.22      0.06
      0.31     -0.74     -0.90
      0.31      0.22      0.06
      1.27      0.22      1.02
      0.31      1.18      1.02
     -1.60      1.18      1.97
     -2.56      1.18      1.02
     -2.56      0.22      1.97
     -1.60      0.22      1.02
     -0.65      0.22      0.06
     -0.65     -0.74     -0.90
      0.31     -0.74     -0.90
      0.31     -0.74      0.06
      1.27     -0.74      1.02
      1.27      0.22      1.02
      0.31      0.22      0.06
      0.31      0.22      0.06
      0.31      0.22      0.06
     -0.65      0.22      0.06
     -0.65      0.22      0.06
     -0.65      0.22      0.06
     -0.65      1.18      0.06
      0.31      1.18      0.06
      0.31      1.18      0.06
     -0.65      1.18      0.06
      0.31      1.18      0.06
      0.31      0.22      0.06
      0.31      0.22      0.06
     -0.65     -0.74     -0.90
     -0.65     -0.74     -1.85
     -0.65     -0.74     -1.85
     -0.65     -0.74     -0.90
      1.27     -0.74      0.06
      1.27     -0.74      0.06
      0.31     -0.74      0.06
      1.27      0.22      1.02
      1.27      1.18      1.97
      0.31      1.18      1.97
      1.27      1.18      1.97
      0.31      1.18      1.02
     -0.65      0.22      1.02
     -0.65      0.22      1.02
     -0.65      0.22      0.06
      0.31     -0.74     -0.90
      0.31     -0.74     -0.90
      1.27     -0.74     -1.85
      0.31     -0.74     -1.85
      0.31     -0.74     -0.90
      0.31     -0.74     -1.85
     -0.65     -1.69     -1.85
     -0.65     -0.74     -0.90
     -0.65      1.18      0.06
     -0.65      2.13      1.02
     -0.65      2.13      1.97
      0.31      1.18      2.93
      0.31      1.18      2.93
     -0.65      0.22      2.93
      0.31      0.22      1.97
     -0.65     -0.74      0.06
     -0.65     -1.69     -0.90
     -1.60     -1.69     -1.85
     -0.65     -0.74     -1.85
     -0.65     -0.74     -0.90
     -0.65     -0.74      0.06
      0.31     -1.69      1.02
      1.27     -0.74      1.02
      1.27      0.22      1.97
      0.31      1.18      1.97
      0.31      1.18      1.97
     -0.65      1.18      1.97
      0.31      0.22      1.02
      0.31     -0.74      0.06
      1.27      0.22     -0.90
      2.22     -1.69     -1.85
      3.18      0.22     -1.85
      3.18      0.22     -1.85
      2.22      1.18     -1.85
      0.31      1.18     -0.90
      0.31      1.18      0.06
     -1.60      0.22      1.02
     -1.60     -0.74      1.02
     -0.65     -1.69      1.02
     -0.65     -1.69      1.02
     -0.65     -0.74      0.06
     -1.60     -1.69     -0.90
     -0.65     -0.74     -0.90
     -0.65     -1.69      0.06
     -0.65      0.22      0.06
      0.31      1.18      0.06
     -0.65      2.13      0.06
     -0.65      0.22      0.06
     -1.60      1.18      0.06
     -0.65      0.22     -0.90
      0.31     -0.74      0.06
      1.27     -0.74      0.06
      1.27     -1.69      1.02
      1.27     -1.69      1.02
      1.27     -0.74      0.06
      1.27     -0.74      0.06
      0.31     -0.74     -0.90
      0.31      0.22      0.06
     -0.65      1.18      0.06
     -0.65      1.18      0.06
     -0.65      2.13      0.06
     -0.65      2.13      0.06
     -0.65      2.13      0.06
     -2.56      1.18      1.02
     -0.65      1.18      1.97
     -1.60      0.22      1.97
     -0.65      0.22      1.97
      0.31      0.22      1.97
     -0.65     -0.74      1.02
      0.31     -0.74      0.06
      0.31     -0.74     -0.90
     -0.65     -1.69     -0.90
     -0.65     -0.74     -0.90
     -0.65     -0.74     -0.90
     -0.65      0.22     -0.90
     -1.60      0.22     -0.90
     -0.65      1.18     -0.90
      0.31      1.18     -0.90
      2.22      1.18     -0.90
      3.18     -0.74     -1.85
      3.18     -0.74     -0.90
      2.22     -0.74     -1.85
      2.22     -0.74     -1.85
      1.27     -0.74     -0.90
     -0.65      0.22     -0.90
     -0.65      0.22     -0.90
     -0.65      1.18      0.06
     -1.60      1.18      1.02
     -0.65      1.18      1.97
     -1.60      0.22      1.97
      0.31     -0.74      1.02
      1.27     -0.74      1.02
      1.27     -0.74      1.02
      1.27     -0.74      1.02
      1.27     -0.74      0.06
      0.31     -0.74      0.06
      0.31      0.22     -0.90
     -0.65      0.22     -1.85
     -1.60      0.22     -1.85
     -2.56      0.22     -1.85
     -1.60      0.22      0.06
     -1.60      0.22      1.02
     -1.60      0.22      1.02
     -0.65     -0.74      1.02
     -0.65      0.22      1.97
      0.31     -0.74      1.97
      0.31     -0.74      1.02
      0.31     -1.69      0.06
      0.31     -1.69     -0.90
      0.31     -1.69     -0.90
     -0.65     -0.74      0.06
     -0.65      0.22      0.06
     -0.65      0.22      0.06
     -0.65      1.18      0.06
      0.31      1.18      0.06
      1.27      1.18      0.06
      0.31      1.18      0.06
      1.27      1.18      1.02
      1.27      1.18      1.02
      2.22      0.22      1.02
      3.18      0.22      1.02
      2.22     -0.74      1.02
      1.27     -0.74      1.02
      0.31     -0.74      0.06
     -0.65     -0.74      0.06
     -1.60     -0.74     -0.90
     -1.60     -0.74     -0.90
     -1.60     -0.74     -0.90
     -0.65      0.22     -0.90
     -0.65      0.22     -0.90
     -2.56      0.22     -0.90
     -0.65      0.22      0.06
      0.31      0.22     -0.90
      0.31     -0.74     -0.90
      0.31      0.22     -0.90
      0.31      0.22     -0.90
     -0.65      0.22      1.02
     -0.65      0.22      1.02
      0.31      0.22      0.06
      0.31      0.22      0.06
     -0.65      0.22      0.06
     -0.65      0.22      1.02
     -0.65      1.18      1.02
     -1.60      1.18      1.02
     -0.65      1.18      1.02
      0.31      1.18      0.06
      0.31      0.22      0.06
      0.31      0.22      1.02
      0.31      0.22      1.02
     -0.65      0.22      1.02
     -0.65      0.22      1.02
     -0.65     -0.74      1.02
     -0.65     -0.74      1.02
      0.31     -0.74      1.02
      0.31     -0.74      1.02
      0.31     -0.74      0.06
      1.27      0.22     -0.90
      0.31     -0.74     -1.85
      0.31      0.22     -1.85
      0.31      0.22     -0.90
      0.31      0.22      0.06
     -1.60      0.22      0.06
     -0.65      0.22      0.06
      0.31      1.18      1.02
     -0.65      1.18      1.02
      0.31      1.18      0.06
     -0.65      1.18     -0.90
      0.31      0.22     -0.90
      0.31      0.22     -0.90
      1.27      0.22     -0.90
      1.27     -0.74     -0.90
      2.22      0.22     -0.90
      1.27      0.22     -1.85
      0.31      0.22     -1.85
      0.31      0.22     -1.85
      0.31     -0.74     -0.90
      0.31      0.22     -0.90
      0.31      0.22      0.06
     -0.65      0.22     -1.85
     -0.65      0.22      0.06
     -0.65     -0.74      0.06
     -0.65     -0.74      0.06
     -0.65     -0.74      0.06
     -1.60     -0.74      1.02
     -0.65      0.22      1.97
     -1.60      0.22      1.97
     -0.65      1.18      1.02
     -0.65      0.22      1.02
      0.31      0.22      1.97
      0.31      0.22      1.97
      0.31      0.22      1.97
      0.31      0.22      1.97
      0.31      0.22      1.02
      0.31      0.22      1.02
     -0.65      0.22      0.06
     -0.65      0.22     -0.90
      0.31      1.18     -1.85
     -0.65      1.18     -1.85
      0.31      1.18     -1.85
      0.31      0.22     -1.85
      0.31      0.22     -1.85
      1.27      0.22     -1.85
      1.27      0.22     -1.85
      2.22      0.22     -1.85
      3.18      0.22     -1.85
      2.22      0.22     -0.90
      2.22     -0.74     -0.90
      1.27     -0.74      0.06
      0.31     -0.74      0.06
     -0.65     -0.74      0.06
     -0.65     -0.74      0.06
     -0.65      0.22      1.02
     -1.60      0.22      1.02
     -1.60      0.22      1.02
     -1.60      0.22      1.02
     -1.60      0.22      1.97
     -2.56     -0.74      1.97
     -3.52     -0.74      1.97
     -3.52     -0.74      1.02
     -2.56      0.22     -0.90
     -2.56      0.22     -0.90
     -2.56      0.22     -1.85
     -1.60      0.22     -1.85
     -0.65      0.22     -1.85
      0.31      0.22     -0.90
      0.31      1.18      0.06
      0.31      0.22      1.02
      0.31      1.18      1.97
      1.27      2.13      1.02
      2.22      1.18      1.97
      4.14      1.18      1.02
      4.14      1.18      1.97
      3.18      1.18      1.97
      3.18      1.18      2.93
      2.22      0.22      3.89
      0.31      0.22      3.89
     -1.60      1.18      4.85
     -3.52      1.18      4.85
     -4.48      1.18      4.85
     -4.48      0.22      4.85
     -3.52      0.22      3.89
     -2.56      0.22      3.89
     -0.65      0.22      2.93
      0.31      0.22      1.97
      1.27     -0.74      1.97
      2.22     -0.74      1.02
      3.18     -0.74      1.02
      4.14     -0.74      1.02
      4.14     -0.74      0.06
      3.18     -1.69     -0.90
      1.27     -1.69     -1.85
      0.31     -2.65     -2.81
     -0.65     -3.61     -3.77
     -0.65     -3.61     -4.73
     -1.60     -4.57     -4.73
     -1.60     -4.57     -4.73
     -1.60     -4.57     -4.73
     -0.65     -4.57     -3.77
     -0.65     -3.61     -2.81
      0.31     -2.65     -2.81
      1.27     -1.69     -1.85
      2.22      0.22      0.06
      3.18      1.18      1.97
      3.18      2.13      2.93
      3.18      3.09      3.89
      2.22      4.05      3.89
      0.31      5.96      2.93
      0.31      5.96      1.02
     -0.65      5.96     -0.90
     -0.65      4.05     -2.81
     -0.65      5.01     -5.68
     -0.65      3.09     -8.55
     -2.56      1.18    -10.47
     -3.52      0.22    -12.38
     -4.48     -0.74    -13.34
     -3.52     -1.69    -13.34
     -2.56     -1.69    -12.38
     -1.60     -1.69    -10.47
     -0.65     -0.74     -8.55
      1.27      1.18     -5.68
      5.10      1.18     -2.81
      7.01      4.05      1.97
      7.01      4.05      4.85
      6.05      4.05      7.72
      3.18      2.13      8.67
      1.27     -0.74      8.67
     -0.65     -2.65      6.76
     -1.60     -4.57      4.85
     -2.56     -6.48      1.97
     -4.48     -8.39     -0.90
     -4.48     -7.44     -2.81
     -3.52     -6.48     -4.73
     -1.60     -2.65     -5.68
      0.31      0.22     -4.73
      0.31      3.09     -3.77
     -0.65      5.01      0.06
     -0.65      5.96      1.02
     -0.65      5.96      1.02
      0.31      4.05      2.93
      1.27      3.09      3.89
      2.22      1.18      5.80
      1.27      0.22      4.85
      0.31     -0.74      3.89
     -0.65     -1.69      1.97
     -1.60     -2.65      2.93
     -2.56     -3.61      4.85
     -1.60     -4.57      4.85
     -1.60     -3.61      2.93
     -0.65     -1.69     -1.85
     -0.65      0.22     -3.77
      0.31      0.22     -3.77
      1.27     -0.74     -1.85
      2.22      0.22      1.97
      2.22      3.09      3.89
      4.14      5.01      4.85
      3.18      6.92      6.76
      2.22      7.88      7.72
     -0.65      6.92      7.72
     -3.52      4.05      8.67
     -6.39      2.13      8.67
     -6.39     -0.74      7.72
     -5.43     -1.69      7.72
     -4.48     -2.65      8.67
     -1.60     -2.65      8.67
      0.31     -2.65      8.67
      1.27     -2.65      5.80
      1.27     -2.65      1.97
      2.22     -2.65     -0.90
      1.27     -2.65     -2.81
      2.22     -3.61     -4.73
      2.22     -4.57     -6.64
      2.22     -4.57     -7.60
      1.27     -3.61     -7.60
      1.27     -1.69     -5.68
     -0.65      0.22     -1.85
      0.31      1.18      1.02
      0.31      2.13      2.93
     -0.65      2.13      3.89
     -1.60      1.18      5.80
     -2.56     -1.69      7.72
     -2.56     -2.65      8.67
     -2.56     -2.65      5.80
     -0.65     -1.69      1.97
      0.31     -0.74     -2.81
      1.27      0.22     -4.73
      0.31      0.22     -6.64
      1.27      1.18     -6.64
      1.27      1.18     -5.68
      2.22      3.09     -5.68
      1.27      5.01     -4.73
      0.31      6.92     -4.73
     -1.60      7.88     -3.77
     -1.60      8.83     -0.90
     -0.65      5.96      1.97
      0.31      3.09      4.85
      0.31     -0.74      4.85
     -0.65     -2.65      7.72
     -0.65     -4.57      7.72
      0.31     -6.48      6.76
      1.27     -6.48      3.89
      2.22     -5.52      0.06
      2.22     -3.61     -5.68
      0.31     -1.69     -9.51
     -1.60      0.22    -10.47
     -2.56      2.13    -10.47
     -2.56      3.09     -9.51
     -0.65      4.05     -9.51
      0.31      4.05     -8.55
      1.27      3.09     -7.60
      2.22      1.18     -6.64
      2.22      0.22     -5.68
      3.18     -0.74     -4.73
      3.18     -1.69     -3.77
      2.22     -1.69     -1.85
      0.31     -2.65      0.06
     -0.65     -3.61      1.02
     -1.60     -5.52      2.93
     -1.60     -5.52      3.89
     -1.60     -5.52      4.85
     -0.65     -5.52      4.85
     -1.60     -3.61      2.93
     -1.60     -2.65     -0.90
     -1.60     -0.74     -4.73
     -1.60      1.18     -8.55
     -0.65      3.09    -10.47
     -1.60      5.01    -10.47
     -1.60      5.96    -10.47
     -2.56      5.96     -7.60
     -0.65      5.96     -4.73
      1.27      5.01      0.06
      3.18      5.01      2.93
      2.22      5.01      4.85
      2.22      4.05      6.76
      2.22      2.13      6.76
      2.22      0.22      6.76
      2.22     -0.74      5.80
      2.22     -1.69      4.85
      1.27     -1.69      4.85
      0.31     -3.61      3.89
      0.31     -2.65      1.97
     -0.65     -0.74      0.06
     -1.60     -0.74     -1.85
     -0.65     -0.74     -1.85
     -0.65     -0.74     -0.90
     -0.65     -0.74      1.02
     -0.65     -0.74      2.93
     -0.65      1.18      4.85
     -0.65      1.18      6.76
      0.31      1.18      5.80
      0.31     -1.69      3.89
      0.31     -3.61      1.97
     -0.65     -5.52      0.06
      0.31     -6.48     -1.85
      0.31     -7.44     -3.77
      0.31     -6.48     -3.77
      1.27     -4.57     -2.81
      1.27      0.22     -1.85
      1.27      4.05      0.06
      1.27      6.92     -0.90
      0.31      7.88     -1.85
     -1.60      7.88     -2.81
     -2.56      8.83     -0.90
     -3.52      7.88      2.93
     -3.52      5.96      5.80
     -1.60      3.09      7.72
      0.31     -0.74      9.63
      1.27     -3.61      9.63
      1.27     -6.48      9.63
      0.31     -8.39      6.76
     -0.65     -8.39      5.80
     -1.60     -7.44      4.85
     -1.60     -5.52      4.85
     -2.56     -3.61      5.80
     -2.56     -0.74      6.76
     -2.56      1.18      5.80
     -1.60      3.09      4.85
     -0.65      5.01      3.89
      0.31      5.96      1.97
      1.27      6.92      0.06
      2.22      6.92     -2.81
      2.22      6.92     -3.77
      2.22      5.96     -4.73
      3.18      4.05     -6.64
      3.18      1.18     -7.60
      3.18     -2.65     -6.64
      2.22     -6.48     -3.77
      2.22     -8.39     -0.90
      1.27     -9.35      2.93
      1.27     -8.39      5.80
      0.31     -6.48      7.72
      0.31     -4.57      6.76
      0.31     -1.69      4.85
      0.31      0.22      1.97
      0.31      2.13      0.06
      0.31      2.13     -1.85
      0.31      1.18     -1.85
     -1.60      1.18     -1.85
     -2.56      0.22     -3.77
     -3.52      1.18     -4.73
     -3.52      2.13     -5.68
     -2.56      3.09     -6.64
     -0.65      4.05     -6.64
      0.31      4.05     -6.64
      0.31      3.09     -6.64
     -0.65      2.13     -6.64
     -0.65      2.13     -6.64
     -0.65      2.13     -6.64
     -0.65      2.13     -5.68
      0.31      3.09     -4.73
     -0.65      4.05     -2.81
      0.31      4.05      0.06
      2.22      3.09      1.97
      1.27      2.13      1.97
     -0.65      0.22      1.97
     -1.60     -0.74      1.02
     -2.56     -1.69      0.06
     -2.56     -1.69      0.06
     -2.56     -3.61     -0.90
     -0.65     -5.52      0.06
      0.31     -6.48      1.02
      0.31     -6.48      0.06
      0.31     -7.44     -0.90
     -0.65     -5.52     -2.81
      0.31     -4.57     -3.77
      0.31     -2.65     -3.77
      0.31     -0.74     -3.77
      0.31      1.18     -3.77
      0.31      3.09     -4.73
      1.27      4.05     -3.77
      2.22      5.01     -3.77
      2.22      5.96     -3.77
      2.22      5.96     -3.77
      1.27      5.01     -2.81
      1.27      4.05     -1.85
      2.22      2.13     -1.85
      3.18      1.18     -1.85
      3.18      1.18     -0.90
      2.22      0.22      1.02
      1.27     -0.74      2.93
     -0.65     -0.74      3.89
     -1.60     -0.74      3.89
     -2.56     -0.74      3.89
     -2.56     -0.74      3.89
     -2.56     -1.69      3.89
     -2.56     -1.69      4.85
     -2.56      0.22      4.85
     -1.60      0.22      5.80
     -0.65      1.18      6.76
      0.31      2.13      6.76
      0.31      1.18      5.80
     -0.65      2.13      4.85
     -1.60      0.22      2.93
     -1.60      0.22      1.02
     -1.60     -0.74     -0.90
     -1.60     -1.69     -2.81
     -0.65     -2.65     -3.77
      0.31     -2.65     -6.64
      1.27     -2.65     -8.55
      1.27     -2.65     -6.64
      1.27     -1.69     -3.77
      1.27     -1.69     -0.90
      0.31     -1.69      2.93
      0.31      0.22      4.85
      0.31      1.18      4.85
     -0.65      1.18      5.80
     -0.65      2.13      5.80
     -0.65      1.18      4.85
      0.31      0.22      3.89
      0.31     -1.69      1.97
      0.31     -2.65     -1.85
     -0.65     -2.65     -0.90
     -0.65     -2.65     -0.90
      0.31     -1.69      1.02
      1.27      0.22      2.93
      2.22      2.13      4.85
      2.22      3.09      4.85
      3.18      4.05      4.85
      2.22      4.05      3.89
      1.27      3.09      1.97
     -0.65      2.13      1.02
     -1.60      2.13     -0.90
     -1.60      2.13     -0.90
     -1.60      2.13      0.06
      0.31      2.13      1.97
      1.27      1.18      2.93
      2.22      0.22      3.89
      2.22      0.22      3.89
      2.22      0.22      3.89
      2.22      0.22      3.89
      2.22      0.22      3.89
     -1.60      0.22      1.02
     -4.48      0.22     -1.85
     -1.60      1.18     -0.90
     -0.65      1.18     -0.90
     -0.65      2.13     -2.81
     -0.65      2.13     -5.68
      0.31      0.22     -7.60
     -0.65     -0.74     -9.51
      1.27     -0.74    -10.47
      2.22     -1.69    -11.42
      1.27     -1.69     -9.51
      1.27     -0.74     -9.51
     -0.65      1.18     -8.55
     -0.65      2.13     -6.64
     -1.60      3.09     -3.77
     -1.60      4.05      0.06
     -2.56      4.05      1.97
     -2.56      4.05      4.85
     -2.56      3.09      6.76
     -2.56      2.13      6.76
     -2.56      2.13      6.76
     -0.65      0.22      6.76
      2.22     -1.69      6.76
      2.22     -2.65      4.85
      3.18     -3.61      1.97
      3.18     -3.61     -0.90
      3.18     -2.65     -3.77
      2.22     -0.74     -6.64
      1.27      1.18     -7.60
      1.27      2.13     -7.60
      1.27      3.09     -6.64
      1.27      4.05     -4.73
     -0.65      4.05     -1.85
     -0.65      4.05      0.06
     -0.65      4.05      1.02
     -0.65      2.13      1.02
     -1.60      1.18      0.06
     -1.60     -1.69     -0.90
     -1.60     -3.61     -2.81
     -0.65     -4.57     -3.77
     -0.65     -5.52     -3.77
      0.31     -5.52     -2.81
      0.31     -4.57     -1.85
     -0.65     -3.61     -0.90
     -0.65     -1.69     -1.85
     -1.60      0.22     -2.81
     -0.65      2.13     -3.77
     -0.65      2.13     -3.77
     -0.65      3.09     -3.77
     -0.65      3.09     -3.77
     -1.60      2.13     -1.85
     -0.65      2.13      0.06
     -0.65      2.13      1.02
      0.31      2.13      3.89
      1.27      2.13      4.85
      1.27      3.09      5.80
      0.31      3.09      5.80
      0.31      3.09      4.85
     -0.65      2.13      3.89
      0.31      0.22      3.89
      0.31     -0.74      2.93
      1.27     -1.69      2.93
      1.27     -1.69      1.02
      1.27     -1.69      1.97
      1.27     -0.74      1.97
      2.22     -0.74      1.97
      2.22      0.22      1.97
      2.22      0.22      1.97
      2.22     -0.74      1.02
      1.27     -1.69      1.02
      2.22     -1.69      1.97
      1.27     -1.69      2.93
      0.31     -3.61      3.89
     -0.65     -1.69      2.93
     -1.60     -1.69      2.93
     -2.56     -0.74      2.93
     -2.56     -0.74      3.89
     -0.65     -0.74      3.89
      0.31     -0.74      2.93
      1.27     -0.74      1.97
      1.27     -0.74      1.02
      1.27     -0.74     -1.85
      0.31     -0.74     -2.81
      0.31     -0.74     -3.77
     -0.65     -0.74     -4.73
     -0.65     -0.74     -4.73
     -1.60      0.22     -2.81
     -1.60     -0.74     -1.85
     -1.60     -1.69      0.06
     -0.65     -1.69      1.02
     -0.65     -2.65      1.97
     -0.65     -2.65      1.97
     -1.60     -1.69      1.02
     -1.60     -0.74      0.06
     -2.56      0.22      0.06
     -1.60      1.18      0.06
     -1.60      2.13     -0.90
     -1.60      4.05      0.06
     -1.60      4.05      0.06
     -1.60      5.96      1.02
     -0.65      6.92      1.02
      0.31      5.96      0.06
      1.27      5.96      0.06
      1.27      4.05      1.02
      2.22      3.09      0.06
      2.22      1.18      1.02
      2.22     -0.74      1.02
      2.22     -1.69      1.97
      1.27     -2.65      1.97
      0.31     -3.61      0.06
      0.31     -4.57      1.97
     -0.65     -3.61      1.97
     -0.65     -3.61      1.97
     -1.60     -2.65      1.97
     -0.65     -1.69      1.02
     -0.65     -1.69      1.02
     -0.65     -1.69      0.06
      0.31     -2.65     -0.90
      0.31     -0.74     -1.85
      0.31     -0.74     -2.81
      0.31      0.22     -2.81
      0.31      1.18     -3.77
      0.31      2.13     -5.68
      1.27      3.09     -3.77
      1.27      3.09     -3.77
      1.27      3.09     -3.77
      1.27      3.09     -3.77
      0.31      3.09     -2.81
      0.31      3.09     -1.85
     -0.65      2.13     -1.85
      0.31      1.18     -1.85
     -0.65     -1.69     -1.85
     -0.65     -2.65     -2.81
     -0.65     -2.65     -2.81
     -0.65     -2.65     -2.81
     -1.60     -0.74     -2.81
     -1.60      1.18     -1.85
     -1.60      2.13     -0.90
     -0.65      3.09      0.06
     -0.65      3.09      2.93
      0.31      2.13      3.89
      0.31      2.13      3.89
      1.27      1.18      3.89
      2.22      0.22      2.93
      2.22      0.22      1.97
      2.22      0.22      1.02
      2.22      0.22      0.06
      1.27      0.22      0.06
      1.27     -0.74      0.06
      0.31     -1.69     -0.90
     -1.60     -0.74     -0.90
     -0.65     -1.69     -0.90
     -1.60     -0.74     -0.90
     -2.56      0.22     -0.90
     -1.60      1.18     -0.90
     -1.60      1.18      0.06
     -0.65      0.22      0.06
      0.31     -0.74      0.06
      1.27     -1.69      0.06
      2.22     -2.65     -0.90
      3.18     -3.61     -0.90
      2.22     -4.57     -2.81
      2.22     -4.57     -2.81
      1.27     -4.57     -3.77
      0.31     -4.57     -3.77
      0.31     -4.57     -2.81
      0.31     -4.57     -2.81
      0.31     -4.57     -2.81
      0.31     -4.57     -2.81
      0.31     -4.57     -2.81
     -0.65     -4.57     -0.90
     -1.60      3.09      1.97
     -1.60      3.09      2.93
     -1.60      3.09      2.93
     -1.60      2.13      2.93
     -2.56      1.18      1.97
     -1.60      0.22      1.02
     -1.60     -0.74      0.06
     -1.60     -0.74      0.06
     -0.65     -0.74      1.02
     -0.65      0.22      1.02
     -0.65      0.22      1.97
     -0.65      1.18      2.93
     -0.65      1.18      3.89
     -0.65      1.18      3.89
     -0.65      0.22      4.85
     -1.60      0.22      4.85
     -0.65     -0.74      3.89
     -1.60     -0.74      3.89
     -1.60     -0.74      3.89
     -1.60     -0.74      3.89
     -0.65     -0.74      1.97
      0.31     -0.74      0.06
      0.31     -0.74      0.06
      0.31     -0.74      0.06
      0.31      0.22     -0.90
      0.31      1.18     -0.90
      0.31      2.13     -0.90
      0.31      2.13     -1.85
      0.31      3.09     -1.85
      0.31      3.09     -2.81
      0.31      3.09     -3.77
      1.27      2.13     -2.81
      1.27      1.18     -1.85
      1.27      1.18      0.06
      2.22     -0.74      1.02
      2.22     -0.74      2.93
      2.22     -1.69      2.93
      2.22     -1.69      2.93
      2.22     -0.74      2.93
      1.27     -0.74      1.97
      1.27      0.22      1.97
      1.27      1.18      1.02
      0.31      2.13     -0.90
      0.31      3.09     -1.85
      0.31      3.09     -2.81
      0.31      3.09     -3.77
     -0.65      3.09     -4.73
     -1.60      3.09     -5.68
     -2.56      2.13     -4.73
     -2.56      1.18     -4.73
     -3.52      0.22     -4.73
     -3.52     -1.69     -3.77
     -2.56     -1.69     -2.81
     -2.56     -2.65     -1.85
     -1.60     -2.65     -1.85
     -0.65     -2.65      0.06
     -0.65     -2.65      0.06
     -0.65     -1.69      0.06
     -0.65     -1.69      0.06
      0.31     -0.74      0.06
      0.31      0.22      0.06
      0.31      0.22      0.06
      1.27      1.18      0.06
      2.22      1.18      0.06
      2.22      0.22     -0.90
      2.22      0.22     -0.90
      1.27     -0.74     -1.85
      1.27     -1.69     -1.85
      1.27     -1.69     -1.85
      0.31     -2.65     -1.85
      0.31     -2.65     -2.81
      0.31     -1.69     -1.85
      0.31     -1.69     -2.81
     -0.65     -0.74     -2.81
      0.31      0.22     -2.81
      0.31      1.18     -1.85
      0.31      2.13     -0.90
      0.31      2.13      0.06
      1.27      3.09      0.06
      1.27      3.09      0.06
      1.27      3.09      0.06
      1.27      2.13     -0.90
      1.27      1.18     -0.90
      1.27      0.22      0.06
      0.31     -0.74     -0.90
      0.31     -1.69      1.02
      0.31     -1.69      1.97
     -0.65     -0.74      3.89
     -0.65     -1.69      4.85
     -1.60     -1.69      4.85
     -2.56     -0.74      3.89
     -2.56      0.22      1.97
     -3.52      0.22      1.97
     -2.56      1.18      0.06
     -2.56      1.18     -0.90
     -1.60      1.18     -0.90
     -1.60      1.18      0.06
     -0.65      1.18      0.06
      0.31      0.22      1.02
      1.27     -0.74      1.97
      1.27     -0.74      1.02
      1.27     -1.69      1.97
      0.31     -2.65      1.02
      1.27     -3.61      1.02
      1.27     -3.61      1.02
      1.27     -3.61      1.97
      2.22     -2.65      2.93
      1.27     -1.69      3.89
      2.22     -0.74      4.85
      2.22      0.22      4.85
      2.22      1.18      4.85
      2.22      2.13      4.85
      1.27      2.13      3.89
      2.22      2.13      2.93
      1.27      1.18      1.97
      1.27      1.18      1.02
      1.27      1.18      1.02
      0.31      0.22      0.06
      0.31      0.22      0.06
      0.31     -0.74      0.06
     -0.65     -0.74     -0.90
     -1.60     -0.74     -0.90
     -1.60     -0.74     -0.90
     -0.65      0.22     -1.85
     -1.60      0.22     -1.85
     -2.56      0.22     -2.81
     -2.56      1.18     -0.90
     -3.52      2.13     -0.90
     -2.56      0.22      0.06
     -2.56      2.13      0.06
     -1.60      2.13     -0.90
     -0.65      2.13     -0.90
     -0.65      1.18     -0.90
     -0.65      1.18     -0.90
      0.31      0.22     -0.90
      0.31     -0.74     -0.90
     -0.65     -1.69     -0.90
     -0.65     -3.61     -0.90
     -0.65     -3.61     -0.90
     -1.60     -3.61     -0.90
     -2.56     -3.61     -0.90
     -0.65     -3.61     -0.90
     -0.65     -2.65      0.06
      0.31     -0.74      1.02
      0.31      0.22      1.02
      0.31      1.18      1.97
      0.31      2.13      1.97
      0.31      3.09      2.93
     -0.65      3.09      1.97
      0.31      3.09      1.97
      0.31      3.09      1.97
      0.31      2.13      1.02
      0.31      2.13      1.02
      0.31      1.18      0.06
      1.27      1.18     -0.90
      1.27      0.22     -0.90
      0.31      0.22     -0.90
      1.27     -0.74     -0.90
      1.27      0.22     -0.90
      0.31      0.22     -0.90
      0.31      0.22     -1.85
      0.31      0.22     -1.85
      0.31      0.22     -2.81
      0.31      1.18     -2.81
     -0.65      1.18     -1.85
     -0.65      1.18     -1.85
     -0.65      2.13     -1.85
     -0.65      2.13     -0.90
      0.31      2.13     -0.90
      0.31      2.13     -0.90
      0.31      1.18     -0.90
      0.31      0.22     -1.85
      1.27      0.22     -2.81
      0.31      0.22     -2.81
      0.31      0.22     -2.81
      0.31     -0.74     -1.85
      0.31     -0.74     -1.85
      0.31     -0.74     -1.85
     -0.65     -0.74     -0.90
     -0.65     -0.74     -0.90
     -1.60     -0.74     -0.90
     -0.65     -0.74      0.06
     -0.65     -0.74      1.02
     -0.65     -2.65      1.02
     -1.60     -1.69      1.97
     -0.65     -1.69      1.97
     -0.65     -1.69      1.97
      0.31     -0.74      1.97
      1.27     -1.69      1.02
      1.27     -0.74      1.02
      1.27      0.22      1.02
      1.27      0.22      1.02
      1.27      0.22      1.02
      0.31      0.22      0.06
      0.31      0.22     -0.90
      0.31      0.22     -0.90
      0.31      0.22      0.06
      0.31      0.22      1.02
     -0.65     -0.74      1.97
      0.31     -1.69      1.97
      0.31     -2.65      2.93
      0.31     -2.65      1.97
      1.27     -3.61      1.02
      0.31     -3.61      1.02
      0.31     -3.61      1.02
      0.31     -3.61      1.02
      0.31     -2.65      1.02
     -0.65     -1.69      0.06
     -0.65     -0.74      0.06
     -0.65      0.22      0.06
     -0.65      1.18     -0.90
      0.31      0.22     -0.90
      0.31      1.18     -0.90
      0.31      1.18     -1.85
     -0.65      1.18     -0.90
     -0.65      1.18     -0.90
     -0.65      0.22      0.06
     -0.65      0.22      1.02
     -0.65      0.22      1.97
     -0.65     -0.74      1.97
     -0.65     -0.74      2.93
     -0.65     -1.69      2.93
     -0.65     -2.65      1.97
     -1.60     -2.65      1.97
     -0.65     -2.65      1.02
     -0.65     -1.69      0.06
     -0.65     -0.74      0.06
     -0.65      0.22      0.06
     -0.65      1.18      1.02
     -0.65      2.13      1.02
      0.31      3.09      1.02
      0.31      3.09      1.02
      0.31      3.09      1.02
     -0.65      3.09      1.02
     -0.65      3.09      1.02
     -0.65      3.09      0.06
     -0.65      2.13      0.06
     -0.65      2.13      1.02
     -0.65      2.13      0.06
     -0.65      1.18      0.06
     -0.65      1.18      0.06
     -0.65      0.22     -0.90
      0.31      1.18     -0.90
      0.31      1.18     -0.90
      0.31      1.18      0.06
      0.31      1.18      0.06
      1.27      1.18      0.06
      1.27      1.18      0.06
      2.22      1.18     -0.90
      2.22      1.18     -1.85
      2.22      1.18     -2.81
      2.22      0.22     -2.81
      2.22      0.22     -2.81
      1.27      0.22     -2.81
      0.31      0.22     -2.81
      0.31      0.22     -2.81
     -0.65      1.18     -1.85
     -0.65      1.18     -0.90
     -0.65      1.18      0.06
     -1.60      1.18      0.06
     -2.56      2.13      0.06
     -1.60      1.18      0.06
     -1.60      1.18      0.06
     -1.60      1.18      0.06
     -1.60      1.18      0.06
     -1.60      1.18      1.02
     -0.65      0.22      1.02
     -1.60      0.22      1.02
     -0.65      0.22      1.02
     -0.65      0.22      1.02
     -0.65     -0.74      1.02
      0.31     -0.74      1.02
      0.31     -0.74      1.02
      0.31     -1.69      1.02
      1.27     -1.69      1.02
      0.31     -1.69      1.02
      0.31     -1.69      0.06
      0.31     -1.69      0.06
      0.31     -1.69      0.06
      0.31     -1.69      0.06
      0.31     -0.74     -0.90
      0.31     -0.74     -0.90
      1.27     -0.74     -0.90
      0.31      0.22     -0.90
      1.27      0.22      0.06
      1.27      0.22      1.02
      1.27      0.22      1.97
      0.31      0.22      2.93
      0.31      0.22      2.93
      0.31     -0.74      2.93
      0.31     -0.74      2.93
      0.31     -0.74      1.97
      0.31     -0.74      1.97
      0.31     -0.74      1.02
      0.31     -1.69      1.02
      0.31     -1.69      0.06
      0.31     -1.69      0.06
      0.31     -1.69     -0.90
     -0.65     -0.74     -1.85
     -0.65      0.22     -2.81
     -0.65      0.22     -2.81
      0.31      0.22     -3.77
     -0.65      0.22     -3.77
      0.31      0.22     -3.77
      0.31     -0.74     -3.77
      0.31     -0.74     -3.77
      0.31     -0.74     -1.85
      0.31     -1.69     -0.90
     -0.65     -0.74      0.06
     -0.65     -0.74      1.02
     -0.65     -0.74      1.97
     -0.65     -0.74      2.93
     -2.56      0.22      3.89
     -1.60      0.22      3.89
     -1.60      0.22      3.89
     -1.60      0.22      2.93
     -2.56      0.22      1.97
     -1.60      0.22      1.02
     -0.65      0.22     -0.90
     -0.65      0.22     -1.85
      0.31      0.22     -1.85
      1.27      0.22     -1.85
      0.31      0.22     -1.85
      1.27      0.22     -1.85
      1.27      0.22     -1.85
      0.31      0.22     -1.85
      0.31      0.22     -1.85
      0.31      0.22     -1.85
      1.27      0.22     -1.85
      0.31      0.22     -0.90
      1.27      1.18     -0.90
      0.31      1.18     -0.90
      1.27      1.18      0.06
      0.31      2.13      0.06
      0.31      2.13      0.06
      0.31      2.13      0.06
      0.31      2.13      0.06
      0.31      1.18      0.06
     -0.65      1.18      0.06
     -0.65      1.18      0.06
     -0.65      1.18      0.06
      0.31      0.22     -1.85
     -0.65      0.22      0.06
      0.31      0.22      0.06
      0.31      0.22     -0.90
      0.31      0.22      0.06
      0.31     -0.74      0.06
      0.31     -0.74      0.06
      0.31     -0.74      1.02
      0.31     -0.74      1.02
      1.27     -1.69      1.02
      0.31     -0.74      1.02
      0.31     -0.74      1.02
      0.31      0.22      1.02
      0.31      0.22      1.02
     -0.65      1.18      1.02
     -0.65      1.18      1.02
     -0.65      1.18      1.02
     -0.65      1.18      1.02
     -0.65      1.18      1.02
     -0.65      1.18      1.02
     -0.65      1.18      1.02
     -0.65      1.18      0.06
      0.31      0.22      0.06
     -0.65      0.22      1.02
     -0.65      0.22      1.02
     -0.65     -0.74      1.02
     -0.65      0.22      1.02
      0.31      0.22      1.02
      0.31      0.22      1.02
      0.31      0.22      1.02
      0.31     -0.74      1.02
      1.27     -0.74      1.02
      0.31     -0.74      0.06
      1.27     -0.74      0.06
      1.27     -1.69      0.06
      0.31     -1.69      0.06
      0.31     -1.69      1.02
      0.31     -1.69      1.02
      0.31     -0.74      1.02
     -0.65     -0.74      1.02
     -0.65     -0.74      1.02
     -0.65      0.22      1.97
     -0.65      0.22      1.97
     -0.65      0.22      1.97
      0.31      0.22      1.97
      0.31      0.22      1.02
      0.31      0.22      1.02
      0.31      0.22      1.02
      0.31      0.22      1.02
      0.31      0.22      1.02
      0.31     -0.74      0.06
      0.31      0.22     -0.90
     -0.65     -0.74     -0.90
     -0.65      0.22     -1.85
     -0.65      0.22     -2.81
     -0.65      0.22     -2.81
     -0.65      0.22     -3.77
     -0.65      0.22     -2.81
      0.31      0.22     -1.85
      0.31      0.22     -1.85
      0.31     -0.74     -1.85
      0.31     -0.74     -1.85
      0.31     -0.74     -1.85
      0.31      0.22     -1.85
      0.31      0.22     -0.90
      1.27      0.22     -0.90
      0.31     -0.74     -1.85
      0.31      0.22     -0.90
     -0.65      0.22     -0.90
     -0.65     -0.74     -0.90
     -0.65      0.22     -0.90
     -0.65     -0.74     -0.90
     -0.65     -0.74     -0.90
      0.31     -0.74     -0.90
      0.31     -0.74     -0.90
     -0.65     -0.74     -0.90
     -0.65     -0.74     -0.90
     -0.65     -0.74     -0.90
     -0.65      0.22     -0.90
     -1.60      0.22      0.06
     -0.65      1.18      0.06
     -0.65      1.18      0.06
      0.31      1.18      0.06
      0.31      2.13      0.06
      0.31      2.13      1.02
      0.31      2.13      1.02
      0.31      2.13      1.02
      0.31      1.18      1.02
      1.27      1.18      1.02
      1.27      0.22      1.97
      0.31      0.22      1.02
      0.31      0.22      1.02
      0.31      0.22      1.02
      1.27      0.22      1.02
      0.31     -0.74      1.02
      0.31     -0.74      1.02
      0.31     -0.74      1.02
      0.31     -0.74      0.06
      1.27     -0.74      0.06
      0.31     -0.74      0.06
      0.31     -0.74      0.06
      0.31     -0.74     -0.90
      0.31     -0.74     -1.85
     -0.65     -0.74     -1.85
     -0.65     -0.74     -2.81
     -0.65      0.22     -2.81
      0.31      0.22     -2.81
      0.31      0.22     -1.85
      0.31      0.22     -0.90
      0.31      1.18      0.06
      0.31      1.18      1.02
      0.31      0.22      1.02
      0.31      0.22      1.97
      0.31      0.22      2.93
      0.31      0.22      2.93
      0.31      0.22      2.93
      0.31      0.22      2.93
      0.31      0.22      2.93
      0.31      0.22      2.93
      0.31      0.22      1.97
     -0.65      1.18      1.97
     -0.65      1.18      1.02
     -0.65      1.18      1.02
     -0.65      1.18      1.02
     -0.65      0.22      1.02
     -0.65      1.18      1.02
      0.31      0.22      1.02
      0.31      0.22      0.06
      0.31      0.22      0.06
      0.31      0.22      0.06
      1.27     -0.74      0.06
      1.27     -0.74     -1.85
      0.31     -0.74     -0.90
      0.31     -0.74     -0.90
      0.31     -0.74     -0.90
      0.31      0.22     -0.90
      0.31      0.22     -0.90
      0.31      0.22     -0.90
      0.31      0.22     -0.90
      0.31      0.22     -0.90
     -0.65      0.22     -1.85
     -0.65      0.22      0.06
     -0.65      1.18      0.06
     -0.65      1.18      0.06
     -0.65      0.22      0.06
     -0.65      1.18      1.02
     -0.65      1.18      1.02
     -0.65      0.22      1.02
     -0.65      0.22      0.06
     -0.65      0.22      0.06
     -0.65      0.22      0.06
     -0.65      0.22      1.02
     -0.65      0.22      0.06
     -0.65      1.18      0.06
     -0.65      0.22      0.06
      0.31      0.22      0.06
      0.31      1.18      0.06
      1.27      0.22     -0.90
      1.27      1.18     -0.90
      1.27      0.22     -0.90
      1.27      1.18     -0.90
      1.27      1.18     -0.90
      1.27      0.22      0.06
      0.31      0.22      0.06
      0.31      0.22      0.06
      0.31      0.22      1.02
      0.31     -0.74      1.02
     -0.65     -1.69      1.02
     -0.65     -0.74      0.06
     -0.65     -0.74      0.06
      0.31     -1.69      0.06
      0.31     -1.69      0.06
     -0.65     -0.74      0.06
      1.27     -0.74      0.06
      1.27     -0.74      0.06
      1.27      0.22     -0.90
      1.27      0.22     -0.90
      1.27      0.22     -0.90
      0.31     -0.74     -0.90
      0.31     -0.74     -0.90
     -0.65     -0.74     -0.90
     -0.65     -0.74     -0.90
     -0.65     -0.74      0.06
      0.31     -0.74     -0.90
      0.31     -0.74      0.06
      0.31     -0.74      0.06
      0.31     -0.74      0.06
      0.31     -0.74      1.02
      0.31      0.22      0.06
      0.31      0.22      0.06
      0.31      0.22      0.06
      0.31      1.18      0.06
      0.31      0.22      0.06
      0.31      0.22      0.06
      0.31      0.22      0.06
      0.31      0.22      0.06
     -0.65      0.22     -0.90
     -0.65      0.22     -0.90
     -0.65      0.22     -0.90
     -0.65      0.22     -0.90
     -0.65      0.22     -0.90
     -1.60      0.22      0.06
     -1.60      0.22      0.06
     -1.60      0.22      0.06
     -0.65      0.22      0.06
     -0.65      0.22      0.06
     -0.65      0.22      1.02
     -0.65      0.22      0.06
     -0.65      0.22      0.06
      0.31      0.22      1.02
      0.31      0.22      1.02
      0.31     -0.74      1.02
      0.31      0.22      1.02
      0.31     -0.74      1.02
      0.31      0.22      1.02
      1.27      0.22      1.02
      0.31      1.18      1.02
      0.31      1.18      1.02
      0.31      1.18      0.06
      0.31      2.13      0.06
      0.31      1.18      0.06
      0.31      1.18      0.06
      0.31      1.18      0.06
      0.31      1.18     -0.90
      0.31      1.18     -0.90
      0.31      0.22     -0.90
      0.31      0.22     -0.90
      0.31      0.22     -0.90
      0.31      0.22     -0.90
      0.31      0.22     -0.90
      0.31     -0.74     -0.90
      0.31     -0.74      0.06
      0.31     -0.74      0.06
      0.31     -0.74      1.02
      0.31     -0.74      1.02
     -0.65      0.22      1.02
      0.31      0.22      1.02
      0.31      0.22      1.97
      0.31      0.22      1.97
      0.31      0.22      1.02
     -0.65      0.22      1.97
     -0.65      0.22      1.02
     -1.60      0.22      1.02
     -0.65      0.22      1.02
     -0.65      0.22      1.02
     -0.65     -0.74      1.02
     -0.65      0.22      0.06
      0.31      0.22      0.06
     -0.65      0.22      0.06
      0.31      0.22      0.06
      0.31      0.22      0.06
      0.31      1.18      0.06
      0.31      1.18      0.06
      0.31      1.18      0.06
      0.31      0.22      1.02
      0.31      0.22      0.06
      0.31      0.22      1.97
      0.31      0.22      1.97
     -0.65      0.22      1.97
     -0.65      0.22      1.97
     -0.65      0.22      1.97
     -0.65      0.22      1.02
     -0.65      0.22      1.02
      0.31      0.22      0.06
      0.31     -0.74      0.06
      0.31     -0.74     -0.90
      0.31     -0.74     -0.90
     -0.65     -0.74     -1.85
     -0.65     -0.74     -1.85
      0.31     -0.74     -1.85
      0.31     -0.74     -1.85
      0.31     -0.74     -0.90
      1.27     -0.74     -0.90
      1.27     -0.74     -0.90
      1.27     -0.74     -0.90
      0.31     -0.74     -0.90
      1.27     -0.74     -0.90
      0.31     -0.74     -0.90
      1.27     -0.74     -0.90
      0.31      0.22      0.06
      0.31      0.22      0.06
      0.31      0.22      0.06
      0.31      0.22      0.06
      0.31      0.22      0.06
     -0.65      0.22      0.06
     -0.65      0.22      1.02
     -0.65      0.22      0.06
     -0.65      1.18      0.06
     -0.65      0.22      0.06
     -0.65     -0.74      0.06
     -0.65      0.22      0.06
     -0.65      0.22      0.06
      0.31      0.22      0.06
      0.31      0.22     -0.90
      0.31      0.22     -0.90
      0.31      0.22     -0.90
      0.31     -0.74     -0.90
      0.31     -0.74     -0.90
      0.31      0.22     -0.90
      0.31     -0.74     -0.90
      0.31      0.22     -0.90
      0.31     -0.74     -0.90
      0.31      0.22     -0.90
      0.31     -0.74     -0.90
      1.27     -0.74     -0.90
      0.31     -0.74     -0.90
      0.31      0.22     -0.90
      0.31     -0.74     -0.90
      0.31     -0.74      0.06
      0.31     -0.74      0.06
      0.31     -0.74      0.06
      0.31     -0.74      0.06
     -0.65      0.22      0.06
      0.31      0.22      0.06
     -0.65     -0.74      0.06
      0.31      0.22      0.06
      0.31      0.22     -0.90
     -0.65      0.22     -0.90
      0.31      0.22     -0.90
     -0.65      0.22     -0.90
      0.31      0.22     -0.90
     -0.65      0.22      0.06
     -0.65      0.22      0.06
     -0.65      0.22      1.02
     -0.65      0.22      1.97
     -0.65      0.22      1.97
     -0.65      0.22      1.97
     -0.65      0.22      2.93
     -0.65      0.22      2.93
     -0.65      0.22      2.93
     -0.65      0.22      2.93
     -0.65      0.22      1.97
     -0.65      0.22      1.97
     -0.65      0.22      1.97
     -0.65      0.22      1.02
     -0.65      0.22      1.02
     -0.65      0.22      0.06
      0.31      1.18      0.06
      0.31      1.18     -0.90
      0.31      1.18     -0.90
      0.31      1.18     -0.90
      0.31      1.18     -0.90
      0.31      1.18     -0.90
      0.31      1.18      0.06
      0.31      1.18      0.06
      0.31      1.18      0.06
      0.31      0.22      0.06
      0.31      0.22      0.06
      0.31      0.22      0.06
      0.31      0.22      0.06
      0.31      0.22      1.02
      0.31      0.22      1.02
      0.31     -0.74      1.02
      0.31     -0.74      1.02
      0.31     -0.74      1.97
      0.31     -0.74      1.97
      0.31     -0.74      1.97
      0.31     -0.74      1.02
      0.31      0.22      1.02
      0.31      0.22      1.02
      0.31      0.22      0.06
      0.31      0.22      0.06
      0.31     -0.74      0.06
     -0.65      0.22     -0.90
     -0.65      0.22     -0.90
     -0.65      0.22     -0.90
     -0.65      0.22     -1.85
     -0.65      0.22     -1.85
     -0.65      0.22     -1.85
     -0.65      0.22     -1.85
     -0.65      0.22     -0.90
     -0.65      0.22     -0.90
      0.31      0.22     -0.90
      0.31      0.22     -0.90
      0.31      0.22      0.06
      0.31      0.22     -0.90
      0.31      0.22     -0.90
      0.31      0.22     -0.90
      0.31      0.22     -0.90
      0.31      0.22      0.06
      0.31      0.22      0.06
      0.31      0.22      0.06
      0.31      0.22      0.06
      0.31      0.22      0.06
      0.31      0.22      0.06
      0.31      0.22      0.06
      0.31      0.22      0.06
      0.31     -0.74     -0.90
      0.31      0.22     -0.90
      0.31     -0.74     -0.90
      0.31      0.22      0.06
      0.31     -0.74     -0.90
      0.31      0.22      0.06
      0.31      0.22      0.06
      0.31      0.22      1.02
      0.31      0.22      0.06
      0.31      0.22      1.02
      0.31      0.22      0.06
      0.31     -0.74      0.06
      0.31     -0.74      0.06
      0.31     -0.74      0.06
     -0.65     -0.74      0.06
      0.31     -0.74     -0.90
     -0.65     -0.74     -0.90
     -0.65     -0.74     -0.90
     -0.65     -0.74     -0.90
     -0.65      0.22     -0.90
     -0.65     -0.74     -0.90
     -0.65     -0.74     -1.85
     -0.65     -0.74     -1.85
     -0.65     -0.74     -0.90
      0.31      0.22     -0.90
      0.31      0.22     -0.90
      0.31      0.22      0.06
     -0.65      0.22      0.06
     -0.65      1.18      0.06
     -0.65      1.18      1.02
     -0.65      1.18      1.02
     -0.65      1.18      1.02
     -0.65      1.18      1.97
     -0.65      1.18      1.97
      0.31      1.18      1.97
      0.31      1.18      1.97
      0.31      0.22      1.97
      0.31      0.22      1.02
      0.31      0.22      1.02
      0.31      0.22      1.02
      0.31      0.22      1.02
      0.31      0.22      1.02
      0.31      0.22      1.02
      0.31      0.22      1.02
      0.31      0.22      1.02
      0.31      0.22      1.02
      0.31      0.22      1.02
      0.31     -0.74      1.02
      0.31     -0.74      1.02
      0.31      0.22      1.02
      0.31     -0.74      1.02
     -0.65     -0.74      1.02
     -0.65      0.22      1.02
     -0.65      0.22      0.06
     -0.65      0.22      0.06
     -0.65      0.22      0.06
     -0.65      0.22      0.06
     -0.65      0.22     -0.90
      0.31      0.22     -0.90
      0.31     -0.74     -1.85
     -0.65     -1.69     -1.85
      0.31      0.22     -1.85
      0.31      0.22     -1.85
      1.27      0.22     -1.85
      0.31     -0.74     -0.90
      0.31      0.22     -0.90
      0.31      0.22      0.06
      0.31      0.22      0.06
      0.31      0.22      0.06
      0.31      0.22      0.06
      0.31      0.22      1.02
      0.31      1.18      1.02
      0.31      1.18      1.02
      0.31      1.18      1.02
      0.31      1.18      1.02
      0.31      2.13      1.02
      0.31      1.18      1.02
      0.31      1.18      1.02
      0.31      1.18      1.02
      0.31      1.18      0.06
      0.31      1.18      0.06
      1.27      1.18      0.06
      1.27      1.18      0.06
      1.27      0.22     -1.85
      0.31      0.22      0.06
      0.31      0.22      0.06
      0.31      0.22      0.06
      0.31      0.22      0.06
      0.31      0.22      0.06
      0.31      0.22     -0.90
      0.31     -0.74     -1.85
      0.31     -0.74     -0.90
     -0.65     -1.69     -1.85
     -0.65     -1.69     -1.85
     -0.65     -1.69     -1.85
     -0.65     -1.69     -1.85
     -1.60     -1.69     -1.85
     -1.60     -2.65     -0.90
     -0.65     -1.69      0.06
     -0.65     -1.69      0.06
     -1.60     -0.74      0.06
     -0.65     -0.74      0.06
     -0.65     -0.74      0.06
     -0.65      0.22      0.06
     -0.65      0.22      0.06
     -0.65      0.22      0.06
     -0.65      0.22      0.06
     -0.65      0.22      0.06
      0.31      0.22      0.06
     -0.65      0.22      0.06
      0.31      0.22      0.06
      0.31      0.22      0.06
      0.31      0.22      0.06
      1.27     -0.74      0.06
      0.31     -0.74      0.06
      0.31     -0.74      0.06
      0.31     -0.74      0.06
      0.31      0.22      1.02
      0.31      0.22      1.02
      0.31      0.22      1.02
      0.31      0.22      1.02
      0.31      0.22      1.97
      1.27      1.18      1.97
      0.31      1.18      1.97
      0.31      1.18      1.02
      0.31      1.18      1.02
      0.31      0.22      1.02
      0.31      0.22      0.06
      0.31      0.22      0.06
      0.31      0.22     -0.90
     -0.65      0.22     -0.90
     -0.65      0.22     -0.90
     -0.65     -0.74     -0.90
      0.31     -0.74     -0.90
      0.31     -0.74     -0.90
      0.31     -0.74     -0.90
      0.31     -0.74     -0.90
      0.31     -0.74     -0.90
      0.31     -0.74      0.06
      0.31     -0.74      0.06
      0.31     -0.74      0.06
      0.31     -0.74      1.02
      0.31     -0.74      1.02
      0.31      0.22      1.02
      0.31      0.22      0.06
     -0.65      0.22      1.02
     -0.65      0.22      1.02
      0.31      1.18      1.02
     -0.65      1.18      0.06
      0.31      1.18      1.02
     -1.60      2.13      1.02
      0.31      1.18      1.02
      0.31      2.13      1.02
     -0.65      1.18      1.02
     -1.60      2.13      0.06
      0.31      2.13      0.06
      0.31      2.13      0.06
      0.31      1.18     -0.90
      0.31      1.18     -0.90
      0.31      1.18     -0.90
     -0.65      1.18     -0.90
      0.31      0.22     -0.90
      0.31      0.22     -0.90
      0.31      0.22     -0.90
      0.31      0.22      0.06
      0.31      0.22      0.06
      0.31      0.22      0.06
      0.31     -0.74      0.06
      0.31     -0.74      1.02
      0.31      0.22      1.02
      0.31     -0.74      1.02
      0.31     -0.74      1.02
      0.31      0.22      0.06
      0.31      0.22      0.06
      0.31      0.22      0.06
     -0.65      0.22      0.06
      0.31      0.22      0.06
     -0.65      0.22      0.06
     -0.65      0.22     -0.90
     -0.65      0.22     -0.90
     -0.65      0.22     -0.90
     -0.65      0.22     -0.90
     -0.65      0.22      0.06
     -0.65      0.22      0.06
     -1.60     -0.74      0.06
     -0.65     -0.74      0.06
     -0.65     -0.74      0.06
     -0.65     -0.74      1.02
     -0.65     -0.74      1.02
      0.31      0.22      1.02
      0.31      0.22      1.02
      0.31      0.22      1.02
      0.31      0.22      1.02
      0.31      0.22      1.02
      0.31      0.22      1.02
      0.31      0.22      1.02
      0.31      0.22      1.02
      0.31      0.22      0.06
      0.31      0.22      0.06
      0.31      0.22      0.06
