********************************************************************************
                       INSTITUTO DE INGENIERIA, UNAM
                   Coordinacion de Instrumentacion Sismica
  Ciudad Universitaria, Apartado Postal 70-472, Coyoacan 04510, Mexico, D.F.
 Tel.(52-5)622-3414    Fax.(52-5)616-1514    e-mail: isismica@pumas.iingen.unam.mx
**************************************************************************************
ARCHIVO ESTANDAR DE ACELERACION:
VERSION DEL FORMATO                    : 2.0
NOMBRE DEL ARCHIVO                     : ACAZ9005.311
FECHA Y HORA DE CREACION               : Tue Mar 10 12:13:43 1998
REF. CATALOGO ACELEROGRAMAS, SMIS 1995 : REGISTRO No. 2184 /PAG. 214


================================================================================
DATOS DE LA ESTACION:
NOMBRE DE LA ESTACION                  : ACAPULCO LA ZANJA
CLAVE DE LA ESTACION                   : ACAZ
LOCALIZACION DE LA ESTACION            : Escuela Primaria en el Ejido la Zanja,
                                       : camino al aeropuerto. Acapulco,
                                       : Guerrero.
                                       :
                                       :
COORDENADAS DE LA ESTACION             : 16.788528 LAT. N
                                       : 99.790152 LONG. W
ALTITUD (msnm)                         : 10  
TIPO DE SUELO                          : DEPOSITO BARRA
                                       : 
                                       : 
INSTITUCION RESPONSABLE                : INSTITUTO DE INGENIERIA UNAM
                                       :

================================================================================
DATOS DEL ACELEROGRAFO: 
MODELO DEL ACELEROGRAFO                : DCA-333
NUMERO DE SERIE DEL ACELEROGRAFO       : 114
NUMERO DE CANALES                      : 3
ORIENTACION C1-C6 (rumbo;orientacion)  : /V/N90E/N00E
ORIENTACION C7-C12 (rumbo;orientacion) :
VEL. DE MUESTREO, C1-C6 (muestras/s)   : /100/100/100
VEL. DE MUESTREO, C7-C12 (muestras/s)  :
ESC. COMPLETA DE SENSORES, C1-C6, (g)  : /2/2/2
ESC. COMPLETA DE SENSORES, C7-C12 (g)  :
FREC. NAT. DE SENSORES, C1-C6, (Hz)    : /30.0/30.0/30.0
FREC. NAT. DE SENSORES, C7-C12 (Hz)    :
AMORTIGUAMIENTO DE SENSORES, C1-C6     : /0.7/0.7/0.7
AMORTIGUAMIENTO DE SENSORES, C7-C12    :
INTERVALO DE MUESTREO, C1-C6 (s)       : /0.01/0.01/0.01
INTERVALO DE MUESTREO, C7-C12 (s)      :
UMBRAL DE DISPARO, C1-C6 (Gal)         : /6/6/6
UMBRAL DE DISPARO, C7-C12 (Gal)        :
MEMORIA DE PREEVENTO (s)               : 4
TIEMPO DE POSEVENTO (s)                : 15


================================================================================
DATOS DEL SISMO:
FECHA DEL SISMO [GMT]                  : 1990/05/31
HORA EPICENTRO (GMT)                   : 07:35:26,9
MAGNITUD(ES)                           : /Mb=5.80/Ms=5.90/Mc=5.50
COORDENADAS DEL EPICENTRO              : 17.106 LAT. N 
                                       : 100.893 LONG. W
PROFUNDIDAD FOCAL (km)                 : 16 
FUENTES DE LOS DATOS EPICENTRALES      : INSTITUTO DE INGENIERIA UNAM
                                       : 

================================================================================
DATOS DE ESTE REGISTRO:
HORA DE LA PRIMERA MUESTRA (GMT)       : 07:35:59.00
EXACTITUD DEL TIEMPO (s)               : 1.00
DURACION DEL REGISTRO (s), C1-C6       : /22.93/22.93/22.93                      
DURACION DEL REGISTRO (s), C7-C12      : 
NUM. TOTAL DE MUESTRAS, C1-C6          : /2293/2293/2293                       
NUM. TOTAL DE MUESTRAS, C7-C12         : 
ACEL. MAX.(Gal), C1-C6                 : /8.61/18.18/19.14                     
ACEL. MAX., C1-C6, EN LA MUESTRA       : /493/913/465                          
ACEL. MAX.(Gal), C7-C12                : 
ACEL. MAX., C7-C12,EN LA MUESTRA       : 
UNIDADES DE LOS DATOS                  : Gal (cm/s/s)
FACTOR DE DECIMACION                   : 1
FORMATO DATOS (FORTRAN,10 campos/dato) : 3F10.2


================================================================================
CALIDAD DEL ACELEROGRAMA:
REGISTRO DIGITAL COMPLETO CON TIEMPO ABSOLUTO CORRECTO.


===============================================================================
COMENTARIOS:














===============================================================================
DATOS DE ACELERACION:
---------+---------+---------+---------+---------+---------+---------+---------+
   CANAL-1   CANAL-2   CANAL-3
         V      N90E      N00E
---------+---------+---------+---------+---------+---------+---------+---------+
      0.00     -1.91      0.00
      0.00      0.00      0.00
      0.00      0.96      0.00
      0.96      0.96      0.00
      0.96      0.96     -0.96
      0.00      0.96      0.00
      0.00      0.96      0.00
     -0.96      0.00      0.96
     -0.96     -0.96      0.96
     -0.96     -0.96      0.00
     -0.96     -0.96      0.00
     -1.91      0.00      0.00
     -1.91      0.00      0.00
     -1.91      0.00     -0.96
     -0.96      0.00     -0.96
     -0.96      0.00     -0.96
     -1.91      0.00     -0.96
      0.00      0.00     -1.91
      0.96     -0.96     -1.91
      0.96     -0.96     -0.96
      0.96     -0.96     -0.96
      0.96     -1.91      0.00
      0.96     -1.91      0.00
      0.00     -2.87      0.96
      0.96     -1.91      0.96
      0.96     -0.96      1.91
      0.96     -0.96      1.91
      0.96      0.00      1.91
      0.00      0.96      0.96
     -0.96      0.96      1.91
     -0.96      0.96      0.96
      0.00      0.00     -0.96
      0.00     -0.96     -1.91
      0.00     -0.96     -2.87
      0.00      0.00     -2.87
      0.00      0.00     -2.87
      0.96      0.96     -1.91
      0.96      0.96     -0.96
      0.00      1.91      0.00
      0.00      1.91      0.96
     -0.96      0.96      0.96
      0.00      0.00      0.96
      0.00     -0.96      0.00
      0.00     -1.91      0.00
     -0.96     -1.91      0.00
     -0.96     -1.91     -0.96
     -0.96     -2.87      0.00
     -0.96     -2.87      0.00
      0.00     -2.87      0.00
      0.00     -1.91      0.00
      0.00     -1.91     -0.96
      0.96     -0.96     -0.96
      0.96     -0.96     -0.96
      0.00      0.00     -0.96
      0.00      0.96     -0.96
      0.96      0.96     -0.96
      0.96      0.96      0.00
      0.96      0.00      0.00
      0.96      0.00      0.00
      0.96      0.00      0.00
      0.96      0.00     -0.96
      0.96      0.00     -0.96
      0.96      0.00     -0.96
      0.96      0.00     -0.96
      0.00     -0.96     -0.96
     -0.96     -0.96     -0.96
     -0.96     -0.96     -0.96
     -1.91      0.00      0.00
     -0.96      0.96      0.00
     -0.96      0.96      0.00
     -0.96      0.96      0.00
      0.00      0.96      0.00
     -0.96      0.96     -0.96
     -0.96      0.96     -0.96
      0.00      0.96     -0.96
      0.00      0.96      0.00
      0.96      1.91      0.00
      0.96      0.96      0.00
      0.96      0.96      0.96
      0.00      0.96      1.91
      0.00      0.00      1.91
      0.00     -1.91      0.96
      0.00     -0.96      0.00
      0.00     -0.96      0.00
     -0.96      0.00     -0.96
     -0.96      0.00     -1.91
     -1.91      0.96     -1.91
     -1.91      1.91     -1.91
     -1.91      1.91     -1.91
     -0.96      0.96     -0.96
     -0.96      0.96      0.96
     -0.96      0.00      1.91
      0.00     -0.96      2.87
      0.00     -0.96      2.87
      0.96     -0.96      1.91
      0.96     -1.91      0.96
      0.96     -0.96      0.00
      0.00     -0.96     -0.96
      0.00      0.00     -0.96
      0.00      0.96     -0.96
      0.00      1.91     -0.96
      0.00      1.91     -0.96
     -0.96      0.96      0.00
     -0.96      0.00      0.00
     -0.96      0.00      0.00
     -0.96     -0.96      0.00
      0.00      0.00      0.00
      0.00      0.00      0.00
      0.00      0.00     -0.96
      0.00      0.96     -0.96
      0.00      1.91      0.00
      0.00      1.91      0.00
      0.00      0.00      0.00
     -0.96      0.96      0.96
     -0.96      0.00      0.96
     -0.96     -0.96      0.96
      0.00     -0.96      0.96
      0.96     -1.91      0.00
      0.96     -1.91      0.00
      1.91     -0.96     -0.96
      0.96      0.00     -0.96
      0.96      0.00     -0.96
      0.00      0.96      0.00
     -0.96      0.00      0.00
     -0.96      0.00      0.96
     -0.96      0.00      1.91
      0.00      0.96      1.91
     -0.96      0.96      1.91
     -0.96      0.96      1.91
     -1.91      0.96      0.96
     -1.91      0.96      0.00
     -1.91      0.00      0.00
     -1.91     -0.96      0.96
     -0.96     -1.91      0.00
     -0.96     -2.87      0.00
     -0.96     -2.87     -0.96
      0.00     -3.83     -0.96
      0.00     -3.83     -0.96
      0.96     -2.87     -0.96
      0.96     -3.83     -0.96
      1.91     -0.96     -0.96
      0.96      0.96     -0.96
      0.96      1.91      0.00
      0.96      1.91      0.00
      0.96      1.91      0.96
      0.00      1.91      1.91
      0.00      0.96      1.91
      0.00      0.96      1.91
      0.00      0.00      1.91
      0.00      0.00      0.96
      0.00      0.00      0.00
      0.00      0.00     -0.96
      0.00     -0.96     -0.96
      0.00     -0.96     -1.91
      0.00     -0.96     -2.87
      0.96     -0.96     -1.91
      0.96     -0.96     -1.91
      0.00     -0.96     -1.91
      0.00     -0.96     -1.91
      0.00     -0.96     -1.91
      0.00     -0.96     -1.91
     -0.96     -0.96     -1.91
     -0.96     -1.91     -0.96
     -0.96     -0.96      0.00
     -0.96     -0.96      0.00
      0.00     -1.91      0.96
      0.00     -1.91      0.96
      0.96     -0.96      0.00
      0.96      0.00      0.00
      0.96      0.96     -0.96
      0.96      0.96     -0.96
      0.96      1.91      0.00
      1.91      1.91      0.00
      1.91      1.91      0.00
      0.96      1.91      0.00
      0.00      0.96      0.00
      0.00      0.96      0.00
      0.00      0.00     -0.96
      0.00      0.96     -0.96
     -0.96      0.96     -0.96
     -0.96      0.00     -1.91
     -0.96     -0.96     -1.91
     -0.96     -1.91     -2.87
      0.00     -2.87     -2.87
      0.00     -2.87     -1.91
      0.00     -1.91     -0.96
      0.00     -0.96     -1.91
      0.00      0.00     -0.96
      0.00      0.96     -0.96
     -0.96      0.96     -0.96
      0.00      1.91      0.00
      0.00      1.91      0.96
      0.00      1.91      0.96
      0.96      1.91      0.96
      0.00      2.87      0.96
     -0.96      2.87      0.00
     -0.96      2.87     -0.96
     -0.96      1.91     -0.96
     -0.96      0.96     -0.96
      0.00     -0.96     -0.96
      0.96     -1.91      0.00
      0.96     -2.87      0.96
      0.00     -3.83      0.96
      0.00     -3.83      0.96
      0.00     -2.87      0.96
      0.00     -0.96     -0.96
      0.00      0.00     -0.96
      0.00      0.00     -1.91
     -0.96      0.00     -2.87
     -0.96      0.96     -1.91
      0.00      0.96     -1.91
      0.00      1.91     -0.96
      0.00      1.91      0.00
      0.00      0.96      0.96
      0.00      0.96      1.91
      0.00      0.00      1.91
      0.00     -0.96      0.96
      0.00     -0.96      1.91
      0.00     -1.91      1.91
      0.96     -1.91      2.87
      0.96     -0.96      2.87
      0.00      0.00      1.91
     -0.96      1.91      0.96
     -1.91      1.91      0.00
     -2.87      1.91     -0.96
     -2.87      0.00     -1.91
     -1.91      0.00     -1.91
     -2.87     -0.96     -0.96
     -0.96     -1.91      0.00
      0.00     -2.87      0.96
      0.96     -2.87      0.96
      0.96     -2.87      0.96
      0.00     -1.91      0.00
     -0.96     -0.96     -0.96
     -1.91      0.00     -1.91
     -1.91      0.00     -1.91
     -0.96      0.96     -1.91
     -0.96      0.96     -1.91
      0.00      0.96     -0.96
      1.91     -0.96      0.96
      1.91     -0.96      1.91
      1.91     -0.96      2.87
      0.96      0.96      3.83
     -0.96      0.96      4.79
     -1.91      1.91      3.83
     -1.91      1.91      2.87
     -0.96      0.96      2.87
      0.00      0.00      0.96
      0.00     -0.96      0.96
      0.00     -2.87      0.00
     -0.96     -3.83     -0.96
     -1.91     -3.83     -1.91
     -1.91     -2.87     -1.91
     -1.91     -0.96     -1.91
     -0.96      0.00     -0.96
     -0.96      0.96     -0.96
     -0.96      1.91     -1.91
      0.00      2.87     -1.91
     -0.96      2.87     -2.87
     -0.96      2.87     -3.83
     -1.91      2.87     -2.87
     -1.91      1.91     -0.96
     -0.96      0.96      0.00
      0.96      0.96      0.96
      1.91      0.96      1.91
      1.91      0.00      2.87
      1.91     -0.96      2.87
      0.96     -0.96      2.87
      0.00     -1.91      2.87
     -0.96     -1.91      0.00
     -0.96     -1.91     -0.96
      0.00     -0.96     -2.87
      0.96      0.00     -3.83
      1.91      0.96     -3.83
      0.96      0.96     -3.83
      0.00      0.96     -1.91
     -1.91      1.91     -0.96
     -3.83      1.91      0.00
     -4.79      1.91      0.00
     -4.79      0.96      0.96
     -2.87      0.96      1.91
     -0.96      0.00      0.96
      0.00     -0.96      0.96
      2.87     -1.91      0.00
      3.83     -0.96     -0.96
      2.87     -0.96     -2.87
      1.91      0.96     -2.87
      0.96      0.96     -2.87
      0.96      1.91     -1.91
      0.00      2.87     -0.96
      0.00      3.83      0.96
      0.00      3.83      2.87
      0.00      3.83      3.83
      0.00      2.87      4.79
      0.00      0.96      4.79
      0.00     -1.91      3.83
      0.00     -4.79      3.83
     -0.96     -6.70      1.91
     -0.96     -7.66      0.00
      0.00     -6.70     -2.87
      0.00     -4.79     -4.79
      0.00     -2.87     -6.70
      0.96     -0.96     -7.66
      0.96      0.96     -7.66
      0.00      2.87     -5.74
      0.00      3.83     -3.83
     -0.96      3.83     -1.91
      0.00      1.91     -1.91
     -0.96      0.00      0.00
      0.00     -0.96      0.96
      0.96     -2.87      0.96
      1.91     -3.83      0.96
      2.87     -4.79      0.00
      2.87     -4.79     -0.96
      1.91     -4.79     -0.96
      0.00     -3.83      0.96
     -0.96     -2.87      1.91
     -0.96     -0.96      4.79
     -0.96      0.96      6.70
      0.00      2.87      7.66
     -0.96      3.83      7.66
     -0.96      4.79      6.70
     -0.96      5.74      4.79
     -0.96      5.74      2.87
      0.96      3.83      0.96
      0.96      1.91     -1.91
      0.00      0.00     -4.79
     -0.96     -2.87     -5.74
     -1.91     -4.79     -7.66
     -2.87     -7.66     -7.66
     -2.87     -6.70     -7.66
     -1.91     -5.74     -5.74
      0.00     -2.87     -3.83
      1.91      0.00     -1.91
      2.87      2.87     -1.91
      2.87      3.83     -2.87
      1.91      3.83     -3.83
      1.91      2.87     -4.79
      0.96      0.00     -3.83
      0.00     -0.96     -0.96
     -0.96     -1.91      1.91
     -1.91     -0.96      4.79
     -2.87      0.96      7.66
     -3.83      2.87      9.57
     -3.83      4.79     11.48
     -4.79      4.79     12.44
     -3.83      4.79     10.53
     -1.91      2.87      8.61
     -0.96      0.96      5.74
      0.00     -1.91      1.91
      0.96     -3.83     -1.91
      1.91     -3.83     -4.79
      1.91     -2.87     -7.66
      1.91     -1.91     -9.57
      0.96      0.00    -10.53
      0.96      0.96    -10.53
      0.00      0.96    -10.53
     -1.91      0.00     -7.66
     -1.91     -1.91     -3.83
     -1.91     -2.87      0.96
     -0.96     -2.87      5.74
     -0.96     -2.87      9.57
      1.91     -0.96     10.53
      1.91      0.96      9.57
      1.91      0.96      6.70
      0.96      1.91      1.91
      1.91      1.91     -2.87
      0.96      0.96     -6.70
      0.96      0.96     -9.57
      0.00      0.96    -10.53
      0.00      1.91    -10.53
      0.00      1.91     -9.57
     -0.96      1.91     -6.70
     -1.91      0.96     -3.83
      0.00      0.00      0.00
      0.00     -1.91      1.91
      1.91     -3.83      3.83
      1.91     -5.74      2.87
      0.96     -7.66      1.91
      0.00     -7.66      1.91
      0.00     -5.74      0.00
     -0.96     -3.83     -0.96
     -1.91      0.00     -0.96
     -2.87      2.87     -1.91
     -3.83      4.79     -1.91
     -3.83      4.79     -0.96
     -3.83      3.83      1.91
     -2.87      2.87      4.79
     -1.91      0.96      7.66
      0.00     -0.96      9.57
      0.96     -0.96     10.53
      1.91      0.00     11.48
      2.87      0.00     10.53
      2.87      0.00      8.61
      2.87      0.00      5.74
      1.91     -0.96      3.83
      0.00     -1.91      1.91
     -0.96     -1.91     -0.96
     -1.91     -1.91     -3.83
     -0.96     -1.91     -6.70
     -0.96     -1.91     -9.57
     -0.96     -0.96    -11.48
     -0.96      0.96    -12.44
     -1.91      1.91    -12.44
     -1.91      3.83    -10.53
     -1.91      4.79     -6.70
     -1.91      4.79     -3.83
     -1.91      2.87     -0.96
     -1.91      0.96      3.83
     -0.96      0.00      5.74
      0.96      0.96      7.66
      1.91      1.91      7.66
      3.83      3.83      7.66
      4.79      5.74      5.74
      4.79      5.74      4.79
      2.87      5.74      3.83
      0.00      2.87      3.83
     -0.96      0.00      2.87
     -2.87     -1.91      2.87
     -2.87     -3.83      0.96
     -1.91     -3.83     -0.96
     -2.87     -2.87     -3.83
     -3.83     -1.91     -4.79
     -4.79     -1.91     -6.70
     -4.79     -1.91     -6.70
     -2.87     -1.91     -6.70
     -0.96     -2.87     -6.70
      0.96     -3.83     -5.74
      1.91     -4.79     -5.74
      2.87     -3.83     -5.74
      2.87     -2.87     -3.83
      2.87     -1.91     -2.87
      0.96      0.96     -0.96
     -0.96      2.87      0.96
     -1.91      4.79      5.74
     -1.91      5.74      8.61
     -2.87      5.74     10.53
     -2.87      3.83     12.44
     -0.96      0.96     13.40
      0.00      0.96     14.36
      0.96      0.00     12.44
      0.96      0.00     10.53
      0.96      0.00      6.70
     -0.96     -1.91      1.91
      0.00     -3.83     -2.87
      0.00     -4.79     -6.70
      0.00     -4.79     -9.57
      0.00     -4.79    -11.48
     -1.91     -3.83    -10.53
     -2.87     -1.91    -10.53
     -2.87      0.96    -10.53
     -0.96      1.91    -10.53
      0.96      2.87    -11.48
      1.91      1.91    -12.44
      3.83      0.00    -13.40
      3.83     -2.87    -14.36
      4.79     -4.79    -14.36
      5.74     -5.74    -12.44
      4.79     -4.79     -9.57
      3.83     -2.87     -5.74
      2.87     -0.96      0.96
      1.91      0.96      6.70
      0.96      1.91     12.44
      0.96      0.00     17.23
      0.96     -2.87     18.18
      0.00     -5.74     19.14
      0.00     -7.66     16.27
      0.96     -9.57     10.53
      0.96     -7.66      5.74
      1.91     -5.74     -0.96
      0.96     -3.83     -4.79
      0.00      0.00     -8.61
     -1.91      3.83    -10.53
     -2.87      5.74    -11.48
     -1.91      6.70    -12.44
     -1.91      5.74    -13.40
     -2.87      2.87    -13.40
     -3.83      0.00    -11.48
     -6.70     -0.96     -7.66
     -6.70     -0.96     -2.87
     -5.74      0.96      2.87
     -3.83      2.87      9.57
     -1.91      3.83     14.36
     -0.96      3.83     17.23
     -1.91      1.91     17.23
     -2.87     -0.96     15.31
     -2.87     -3.83     10.53
     -2.87     -3.83      5.74
     -0.96     -1.91      1.91
      0.96      2.87     -0.96
      2.87      6.70     -0.96
      5.74      8.61      0.00
      7.66      8.61      1.91
      8.61      6.70      4.79
      7.66      4.79      5.74
      5.74      2.87      5.74
      2.87      0.96      4.79
      1.91      0.00      1.91
      0.00      1.91      0.00
     -0.96      3.83     -2.87
     -0.96      6.70     -4.79
     -1.91      8.61     -4.79
     -1.91     10.53     -5.74
     -2.87     11.48     -6.70
     -3.83     10.53     -7.66
     -3.83      9.57     -8.61
     -4.79      5.74     -8.61
     -3.83      2.87     -6.70
     -2.87      0.96     -2.87
     -1.91     -0.96      0.96
     -0.96     -1.91      6.70
      0.00     -2.87     11.48
      0.00     -3.83     14.36
     -0.96     -6.70     16.27
     -1.91     -9.57     15.31
     -2.87    -12.44     14.36
     -3.83    -14.36     11.48
     -1.91    -14.36      7.66
      0.00    -12.44      3.83
      1.91    -10.53      0.00
      2.87     -4.79     -1.91
      3.83      0.00     -2.87
      2.87      3.83     -2.87
      0.96      5.74     -1.91
     -1.91      5.74     -0.96
     -5.74      4.79     -2.87
     -6.70      3.83     -3.83
     -6.70      2.87     -6.70
     -4.79      2.87    -10.53
     -2.87      4.79    -13.40
     -0.96      5.74    -15.31
      0.96      4.79    -13.40
      1.91      2.87     -7.66
      2.87     -0.96     -1.91
      2.87     -5.74      3.83
      1.91     -6.70      7.66
      0.96     -7.66      9.57
      0.00     -6.70      9.57
     -0.96     -4.79      5.74
     -1.91     -1.91      1.91
     -0.96      1.91     -1.91
      0.00      3.83     -5.74
      0.96      4.79     -6.70
      1.91      1.91     -5.74
      3.83     -0.96     -2.87
      5.74     -4.79      0.00
      5.74     -7.66      0.96
      7.66     -7.66      0.00
      7.66     -5.74     -2.87
      6.70     -3.83     -5.74
      4.79     -1.91     -8.61
      2.87      0.00    -11.48
      0.00     -0.96    -12.44
     -0.96     -1.91    -11.48
      0.00     -1.91    -10.53
      1.91     -2.87    -10.53
      2.87     -2.87     -9.57
      2.87     -0.96     -8.61
      1.91      0.00     -6.70
      0.96      0.96     -4.79
      0.00      0.96     -2.87
     -0.96      0.96     -0.96
     -1.91      0.00      1.91
     -2.87     -0.96      3.83
     -3.83     -1.91      5.74
     -2.87     -1.91      5.74
     -3.83     -2.87      5.74
     -4.79     -2.87      6.70
     -2.87     -2.87      5.74
     -2.87     -2.87      4.79
     -1.91     -1.91      3.83
     -2.87     -0.96      1.91
     -2.87      0.00     -0.96
     -1.91      1.91     -2.87
      0.00      2.87     -4.79
      1.91      4.79     -5.74
      2.87      6.70     -5.74
      2.87      6.70     -5.74
      1.91      6.70     -3.83
      0.96      6.70     -2.87
      0.00      7.66      0.00
      0.00      8.61      2.87
      0.00      7.66      4.79
      0.00      5.74      6.70
      0.00      1.91      5.74
      0.00     -1.91      4.79
      0.96     -5.74      3.83
      0.00     -6.70      3.83
     -0.96     -7.66      3.83
     -2.87     -6.70      3.83
     -4.79     -4.79      5.74
     -5.74     -1.91      6.70
     -5.74      0.96      8.61
     -4.79      3.83      9.57
     -3.83      5.74      8.61
     -2.87      6.70      6.70
     -2.87      5.74      2.87
     -0.96      3.83     -0.96
      0.00      0.96     -2.87
      0.96     -2.87     -3.83
      0.96     -5.74     -2.87
      0.00     -6.70      0.00
     -0.96     -8.61      2.87
     -1.91     -8.61      5.74
     -2.87     -6.70      5.74
     -3.83     -2.87      5.74
     -3.83      0.96      4.79
     -3.83      4.79      1.91
     -2.87      6.70      0.96
     -0.96      6.70      0.00
      0.00      3.83      0.00
      1.91      2.87      0.96
      1.91      0.00      2.87
      0.96     -1.91      3.83
      0.00     -2.87      4.79
     -1.91     -1.91      3.83
     -1.91     -0.96      5.74
     -2.87      0.96      4.79
     -0.96      1.91      3.83
      0.00      1.91      1.91
      0.96      0.00      0.96
      3.83     -1.91      0.00
      5.74     -3.83     -0.96
      6.70     -4.79     -3.83
      6.70     -4.79     -7.66
      5.74     -1.91    -10.53
      4.79      1.91    -12.44
      2.87      6.70    -11.48
      1.91     10.53    -11.48
      1.91     11.48     -8.61
      1.91     10.53     -4.79
      2.87      7.66     -1.91
      2.87      4.79     -0.96
      2.87      2.87     -1.91
      1.91      0.96     -3.83
      0.96     -1.91     -5.74
     -0.96     -4.79     -5.74
     -1.91     -8.61     -3.83
     -1.91    -12.44     -0.96
     -1.91    -15.31      1.91
     -0.96    -15.31      0.96
     -0.96    -14.36      1.91
      0.00    -12.44      0.96
      0.00     -8.61      0.00
      0.96     -4.79     -0.96
      0.96     -0.96     -0.96
      0.96      2.87     -0.96
      0.96      3.83     -1.91
      0.96      4.79     -0.96
      0.96      4.79     -1.91
      0.96      4.79     -2.87
      0.00      5.74     -2.87
     -0.96      6.70     -2.87
     -1.91      7.66     -3.83
     -2.87      7.66     -4.79
     -2.87      5.74     -6.70
     -2.87      2.87     -8.61
     -0.96      0.96    -10.53
      1.91      0.00    -10.53
      2.87      0.00     -9.57
      3.83      1.91     -7.66
      2.87      2.87     -5.74
      1.91      4.79     -4.79
     -0.96      5.74     -4.79
     -2.87      5.74     -4.79
     -2.87      4.79     -4.79
     -2.87      2.87     -2.87
     -2.87      1.91     -0.96
     -2.87      0.96      1.91
     -2.87     -0.96      4.79
     -3.83     -1.91      6.70
     -3.83     -2.87      7.66
     -2.87     -3.83      8.61
     -2.87     -2.87      7.66
     -1.91     -1.91      5.74
     -1.91      0.00      2.87
     -1.91      0.96      1.91
     -1.91      0.96      0.96
     -1.91      1.91      0.00
     -0.96      1.91      0.00
      0.00      0.96      0.96
      0.96      0.00      0.96
      0.96     -1.91      1.91
      0.00     -3.83      4.79
     -0.96     -6.70      9.57
      0.00     -8.61     13.40
      0.96    -10.53     17.23
      2.87    -10.53     19.14
      3.83    -10.53     17.23
      3.83     -9.57     14.36
      1.91     -8.61      8.61
      0.00     -6.70      3.83
     -1.91     -4.79     -1.91
     -1.91     -1.91     -5.74
     -1.91      2.87     -7.66
     -1.91      5.74     -7.66
     -1.91      7.66     -5.74
     -1.91      8.61     -2.87
     -2.87      9.57      0.00
     -1.91      9.57      1.91
     -0.96      9.57      2.87
     -0.96      9.57      1.91
     -0.96      9.57      0.96
     -0.96      9.57      0.00
      0.00      7.66     -0.96
      0.96      4.79     -0.96
      1.91      2.87      0.00
      2.87      0.00      0.96
      2.87     -2.87      2.87
      2.87     -4.79      4.79
      3.83     -5.74      5.74
      2.87     -5.74      7.66
      1.91     -5.74      7.66
      1.91     -6.70      7.66
      1.91     -5.74      5.74
      1.91     -4.79      3.83
      1.91     -2.87      0.00
      1.91     -0.96     -1.91
      0.96     -0.96     -3.83
      0.96     -1.91     -5.74
      0.00     -2.87     -8.61
      0.00     -5.74    -10.53
      0.00     -7.66    -11.48
     -0.96     -8.61    -11.48
      0.00     -8.61    -10.53
      0.00     -6.70     -7.66
      1.91     -3.83     -4.79
      2.87      0.00     -1.91
      2.87      1.91      1.91
      1.91      3.83      3.83
      0.96      3.83      5.74
     -0.96      1.91      5.74
     -0.96      0.00      2.87
     -1.91     -2.87     -0.96
     -2.87     -5.74     -2.87
     -2.87     -7.66     -5.74
     -3.83     -8.61     -8.61
     -4.79     -7.66     -8.61
     -4.79     -4.79     -8.61
     -4.79     -1.91     -7.66
     -3.83      2.87     -5.74
     -3.83      6.70     -5.74
     -1.91      9.57     -4.79
     -0.96     11.48     -4.79
     -0.96     12.44     -3.83
      0.96     13.40     -3.83
      0.00     13.40     -3.83
      0.00     11.48     -2.87
     -0.96      9.57     -1.91
     -1.91      7.66     -0.96
     -1.91      6.70      0.00
     -2.87      4.79      0.96
     -1.91      2.87      2.87
     -1.91      0.96      4.79
     -1.91     -0.96      5.74
     -1.91     -3.83      6.70
     -1.91     -3.83      5.74
     -0.96     -3.83      3.83
      0.00     -1.91      1.91
     -0.96      0.96      0.00
     -0.96      1.91     -0.96
     -0.96      1.91     -0.96
     -0.96      0.00     -0.96
     -1.91     -1.91      0.00
     -2.87     -4.79      0.00
     -2.87     -5.74      0.96
     -1.91     -6.70      0.00
     -0.96     -6.70     -1.91
     -0.96     -6.70     -1.91
      0.00     -8.61     -2.87
      0.96     -8.61     -1.91
      0.00     -9.57     -1.91
      0.00    -10.53     -0.96
      0.00    -10.53      0.96
     -0.96     -7.66      2.87
     -0.96     -3.83      4.79
     -1.91      0.00      5.74
     -0.96      4.79      7.66
     -0.96      9.57      6.70
      0.00     12.44      4.79
      1.91     13.40      2.87
      1.91     12.44      0.00
      2.87      9.57     -2.87
      3.83      5.74     -2.87
      2.87      2.87     -1.91
      2.87      0.96      0.00
      1.91      1.91      1.91
      0.96      3.83      3.83
      0.96      6.70      4.79
      0.00      8.61      3.83
      0.00     10.53      3.83
      0.96     10.53      2.87
      1.91     10.53      1.91
      2.87      8.61      0.96
      3.83      6.70      0.96
      3.83      2.87      1.91
      2.87      0.00      1.91
      1.91     -3.83      2.87
      2.87     -6.70      3.83
      2.87     -9.57      2.87
      2.87    -10.53      0.96
      1.91    -11.48     -2.87
      1.91    -12.44     -3.83
      0.00    -13.40     -3.83
      0.00    -14.36     -3.83
      0.00    -14.36     -4.79
      0.00    -13.40     -1.91
      0.00    -12.44     -1.91
      0.00     -9.57     -0.96
     -1.91     -5.74     -1.91
     -1.91     -3.83     -3.83
     -2.87     -1.91     -5.74
     -2.87     -1.91     -8.61
     -2.87     -1.91    -10.53
     -2.87     -2.87    -10.53
     -2.87     -4.79     -8.61
     -2.87     -6.70     -6.70
     -2.87     -7.66     -4.79
     -4.79     -8.61     -1.91
     -4.79     -7.66      0.00
     -3.83     -4.79      1.91
     -3.83     -1.91      2.87
     -2.87      0.96      2.87
     -1.91      4.79      2.87
     -0.96      7.66      2.87
      0.00      9.57      3.83
      0.00     10.53      4.79
      0.96     12.44      5.74
      0.00     13.40      4.79
     -0.96     12.44      2.87
     -1.91     11.48      0.96
     -1.91     11.48     -2.87
     -1.91     10.53     -4.79
     -0.96      9.57     -6.70
      0.00      8.61     -6.70
      0.96      6.70     -4.79
      0.96      5.74     -2.87
      0.96      3.83      0.00
      0.00      1.91      2.87
     -2.87      1.91      4.79
     -2.87      0.96      5.74
     -2.87      0.00      5.74
     -1.91     -0.96      4.79
     -0.96     -1.91      4.79
      0.96     -2.87      3.83
      1.91     -3.83      3.83
      1.91     -4.79      3.83
      1.91     -3.83      4.79
      1.91     -4.79      3.83
      0.96     -4.79      3.83
      0.00     -6.70      3.83
     -0.96     -7.66      3.83
     -0.96     -8.61      3.83
     -0.96    -10.53      3.83
      0.00    -11.48      2.87
      0.96    -10.53      0.96
      1.91     -8.61     -0.96
      1.91     -5.74     -1.91
      2.87     -1.91     -2.87
      2.87      1.91     -2.87
      2.87      5.74     -1.91
      1.91      8.61     -0.96
      2.87     11.48      0.00
      2.87     12.44      0.00
      1.91     13.40      0.00
      1.91     13.40     -0.96
      0.96     12.44     -0.96
      0.00     11.48     -0.96
      0.00     10.53     -1.91
      0.00      8.61     -0.96
      0.00      7.66      0.00
      0.00      6.70      1.91
      0.00      5.74      2.87
      0.96      4.79      3.83
      0.96      3.83      2.87
      1.91      2.87      1.91
      1.91      1.91      0.00
      2.87      0.96     -0.96
      2.87      0.00     -0.96
      3.83     -0.96     -1.91
      3.83     -2.87     -0.96
      3.83     -5.74      0.00
      1.91     -7.66      1.91
      0.96     -9.57      2.87
      0.00    -10.53      4.79
     -0.96    -11.48      3.83
     -0.96    -12.44      1.91
     -0.96    -12.44     -0.96
     -1.91    -12.44     -3.83
     -0.96    -12.44     -6.70
     -1.91    -12.44     -8.61
     -0.96    -12.44    -10.53
     -0.96    -12.44    -10.53
     -0.96    -12.44    -10.53
     -0.96    -13.40     -8.61
     -1.91    -10.53     -7.66
     -1.91     -7.66     -5.74
     -2.87     -5.74     -3.83
     -2.87     -3.83     -2.87
     -2.87     -1.91     -1.91
     -2.87     -2.87     -1.91
     -1.91     -1.91     -1.91
     -1.91     -2.87     -2.87
     -1.91     -4.79     -1.91
     -1.91     -6.70     -1.91
     -2.87     -5.74     -1.91
     -2.87     -5.74     -2.87
     -1.91     -2.87     -1.91
     -0.96      0.96     -2.87
     -0.96      4.79     -3.83
      0.00      9.57     -5.74
     -0.96     13.40     -6.70
     -1.91     16.27     -7.66
     -2.87     18.18     -8.61
     -2.87     18.18     -7.66
     -2.87     16.27     -5.74
     -2.87     14.36     -3.83
     -2.87     11.48     -0.96
     -3.83      9.57      1.91
     -4.79      6.70      2.87
     -4.79      4.79      3.83
     -4.79      2.87      3.83
     -3.83      0.96      1.91
     -3.83      0.00      0.96
     -2.87     -0.96     -0.96
     -1.91     -2.87      0.00
     -0.96     -4.79      0.96
      0.00     -6.70      3.83
      0.96     -8.61      6.70
      0.96     -9.57     10.53
      0.96     -9.57     13.40
      0.96     -7.66     14.36
      1.91     -6.70     16.27
      1.91     -4.79     15.31
      1.91     -2.87     12.44
      2.87     -1.91     10.53
      3.83     -0.96      6.70
      2.87      0.00      4.79
      2.87      0.96      1.91
      1.91      2.87      0.00
      0.96      3.83     -2.87
      0.00      3.83     -4.79
      0.96      5.74     -5.74
      1.91      7.66     -7.66
      0.96      9.57     -7.66
      0.00     12.44     -6.70
      0.00     14.36     -5.74
     -1.91     16.27     -2.87
      0.00     16.27      0.96
     -0.96     14.36      3.83
      0.00     12.44      7.66
     -0.96      9.57      8.61
     -0.96      6.70      8.61
      0.00      3.83      7.66
     -0.96      1.91      5.74
      0.00      0.96      2.87
      0.00      0.00      0.96
      1.91      0.00     -0.96
      1.91      0.00     -1.91
      2.87      0.00     -2.87
      2.87      0.00     -1.91
      2.87      0.96     -1.91
      2.87      1.91     -0.96
      3.83      1.91      0.00
      2.87      1.91      0.96
      3.83      0.96      2.87
      4.79     -1.91      2.87
      3.83     -3.83      2.87
      2.87     -5.74      2.87
      0.96     -7.66      1.91
      0.96     -9.57      0.96
      0.00    -11.48      0.00
      0.00    -13.40      0.00
      0.00    -15.31     -1.91
      0.00    -16.27     -2.87
     -0.96    -17.23     -4.79
     -0.96    -15.31     -6.70
     -1.91    -12.44     -8.61
     -1.91     -9.57     -9.57
     -1.91     -5.74    -10.53
     -0.96     -1.91     -9.57
     -0.96      0.96     -8.61
      0.00      2.87     -7.66
      0.00      2.87     -6.70
     -0.96      0.96     -5.74
     -0.96     -0.96     -4.79
     -1.91     -2.87     -3.83
     -1.91     -4.79     -1.91
     -2.87     -6.70     -1.91
     -2.87     -6.70     -0.96
     -3.83     -6.70     -1.91
     -3.83     -4.79     -2.87
     -3.83     -3.83     -4.79
     -3.83     -1.91     -6.70
     -3.83      0.96     -7.66
     -2.87      2.87     -7.66
     -1.91      3.83     -7.66
     -1.91      3.83     -6.70
     -0.96      3.83     -4.79
      0.00      1.91     -3.83
      0.96      0.96     -1.91
      1.91      0.00      0.00
      1.91      0.96      0.96
      1.91      1.91      2.87
      0.00      0.96      3.83
     -0.96      1.91      3.83
     -1.91      0.96      4.79
     -1.91     -1.91      4.79
     -0.96     -3.83      4.79
     -0.96     -4.79      4.79
      0.00     -5.74      3.83
      0.00     -5.74      2.87
      0.96     -5.74      1.91
      0.96     -4.79      1.91
      0.96     -3.83      1.91
      0.00     -2.87      3.83
      0.96     -1.91      4.79
      0.96     -0.96      5.74
      0.96     -0.96      5.74
      0.96     -1.91      6.70
      0.96     -1.91      7.66
      1.91     -2.87      7.66
      1.91     -1.91      8.61
      1.91     -1.91      7.66
      1.91      0.00      5.74
      0.96      1.91      3.83
      0.96      3.83      1.91
      0.96      5.74      0.00
      0.00      7.66     -1.91
      0.00      9.57     -1.91
     -0.96     10.53     -1.91
     -0.96     11.48     -1.91
     -1.91     11.48     -1.91
     -2.87      9.57     -1.91
     -3.83      7.66      0.00
     -3.83      5.74      1.91
     -2.87      3.83      4.79
     -1.91      2.87      5.74
     -1.91      1.91      6.70
     -1.91      1.91      5.74
     -0.96      2.87      3.83
     -1.91      2.87      1.91
     -1.91      2.87      0.00
     -0.96      3.83     -0.96
      0.00      4.79     -0.96
      0.00      6.70     -0.96
      0.96      7.66     -0.96
      0.96      8.61     -1.91
      1.91      7.66      0.00
      1.91      6.70      0.96
      2.87      5.74      1.91
      3.83      2.87      3.83
      1.91      0.96      4.79
      0.96     -1.91      5.74
      0.00     -4.79      5.74
     -0.96     -7.66      5.74
     -0.96    -10.53      4.79
      0.00    -11.48      3.83
      0.96    -11.48      2.87
      0.96    -11.48      2.87
      1.91     -9.57      1.91
      1.91     -7.66      0.00
      1.91     -5.74     -2.87
      0.96     -3.83     -4.79
      0.00     -2.87     -5.74
     -0.96     -2.87     -6.70
     -0.96     -2.87     -7.66
     -0.96     -1.91     -8.61
     -0.96     -1.91     -8.61
     -0.96      0.00     -8.61
     -0.96      1.91     -7.66
     -0.96      3.83     -6.70
     -1.91      5.74     -5.74
     -1.91      7.66     -5.74
     -1.91      8.61     -5.74
     -1.91      9.57     -5.74
     -2.87      8.61     -5.74
     -3.83      7.66     -6.70
     -2.87      5.74     -7.66
     -2.87      4.79     -7.66
     -1.91      3.83     -7.66
     -1.91      2.87     -6.70
     -1.91      2.87     -5.74
     -2.87      1.91     -3.83
     -3.83      0.96     -1.91
     -3.83     -0.96      0.00
     -3.83     -2.87      0.96
     -2.87     -5.74      0.96
     -1.91     -8.61      0.96
     -0.96     -8.61      0.00
     -0.96     -7.66      0.00
      0.96     -6.70     -0.96
      0.96     -6.70      0.00
      1.91     -4.79      0.96
      1.91     -3.83      1.91
      1.91     -3.83      1.91
      0.96     -3.83      1.91
      0.96     -2.87      1.91
      0.96     -2.87      0.96
      1.91     -2.87      0.00
      2.87     -1.91     -0.96
      3.83     -0.96     -0.96
      3.83     -0.96      0.00
      2.87      0.00      0.96
      3.83      0.00      0.96
      2.87     -0.96      0.96
      1.91     -0.96      0.96
      1.91     -1.91      0.00
      1.91     -1.91     -0.96
      1.91     -0.96     -2.87
      1.91      0.00     -3.83
      0.96      1.91     -5.74
      0.96      3.83     -5.74
      0.00      5.74     -5.74
     -0.96      6.70     -3.83
     -0.96      7.66     -1.91
     -0.96      7.66     -0.96
     -1.91      6.70     -0.96
     -1.91      5.74     -0.96
     -1.91      3.83      0.00
     -2.87      0.96      1.91
     -1.91     -1.91      3.83
      0.00     -3.83      5.74
      0.00     -4.79      7.66
      0.96     -6.70      8.61
      0.00     -6.70      8.61
      0.00     -7.66      9.57
      0.00     -7.66      9.57
      0.00     -7.66      9.57
      0.00     -7.66      9.57
      0.00     -6.70      8.61
      0.00     -5.74      6.70
      0.00     -5.74      4.79
      0.00     -4.79      3.83
      0.00     -4.79      1.91
      0.00     -5.74      0.96
      0.96     -4.79      0.00
      1.91     -4.79      0.00
      1.91     -2.87     -0.96
      1.91     -1.91     -1.91
      1.91      0.00     -1.91
      1.91      0.96     -1.91
      1.91      1.91     -1.91
      1.91      2.87     -0.96
      1.91      2.87     -0.96
      1.91      2.87      0.00
      1.91      1.91      0.96
      0.96      1.91      2.87
      0.00      1.91      2.87
      0.00      1.91      2.87
     -0.96      1.91      2.87
     -0.96      1.91      2.87
     -0.96      1.91      0.96
     -0.96      1.91      0.96
     -0.96      0.96      0.00
     -0.96      0.00      0.00
     -0.96     -0.96     -0.96
     -0.96     -0.96     -1.91
     -1.91      0.00     -1.91
     -1.91      0.00     -2.87
     -2.87      1.91     -3.83
     -2.87      2.87     -3.83
     -2.87      3.83     -4.79
     -2.87      4.79     -3.83
     -1.91      3.83     -3.83
     -1.91      5.74     -3.83
     -1.91      4.79     -2.87
     -1.91      3.83     -1.91
     -1.91      2.87     -0.96
     -1.91      1.91      0.96
     -1.91      0.96      2.87
     -1.91      0.00      3.83
     -1.91     -1.91      4.79
     -1.91     -2.87      4.79
     -1.91     -2.87      3.83
     -1.91     -2.87      2.87
     -0.96     -2.87      0.96
     -0.96     -1.91      0.00
     -0.96     -0.96     -0.96
      0.00      0.96     -1.91
      0.00      2.87     -1.91
      0.96      3.83     -1.91
      0.96      4.79     -0.96
      0.96      5.74     -0.96
      1.91      5.74     -0.96
      1.91      5.74     -1.91
      1.91      5.74     -2.87
      1.91      4.79     -3.83
      0.96      4.79     -5.74
      0.96      3.83     -5.74
      0.00      3.83     -4.79
      0.00      2.87     -3.83
      0.00      0.96     -2.87
      0.00      0.00     -1.91
      0.00     -0.96     -0.96
      0.96      0.00     -0.96
      0.00     -0.96     -1.91
      0.00      0.96     -1.91
      0.00      1.91     -3.83
      0.00      1.91     -4.79
      0.00      1.91     -5.74
     -0.96      1.91     -5.74
     -1.91      0.96     -3.83
     -2.87      0.00     -2.87
     -2.87     -0.96     -1.91
     -1.91     -2.87      0.00
     -0.96     -3.83      0.96
     -0.96     -3.83      0.96
     -0.96     -2.87      0.96
     -1.91     -2.87      0.00
     -2.87     -1.91      0.00
     -2.87     -0.96     -0.96
     -2.87      0.00      0.00
     -2.87      0.00      0.96
     -2.87     -0.96      0.96
     -1.91     -0.96      1.91
     -1.91     -1.91      1.91
     -0.96     -2.87      1.91
     -0.96     -3.83      1.91
      0.00     -4.79      1.91
      0.00     -5.74      1.91
      0.00     -5.74      0.96
      1.91     -5.74      0.96
      2.87     -5.74      0.96
      3.83     -6.70      0.00
      4.79     -6.70      0.96
      4.79     -6.70      0.96
      4.79     -6.70      1.91
      4.79     -5.74      0.96
      3.83     -3.83      0.96
      3.83     -2.87      0.96
      2.87      0.00      0.00
      2.87      0.96     -0.96
      1.91      2.87     -1.91
      1.91      3.83     -2.87
      1.91      4.79     -3.83
      1.91      5.74     -3.83
      0.96      6.70     -2.87
      0.00      6.70     -1.91
      0.00      5.74     -0.96
     -0.96      3.83      0.00
      0.00      1.91      0.00
      0.00      0.96      0.96
      0.00     -0.96      0.96
      0.96     -1.91      0.96
      0.96     -1.91      1.91
      0.96     -3.83      1.91
      0.96     -2.87      1.91
      0.96     -2.87      1.91
      0.00     -3.83      1.91
     -0.96     -2.87      1.91
     -1.91     -3.83      1.91
     -1.91     -4.79      1.91
     -2.87     -5.74      1.91
     -2.87     -5.74      0.96
     -2.87     -4.79      0.96
     -2.87     -2.87      0.96
     -2.87     -0.96      0.96
     -2.87      0.00      0.96
     -2.87      0.96      0.96
     -2.87      1.91      1.91
     -1.91      2.87      1.91
     -1.91      3.83      1.91
     -1.91      4.79      0.96
     -1.91      4.79      0.96
     -1.91      3.83      0.00
     -1.91      4.79     -0.96
     -0.96      3.83      0.00
      0.00      2.87      0.00
      0.96      2.87      0.00
      0.96      1.91      0.96
      0.96      1.91      0.00
      0.96      0.96      0.00
      0.96      0.96      0.00
      0.00      1.91      0.00
     -0.96      2.87      0.00
     -0.96      2.87      0.00
     -0.96      3.83      0.96
     -0.96      3.83      1.91
     -0.96      3.83      2.87
     -0.96      3.83      1.91
      0.00      3.83      0.96
      0.00      2.87     -0.96
      0.00      2.87     -1.91
      0.00      2.87     -0.96
     -0.96      2.87     -0.96
      0.00      2.87     -0.96
      0.96      1.91      0.00
      0.00      0.96      0.96
      0.96      0.96      1.91
      0.96      0.00      3.83
      0.96      0.00      3.83
      0.00     -0.96      2.87
     -0.96     -3.83      2.87
     -0.96     -3.83      0.96
     -1.91     -5.74      0.00
     -1.91     -6.70     -0.96
     -2.87     -7.66     -1.91
     -2.87     -7.66     -2.87
     -1.91     -7.66     -3.83
     -2.87     -5.74     -4.79
     -1.91     -4.79     -4.79
     -1.91     -1.91     -4.79
     -1.91      0.00     -4.79
     -0.96      0.96     -4.79
     -0.96      3.83     -3.83
     -0.96      4.79     -2.87
     -0.96      4.79     -0.96
      0.00      3.83      0.96
      0.00      2.87      1.91
      0.96      1.91      1.91
      0.00      0.96      1.91
      0.96      0.00      0.96
      1.91     -1.91      0.00
      1.91     -2.87      0.00
      1.91     -3.83      0.00
      2.87     -3.83      0.96
      3.83     -2.87      1.91
      3.83     -2.87      2.87
      2.87     -2.87      2.87
      2.87     -2.87      1.91
      2.87     -4.79      0.00
      2.87     -3.83     -1.91
      2.87     -3.83     -2.87
      2.87     -3.83     -3.83
      2.87     -3.83     -4.79
      1.91     -2.87     -4.79
      1.91     -1.91     -5.74
      0.00     -1.91     -5.74
      0.00     -1.91     -5.74
     -0.96     -2.87     -5.74
     -0.96     -1.91     -5.74
     -0.96     -1.91     -5.74
     -1.91      0.00     -4.79
     -1.91      0.96     -4.79
     -2.87      0.96     -4.79
     -2.87      0.96     -3.83
     -2.87     -0.96     -2.87
     -1.91     -2.87     -1.91
     -0.96     -3.83     -1.91
      0.00     -4.79     -0.96
      0.00     -3.83     -0.96
      0.00     -2.87     -0.96
     -0.96     -1.91     -0.96
     -1.91      0.00      0.00
     -1.91      0.96      0.00
     -1.91      0.96      0.96
     -1.91      1.91      1.91
     -0.96      0.96      2.87
      0.00      0.96      3.83
      0.00      1.91      3.83
      0.00      2.87      3.83
     -0.96      3.83      3.83
      0.00      4.79      3.83
      0.00      5.74      4.79
      0.00      6.70      5.74
      0.00      6.70      6.70
      0.00      7.66      6.70
      0.00      7.66      6.70
     -0.96      7.66      6.70
      0.00      7.66      5.74
     -0.96      7.66      4.79
     -0.96      6.70      3.83
     -0.96      6.70      2.87
     -0.96      4.79      1.91
     -0.96      2.87      0.96
      0.00      0.00      0.96
      0.96     -1.91      0.96
      0.96     -2.87      0.96
      0.96     -2.87      0.96
      0.00     -1.91      0.00
      0.00     -0.96      0.96
      0.00      0.00      0.96
     -0.96      0.96      0.96
     -0.96      1.91      1.91
     -1.91      1.91      1.91
     -0.96      1.91      2.87
     -0.96      1.91      1.91
      0.00      1.91      1.91
      0.00      1.91      0.96
      0.00      2.87      0.96
      0.00      2.87      0.96
      0.00      2.87      0.00
      0.00      2.87      0.00
      0.00      1.91      0.00
     -0.96      0.96     -0.96
     -0.96     -0.96     -0.96
     -1.91     -1.91     -0.96
     -0.96     -3.83      0.00
     -0.96     -2.87      1.91
     -0.96     -2.87      2.87
      0.96     -2.87      3.83
      0.96     -2.87      3.83
      0.96     -0.96      4.79
      0.96     -0.96      4.79
      0.96     -0.96      4.79
      0.96      0.00      3.83
      0.96      0.00      1.91
      0.96      0.00      0.96
      1.91     -0.96     -0.96
      1.91     -1.91     -2.87
      1.91     -2.87     -3.83
      2.87     -2.87     -4.79
      0.96     -2.87     -4.79
      2.87     -2.87     -5.74
      1.91     -2.87     -6.70
      1.91     -2.87     -6.70
      1.91     -2.87     -6.70
      1.91     -1.91     -6.70
      1.91     -1.91     -5.74
      0.96     -1.91     -4.79
      0.96     -1.91     -3.83
     -0.96     -1.91     -3.83
     -1.91     -1.91     -3.83
     -2.87     -1.91     -3.83
     -2.87     -1.91     -4.79
     -1.91     -2.87     -4.79
     -1.91     -2.87     -5.74
     -1.91     -3.83     -5.74
     -2.87     -3.83     -6.70
     -2.87     -3.83     -5.74
     -1.91     -3.83     -5.74
     -1.91     -3.83     -4.79
     -1.91     -2.87     -3.83
     -0.96     -1.91     -2.87
     -1.91     -1.91     -0.96
     -0.96     -0.96     -0.96
     -0.96     -0.96     -0.96
     -0.96     -0.96     -0.96
     -0.96      0.00     -1.91
     -0.96     -0.96     -0.96
     -0.96     -0.96     -0.96
     -0.96     -0.96      0.00
     -1.91     -0.96      0.96
     -1.91     -1.91      1.91
     -1.91     -1.91      1.91
     -2.87     -2.87      2.87
     -2.87     -1.91      2.87
     -2.87     -1.91      2.87
     -1.91      0.00      3.83
     -1.91      0.96      3.83
     -0.96      1.91      4.79
      0.00      1.91      4.79
      1.91      0.96      4.79
      1.91      0.96      3.83
      2.87      0.00      2.87
      1.91      0.96      1.91
      1.91      0.00     -0.96
      1.91      0.00     -1.91
      1.91      0.00     -3.83
      0.96      0.00     -4.79
      1.91     -0.96     -4.79
      1.91      0.00     -3.83
      1.91      0.00     -2.87
      1.91      0.96     -2.87
      1.91      1.91     -1.91
      0.96      2.87     -0.96
      0.96      3.83     -0.96
      0.96      4.79      0.00
      1.91      4.79     -0.96
      0.96      4.79     -0.96
      1.91      4.79     -0.96
      0.96      4.79      0.00
      0.00      3.83      0.96
      0.00      2.87      1.91
     -1.91      1.91      4.79
     -0.96      1.91      5.74
     -0.96      0.96      6.70
      0.00      0.96      6.70
      0.00      0.00      5.74
      0.00     -0.96      5.74
      0.00     -0.96      5.74
     -0.96     -1.91      3.83
     -0.96     -2.87      4.79
      0.00     -1.91      3.83
      0.00     -0.96      3.83
      0.00     -0.96      3.83
     -0.96      0.00      3.83
     -0.96      0.96      2.87
     -0.96      0.96      3.83
     -1.91      1.91      3.83
     -0.96      1.91      3.83
     -0.96      0.96      2.87
     -0.96      0.96      1.91
     -0.96      0.96      0.00
     -1.91      0.96     -0.96
     -1.91      0.00     -1.91
     -0.96      0.00     -2.87
      0.00      0.96     -3.83
      0.00      0.96     -2.87
      0.96      0.96     -2.87
      0.96      0.96     -1.91
      0.96      0.96     -1.91
      0.96      0.96     -1.91
      0.96      0.96     -1.91
      1.91      0.96     -1.91
      1.91      0.96     -1.91
      1.91      0.96     -1.91
      1.91      1.91     -1.91
      1.91      1.91     -1.91
      0.96      1.91     -1.91
      0.96      0.96     -1.91
      0.00      0.96     -1.91
      0.00      0.00     -0.96
      0.00     -0.96     -0.96
      0.00     -0.96     -1.91
      0.00     -0.96     -1.91
     -0.96     -0.96     -1.91
     -0.96     -0.96     -1.91
     -1.91      0.00     -2.87
     -1.91      0.00     -2.87
     -1.91      0.00     -1.91
     -2.87      0.00     -1.91
     -2.87      0.00     -0.96
     -3.83      0.00      0.00
     -2.87     -0.96      0.00
     -2.87      0.00      0.00
     -1.91      0.00      0.00
     -1.91      0.00      0.00
     -0.96      0.00     -0.96
     -1.91      0.00      0.00
     -1.91      0.00      0.96
     -1.91     -0.96      0.96
     -1.91     -0.96      0.96
     -1.91     -1.91      0.96
     -1.91     -1.91      0.96
     -1.91     -0.96      1.91
     -0.96     -0.96      1.91
     -0.96      0.00      1.91
      0.00      0.00      1.91
      0.96      0.00      0.96
      0.96     -0.96      0.00
      1.91      0.00     -0.96
      1.91      0.00     -1.91
      1.91     -0.96     -2.87
      1.91     -0.96     -2.87
      2.87     -0.96     -2.87
      2.87     -0.96     -1.91
      2.87     -0.96     -1.91
      1.91     -1.91     -0.96
      1.91     -1.91     -0.96
      1.91     -2.87     -0.96
      0.96     -2.87      0.00
      0.96     -3.83      0.00
      0.96     -4.79     -0.96
      0.96     -2.87     -0.96
      0.00     -2.87      0.00
      0.00     -1.91      0.00
      0.00     -1.91      0.96
      0.96     -0.96      1.91
      0.96     -0.96      1.91
      0.96      0.00      1.91
      0.96      0.00      0.96
      0.96      0.96      0.00
      0.00      1.91     -1.91
      0.96      1.91     -2.87
      0.00      0.96     -3.83
      0.00      0.00     -3.83
      0.00     -0.96     -2.87
      0.00     -2.87     -1.91
      0.00     -3.83      0.00
      0.00     -4.79      0.96
     -0.96     -5.74      2.87
     -0.96     -4.79      2.87
     -1.91     -3.83      1.91
     -1.91     -2.87      1.91
     -1.91     -1.91      1.91
     -1.91      0.00      1.91
     -0.96      0.96      1.91
     -0.96      1.91      1.91
     -0.96      2.87      2.87
     -0.96      2.87      1.91
     -0.96      2.87      1.91
     -0.96      1.91      1.91
     -0.96      2.87      1.91
      0.00      1.91      0.96
      0.00      1.91      1.91
      0.00      0.96      1.91
      0.00      0.96      1.91
      0.00      0.96      1.91
      0.00      0.00      1.91
      0.96      0.00      1.91
      0.96      0.96      0.96
      0.96      0.96      0.00
      0.96      0.96     -0.96
      0.00      1.91     -1.91
      0.96      0.00     -2.87
      0.00      0.96     -3.83
      0.00      0.96     -3.83
      0.00      0.00     -3.83
      0.00      0.00     -3.83
      0.00     -0.96     -3.83
     -0.96      0.00     -3.83
     -0.96      0.00     -2.87
     -0.96      0.00     -2.87
     -0.96      0.00     -1.91
     -0.96      0.00     -1.91
     -1.91      0.00     -1.91
     -1.91      0.96     -1.91
     -1.91      1.91     -1.91
     -1.91      2.87     -1.91
     -2.87      2.87     -0.96
     -1.91      2.87     -0.96
     -1.91      2.87      0.00
     -1.91      2.87      0.00
     -1.91      2.87      0.96
     -1.91      1.91      0.96
     -1.91      0.96      0.96
     -1.91      0.00      0.96
     -1.91      0.00      0.00
     -1.91     -0.96      0.00
     -0.96     -0.96      0.00
     -0.96     -0.96      0.00
      0.00      0.00      0.00
      0.00      0.00      0.00
      0.00      1.91      0.96
      0.00      2.87      1.91
      0.96      3.83      1.91
      1.91      3.83      1.91
      2.87      4.79      1.91
      2.87      4.79      0.96
      2.87      4.79      0.00
      2.87      4.79     -0.96
      2.87      3.83     -0.96
      1.91      2.87     -0.96
      1.91      1.91     -0.96
      0.96      0.00     -0.96
      0.96      0.00     -0.96
      0.96     -0.96     -0.96
      0.96     -1.91      0.00
      0.96     -2.87      0.00
      1.91     -3.83      0.00
      1.91     -4.79     -0.96
      1.91     -4.79     -0.96
      1.91     -5.74     -1.91
      1.91     -5.74     -2.87
      1.91     -5.74     -2.87
      1.91     -5.74     -1.91
      0.96     -4.79     -1.91
      0.96     -4.79      0.00
      0.00     -4.79      0.96
     -0.96     -2.87      0.96
     -0.96     -1.91      0.96
     -0.96     -1.91      0.96
     -0.96     -0.96      0.96
     -1.91      0.00      0.00
     -1.91      0.96      0.00
     -1.91      1.91      0.00
     -2.87      1.91      0.00
     -2.87      1.91      0.00
     -1.91      1.91      0.96
     -1.91      0.00      0.96
     -0.96      0.00      0.96
     -0.96     -0.96      0.96
     -0.96     -0.96      0.96
     -0.96     -1.91      1.91
     -0.96     -2.87      1.91
      0.00     -3.83      2.87
      0.00     -4.79      2.87
      0.00     -4.79      2.87
      0.96     -5.74      2.87
      0.00     -4.79      2.87
      0.96     -3.83      2.87
      0.96     -2.87      1.91
      1.91     -0.96      0.96
      0.96     -0.96      0.00
      0.96      0.96      0.00
      0.96      0.96      0.00
      0.00      1.91      0.00
      0.00      1.91      0.00
      0.00      1.91      0.00
      0.00      0.96      0.00
      0.00      0.96      0.00
      0.00      0.96      0.00
      0.00      0.96      0.00
      0.00      0.96     -0.96
      0.00      0.00     -0.96
     -0.96     -0.96     -0.96
     -0.96     -1.91     -0.96
     -1.91     -1.91      0.00
     -2.87     -2.87      0.00
     -3.83     -3.83      0.00
     -3.83     -3.83      0.00
     -2.87     -2.87      0.00
     -2.87     -1.91     -0.96
     -3.83     -0.96     -0.96
     -2.87      0.00     -0.96
     -2.87      0.96     -0.96
     -2.87      0.96      0.00
     -1.91      1.91      0.00
     -2.87      2.87     -0.96
     -1.91      3.83     -0.96
     -0.96      3.83     -0.96
     -0.96      3.83     -0.96
     -0.96      3.83     -1.91
      0.00      4.79     -1.91
      0.00      3.83     -0.96
      0.00      3.83     -0.96
      0.00      2.87      0.00
      0.96      1.91      0.00
      0.96      1.91      0.00
      0.96      0.96      0.00
      0.96      0.96      0.00
      1.91      0.96      0.00
      1.91      0.96      0.00
      1.91      0.96      0.96
      1.91      0.96      0.96
      1.91      0.96     -0.96
      0.96      1.91      0.00
      1.91      1.91     -0.96
      1.91      2.87     -0.96
      1.91      3.83     -0.96
      1.91      3.83      0.00
      1.91      3.83      0.96
      1.91      2.87      1.91
      1.91      2.87      1.91
      1.91      0.96      1.91
      1.91      0.96      0.96
      1.91      0.00      0.96
      1.91     -0.96      0.00
      1.91     -1.91     -0.96
      0.96     -2.87     -1.91
      0.96     -2.87     -2.87
      0.96     -3.83     -2.87
      0.00     -3.83     -3.83
      0.00     -3.83     -3.83
      0.00     -2.87     -2.87
      0.00     -2.87     -1.91
      0.00     -2.87     -1.91
      0.00     -1.91     -1.91
     -0.96     -1.91     -1.91
     -0.96     -0.96     -0.96
     -0.96     -0.96     -0.96
     -0.96     -0.96     -0.96
     -1.91      0.00      0.00
     -1.91      0.00      0.00
     -2.87      0.00      0.00
     -2.87      0.96      0.96
     -2.87      0.96      0.96
     -1.91      1.91      0.96
     -2.87      1.91      0.00
     -1.91      0.96      0.96
     -1.91      0.96      0.96
     -0.96      0.96      0.00
     -0.96      0.96      0.00
     -0.96      0.96      0.00
      0.00      0.96      0.00
      0.00      0.00      0.00
      0.96     -1.91     -0.96
      0.96     -1.91     -0.96
     -0.96     -3.83     -1.91
      0.96     -3.83     -2.87
      0.96     -4.79     -2.87
      0.96     -3.83     -1.91
      0.96     -3.83     -1.91
      0.96     -2.87     -0.96
      0.96     -1.91     -0.96
      0.00     -0.96     -0.96
      0.00      0.00     -0.96
     -0.96      0.96     -0.96
     -1.91      1.91      0.00
     -1.91      1.91      0.00
     -1.91      1.91      0.96
     -1.91      1.91      0.96
     -2.87      0.96      0.96
     -2.87      0.00      0.96
     -1.91     -0.96      1.91
     -1.91     -1.91      1.91
     -1.91     -2.87      0.96
     -0.96     -3.83      1.91
     -0.96     -3.83      1.91
     -0.96     -3.83      1.91
     -0.96     -2.87      1.91
     -1.91     -2.87      0.00
     -0.96     -2.87     -0.96
     -0.96     -1.91     -1.91
     -0.96     -1.91     -1.91
     -0.96     -0.96     -0.96
     -0.96     -0.96     -0.96
     -0.96      0.00      0.00
     -0.96      0.96      0.96
     -0.96      0.96      0.96
     -0.96      1.91      1.91
      0.00      1.91      1.91
      0.00      2.87      2.87
      0.00      3.83      3.83
     -0.96      3.83      3.83
      0.96      4.79      2.87
      0.96      4.79      2.87
      0.96      3.83      2.87
      0.96      2.87      1.91
      0.96      1.91      1.91
      1.91      0.00      0.96
      1.91     -0.96      0.00
      1.91     -1.91      0.00
      2.87     -2.87      0.00
      2.87     -2.87      0.00
      2.87     -2.87      0.96
      2.87     -2.87      0.96
      1.91     -2.87      0.96
      1.91     -2.87      0.96
      0.96     -1.91      0.00
      0.96     -1.91      0.00
      0.00     -1.91     -0.96
     -0.96     -1.91     -0.96
      0.00     -0.96     -0.96
      0.00      0.00     -0.96
     -0.96      0.96     -0.96
     -0.96      1.91      0.00
     -0.96      2.87      0.00
     -0.96      2.87     -0.96
     -0.96      2.87     -0.96
     -0.96      2.87     -1.91
     -0.96      1.91     -1.91
     -0.96      0.96     -1.91
     -0.96      0.00     -0.96
     -0.96     -0.96     -0.96
      0.00     -1.91     -0.96
      0.00     -1.91     -1.91
      0.00     -1.91     -1.91
      0.00     -0.96     -2.87
      0.00     -0.96     -2.87
      0.00      0.00     -3.83
     -0.96      0.00     -3.83
     -0.96      0.00     -2.87
     -0.96      0.96     -2.87
      0.00      1.91     -1.91
      0.00      1.91      0.00
      0.00      0.96      0.96
      0.00      1.91      1.91
      0.00      0.96      1.91
      0.00      1.91      0.96
      0.00      2.87      0.96
      0.00      2.87      0.00
      0.00      2.87      0.00
      0.00      2.87      0.00
      0.00      1.91      0.00
      0.00      0.96      0.00
      0.00      0.00     -0.96
      0.00     -0.96      0.00
      0.00     -1.91     -0.96
     -0.96     -1.91     -1.91
     -0.96     -2.87     -1.91
     -0.96     -1.91     -2.87
      0.00     -1.91     -2.87
     -0.96     -1.91     -2.87
      0.00     -0.96     -2.87
     -0.96     -0.96     -1.91
      0.00     -0.96     -0.96
      0.00     -0.96      0.00
      0.00     -0.96      0.00
      0.00      0.00      0.96
     -0.96      0.00      0.96
     -0.96      0.96      1.91
     -0.96      1.91      0.96
     -0.96      2.87      0.96
     -1.91      3.83      0.96
     -0.96      3.83      0.00
     -0.96      2.87     -0.96
     -0.96      1.91     -0.96
     -0.96      1.91     -0.96
     -0.96      0.96     -0.96
     -0.96      0.00      0.00
     -0.96     -0.96      0.00
     -0.96     -0.96      0.96
     -1.91     -0.96      0.96
     -1.91     -0.96      0.96
     -0.96     -0.96      0.00
     -0.96     -0.96      0.00
     -1.91     -0.96      0.00
     -1.91     -2.87      0.96
     -0.96     -1.91      0.96
     -0.96     -2.87      0.96
      0.00     -2.87      1.91
      0.00     -1.91      1.91
      0.00     -2.87      1.91
      0.96     -0.96      1.91
      0.96     -0.96      2.87
      0.96      0.00      2.87
      0.96     -0.96      2.87
      0.96      0.00      3.83
      0.96     -0.96      3.83
      1.91     -0.96      3.83
      1.91     -0.96      3.83
      1.91     -1.91      2.87
      0.96     -1.91      2.87
      0.96     -1.91      1.91
      0.00     -1.91      0.96
      0.00     -1.91      0.96
      0.00     -1.91      0.00
      0.96     -1.91     -0.96
      0.96     -1.91     -0.96
      1.91     -0.96     -0.96
      1.91     -1.91     -1.91
      0.96     -1.91     -1.91
      0.96     -0.96     -1.91
      0.96     -0.96     -1.91
      0.96      0.00     -1.91
      0.00      0.96     -1.91
      0.00      0.96     -0.96
      0.00      1.91     -0.96
     -0.96      1.91      0.00
     -0.96      1.91      0.00
     -0.96      1.91      0.96
     -0.96      0.96      0.96
     -0.96      0.00      0.96
     -0.96      0.00      0.00
      0.00     -0.96      0.00
      0.00     -0.96     -0.96
      0.00     -0.96     -0.96
      0.96     -0.96      0.00
      0.96     -0.96     -0.96
      0.96     -0.96      0.00
      0.00     -1.91     -0.96
      0.00     -0.96     -0.96
      0.00     -2.87     -1.91
      0.00     -1.91     -2.87
      0.00     -1.91     -3.83
     -0.96     -1.91     -3.83
      0.00     -1.91     -2.87
      0.00     -0.96     -2.87
      0.00      0.00     -1.91
      0.00      0.96     -1.91
      0.00      1.91     -1.91
      0.00      2.87     -1.91
     -0.96      3.83     -1.91
     -0.96      4.79     -1.91
     -0.96      4.79     -1.91
     -0.96      4.79     -1.91
      0.00      3.83     -2.87
      0.00      1.91     -1.91
      0.00      2.87     -1.91
      0.00      1.91     -1.91
     -0.96      1.91     -1.91
     -0.96      0.96     -0.96
     -0.96      0.96     -0.96
     -0.96      0.96     -0.96
     -0.96      0.00     -0.96
     -0.96      0.00     -1.91
     -0.96      0.00     -1.91
     -0.96      0.00     -2.87
     -0.96      0.00     -2.87
     -0.96      0.96     -2.87
     -0.96      0.96     -3.83
     -0.96      1.91     -2.87
     -0.96      1.91     -2.87
     -0.96      2.87     -1.91
     -0.96      2.87     -0.96
     -0.96      1.91     -0.96
     -0.96      0.96      0.00
     -0.96      0.96      0.96
     -0.96      0.00      0.96
     -0.96     -0.96      0.96
     -0.96     -0.96      1.91
     -0.96     -1.91      1.91
     -0.96     -2.87      1.91
     -0.96     -3.83      1.91
     -0.96     -3.83      2.87
     -0.96     -2.87      2.87
     -0.96     -2.87      2.87
     -0.96     -2.87      2.87
     -1.91     -2.87      2.87
     -1.91     -1.91      1.91
     -0.96     -1.91      0.96
     -0.96     -0.96      1.91
      0.00     -0.96      1.91
      0.96      0.00      1.91
      0.96      0.00      1.91
      0.96      0.00      2.87
      0.96      0.00      2.87
      1.91     -0.96      2.87
      1.91     -0.96      3.83
      1.91      0.00      3.83
      1.91     -0.96      4.79
      1.91      0.00      4.79
      1.91      0.96      4.79
      0.96      0.96      3.83
      0.00      0.00      2.87
      0.00      0.00      1.91
      0.00      0.00      0.96
      0.00      0.00      0.00
      0.00      0.00      0.00
      0.00      0.00     -0.96
      0.00      0.00     -1.91
      0.00     -0.96     -1.91
      0.00     -1.91     -1.91
      0.96     -1.91     -1.91
      0.00     -3.83     -0.96
      0.96     -1.91     -0.96
      0.00     -1.91     -0.96
      0.00     -1.91     -0.96
      0.96     -1.91      0.00
      0.96     -1.91      0.00
      0.96     -1.91      0.00
      1.91     -1.91      0.96
      1.91     -1.91      0.96
      1.91     -1.91      0.96
      0.96     -0.96      0.96
      0.00     -0.96      0.00
     -0.96      0.00      0.96
     -0.96      0.00      0.96
     -0.96      0.96      0.96
     -1.91      0.96      0.96
     -1.91      0.00      0.96
     -0.96     -0.96      0.96
     -0.96     -0.96      0.00
     -0.96     -0.96     -0.96
      0.00     -0.96     -0.96
      0.00     -0.96     -1.91
      0.96      0.00     -2.87
      0.96      0.96     -3.83
      0.96      1.91     -3.83
      0.96      2.87     -3.83
      0.00      2.87     -3.83
      0.00      3.83     -3.83
      0.00      3.83     -3.83
      0.00      2.87     -3.83
     -0.96      2.87     -2.87
     -0.96      1.91     -2.87
     -0.96      0.96     -2.87
     -1.91      0.96     -2.87
     -1.91      0.96     -2.87
     -1.91      0.96     -3.83
     -1.91      0.00     -3.83
     -1.91      0.96     -3.83
     -2.87      1.91     -3.83
     -1.91      1.91     -3.83
     -1.91      2.87     -3.83
     -1.91      1.91     -3.83
     -1.91      1.91     -3.83
     -0.96      0.96     -2.87
     -0.96      0.96     -2.87
      0.00      0.00     -2.87
      0.00      0.00     -0.96
      0.00     -0.96      0.00
      0.96     -0.96      0.96
      0.00     -0.96      1.91
      0.00     -0.96      2.87
     -0.96     -0.96      2.87
      0.00      0.00      3.83
      0.00      0.00      3.83
     -0.96      0.00      3.83
      0.00      0.00      3.83
      0.00      0.00      3.83
      0.00      0.96      1.91
     -0.96      0.96      1.91
      0.00      1.91      1.91
      0.96      2.87      0.96
      0.00      2.87      1.91
      0.00      2.87      0.96
      0.00      2.87      1.91
     -0.96      1.91      2.87
      0.00      0.96      2.87
      0.00      0.96      2.87
      0.00      0.96      2.87
      0.00      0.96      1.91
      0.00      0.00      0.96
      0.00      0.00      0.00
      0.00     -0.96      0.00
      0.00      0.00      0.00
      0.00     -0.96      0.00
      0.00     -0.96      0.96
      0.00     -1.91      1.91
      0.96     -1.91      1.91
      0.96     -2.87      1.91
      0.96     -2.87      1.91
      0.96     -2.87      1.91
      0.96     -1.91      1.91
      1.91     -0.96      1.91
      0.96     -0.96      1.91
      1.91     -0.96      1.91
      0.96     -0.96      1.91
      0.96     -1.91      1.91
      0.00     -2.87      1.91
      0.00     -2.87      0.96
      0.00     -2.87      0.00
      0.00     -3.83      0.00
      0.00     -3.83     -0.96
      0.00     -2.87     -0.96
      0.00     -1.91     -0.96
      0.00     -1.91     -0.96
      0.00     -1.91     -0.96
      0.00     -0.96     -0.96
      0.00     -0.96     -0.96
      0.00     -0.96     -0.96
      0.00     -0.96     -0.96
      0.00     -1.91     -0.96
      0.96     -1.91      0.00
      0.96     -2.87     -0.96
      0.96     -2.87     -0.96
      0.96     -2.87     -0.96
      0.96     -1.91     -0.96
      0.96     -1.91     -1.91
      0.96     -0.96     -2.87
      0.00      0.00     -3.83
     -0.96      0.96     -3.83
     -0.96      0.96     -4.79
     -0.96      1.91     -4.79
     -0.96      2.87     -4.79
     -0.96      2.87     -4.79
     -0.96      2.87     -2.87
     -0.96      2.87     -2.87
     -0.96      3.83     -0.96
     -0.96      3.83      0.00
     -0.96      3.83     -0.96
     -0.96      3.83     -0.96
     -0.96      2.87     -1.91
     -1.91      1.91     -1.91
     -1.91      0.96     -1.91
     -1.91      0.00     -1.91
     -1.91     -0.96     -1.91
     -1.91     -0.96     -0.96
     -1.91     -0.96     -1.91
     -1.91     -0.96     -1.91
     -1.91     -1.91     -0.96
     -0.96      0.00     -0.96
     -0.96      0.00     -0.96
      0.00      0.96      0.00
     -0.96      0.96     -0.96
      0.00      0.96      0.96
      0.00      0.96      0.96
      0.00      1.91      0.96
      0.00      1.91      0.00
      0.00      1.91      0.96
      0.00      1.91      0.00
      0.00      1.91      0.00
      0.00      1.91      0.00
      0.00      0.96      0.00
      0.00      0.00      0.96
      0.00     -0.96      0.96
      0.00     -0.96      0.96
      0.00     -0.96      1.91
      0.00      0.00      1.91
      0.00      0.00      1.91
      0.96      0.96      0.96
      0.96      1.91      1.91
      0.96      1.91      1.91
      0.96      1.91      1.91
      0.96      0.96      2.87
      0.96      0.96      2.87
      0.96      0.00      1.91
      0.96      0.00      2.87
      0.96     -0.96      2.87
      0.96     -0.96      1.91
      0.96     -0.96      1.91
      0.96     -0.96      1.91
      0.96     -0.96      0.96
      0.96      0.00      0.96
      0.00      0.00      0.96
      0.00      0.00      0.96
      0.00      0.00      0.96
      0.00      0.00      0.00
      0.00      0.00      1.91
      0.00      0.00      1.91
      0.00     -0.96      1.91
      0.00     -1.91      1.91
      0.00     -1.91      0.96
      0.00     -1.91      0.96
     -0.96     -1.91      0.96
     -0.96     -1.91      0.00
      0.00     -1.91      0.00
      0.00     -1.91     -1.91
      0.00     -2.87      0.00
      0.00     -3.83      0.00
     -0.96     -4.79      0.00
      0.00     -4.79      0.96
      0.00     -4.79      0.00
      0.00     -4.79      0.96
      0.00     -3.83      0.96
      0.00     -2.87      0.96
      0.00     -2.87      1.91
      0.00     -1.91      1.91
      0.00     -0.96      1.91
     -0.96     -0.96      1.91
      0.00      0.00      1.91
      0.00      0.00      0.96
     -0.96      0.00      0.96
     -0.96      0.00      0.00
     -0.96      0.00      0.00
     -0.96      0.00     -0.96
     -0.96      0.00     -1.91
     -1.91      0.96     -2.87
     -1.91      0.00     -3.83
     -0.96      0.00     -4.79
     -0.96      0.00     -4.79
     -0.96      0.00     -4.79
     -0.96      0.00     -4.79
      0.00      0.00     -3.83
     -0.96      0.96     -2.87
      0.00      0.96     -2.87
      0.00      1.91     -1.91
      0.00      1.91     -0.96
      0.00      1.91     -0.96
     -0.96      1.91     -0.96
     -0.96      1.91     -0.96
     -0.96      1.91     -1.91
     -0.96      1.91     -1.91
     -0.96      0.96     -1.91
     -0.96      1.91     -2.87
     -0.96      1.91     -2.87
     -0.96      1.91     -2.87
     -0.96      1.91     -1.91
     -0.96      1.91     -2.87
     -0.96      0.96     -1.91
     -0.96      0.96     -1.91
     -0.96      0.96     -1.91
     -0.96      0.96     -0.96
     -0.96      0.00     -0.96
     -2.87      0.96     -0.96
     -0.96      0.96     -0.96
      0.00      0.96     -0.96
      0.00      0.96     -0.96
      0.00      0.96     -0.96
      0.00      0.96      0.00
      0.00      0.00      0.00
      0.00      0.00      0.96
     -0.96      0.96      0.96
      0.00      0.96      0.96
      0.00      1.91      0.00
      0.00      1.91      0.00
      0.00      0.96      0.00
      0.96      1.91      0.00
      0.96      1.91      0.96
      0.96      0.96      0.96
      1.91      0.96      1.91
      1.91      0.00      1.91
      1.91      0.00      1.91
      1.91      0.96      1.91
      1.91      0.96      1.91
      1.91      0.96      0.96
      0.96      0.96      0.96
      0.96      0.96      1.91
      0.00      0.00      0.96
      0.00      0.00      1.91
      0.00      0.00      1.91
      0.00      0.00      0.96
      0.00      0.00      1.91
      0.00      0.96      0.96
      0.00      0.96      0.96
      0.00      1.91      0.96
      0.00      2.87      0.00
      0.00      2.87      0.00
      0.00      2.87      0.96
      0.00      1.91      0.96
     -0.96      0.96      0.96
     -0.96      0.00      1.91
     -0.96     -0.96      1.91
      0.00     -1.91      1.91
      0.00     -3.83      0.96
      0.00     -2.87      0.96
     -0.96     -3.83      0.00
     -0.96     -3.83     -0.96
     -0.96     -3.83     -0.96
      0.00     -3.83     -0.96
      0.00     -3.83     -0.96
      0.00     -3.83     -0.96
      0.00     -2.87     -0.96
      0.00     -2.87      0.00
      0.00     -3.83      0.00
      0.00     -3.83      0.00
      0.00     -3.83      0.00
      0.00     -4.79      0.96
      0.00     -3.83      0.00
      0.00     -2.87     -0.96
      0.00     -1.91     -0.96
      0.00     -0.96     -0.96
     -0.96     -0.96     -0.96
      0.00     -0.96     -0.96
      0.00     -0.96      0.00
      0.00     -0.96      0.00
      0.00     -0.96     -0.96
      0.00     -0.96     -0.96
      0.00     -0.96     -0.96
     -0.96     -0.96     -0.96
     -0.96     -0.96     -0.96
     -0.96     -0.96     -0.96
     -0.96     -0.96     -0.96
     -0.96     -0.96     -0.96
     -0.96     -0.96      0.00
      0.00     -1.91      0.00
     -0.96     -1.91      0.00
     -0.96     -1.91      0.00
     -0.96     -1.91      0.00
     -0.96     -2.87      0.00
     -0.96     -2.87      0.00
     -0.96     -2.87      0.00
     -0.96     -1.91      0.00
     -0.96     -1.91      0.00
     -0.96     -0.96     -0.96
     -0.96     -0.96     -1.91
     -0.96      0.96     -1.91
     -0.96      0.96     -1.91
     -0.96      0.96     -0.96
     -0.96      0.96     -0.96
