********************************************************************************
                       INSTITUTO DE INGENIERIA, UNAM
                   Coordinacion de Instrumentacion Sismica
  Ciudad Universitaria, Apartado Postal 70-472, Coyoacan 04510, Mexico, D.F.
 Tel.(52-5)622-3414    Fax.(52-5)616-1514    e-mail: isismica@pumas.iingen.unam.mx
**************************************************************************************
ARCHIVO ESTANDAR DE ACELERACION:
VERSION DEL FORMATO                    : 2.0
NOMBRE DEL ARCHIVO                     : ACAZ8910.281
FECHA Y HORA DE CREACION               : Mon Mar 23 16:49:51 1998
REF. CATALOGO ACELEROGRAMAS, SMIS 1995 : REGISTRO No. 1812 /PAG. 183


================================================================================
DATOS DE LA ESTACION:
NOMBRE DE LA ESTACION                  : ACAPULCO LA ZANJA
CLAVE DE LA ESTACION                   : ACAZ
LOCALIZACION DE LA ESTACION            : ESCUELA PRIMARIA EN EL EJIDO LA ZANJA, CERCA DEL
                                       : ENTRONQUE CON LA AUTOPISTA PUERTO MARQUEZ-MEXICO
                                       : Y COMO A 5KM DEL AEROPUERTO. ACAPULCO, GUERRERO.
                                       : 
                                       : 
COORDENADAS DE LA ESTACION             : 16.788528 LAT. N
                                       : 99.790152 LONG. W
ALTITUD (msnm)                         : 10
TIPO DE SUELO                          : DEPOSITO BARRA
                                       : 
                                       : 
INSTITUCION RESPONSABLE                : INSTITUTO DE INGENIERIA UNAM 
                                       : 

================================================================================
DATOS DEL ACELEROGRAFO: 
MODELO DEL ACELEROGRAFO                : DCA-333
NUMERO DE SERIE DEL ACELEROGRAFO       : 114
NUMERO DE CANALES                      : 3
ORIENTACION C1-C6 (rumbo;orientacion)  : /V/N90E/N00E
ORIENTACION C7-C12 (rumbo;orientacion) :
VEL. DE MUESTREO, C1-C6 (muestras/s)   : /100/100/100
VEL. DE MUESTREO, C7-C12 (muestras/s)  :
ESC. COMPLETA DE SENSORES, C1-C6, (g)  : /2/2/2
ESC. COMPLETA DE SENSORES, C7-C12 (g)  :
FREC. NAT. DE SENSORES, C1-C6, (Hz)    : /30.0/30.0/30.0
FREC. NAT. DE SENSORES, C7-C12 (Hz)    :
AMORTIGUAMIENTO DE SENSORES, C1-C6     : /0.7/0.7/0.7
AMORTIGUAMIENTO DE SENSORES, C7-C12    :
INTERVALO DE MUESTREO, C1-C6 (s)       : /0.01/0.01/0.01
INTERVALO DE MUESTREO, C7-C12 (s)      :
UMBRAL DE DISPARO, C1-C6 (Gal)         : /8/8/8
UMBRAL DE DISPARO, C7-C12 (Gal)        :
MEMORIA DE PREEVENTO (s)               : 4
TIEMPO DE POSEVENTO (s)                : 15


================================================================================
DATOS DEL SISMO:
FECHA DEL SISMO [GMT]                  : 1989/10/28
HORA EPICENTRO (GMT)                   : 17:01:13.4
MAGNITUD(ES)                           : /Mb=4.70/Mc=4.90
COORDENADAS DEL EPICENTRO              : 16.495 LAT. N 
                                       : 99.938 LONG. W 
PROFUNDIDAD FOCAL (km)                 : 13 
FUENTES DE LOS DATOS EPICENTRALES      : INSTITUTO DE INGENIERIA UNAM
                                       : 

================================================================================
DATOS DE ESTE REGISTRO:
HORA DE LA PRIMERA MUESTRA (GMT)       : 17:01:16.00
EXACTITUD DEL TIEMPO (s)               : 1.00
DURACION DEL REGISTRO (s), C1-C6       : /24.83/24.83/24.83                      
DURACION DEL REGISTRO (s), C7-C12      : 
NUM. TOTAL DE MUESTRAS, C1-C6          : /2483/2483/2483                       
NUM. TOTAL DE MUESTRAS, C7-C12         : 
ACEL. MAX.(Gal), C1-C6                 : /9.45/17.35/-11.53                    
ACEL. MAX., C1-C6, EN LA MUESTRA       : /344/1066/989                         
ACEL. MAX.(Gal), C7-C12                : 
ACEL. MAX., C7-C12,EN LA MUESTRA       : 
UNIDADES DE LOS DATOS                  : Gal (cm/s/s)
FACTOR DE DECIMACION                   : 1
FORMATO DATOS (FORTRAN,10 campos/dato) : 3F10.2


================================================================================
CALIDAD DEL ACELEROGRAMA:
REGISTRO DIGITAL COMPLETO, CON TIEMPO ABSOLUTO CORRECTO.


===============================================================================
COMENTARIOS:














===============================================================================
DATOS DE ACELERACION:
---------+---------+---------+---------+---------+---------+---------+---------+
   CANAL-1   CANAL-2   CANAL-3
         V      N90E      N00E
---------+---------+---------+---------+---------+---------+---------+---------+
     -0.12      0.12     -0.05
     -0.12      0.12      0.91
      0.84      0.12     -0.05
     -0.12      0.12     -0.05
     -0.12      0.12     -0.05
     -0.12     -1.79     -0.05
     -0.12      0.12     -0.05
     -0.12      0.12     -0.05
     -0.12      0.12     -0.05
     -0.12      0.12     -0.05
     -0.12      0.12     -0.05
     -0.12      0.12     -0.05
     -0.12      0.12     -0.05
     -0.12      0.12      0.91
     -0.12      0.12     -0.05
     -0.12      0.12     -0.05
     -0.12      0.12     -0.05
     -0.12      0.12     -0.05
     -0.12      0.12     -0.05
     -0.12      0.12     -0.05
      0.84      0.12      0.91
     -0.12      0.12     -0.05
     -0.12      0.12     -0.05
     -0.12      0.12     -1.01
     -1.08      0.12     -0.05
      0.84      0.12     -0.05
     -0.12      0.12     -0.05
     -0.12      0.12     -0.05
     -0.12      0.12     -0.05
     -0.12      0.12     -0.05
     -0.12      0.12     -0.05
      0.84      0.12     -0.05
     -0.12      0.12      0.91
     -0.12      0.12     -0.05
     -0.12      0.12     -0.05
     -0.12      0.12     -0.05
      0.84      0.12     -0.05
     -0.12      0.12     -0.05
      0.84     -0.84     -0.05
     -1.08      0.12      0.91
     -0.12      0.12     -0.05
     -0.12      0.12     -0.05
     -0.12      0.12     -0.05
     -0.12      0.12     -0.05
     -0.12      0.12     -0.05
     -0.12     -0.84     -0.05
      0.84      0.12      0.91
      0.84      0.12     -0.05
     -0.12      0.12     -0.05
     -0.12      0.12     -0.05
     -0.12      0.12     -0.05
     -0.12      0.12     -0.05
      0.84      0.12     -0.05
     -0.12     -0.84      0.91
     -0.12      0.12     -0.05
     -0.12     -0.84     -0.05
     -0.12      0.12     -0.05
     -1.08      0.12     -0.05
     -0.12      0.12     -0.05
     -0.12      0.12     -0.05
     -0.12      0.12     -0.05
     -0.12      0.12     -0.05
      0.84      0.12     -0.05
     -0.12      0.12     -0.05
     -0.12      0.12     -0.05
     -0.12      0.12     -0.05
     -0.12      0.12     -0.05
     -0.12      0.12      0.91
     -0.12      0.12     -0.05
      0.84      0.12     -0.05
     -0.12      0.12     -0.05
     -0.12      0.12     -0.05
     -0.12      0.12     -0.05
     -0.12      0.12     -0.05
     -0.12      0.12     -0.05
     -0.12      0.12     -0.05
     -0.12      0.12     -0.05
     -0.12      0.12     -0.05
      0.84      0.12     -0.05
     -0.12      0.12     -0.05
     -0.12      0.12     -0.05
     -0.12     -0.84     -0.05
      0.84      0.12     -0.05
     -0.12      0.12     -0.05
     -0.12      0.12      0.91
     -0.12      0.12     -0.05
     -0.12      0.12     -0.05
     -0.12     -0.84     -0.05
      0.84      0.12     -0.05
     -0.12      0.12     -0.05
     -0.12      0.12     -0.05
     -0.12      0.12     -0.05
     -0.12      0.12     -0.05
      0.84      0.12     -0.05
     -0.12      0.12     -0.05
     -0.12      0.12     -0.05
      0.84      0.12     -0.05
     -0.12     -0.84     -0.05
     -0.12      0.12     -0.05
     -0.12      0.12     -0.05
     -0.12      0.12     -0.05
     -0.12      0.12     -0.05
     -0.12      0.12     -0.05
     -0.12      0.12     -0.05
     -0.12      0.12     -0.05
     -0.12      0.12     -0.05
      0.84      0.12     -0.05
     -0.12      0.12     -0.05
     -0.12      0.12     -0.05
     -0.12     -0.84     -0.05
     -0.12      0.12     -0.05
     -0.12      0.12     -0.05
     -0.12      0.12     -0.05
     -0.12      0.12     -0.05
      0.84      0.12     -1.01
     -0.12      0.12      0.91
     -0.12      0.12     -0.05
     -0.12      0.12     -1.01
     -0.12      0.12     -0.05
     -0.12      0.12     -0.05
      0.84      0.12     -0.05
     -0.12      0.12     -0.05
     -0.12      0.12     -0.05
     -0.12      0.12     -0.05
     -0.12      0.12     -0.05
     -0.12      0.12     -0.05
      0.84      0.12     -0.05
     -0.12      0.12     -0.05
     -0.12     -0.84     -0.05
     -0.12      0.12      0.91
     -0.12      0.12     -0.05
     -0.12     -0.84     -0.05
      0.84      0.12     -0.05
      0.84     -0.84     -0.05
     -0.12      0.12     -0.05
     -0.12      0.12     -0.05
     -0.12     -0.84     -0.05
     -0.12      0.12     -0.05
     -0.12      0.12     -0.05
     -0.12      0.12     -0.05
     -0.12      0.12     -0.05
     -0.12     -1.79      0.91
     -0.12      0.12     -0.05
      0.84      0.12     -0.05
     -0.12      0.12     -0.05
      0.84     -0.84     -0.05
     -0.12      0.12     -0.05
     -0.12      0.12     -0.05
     -0.12      0.12     -0.05
     -0.12      0.12     -0.05
      0.84      0.12     -0.05
      0.84      0.12     -0.05
     -1.08      0.12     -0.05
     -0.12      0.12     -0.05
     -0.12     -0.84      0.91
     -0.12      0.12     -0.05
      0.84      0.12     -0.05
     -0.12      0.12     -0.05
     -0.12      0.12     -0.05
     -0.12     -0.84     -0.05
     -0.12      0.12     -0.05
     -0.12      0.12     -0.05
      0.84      0.12     -0.05
     -0.12      0.12     -0.05
     -0.12      0.12     -0.05
      0.84      0.12     -0.05
     -0.12      0.12     -0.05
     -0.12      0.12     -0.05
     -0.12      0.12     -0.05
     -0.12     -0.84     -0.05
     -0.12      0.12     -0.05
     -0.12      0.12     -0.05
     -0.12      0.12     -0.05
     -0.12      0.12     -0.05
     -1.08      0.12     -0.05
     -0.12      0.12     -0.05
     -0.12     -0.84     -0.05
     -0.12      0.12     -0.05
     -0.12      0.12     -0.05
      0.84      0.12     -0.05
     -0.12      0.12     -0.05
     -0.12     -0.84      0.91
     -0.12      0.12     -0.05
     -0.12      0.12     -0.05
     -0.12      0.12     -0.05
     -0.12      0.12     -0.05
     -0.12      0.12     -0.05
      0.84     -0.84     -0.05
     -0.12      0.12     -0.05
     -0.12      0.12     -0.05
     -0.12     -0.84     -0.05
     -0.12     -1.79     -0.05
     -0.12      0.12     -0.05
     -0.12      0.12     -0.05
     -0.12      0.12     -0.05
     -0.12      0.12     -0.05
     -0.12      0.12     -0.05
     -0.12      0.12     -0.05
     -0.12      0.12     -0.05
     -0.12      0.12     -0.05
     -0.12      0.12     -0.05
     -0.12      0.12     -0.05
     -0.12      0.12     -0.05
     -0.12      0.12     -0.05
     -0.12      0.12     -0.05
      0.84      0.12     -0.05
     -0.12     -0.84     -0.05
     -0.12      0.12     -1.01
     -0.12      0.12     -0.05
     -0.12      0.12     -0.05
     -0.12      0.12      0.91
     -0.12      0.12     -0.05
      0.84      0.12     -0.05
     -0.12      0.12     -0.05
     -0.12      0.12     -0.05
      0.84      0.12     -0.05
     -0.12      0.12     -0.05
     -0.12      0.12     -0.05
     -0.12      0.12     -0.05
     -0.12      0.12      0.91
     -0.12      0.12     -0.05
     -0.12      0.12     -0.05
     -0.12     -1.79     -0.05
      0.84      0.12     -0.05
     -0.12      0.12     -0.05
     -0.12      0.12     -0.05
     -0.12      0.12     -0.05
     -0.12      0.12     -0.05
     -0.12      0.12     -0.05
     -0.12      0.12     -0.05
     -0.12      0.12     -0.05
      0.84      0.12     -0.05
      0.84      0.12     -0.05
     -0.12      0.12     -0.05
     -0.12      0.12     -0.05
     -0.12     -0.84     -0.05
      0.84      0.12     -0.05
     -0.12      0.12     -0.05
     -0.12     -0.84     -0.05
     -0.12      0.12     -0.05
     -0.12      0.12     -0.05
     -0.12      0.12     -0.05
      0.84      0.12     -0.05
     -0.12      0.12     -0.05
      0.84      0.12     -0.05
     -0.12      0.12     -0.05
     -0.12      0.12     -0.05
     -0.12      0.12     -0.05
     -0.12      0.12     -0.05
     -0.12      0.12     -0.05
     -0.12      0.12     -0.05
     -0.12      0.12     -0.05
     -0.12      0.12     -0.05
     -0.12     -0.84     -0.05
     -0.12      0.12     -0.05
     -0.12      0.12     -0.05
     -0.12      0.12     -0.05
     -0.12      0.12     -0.05
     -0.12      0.12     -0.05
      0.84      0.12     -0.05
     -0.12      0.12     -0.05
     -0.12      0.12     -0.05
     -0.12      0.12     -0.05
     -0.12      0.12     -0.05
     -0.12      0.12     -0.05
     -0.12      0.12     -0.05
      0.84      0.12     -0.05
     -0.12      0.12     -0.05
     -0.12      0.12     -0.05
     -0.12      0.12      0.91
     -0.12     -0.84     -0.05
     -0.12      0.12     -0.05
      0.84      0.12     -0.05
     -0.12      0.12     -0.05
     -0.12      0.12     -0.05
      0.84      0.12     -0.05
     -0.12      0.12     -0.05
     -0.12      0.12     -0.05
     -0.12      0.12     -0.05
     -0.12      0.12     -0.05
     -0.12      0.12     -0.05
     -0.12      0.12      0.91
     -0.12      0.12     -0.05
     -0.12      0.12     -0.05
     -0.12      0.12     -0.05
     -0.12      0.12     -0.05
     -0.12      0.12     -0.05
     -0.12     -0.84     -0.05
     -0.12      0.12     -0.05
     -0.12      0.12     -0.05
     -0.12      0.12      0.91
     -0.12      0.12     -0.05
     -0.12      0.12     -0.05
     -0.12      0.12     -0.05
     -1.08      0.12     -0.05
     -0.12      0.12     -0.05
     -0.12     -0.84     -0.05
      0.84      0.12     -0.05
      0.84     -1.79     -0.05
      0.84      0.12     -0.05
      0.84      0.12     -1.01
      0.84      0.12     -0.05
      0.84      0.12     -0.05
      0.84      0.12     -0.05
      0.84      0.12     -0.05
     -0.12      0.12     -0.05
     -0.12     -0.84     -0.05
     -0.12      0.12     -0.05
     -0.12      0.12     -0.05
     -1.08      0.12     -0.05
     -1.08      0.12     -0.05
     -1.08      0.12     -0.05
     -0.12      0.12     -0.05
      0.84      0.12     -0.05
      0.84      0.12     -0.05
     -0.12      0.12     -0.05
      0.84      0.12     -0.05
      0.84      0.12     -0.05
      1.79      0.12     -0.05
      2.75      0.12     -0.05
      2.75      0.12     -0.05
      3.71      0.12     -0.05
      2.75      0.12      0.91
      3.71      0.12      0.91
      2.75      0.12      0.91
      2.75      0.12      0.91
      0.84      0.12      0.91
     -1.08      0.12      0.91
     -2.03      0.12      0.91
     -2.99     -0.84     -0.05
     -3.95     -0.84     -0.05
     -4.91     -0.84     -1.01
     -4.91     -0.84     -1.01
     -5.86     -0.84     -1.01
     -6.82     -0.84     -1.01
     -6.82     -1.79     -1.01
     -5.86     -0.84     -0.05
     -4.91      0.12     -0.05
     -2.99      0.12     -0.05
     -2.03      0.12     -0.05
     -1.08      0.12     -0.05
      1.79      0.12      0.91
      4.67      1.08      0.91
      7.54      1.08      0.91
      9.45      2.03      1.86
      8.49      2.03      1.86
      6.58      2.03      1.86
      4.67      2.03      1.86
      3.71      2.03      1.86
      3.71      2.03      0.91
      1.79      1.08      0.91
     -0.12      0.12      0.91
     -0.12     -0.84      0.91
      0.84     -0.84     -0.05
      0.84     -1.79     -1.01
      0.84     -2.75     -1.01
     -1.08     -2.75     -1.01
     -2.99     -2.75     -1.96
     -4.91     -3.71     -1.96
     -4.91     -3.71     -1.96
     -3.95     -3.71     -2.92
     -1.08     -2.75     -2.92
      0.84     -2.75     -1.96
      1.79     -2.75     -1.01
      1.79     -1.79     -1.01
     -0.12     -1.79     -0.05
     -1.08     -0.84     -0.05
     -1.08      1.08      0.91
     -0.12      2.03      0.91
     -0.12      2.03      0.91
     -0.12      2.03      0.91
      1.79      2.03      0.91
      3.71      1.08      0.91
      3.71      1.08      0.91
      1.79      0.12      0.91
     -0.12     -0.84      0.91
     -1.08      0.12      1.86
     -1.08      1.08      2.82
     -0.12      1.08      2.82
     -0.12      2.99      1.86
      0.84      3.95      2.82
      1.79      2.99      2.82
      1.79      2.03      2.82
      1.79      0.12      1.86
     -0.12     -0.84     -0.05
     -1.08      0.12      0.91
     -1.08     -0.84      0.91
     -0.12     -1.79     -0.05
      0.84     -1.79     -1.01
      1.79     -1.79     -1.96
      1.79     -2.75     -2.92
      0.84     -2.75     -3.88
      0.84     -1.79     -3.88
      0.84     -0.84     -1.96
     -1.08     -1.79     -2.92
     -2.99     -1.79     -1.01
     -3.95      0.12     -0.05
     -2.03      1.08      0.91
     -0.12      1.08      0.91
      1.79      1.08     -0.05
      3.71      1.08     -1.01
      1.79      0.12     -1.01
      0.84     -0.84     -0.05
     -0.12     -1.79     -0.05
     -1.08     -0.84     -1.01
     -1.08     -0.84      0.91
     -1.08     -1.79      1.86
     -0.12     -1.79      1.86
      0.84     -1.79      1.86
      0.84     -0.84      1.86
      1.79     -2.75      1.86
      0.84     -1.79      1.86
      0.84     -1.79      0.91
     -1.08     -0.84      0.91
     -2.03      0.12      0.91
     -1.08      2.03      0.91
      0.84      3.95      0.91
      1.79      3.95      0.91
      2.75      4.91      1.86
      2.75      3.95      1.86
     -0.12      2.99      0.91
     -1.08      3.95      1.86
     -3.95      2.99      2.82
     -3.95      2.99      1.86
     -3.95      2.99      1.86
     -2.03      2.03      0.91
     -0.12      1.08     -0.05
      0.84      0.12     -1.01
      0.84     -1.79     -1.01
      0.84     -2.75     -1.01
      0.84     -4.67     -1.01
      0.84     -4.67     -1.01
      0.84     -4.67     -1.96
      0.84     -3.71     -1.96
      1.79     -1.79     -1.96
      2.75      0.12     -1.01
      3.71     -0.84     -1.01
      2.75      0.12     -1.01
      1.79      0.12     -0.05
      1.79      1.08      0.91
      0.84      0.12      0.91
     -1.08     -0.84      0.91
     -1.08     -1.79      0.91
     -1.08     -1.79      0.91
     -0.12     -2.75     -0.05
     -0.12     -2.75     -0.05
     -0.12     -1.79     -0.05
     -0.12     -0.84      0.91
     -0.12     -0.84      0.91
     -1.08     -0.84      0.91
     -1.08     -0.84      0.91
     -1.08      0.12      1.86
     -1.08      1.08      1.86
     -0.12      1.08      0.91
      0.84      1.08     -0.05
      1.79      1.08     -1.01
      1.79      2.03     -0.05
      0.84      2.99     -0.05
      0.84      2.99      0.91
     -0.12      2.99      0.91
     -0.12      2.03      1.86
     -1.08      0.12      1.86
     -0.12     -0.84      0.91
      0.84     -0.84      0.91
      1.79     -0.84     -1.01
      2.75     -1.79     -1.01
      1.79     -1.79     -1.01
      0.84     -1.79     -1.01
     -0.12     -0.84     -0.05
     -0.12      1.08      0.91
     -1.08      2.03      0.91
     -1.08      1.08     -0.05
     -1.08      0.12     -0.05
     -0.12     -1.79     -0.05
     -1.08     -0.84     -1.01
     -0.12     -0.84     -1.01
      0.84     -0.84     -1.01
      0.84     -0.84     -0.05
     -0.12     -0.84     -0.05
     -1.08     -0.84      0.91
     -0.12     -0.84      1.86
      0.84     -1.79      1.86
      2.75     -2.75     -0.05
      3.71     -3.71     -1.01
      2.75     -3.71     -1.96
      1.79     -3.71     -1.96
      0.84     -2.75     -1.96
     -1.08     -0.84     -1.01
     -1.08      1.08     -0.05
     -1.08      1.08     -0.05
     -1.08      2.99     -1.01
     -1.08      2.99     -1.01
     -1.08      2.99      0.91
     -0.12      1.08      0.91
     -0.12      1.08      0.91
     -0.12      0.12      0.91
     -0.12      0.12      1.86
     -0.12     -0.84      2.82
     -1.08     -0.84      2.82
     -0.12      0.12      1.86
     -0.12      0.12      1.86
     -0.12     -0.84      0.91
     -0.12      0.12     -0.05
      0.84      1.08     -1.01
      0.84      1.08     -1.01
      0.84      1.08     -1.01
      0.84      2.03     -0.05
     -0.12      2.03      0.91
     -1.08      2.03      1.86
     -1.08      2.03      0.91
     -1.08      2.03     -0.05
     -1.08      1.08     -1.01
     -1.08      0.12     -1.01
     -0.12     -0.84     -1.96
     -0.12     -2.75     -1.96
     -0.12     -2.75     -1.96
      0.84     -2.75     -0.05
     -0.12     -2.75      1.86
     -0.12     -2.75      2.82
     -0.12     -2.75      2.82
      0.84     -1.79      1.86
      1.79     -0.84      1.86
      2.75      0.12     -0.05
      2.75      0.12     -1.01
      2.75      0.12     -0.05
      1.79     -0.84     -0.05
     -0.12     -0.84      0.91
     -0.12      0.12      0.91
      0.84      1.08      0.91
      1.79      1.08     -0.05
      1.79      1.08     -1.01
      1.79      1.08     -1.01
      0.84      1.08     -1.01
     -0.12      0.12     -0.05
     -0.12      0.12      0.91
     -1.08      0.12      0.91
     -1.08     -0.84      1.86
     -0.12     -0.84      1.86
      0.84     -0.84      1.86
     -0.12     -1.79      1.86
     -0.12     -0.84      1.86
      0.84      0.12      0.91
     -0.12      0.12     -0.05
     -1.08      0.12     -0.05
     -1.08      1.08     -1.01
     -1.08      1.08     -1.01
     -1.08      1.08     -1.01
     -1.08      2.03     -0.05
     -0.12      1.08     -1.01
      0.84      0.12     -1.01
      0.84     -0.84     -1.96
      0.84     -1.79     -1.96
     -0.12     -2.75     -1.01
     -1.08     -2.75     -0.05
     -1.08     -1.79      0.91
     -0.12     -0.84      1.86
     -0.12      0.12      0.91
      0.84      0.12      1.86
      0.84      1.08      2.82
      0.84      1.08      1.86
     -0.12      0.12      0.91
     -0.12     -0.84     -0.05
     -1.08     -1.79     -0.05
     -0.12     -1.79     -1.01
      1.79     -0.84     -1.01
      1.79     -0.84     -0.05
      1.79     -0.84     -0.05
      1.79     -0.84     -0.05
      0.84     -0.84     -0.05
      0.84     -0.84     -0.05
      0.84     -0.84     -0.05
     -0.12      0.12     -1.01
     -0.12      1.08     -0.05
     -0.12      1.08      0.91
      0.84      2.03      0.91
      0.84      2.03      0.91
      1.79      2.99      0.91
      1.79      3.95     -0.05
      0.84      2.99     -0.05
     -0.12      2.03     -1.01
     -0.12      0.12     -1.01
     -2.03     -1.79     -1.01
     -2.03     -1.79     -1.01
     -1.08     -1.79     -1.01
     -0.12     -1.79     -1.01
      0.84     -2.75     -1.01
      0.84     -2.75     -1.01
      0.84     -2.75     -1.01
     -1.08     -1.79     -0.05
     -1.08     -0.84     -0.05
     -0.12     -0.84      0.91
     -0.12     -0.84     -0.05
     -0.12     -0.84     -0.05
     -0.12     -0.84      0.91
     -0.12     -0.84     -0.05
      1.79      0.12     -0.05
      1.79      1.08      0.91
      1.79      2.03      0.91
     -1.08      2.99      1.86
     -1.08      3.95      1.86
     -1.08      3.95      2.82
     -1.08      2.99      2.82
     -0.12      2.03      1.86
      0.84      1.08      0.91
     -0.12     -1.79     -0.05
     -1.08     -2.75      0.91
     -1.08     -2.75      0.91
     -0.12     -2.75      0.91
      0.84     -1.79     -0.05
      0.84     -1.79     -0.05
      0.84     -1.79     -0.05
      1.79     -0.84     -0.05
      1.79      1.08     -0.05
      1.79      2.03     -0.05
      1.79      1.08     -1.01
      1.79      1.08     -1.01
      0.84      0.12     -1.01
     -0.12     -0.84     -1.01
     -0.12     -0.84     -0.05
     -0.12     -0.84     -0.05
     -0.12      0.12     -0.05
      0.84      1.08     -0.05
      0.84      1.08     -0.05
     -0.12      1.08      0.91
     -2.03      1.08      1.86
     -2.99      0.12      1.86
     -2.03      0.12      1.86
     -1.08     -0.84      1.86
     -0.12     -1.79      0.91
      0.84     -1.79      0.91
      0.84     -0.84      0.91
     -0.12      0.12     -0.05
      0.84      1.08     -1.01
      0.84      1.08     -1.01
      0.84      0.12     -1.96
     -0.12     -0.84     -1.96
     -1.08     -0.84     -1.01
     -1.08     -1.79     -0.05
     -1.08     -2.75      0.91
     -1.08     -1.79      0.91
     -1.08     -0.84      0.91
     -0.12      0.12      0.91
     -0.12      0.12     -0.05
     -0.12      0.12     -0.05
     -0.12      0.12      0.91
      0.84      0.12      0.91
      1.79      0.12      1.86
      1.79      0.12      1.86
      1.79      0.12      1.86
      1.79      0.12      0.91
      1.79      0.12      0.91
      1.79      2.03      0.91
      0.84      2.03      0.91
      0.84      2.03      0.91
      1.79      2.03      0.91
      0.84      1.08     -0.05
      0.84      0.12      0.91
     -0.12     -1.79      0.91
      0.84     -1.79      0.91
     -0.12     -2.75     -0.05
     -1.08     -2.75     -1.01
     -1.08     -3.71     -1.96
     -1.08     -2.75     -1.96
     -0.12     -1.79     -3.88
     -0.12     -0.84     -3.88
     -1.08      0.12     -3.88
     -1.08      0.12     -2.92
     -1.08      0.12     -1.96
     -0.12      0.12     -1.01
     -0.12      0.12     -0.05
      0.84      0.12     -0.05
      0.84      0.12      0.91
      0.84      0.12      0.91
     -0.12      0.12      0.91
     -0.12      0.12      0.91
     -0.12      0.12      0.91
     -1.08      0.12      1.86
     -0.12      0.12      1.86
     -0.12      0.12      1.86
      0.84     -0.84      2.82
     -0.12     -0.84      2.82
     -0.12     -0.84      1.86
     -1.08      0.12      0.91
     -0.12     -0.84     -0.05
      0.84     -0.84     -0.05
      0.84      0.12     -0.05
      0.84      0.12     -0.05
      0.84      0.12     -0.05
      0.84      1.08     -0.05
      0.84      1.08     -0.05
      0.84      1.08     -0.05
      0.84      1.08     -0.05
     -0.12      1.08     -0.05
     -0.12      0.12      0.91
     -1.08      1.08      0.91
     -0.12      0.12      0.91
     -1.08      0.12      0.91
     -0.12      0.12     -0.05
     -0.12     -0.84     -1.01
     -0.12     -0.84     -1.96
      0.84     -1.79     -1.96
      0.84     -1.79     -1.96
      0.84     -0.84     -1.01
      0.84     -0.84     -0.05
      0.84      0.12     -0.05
     -0.12      0.12     -0.05
     -0.12      0.12     -0.05
     -0.12      0.12      0.91
      0.84      0.12      1.86
      0.84     -0.84      1.86
      0.84     -0.84      1.86
      0.84     -0.84      0.91
      0.84      0.12     -0.05
      0.84      0.12     -0.05
      0.84      0.12     -0.05
      0.84      0.12     -1.01
      0.84     -0.84     -1.01
      0.84     -1.79     -1.01
     -0.12     -2.75     -1.01
     -0.12     -1.79     -1.01
     -0.12     -0.84     -1.01
     -0.12      0.12     -0.05
     -0.12      1.08     -0.05
     -1.08      2.03     -0.05
     -1.08      2.03      0.91
     -1.08      2.99      1.86
     -1.08      2.99      2.82
     -1.08      2.03      2.82
     -1.08      1.08      2.82
     -1.08      0.12      2.82
     -0.12     -0.84      1.86
     -0.12     -1.79      0.91
      0.84     -1.79      0.91
      0.84     -2.75     -0.05
     -0.12     -2.75     -1.01
      0.84     -2.75     -0.05
     -0.12     -1.79     -0.05
     -0.12      0.12      0.91
      0.84      1.08      0.91
      0.84      1.08      0.91
      0.84      0.12     -1.01
      0.84     -0.84     -0.05
      0.84     -1.79     -1.01
      0.84     -0.84     -1.01
      0.84     -0.84     -1.01
      0.84      0.12     -1.01
      1.79      0.12     -1.01
      1.79      0.12     -1.96
      0.84      0.12     -1.96
      0.84      1.08     -1.01
      0.84      1.08     -0.05
      0.84      0.12     -0.05
     -0.12     -0.84      0.91
     -1.08     -1.79      2.82
     -1.08      0.12      2.82
     -1.08     -0.84      1.86
     -1.08     -0.84      0.91
     -0.12     -0.84      0.91
     -0.12     -0.84      0.91
     -0.12     -0.84     -0.05
     -0.12      0.12     -0.05
     -1.08      2.03     -1.01
     -1.08      2.03     -0.05
     -0.12      1.08     -0.05
     -0.12      1.08     -0.05
     -0.12      0.12     -0.05
      0.84     -0.84     -0.05
      0.84     -1.79     -0.05
      0.84     -1.79     -0.05
      1.79     -1.79     -0.05
      1.79     -0.84      0.91
      1.79     -1.79     -0.05
      0.84      0.12      0.91
     -0.12      0.12      0.91
     -1.08      1.08      0.91
     -1.08      1.08      0.91
     -1.08      2.03      0.91
     -0.12      2.03      0.91
     -0.12      2.03      0.91
     -0.12      2.03      0.91
     -0.12      1.08      0.91
     -1.08      0.12      1.86
     -0.12     -0.84      0.91
     -0.12     -0.84      0.91
     -0.12     -0.84     -0.05
     -0.12     -1.79     -0.05
      0.84     -2.75     -0.05
      0.84     -2.75     -1.01
      0.84     -1.79     -1.01
      0.84     -1.79     -1.96
      0.84     -0.84     -1.96
      0.84      0.12     -2.92
      1.79      0.12     -2.92
      1.79      0.12     -1.96
      1.79      0.12     -1.01
      1.79      1.08     -1.01
      1.79      2.03     -1.01
      0.84      1.08     -0.05
     -0.12      0.12     -0.05
     -1.08     -0.84     -0.05
     -0.12     -0.84     -0.05
     -0.12     -0.84      0.91
     -0.12     -0.84      0.91
     -0.12     -0.84      0.91
     -0.12     -0.84      0.91
     -0.12     -0.84      1.86
     -0.12     -0.84      1.86
     -0.12      0.12      1.86
     -0.12      0.12      1.86
     -0.12      0.12      1.86
     -0.12      0.12      1.86
     -0.12     -0.84      0.91
     -0.12     -0.84     -0.05
      0.84     -0.84     -1.01
      0.84      0.12     -1.01
     -0.12      0.12     -1.96
     -0.12      1.08     -1.96
     -1.08      1.08     -1.01
     -1.08      1.08     -1.01
     -1.08      0.12     -0.05
     -1.08     -0.84      0.91
     -1.08     -1.79      1.86
     -1.08     -2.75      1.86
     -0.12     -2.75      1.86
     -0.12     -1.79      0.91
      0.84     -1.79      0.91
      1.79     -0.84      0.91
      1.79      0.12      0.91
      1.79      1.08      0.91
      1.79      2.03      0.91
      1.79      2.03      0.91
      0.84      2.03      0.91
      0.84      1.08     -0.05
      0.84      0.12     -0.05
      0.84     -0.84     -0.05
      1.79     -1.79     -0.05
      1.79     -1.79     -0.05
     -0.12     -0.84     -1.01
      0.84     -1.79     -1.01
      0.84     -0.84     -1.01
     -0.12     -0.84     -1.01
     -0.12     -0.84     -0.05
     -1.08      0.12     -0.05
     -1.08      0.12     -0.05
     -1.08      0.12      0.91
     -1.08      0.12      0.91
     -1.08      0.12      0.91
     -2.03      0.12     -0.05
     -1.08      0.12     -0.05
     -0.12      0.12     -0.05
     -0.12      1.08     -0.05
      0.84      0.12      0.91
      0.84      0.12      0.91
      0.84      0.12      0.91
      0.84      0.12      0.91
      0.84      0.12      0.91
     -0.12      0.12      0.91
     -0.12      0.12      0.91
     -0.12      0.12      0.91
     -1.08      0.12      0.91
     -0.12      0.12     -0.05
      0.84      0.12     -0.05
     -0.12      1.08     -0.05
     -0.12      1.08      0.91
     -0.12      1.08      0.91
     -0.12      1.08     -0.05
     -0.12      0.12     -0.05
      0.84      0.12     -0.05
     -0.12     -0.84     -0.05
     -0.12     -0.84      0.91
     -0.12     -1.79      0.91
      0.84     -1.79     -0.05
      0.84     -1.79     -0.05
      0.84     -1.79     -1.01
     -0.12     -0.84     -0.05
      0.84      0.12     -0.05
      0.84      0.12      0.91
      0.84      2.03      1.86
      0.84      2.03      1.86
      0.84      2.03     -1.01
     -0.12      2.03     -0.05
      0.84      1.08     -1.01
      0.84      1.08     -1.96
      0.84      1.08     -1.96
     -0.12     -0.84     -2.92
      0.84     -1.79     -2.92
      0.84     -1.79     -2.92
      0.84     -1.79     -2.92
      0.84     -1.79     -2.92
      0.84     -1.79     -1.96
      0.84     -1.79     -1.01
      0.84     -0.84     -0.05
     -0.12     -0.84      0.91
     -1.08     -0.84      1.86
     -1.08     -0.84      2.82
     -1.08     -0.84      3.78
     -1.08     -0.84      3.78
     -1.08      0.12      3.78
     -1.08      0.12      2.82
     -1.08      1.08      1.86
     -1.08      0.12      0.91
     -1.08      0.12      0.91
     -1.08     -0.84      0.91
     -0.12      0.12      0.91
     -0.12     -0.84      0.91
      0.84      0.12      0.91
     -0.12      0.12      1.86
     -1.08     -0.84      1.86
     -0.12      0.12      0.91
      0.84      0.12     -0.05
      0.84      0.12     -1.01
      0.84      0.12     -1.01
      0.84      0.12     -1.96
      0.84      0.12     -1.96
      0.84      0.12     -1.96
      1.79      0.12     -1.96
      0.84      0.12     -1.01
      0.84      0.12     -1.01
      0.84      0.12     -1.01
      0.84      0.12     -1.01
     -0.12      0.12     -1.01
      0.84      0.12     -1.01
      1.79      0.12     -0.05
      1.79     -0.84     -1.01
      0.84     -0.84     -0.05
      0.84     -0.84     -0.05
      0.84     -1.79      0.91
     -0.12     -0.84      0.91
     -0.12     -0.84      1.86
     -1.08     -0.84      1.86
     -1.08     -0.84      1.86
     -2.03     -0.84      1.86
     -2.99     -0.84      1.86
     -3.95      0.12      1.86
     -2.99     -0.84      0.91
     -2.99      0.12      0.91
     -2.03      0.12     -0.05
     -2.03      0.12     -1.01
     -1.08      0.12     -1.01
     -1.08      0.12     -1.01
     -1.08      0.12     -1.01
     -0.12      1.08     -0.05
      0.84      1.08     -0.05
      1.79      2.03      0.91
      1.79      2.03      1.86
      2.75      2.99      1.86
      2.75      2.99      2.82
      3.71      2.99      2.82
      3.71      2.99      2.82
      3.71      2.99      2.82
      1.79      2.03      2.82
      0.84      2.03      2.82
     -1.08      1.08      3.78
     -2.03      0.12      3.78
     -2.99      0.12      3.78
     -3.95     -0.84      2.82
     -2.99      0.12      3.78
     -2.03      0.12      3.78
     -1.08     -0.84      2.82
     -0.12     -0.84      2.82
      0.84     -0.84      1.86
      2.75     -0.84      1.86
      2.75     -1.79      2.82
      3.71     -1.79      1.86
      3.71     -2.75      1.86
      2.75     -2.75      0.91
      2.75     -3.71     -0.05
      1.79     -4.67     -1.01
      0.84     -6.58     -2.92
     -0.12     -6.58     -3.88
     -1.08     -8.49     -4.84
     -2.03     -8.49     -5.79
     -2.03     -8.49     -5.79
     -1.08     -8.49     -4.84
     -0.12     -6.58     -3.88
      0.84     -3.71     -1.96
      2.75     -2.75     -0.05
      2.75     -0.84      0.91
      3.71      1.08      1.86
      3.71      2.99      1.86
      1.79      4.91      2.82
      0.84      6.82      1.86
     -0.12      8.73      0.91
      0.84      9.69     -1.01
      0.84     10.65     -2.92
      0.84      9.69     -4.84
     -0.12      8.73     -6.75
     -1.08      5.86     -8.66
     -2.99      2.99     -9.62
     -3.95     -0.84    -11.53
     -3.95     -3.71    -11.53
     -2.99     -5.62    -11.53
     -1.08     -5.62    -10.58
     -0.12     -4.67     -8.66
      0.84     -1.79     -6.75
      2.75      2.03     -4.84
      4.67      5.86     -1.96
      5.62      8.73      1.86
      4.67      9.69      4.74
      2.75      7.78      7.61
      0.84      3.95      8.56
     -1.08     -1.79      8.56
     -1.08     -8.49      7.61
     -1.08    -13.28      5.69
     -0.12    -15.19      2.82
     -0.12    -14.24     -0.05
      0.84    -11.36     -1.01
      0.84     -6.58     -1.96
      0.84     -1.79     -3.88
     -1.08      2.03     -2.92
     -2.03      4.91     -1.96
     -2.03      5.86     -1.96
     -1.08      6.82     -1.01
     -0.12      4.91     -0.05
      0.84      3.95      1.86
     -0.12      2.03      3.78
      0.84      1.08      3.78
     -0.12      1.08      3.78
     -1.08      1.08      3.78
     -1.08      1.08      3.78
     -2.03      0.12      3.78
     -2.99     -1.79      4.74
     -2.03     -2.75      4.74
     -0.12     -2.75      2.82
      1.79     -3.71     -0.05
      2.75     -2.75     -1.01
      1.79     -2.75     -1.01
      0.84     -1.79      1.86
      0.84      0.12      2.82
      2.75      4.91      3.78
      3.71      9.69      3.78
      3.71     11.60      2.82
      0.84     11.60      2.82
     -2.03      8.73      6.65
     -4.91      5.86      8.56
     -5.86      3.95      9.52
     -5.86      2.03      9.52
     -3.95     -0.84      9.52
     -2.03     -3.71      8.56
      0.84     -5.62      7.61
      1.79     -5.62      6.65
      2.75     -5.62      4.74
      1.79     -6.58      2.82
      0.84     -5.62     -0.05
     -0.12     -5.62     -2.92
      0.84     -4.67     -3.88
      0.84     -4.67     -5.79
      3.71     -4.67     -6.75
      3.71     -4.67     -6.75
      1.79     -5.62     -3.88
     -0.12     -3.71     -0.05
     -1.08     -0.84      2.82
     -1.08      2.03      3.78
     -1.08      3.95      4.74
     -2.99      2.99      4.74
     -3.95      1.08      5.69
     -2.99     -1.79      4.74
     -1.08     -4.67      2.82
     -0.12     -6.58     -0.05
      0.84     -6.58     -3.88
     -0.12     -6.58     -6.75
     -1.08     -3.71     -7.71
     -1.08      0.12     -7.71
      0.84      4.91     -6.75
      3.71     11.60     -6.75
      4.67     16.39     -6.75
      3.71     17.35     -6.75
      1.79     16.39     -3.88
     -0.12     12.56     -0.05
     -1.08      7.78      3.78
     -2.03      1.08      6.65
     -1.08     -3.71      7.61
     -0.12     -7.54      7.61
     -0.12     -9.45      6.65
      0.84     -8.49      5.69
      1.79     -6.58      3.78
      0.84     -4.67      0.91
      0.84     -3.71     -1.96
     -1.08     -2.75     -4.84
     -1.08     -2.75     -7.71
     -2.03     -2.75     -8.66
     -1.08     -2.75    -10.58
      1.79     -0.84    -11.53
      2.75      1.08    -10.58
      2.75      3.95     -8.66
      1.79      4.91     -6.75
      1.79      7.78     -4.84
      1.79      6.82     -2.92
      1.79      4.91     -1.96
      0.84      0.12     -1.96
     -1.08     -4.67     -1.01
     -1.08    -10.41     -0.05
     -0.12    -13.28     -0.05
      0.84    -14.24     -0.05
      0.84    -14.24      0.91
     -0.12    -12.32      2.82
     -1.08     -9.45      3.78
     -1.08     -5.62      2.82
     -1.08      0.12     -0.05
     -1.08      5.86     -2.92
     -1.08     10.65     -4.84
     -1.08     11.60     -5.79
     -0.12     10.65     -5.79
     -0.12      9.69     -5.79
      0.84      9.69     -4.84
      1.79      9.69     -2.92
      1.79      7.78     -1.01
      1.79      4.91      0.91
      2.75      2.03      2.82
      3.71      1.08      3.78
      3.71      0.12      4.74
      2.75      0.12      5.69
      1.79     -0.84      5.69
     -0.12     -1.79      4.74
     -1.08     -3.71      2.82
     -1.08     -3.71      1.86
     -0.12     -2.75     -0.05
      0.84     -1.79     -1.96
     -0.12      0.12     -1.01
     -0.12      2.99      2.82
     -1.08      3.95      6.65
     -2.03      2.99      9.52
     -2.03      0.12     10.48
     -1.08     -2.75      8.56
     -1.08     -6.58      3.78
     -0.12    -10.41     -1.01
     -0.12    -13.28     -4.84
     -0.12    -14.24     -3.88
      0.84    -13.28     -2.92
      0.84    -10.41     -2.92
      1.79     -5.62     -1.96
      2.75      0.12     -1.96
      2.75      4.91     -1.01
      0.84      8.73     -0.05
     -0.12     10.65     -1.01
     -1.08     14.48     -1.96
     -2.03     15.43     -1.96
     -2.99     14.48     -0.05
     -2.99     11.60      1.86
     -2.03      7.78      3.78
     -2.03      2.99      6.65
     -1.08     -1.79      8.56
      0.84     -5.62     10.48
      1.79     -8.49     11.43
      1.79    -10.41      9.52
      0.84    -11.36      9.52
     -1.08    -10.41      7.61
     -2.03     -9.45      5.69
     -2.03     -6.58      4.74
     -2.03     -2.75      3.78
     -1.08      0.12      3.78
     -0.12      3.95      2.82
      0.84      6.82      1.86
      2.75      8.73      1.86
      2.75      9.69      0.91
      2.75      9.69     -0.05
      1.79      8.73     -2.92
      1.79      6.82     -5.79
      1.79      2.99     -7.71
      1.79     -1.79     -7.71
      0.84     -6.58     -5.79
      1.79    -10.41     -1.96
      1.79    -12.32      1.86
      1.79    -13.28      4.74
      1.79    -11.36      6.65
      0.84     -8.49      6.65
      0.84     -6.58      5.69
     -0.12     -4.67      3.78
      0.84     -1.79      2.82
      0.84      0.12     -0.05
      0.84      1.08     -1.96
      0.84      1.08     -2.92
      0.84      1.08     -4.84
     -0.12      2.03     -6.75
     -1.08      3.95     -6.75
     -1.08      5.86     -7.71
     -1.08      6.82     -6.75
     -1.08      6.82     -6.75
     -1.08      5.86     -6.75
     -0.12      4.91     -5.79
      0.84      3.95     -4.84
      1.79      2.99     -5.79
     -0.12      2.99     -5.79
     -0.12      2.99     -6.75
     -1.08      3.95     -5.79
     -1.08      4.91     -4.84
     -2.03      4.91     -2.92
     -1.08      4.91     -0.05
     -0.12      3.95      1.86
     -0.12      2.03      3.78
     -1.08     -0.84      4.74
     -1.08     -3.71      5.69
     -0.12     -6.58      4.74
     -0.12     -9.45      1.86
     -0.12    -11.36     -0.05
      0.84    -12.32     -1.01
      0.84    -12.32     -1.01
      0.84    -10.41      0.91
      0.84     -9.45      1.86
      1.79     -5.62      0.91
      1.79     -2.75     -0.05
      1.79     -0.84     -2.92
      1.79      1.08     -4.84
      1.79      2.99     -6.75
     -0.12      4.91     -7.71
      1.79      5.86     -8.66
      1.79      6.82     -8.66
      1.79      8.73     -6.75
      0.84      9.69     -4.84
     -0.12      8.73     -1.96
      0.84      5.86     -1.01
      0.84      3.95      0.91
      1.79      0.12      2.82
      0.84     -1.79      3.78
     -0.12     -3.71      2.82
     -1.08     -4.67      3.78
     -1.08     -4.67      3.78
     -0.12     -3.71      3.78
     -0.12     -2.75      4.74
     -1.08      0.12      5.69
     -1.08      2.99      6.65
     -1.08      3.95      7.61
     -0.12      3.95      7.61
      0.84      2.99      6.65
     -0.12      2.03      4.74
     -1.08      0.12      3.78
     -2.03      1.08      2.82
     -2.03      1.08      0.91
     -2.03      2.03     -1.96
     -1.08      2.03     -3.88
     -0.12      1.08     -4.84
     -1.08     -0.84     -4.84
     -1.08     -1.79     -3.88
     -2.03     -2.75     -1.96
     -1.08     -3.71      0.91
     -0.12     -5.62      3.78
      0.84     -6.58      4.74
      1.79     -7.54      5.69
      1.79     -6.58      5.69
      0.84     -5.62      4.74
      0.84     -3.71      3.78
     -0.12     -1.79      2.82
     -0.12     -1.79      1.86
     -0.12     -0.84      0.91
      0.84     -0.84      0.91
      1.79      0.12      0.91
      1.79      0.12      0.91
      1.79      2.03     -0.05
      1.79      2.99     -0.05
      1.79      3.95      0.91
      1.79      3.95      1.86
      1.79      3.95      2.82
      1.79      2.99      0.91
      0.84      2.99     -0.05
     -0.12      2.99     -0.05
     -1.08      2.99      0.91
     -0.12      3.95      1.86
     -0.12      5.86      3.78
      0.84      5.86      4.74
      0.84      5.86      5.69
     -0.12      4.91      4.74
     -1.08      2.03      4.74
     -1.08     -2.75      2.82
      0.84     -6.58      1.86
      1.79     -9.45      0.91
      2.75    -10.41      0.91
      1.79    -10.41      0.91
      1.79     -9.45      0.91
      0.84     -6.58      0.91
     -1.08     -4.67     -0.05
     -2.03     -2.75      1.86
     -2.99     -0.84      1.86
     -2.99      0.12     -0.05
     -2.99      2.03     -1.01
     -2.99      1.08     -3.88
     -2.99      1.08     -4.84
     -2.03      0.12     -5.79
     -1.08      0.12     -6.75
     -0.12      0.12     -7.71
      1.79      0.12     -8.66
      1.79      0.12     -8.66
      2.75      0.12     -9.62
      2.75      0.12    -10.58
      1.79      1.08     -9.62
     -0.12      0.12     -7.71
     -1.08      0.12     -4.84
     -1.08      0.12     -1.01
     -0.12      1.08      2.82
     -0.12      2.03      4.74
     -1.08      2.99      6.65
     -1.08      2.99      8.56
     -2.03      2.99      8.56
     -2.03      2.99      8.56
     -1.08      2.03      6.65
     -0.12      1.08      4.74
      0.84      0.12      2.82
      1.79     -1.79      0.91
      2.75     -2.75     -1.01
      3.71     -1.79     -2.92
      3.71     -1.79     -3.88
      3.71      0.12     -3.88
      2.75      1.08     -4.84
      1.79      2.99     -3.88
      1.79      3.95     -3.88
      0.84      3.95     -2.92
     -1.08      3.95     -2.92
     -1.08      3.95     -1.96
     -2.03      3.95     -0.05
     -2.03      2.99      0.91
     -1.08      0.12      2.82
     -2.03     -2.75      3.78
     -0.12     -5.62      2.82
      0.84     -7.54      1.86
      0.84     -8.49     -0.05
      0.84     -6.58     -1.96
      0.84     -4.67     -4.84
     -0.12     -1.79     -6.75
     -1.08     -0.84     -7.71
     -1.08      0.12     -7.71
     -1.08      0.12     -6.75
     -1.08     -0.84     -5.79
     -1.08     -0.84     -3.88
     -1.08     -0.84     -1.01
     -1.08      0.12      0.91
     -1.08      1.08      1.86
     -0.12      2.03      3.78
     -0.12      3.95      3.78
     -0.12      5.86      4.74
     -0.12      6.82      5.69
      0.84      5.86      5.69
     -0.12      4.91      5.69
     -0.12      2.03      5.69
      0.84      0.12      4.74
      0.84     -0.84      3.78
      0.84     -0.84      3.78
      1.79     -0.84      2.82
      2.75     -0.84      2.82
      2.75     -0.84      1.86
      3.71     -0.84      1.86
      2.75     -1.79      1.86
      1.79     -1.79      0.91
      0.84     -0.84      0.91
     -0.12     -0.84      0.91
     -1.08     -1.79      0.91
     -1.08     -2.75      1.86
     -1.08     -2.75      2.82
     -0.12     -2.75      3.78
     -1.08     -2.75      3.78
     -1.08     -1.79      4.74
     -0.12     -0.84      4.74
     -0.12      0.12      3.78
      0.84      0.12      1.86
      0.84      0.12     -0.05
      0.84     -0.84     -1.96
      1.79     -1.79     -2.92
      1.79     -2.75     -3.88
      1.79     -3.71     -2.92
      1.79     -3.71     -1.96
      0.84     -3.71     -1.96
     -0.12     -2.75     -1.01
     -1.08     -2.75     -0.05
     -2.03     -3.71      0.91
     -2.99     -4.67      1.86
     -2.99     -4.67      2.82
     -2.99     -5.62      2.82
     -2.03     -4.67      2.82
     -1.08     -3.71      1.86
     -1.08     -1.79     -0.05
     -0.12      1.08     -1.01
     -0.12      2.99     -2.92
     -0.12      4.91     -2.92
     -0.12      6.82     -3.88
     -0.12      7.78     -2.92
     -0.12      8.73     -1.96
      0.84      8.73     -1.01
     -0.12      8.73     -0.05
     -0.12      9.69      1.86
     -0.12      8.73      2.82
     -0.12      7.78      2.82
      0.84      4.91      2.82
      0.84      2.99      3.78
      0.84      0.12      3.78
      0.84     -2.75      3.78
     -0.12     -5.62      3.78
     -0.12     -7.54      3.78
      0.84     -8.49      2.82
      0.84     -8.49      1.86
      1.79     -7.54     -0.05
      1.79     -6.58     -0.05
      1.79     -4.67     -1.01
      1.79     -3.71     -2.92
      1.79     -1.79     -2.92
      0.84      0.12     -2.92
      0.84      1.08     -4.84
      0.84      2.03     -4.84
      0.84      2.03     -3.88
      0.84      2.99     -2.92
      0.84      2.03     -1.96
     -0.12      2.03     -1.96
     -0.12      1.08     -3.88
     -1.08      2.03     -2.92
     -0.12      2.03     -2.92
     -0.12      2.99     -2.92
     -0.12      2.99     -1.96
     -0.12      2.03     -1.96
     -0.12      1.08     -1.96
      0.84      1.08     -1.96
      0.84     -0.84     -1.96
     -0.12      0.12     -1.96
     -0.12      0.12     -1.96
     -1.08      0.12     -1.96
     -1.08      0.12     -0.05
     -1.08     -0.84      1.86
     -1.08     -0.84      3.78
     -0.12     -0.84      4.74
      0.84      0.12      3.78
      1.79      1.08      3.78
      1.79      1.08      1.86
      1.79      1.08      1.86
      0.84     -0.84      1.86
     -0.12     -0.84      0.91
      0.84     -0.84      0.91
      1.79     -0.84     -0.05
      1.79     -0.84     -0.05
      1.79     -0.84     -0.05
      1.79      1.08      0.91
      0.84      2.03      0.91
     -0.12      2.03     -0.05
     -0.12      2.03     -1.01
     -1.08      1.08     -1.96
     -1.08     -0.84     -2.92
     -0.12     -2.75     -2.92
      0.84     -3.71     -2.92
      0.84     -4.67     -2.92
      0.84     -5.62     -1.96
      0.84     -6.58     -1.01
      1.79     -7.54     -1.01
      1.79     -7.54     -1.01
      1.79     -7.54     -0.05
      1.79     -7.54     -0.05
      1.79     -6.58      0.91
      1.79     -4.67      0.91
      1.79     -2.75     -0.05
      0.84     -1.79      0.91
     -0.12     -0.84      0.91
     -1.08      0.12      0.91
     -2.03      1.08      0.91
     -2.03      1.08      0.91
     -2.99      1.08      1.86
     -1.08      1.08      1.86
     -1.08      2.03      1.86
     -1.08      2.99      3.78
     -1.08      3.95      4.74
     -2.03      4.91      4.74
     -1.08      5.86      2.82
     -2.03      5.86      0.91
     -2.03      4.91     -0.05
     -2.03      4.91     -0.05
     -2.03      2.99     -0.05
     -1.08      2.03      0.91
     -1.08      1.08      1.86
     -1.08     -0.84      2.82
     -1.08     -1.79      3.78
     -1.08     -3.71      4.74
     -1.08     -3.71      4.74
     -0.12     -3.71      5.69
     -0.12     -2.75      5.69
      0.84     -1.79      5.69
      0.84     -0.84      4.74
      0.84     -0.84      3.78
     -0.12      0.12      3.78
      0.84      0.12      2.82
      0.84      0.12      2.82
      0.84      0.12      0.91
      0.84      0.12     -0.05
     -0.12      0.12     -1.96
      0.84      0.12     -1.96
      0.84      1.08     -2.92
      1.79      2.03     -3.88
      1.79      2.03     -3.88
      0.84      2.03     -3.88
     -0.12      2.03     -3.88
      0.84      2.03     -2.92
     -0.12      1.08     -1.96
      1.79      1.08     -1.96
      1.79      1.08     -1.01
      0.84      0.12     -0.05
      1.79     -0.84      1.86
      1.79     -1.79      2.82
      1.79     -1.79      3.78
      2.75     -1.79      3.78
      1.79     -0.84      2.82
      1.79      0.12      1.86
      1.79      1.08      0.91
      1.79      2.99     -1.01
      0.84      2.99     -1.96
      0.84      3.95     -3.88
     -0.12      3.95     -4.84
     -1.08      2.99     -4.84
     -2.03      2.03     -4.84
     -2.03      1.08     -4.84
     -2.99      1.08     -3.88
     -2.99      0.12     -3.88
     -2.99      0.12     -2.92
     -2.99     -0.84     -2.92
     -2.99     -1.79     -1.96
     -2.03     -1.79     -0.05
     -1.08     -1.79     -0.05
     -0.12     -1.79      0.91
     -0.12     -1.79      1.86
      0.84     -0.84      1.86
      1.79     -0.84      1.86
      1.79     -0.84      1.86
      2.75     -1.79      0.91
      2.75     -1.79     -0.05
      2.75     -2.75     -1.01
      2.75     -3.71     -1.96
      2.75     -3.71     -1.96
      1.79     -3.71     -2.92
      0.84     -3.71     -3.88
      0.84     -2.75     -3.88
     -0.12     -1.79     -3.88
      0.84     -1.79     -3.88
     -1.08     -0.84     -3.88
      0.84      0.12     -2.92
     -0.12      1.08     -1.96
      0.84      1.08     -1.96
      0.84      2.99     -1.01
     -0.12      2.99     -0.05
      0.84      2.99      0.91
      0.84      2.03      0.91
      1.79      2.03      1.86
      1.79      1.08      0.91
      1.79      0.12      0.91
      0.84     -0.84     -0.05
     -0.12     -1.79     -0.05
     -0.12     -2.75      0.91
     -0.12     -2.75      1.86
     -1.08     -2.75      2.82
     -1.08     -2.75      3.78
     -1.08     -1.79      4.74
     -2.03     -1.79      4.74
     -2.03      0.12      3.78
     -2.03      1.08      2.82
     -2.03      2.03      2.82
     -2.99      3.95      1.86
     -2.99      3.95      0.91
     -2.99      3.95      0.91
     -2.03      2.03      0.91
     -1.08      2.03      0.91
     -0.12      0.12      0.91
      0.84     -0.84      0.91
      1.79     -2.75      0.91
      1.79     -2.75      0.91
      2.75     -3.71      0.91
      2.75     -3.71      0.91
      1.79     -4.67      1.86
      1.79     -4.67      2.82
      2.75     -3.71      3.78
      2.75     -2.75      4.74
      2.75     -1.79      5.69
      2.75     -0.84      4.74
      2.75      0.12      3.78
      2.75      0.12      2.82
      1.79      0.12      1.86
      1.79      1.08      0.91
      0.84      1.08      0.91
      0.84      0.12      0.91
     -0.12      0.12      0.91
     -0.12      0.12      0.91
     -0.12     -0.84     -0.05
     -1.08      0.12      0.91
     -1.08      0.12     -0.05
     -1.08      0.12     -0.05
     -2.03     -0.84     -1.01
     -2.03      1.08     -1.01
     -2.99      1.08     -1.96
     -1.08      1.08     -1.96
     -1.08      1.08     -1.96
     -1.08      1.08     -1.96
     -1.08      1.08     -1.96
     -1.08      1.08     -1.96
     -0.12      1.08     -1.01
     -0.12      1.08     -1.01
     -0.12      1.08     -1.01
     -0.12      1.08     -1.01
     -0.12      0.12     -0.05
     -0.12     -0.84     -0.05
     -0.12     -1.79     -0.05
     -1.08     -2.75     -0.05
     -1.08     -3.71     -0.05
     -1.08     -3.71      0.91
     -0.12     -3.71      0.91
     -0.12     -2.75      0.91
     -0.12     -2.75      0.91
     -0.12     -0.84      0.91
     -0.12      0.12      0.91
     -0.12      1.08      0.91
     -0.12      1.08      0.91
     -0.12      1.08      0.91
      0.84      2.03      0.91
     -0.12      2.03      0.91
      0.84      2.99      0.91
      1.79      2.03      0.91
      1.79      2.03     -0.05
      1.79      1.08     -0.05
      1.79      1.08     -1.01
      1.79      0.12     -1.01
      1.79      0.12     -1.01
      0.84      0.12     -1.01
      0.84      0.12     -1.01
     -0.12      1.08     -1.01
     -0.12      1.08     -1.01
     -1.08      1.08     -1.01
     -1.08      2.03     -1.01
     -1.08      2.03     -1.01
     -0.12      2.99     -1.01
     -0.12      2.99     -1.01
      0.84      3.95     -1.96
      0.84      3.95     -1.96
      0.84      3.95     -1.96
      0.84      3.95     -1.96
      0.84      2.99     -1.96
      0.84      2.99     -2.92
      1.79      2.03     -2.92
      0.84      1.08     -1.96
     -0.12      1.08     -1.96
     -0.12      0.12     -1.96
     -0.12      0.12     -1.96
     -0.12     -0.84     -1.96
     -0.12     -2.75     -1.01
     -0.12     -2.75     -1.01
     -0.12     -3.71     -1.01
     -0.12     -3.71     -1.01
     -0.12     -4.67     -1.01
     -0.12     -4.67     -0.05
     -0.12     -4.67      0.91
     -0.12     -4.67      1.86
     -0.12     -3.71      1.86
     -0.12     -2.75      2.82
     -0.12     -2.75      2.82
     -0.12     -1.79      1.86
     -0.12     -0.84      2.82
      0.84      0.12      2.82
      0.84      1.08      1.86
      0.84      1.08      1.86
      1.79      1.08      0.91
      0.84      1.08     -0.05
      1.79      2.03     -0.05
      1.79      2.03     -1.01
      1.79      2.03     -1.96
      1.79      2.03     -1.96
      1.79      1.08     -1.01
      1.79      1.08     -1.01
      0.84      0.12     -0.05
      0.84     -1.79      0.91
      0.84     -3.71      1.86
      0.84     -4.67      2.82
     -0.12     -6.58      3.78
     -0.12     -6.58      3.78
     -0.12     -7.54      3.78
     -0.12     -6.58      2.82
     -0.12     -6.58      1.86
     -0.12     -5.62     -0.05
     -0.12     -3.71      0.91
     -0.12     -2.75     -0.05
     -0.12     -1.79     -0.05
     -0.12      0.12     -1.01
     -0.12      1.08     -1.01
     -0.12      2.03     -1.01
     -0.12      2.03     -1.01
     -0.12      2.03     -1.01
     -0.12      2.03     -0.05
     -0.12      1.08      0.91
     -0.12     -0.84      0.91
     -0.12     -1.79      1.86
     -0.12     -2.75      2.82
     -0.12     -3.71      3.78
     -1.08     -4.67      3.78
     -1.08     -4.67      3.78
     -1.08     -3.71      3.78
     -0.12     -2.75      2.82
     -0.12     -1.79      1.86
     -0.12     -0.84      0.91
     -0.12      1.08      0.91
      0.84      2.03      0.91
      0.84      3.95      0.91
      0.84      4.91     -0.05
      0.84      5.86     -1.01
     -0.12      6.82     -1.01
     -0.12      6.82     -1.96
     -1.08      6.82     -1.96
     -1.08      5.86     -1.96
     -1.08      4.91     -1.01
     -1.08      4.91     -1.01
     -1.08      3.95     -0.05
     -1.08      2.99      0.91
     -0.12      2.03      0.91
     -0.12      2.03      0.91
      0.84      1.08      0.91
      1.79      1.08      0.91
      1.79      1.08      0.91
      1.79      1.08     -0.05
      1.79      1.08     -0.05
      2.75      0.12     -1.01
      2.75      0.12     -1.96
      1.79     -0.84     -1.96
      1.79      0.12     -1.96
      1.79     -0.84     -2.92
      0.84     -0.84     -2.92
      0.84     -0.84     -2.92
      0.84      0.12     -1.96
     -0.12      0.12     -1.96
     -0.12      0.12     -1.01
     -0.12      1.08     -1.01
     -1.08      1.08     -1.01
     -1.08      2.03     -1.01
     -1.08      2.99     -0.05
     -1.08      2.99     -1.01
     -1.08      2.99     -0.05
     -1.08      3.95      0.91
     -1.08      2.99      0.91
     -0.12      2.03      1.86
     -1.08      2.03      1.86
     -0.12      1.08      2.82
     -0.12      0.12      1.86
     -0.12     -0.84      2.82
     -1.08     -1.79      1.86
     -1.08     -1.79      1.86
     -1.08     -2.75      0.91
     -1.08     -2.75      0.91
     -0.12     -2.75     -0.05
     -0.12     -3.71     -0.05
      0.84     -3.71     -0.05
      0.84     -3.71     -0.05
     -0.12     -2.75     -1.01
      0.84     -2.75     -0.05
      0.84     -2.75     -1.01
      1.79     -1.79     -1.01
      1.79     -0.84     -0.05
      1.79     -0.84     -0.05
      1.79     -0.84     -0.05
      0.84      0.12      0.91
      0.84     -0.84      0.91
     -0.12     -0.84      1.86
     -0.12     -0.84      2.82
     -0.12     -0.84      2.82
     -0.12     -0.84      2.82
     -0.12     -0.84      2.82
      0.84     -1.79      1.86
      0.84     -2.75      0.91
     -0.12     -3.71      0.91
     -0.12     -3.71      0.91
     -0.12     -4.67      0.91
      0.84     -4.67     -0.05
      0.84     -4.67     -1.01
      0.84     -2.75     -1.96
      0.84     -1.79     -1.96
     -0.12     -1.79     -2.92
     -0.12      0.12     -2.92
     -0.12      0.12     -2.92
     -0.12      0.12     -2.92
     -0.12      1.08     -1.96
     -1.08      0.12     -1.96
     -0.12      0.12     -0.05
     -0.12      0.12      0.91
     -0.12     -0.84      0.91
     -0.12     -0.84      1.86
     -1.08     -0.84      2.82
     -0.12     -0.84      2.82
     -1.08     -0.84      2.82
     -1.08     -0.84      2.82
     -1.08     -1.79      2.82
     -1.08     -0.84      1.86
     -1.08     -0.84      1.86
     -0.12      0.12      0.91
      0.84      0.12      0.91
      0.84      0.12     -0.05
      0.84      0.12     -1.01
      0.84      0.12     -2.92
      0.84      1.08     -1.96
      0.84      1.08     -2.92
      0.84      1.08     -2.92
      0.84      2.03     -2.92
      1.79      2.03     -2.92
      0.84      1.08     -1.96
      0.84      1.08     -1.01
      0.84      1.08     -1.01
      0.84      1.08     -0.05
      0.84      1.08     -0.05
      0.84      2.03     -0.05
      0.84      2.03     -0.05
      0.84      2.99     -0.05
     -0.12      2.99      0.91
     -0.12      2.99      0.91
      0.84      2.99      0.91
     -0.12      2.99     -0.05
     -0.12      2.03     -0.05
     -0.12      2.03     -0.05
     -0.12      1.08     -0.05
     -0.12      1.08     -0.05
     -1.08      0.12     -0.05
      0.84     -0.84     -0.05
      0.84     -0.84     -0.05
      0.84     -1.79     -0.05
      0.84     -2.75      0.91
      0.84     -2.75      0.91
      0.84     -2.75      1.86
      0.84     -2.75      1.86
      0.84     -1.79      2.82
     -0.12     -1.79      2.82
     -0.12     -0.84      1.86
     -1.08      1.08      1.86
     -0.12      2.03      1.86
     -0.12      2.03      1.86
     -0.12      2.99      1.86
     -0.12      2.99      0.91
     -1.08      2.03      0.91
     -1.08      2.03      0.91
     -0.12      1.08      0.91
     -0.12      1.08      0.91
     -0.12      1.08     -0.05
     -0.12      1.08     -0.05
     -0.12      1.08     -0.05
     -0.12      2.03     -0.05
     -0.12      2.03     -1.01
     -0.12      2.03     -0.05
      0.84      2.03     -0.05
      0.84      1.08      0.91
     -0.12      1.08      0.91
      0.84      1.08      0.91
      0.84     -0.84      1.86
      0.84     -0.84      1.86
      0.84     -1.79      1.86
      0.84     -2.75      0.91
      0.84     -2.75      0.91
      0.84     -3.71      0.91
      0.84     -3.71      0.91
      0.84     -3.71      1.86
     -0.12     -2.75      1.86
      0.84     -2.75      1.86
     -0.12     -1.79      2.82
     -0.12     -1.79      2.82
     -0.12     -0.84      2.82
     -0.12      0.12      2.82
     -0.12      0.12      1.86
     -0.12      0.12      1.86
     -0.12      0.12      0.91
     -0.12      0.12      0.91
     -0.12      0.12      0.91
     -0.12      0.12      0.91
     -0.12     -0.84     -0.05
      0.84     -0.84     -1.01
      0.84     -0.84     -1.96
      0.84     -0.84     -2.92
      0.84     -0.84     -3.88
      0.84     -0.84     -3.88
      0.84     -0.84     -3.88
      0.84     -0.84     -3.88
      0.84     -0.84     -2.92
      0.84     -0.84     -2.92
     -0.12     -0.84     -1.96
     -0.12     -0.84     -1.96
     -1.08     -0.84     -1.01
     -0.12     -0.84     -1.01
     -0.12     -0.84     -1.01
     -0.12      0.12     -1.01
     -0.12      0.12     -0.05
     -0.12      1.08     -0.05
     -0.12      1.08     -0.05
     -0.12      1.08     -0.05
     -0.12      0.12     -0.05
     -0.12      0.12     -0.05
     -0.12     -0.84     -0.05
     -1.08     -1.79     -0.05
     -0.12     -1.79     -0.05
     -0.12     -1.79     -0.05
     -0.12     -1.79     -0.05
     -0.12     -1.79     -0.05
     -1.08     -1.79     -1.01
      0.84     -0.84     -0.05
      0.84      0.12     -0.05
      0.84      0.12      0.91
      0.84      1.08      0.91
     -0.12      1.08      0.91
     -0.12      1.08      0.91
     -0.12      1.08      0.91
     -0.12      1.08      0.91
      0.84      1.08      0.91
      0.84      1.08      0.91
      0.84      1.08      0.91
      0.84      0.12      0.91
      0.84      0.12     -0.05
      0.84      0.12     -0.05
      0.84      0.12     -0.05
      0.84      0.12      0.91
      0.84     -0.84      0.91
      0.84     -0.84      0.91
      0.84     -1.79      0.91
      0.84     -1.79      0.91
      0.84     -1.79     -0.05
      0.84     -1.79     -0.05
      0.84     -0.84     -1.01
      0.84     -0.84     -1.01
     -0.12     -0.84     -1.01
     -0.12      0.12     -1.96
     -0.12      0.12     -1.01
     -0.12      0.12     -1.01
     -1.08      1.08     -0.05
     -0.12      0.12     -0.05
     -0.12      1.08     -0.05
     -0.12      1.08      1.86
     -0.12      0.12      1.86
     -0.12      0.12      2.82
     -0.12      0.12      3.78
     -0.12      0.12      3.78
     -0.12      0.12      3.78
     -0.12      0.12      3.78
     -0.12      0.12      2.82
     -0.12      1.08      2.82
     -0.12      1.08      1.86
     -0.12      1.08      0.91
     -0.12      1.08     -0.05
     -0.12      0.12      0.91
     -1.08      0.12      0.91
     -0.12     -0.84      0.91
     -0.12     -0.84      0.91
      0.84     -0.84      0.91
      0.84     -0.84     -0.05
      0.84     -0.84     -0.05
      0.84     -0.84     -0.05
      0.84     -0.84     -1.01
      0.84     -0.84     -1.01
      0.84     -0.84     -1.01
      0.84     -0.84     -1.01
      0.84      0.12     -1.01
      0.84      0.12     -1.01
      0.84      0.12     -1.01
     -0.12      1.08     -1.01
     -0.12      1.08     -1.01
     -0.12      1.08     -0.05
     -1.08      1.08     -0.05
     -1.08      1.08     -0.05
     -1.08      1.08      0.91
     -1.08      2.03      0.91
     -1.08      2.03      0.91
     -1.08      2.03      0.91
     -1.08      2.03      0.91
     -1.08      1.08      0.91
     -0.12      1.08     -0.05
     -0.12      1.08     -0.05
     -0.12      1.08     -0.05
      0.84      1.08     -0.05
      0.84      1.08     -0.05
      0.84      1.08     -0.05
      0.84      1.08     -0.05
      0.84      1.08     -0.05
      1.79      1.08     -1.01
      1.79      0.12     -1.01
      1.79      0.12     -1.01
      1.79      0.12     -1.01
      1.79      0.12     -1.01
      0.84      0.12     -1.01
      0.84      0.12     -0.05
     -0.12     -0.84     -0.05
     -0.12     -0.84      0.91
     -0.12     -1.79      0.91
     -0.12     -2.75      0.91
     -0.12     -2.75      0.91
     -0.12     -2.75      0.91
     -0.12     -2.75      0.91
     -0.12     -3.71     -0.05
      0.84     -2.75     -0.05
      0.84     -2.75     -0.05
      0.84     -1.79     -0.05
     -0.12     -1.79     -0.05
      0.84     -1.79     -0.05
      0.84     -1.79     -0.05
      0.84     -0.84     -0.05
      0.84     -0.84     -1.01
      0.84     -0.84     -0.05
      0.84     -0.84     -0.05
      0.84     -0.84     -1.01
      0.84     -1.79     -0.05
      0.84     -0.84     -0.05
     -1.08     -0.84     -0.05
     -0.12     -0.84     -0.05
     -0.12      0.12     -0.05
     -0.12      0.12     -1.01
     -0.12     -0.84     -0.05
     -1.08      0.12     -0.05
     -0.12      0.12     -0.05
     -0.12      0.12     -0.05
     -0.12      0.12     -0.05
     -0.12      0.12      0.91
     -0.12      0.12      0.91
     -0.12      0.12      0.91
     -0.12      0.12      0.91
     -1.08     -0.84      0.91
     -0.12     -0.84     -0.05
     -0.12     -0.84     -0.05
     -0.12     -0.84     -1.01
     -0.12     -0.84     -1.01
     -0.12     -0.84     -1.01
     -0.12     -0.84     -1.01
     -0.12     -0.84     -1.01
     -0.12     -0.84     -0.05
     -1.08     -0.84      0.91
     -1.08     -0.84      0.91
     -1.08     -0.84      1.86
     -0.12     -0.84      2.82
     -0.12     -0.84      2.82
     -0.12     -0.84      1.86
     -0.12      0.12      2.82
     -0.12      0.12      1.86
     -0.12      0.12      1.86
      0.84      0.12      0.91
     -0.12      1.08      0.91
      0.84      1.08      0.91
      0.84      1.08     -0.05
      0.84      1.08     -0.05
      0.84      1.08     -0.05
      0.84      1.08     -0.05
      0.84      2.03     -0.05
      0.84      2.03     -1.01
      0.84      2.99     -1.01
      0.84      2.99     -1.01
      0.84      2.99     -1.01
     -0.12      2.99     -1.01
     -0.12      2.03     -1.01
      0.84      2.03     -0.05
      0.84      1.08     -1.01
      0.84      1.08     -0.05
      0.84      1.08     -0.05
      0.84      0.12     -0.05
      0.84      0.12     -0.05
      0.84     -0.84     -0.05
      0.84     -1.79     -0.05
     -0.12     -1.79      0.91
     -0.12     -1.79      0.91
     -0.12     -2.75      1.86
     -0.12     -1.79      1.86
     -0.12     -0.84      0.91
     -0.12     -0.84      0.91
     -0.12      0.12      1.86
     -1.08      0.12      1.86
     -1.08      1.08      1.86
     -1.08      1.08      1.86
     -1.08      0.12      1.86
     -1.08      0.12      1.86
     -1.08      0.12      0.91
     -0.12      0.12      0.91
      0.84      0.12      0.91
      0.84      0.12     -0.05
      0.84      0.12     -0.05
      0.84      0.12     -0.05
      0.84      0.12     -0.05
      0.84      0.12     -0.05
      0.84      0.12     -0.05
      0.84      0.12     -0.05
      0.84      0.12     -0.05
      0.84      0.12      0.91
     -0.12      0.12      0.91
      0.84      0.12      0.91
     -0.12      0.12      1.86
     -0.12      1.08      1.86
     -0.12      1.08      0.91
     -0.12      0.12      0.91
     -0.12      0.12      0.91
     -0.12      0.12     -0.05
     -0.12      0.12     -0.05
     -0.12     -0.84     -1.96
      0.84     -0.84     -1.01
     -0.12     -0.84     -1.01
      0.84     -0.84     -1.01
     -0.12     -1.79     -1.01
      0.84     -1.79     -1.01
      0.84     -1.79     -1.01
      0.84     -1.79     -1.01
      0.84     -1.79     -0.05
      0.84     -1.79     -0.05
      0.84     -1.79     -0.05
      0.84     -1.79     -1.01
      0.84     -0.84     -0.05
      0.84     -0.84     -0.05
      0.84     -0.84     -0.05
     -0.12     -0.84      0.91
     -0.12     -0.84      0.91
     -0.12     -1.79      0.91
     -0.12     -0.84      0.91
     -0.12     -0.84      0.91
     -0.12     -0.84      0.91
      0.84      0.12     -0.05
     -0.12      0.12     -0.05
     -0.12      0.12     -0.05
     -0.12      0.12     -0.05
      0.84      1.08     -0.05
      0.84      1.08     -0.05
      0.84      1.08     -0.05
      0.84      1.08     -0.05
      0.84      1.08     -1.01
      0.84      1.08     -0.05
      0.84      0.12     -0.05
      0.84      0.12     -0.05
      0.84      0.12     -0.05
      0.84     -0.84     -1.01
      0.84     -0.84     -0.05
      0.84     -0.84     -1.01
      1.79     -1.79     -1.01
      0.84     -1.79     -1.01
      0.84     -0.84     -1.01
     -0.12     -0.84     -1.01
      0.84     -0.84     -1.01
      0.84     -0.84     -1.01
      0.84     -0.84     -1.01
     -0.12      0.12     -1.01
      0.84      0.12     -0.05
     -0.12      0.12     -0.05
     -0.12      0.12     -0.05
     -0.12      0.12     -1.01
     -0.12     -0.84     -0.05
     -0.12     -0.84     -0.05
     -0.12     -0.84     -0.05
     -0.12     -0.84      0.91
     -0.12     -0.84      0.91
     -0.12      0.12      0.91
     -0.12      0.12      0.91
     -0.12      0.12      0.91
     -1.08      0.12      0.91
     -1.08      0.12      0.91
     -1.08      0.12      1.86
     -1.08      0.12      1.86
     -1.08      1.08      2.82
     -1.08      0.12      2.82
     -1.08      0.12      2.82
     -1.08      1.08      1.86
     -1.08      0.12      2.82
     -0.12      1.08      2.82
     -0.12      0.12      2.82
     -0.12      0.12      1.86
     -0.12      0.12      1.86
     -0.12      0.12      0.91
     -0.12      0.12      0.91
      0.84      0.12     -0.05
      0.84      0.12     -0.05
      0.84      1.08     -1.01
      0.84      1.08     -1.01
      1.79      1.08     -1.01
      0.84      2.03     -1.01
      0.84      2.03     -1.01
      0.84      2.03     -1.01
      0.84      1.08     -1.01
      0.84      2.03     -1.01
      0.84      1.08     -0.05
      0.84      1.08     -0.05
      0.84      0.12      0.91
      0.84      0.12      0.91
      0.84     -0.84      0.91
     -0.12     -0.84     -0.05
      0.84     -0.84      0.91
      0.84     -0.84      0.91
     -0.12     -0.84      0.91
     -0.12     -0.84      0.91
     -0.12     -0.84      0.91
     -0.12     -0.84      1.86
     -0.12     -0.84      1.86
     -0.12     -0.84      0.91
     -0.12     -0.84      0.91
     -0.12      0.12      0.91
     -0.12      0.12      0.91
     -0.12     -0.84      0.91
     -0.12     -0.84      0.91
     -0.12      0.12      0.91
     -0.12      0.12     -0.05
     -1.08      0.12     -0.05
     -0.12      0.12     -0.05
     -0.12      0.12     -0.05
     -0.12      0.12     -1.01
     -0.12      0.12     -1.01
     -0.12      0.12     -1.01
     -0.12      0.12     -1.01
     -0.12      0.12     -1.01
     -0.12      0.12     -1.01
     -0.12      0.12     -1.01
     -0.12      0.12     -1.01
      0.84      0.12     -1.01
      0.84      0.12     -1.01
      0.84      0.12     -1.01
      0.84      0.12     -0.05
      0.84     -0.84     -1.01
      0.84     -0.84     -0.05
      0.84     -0.84     -0.05
      0.84     -0.84     -0.05
      1.79     -0.84     -0.05
      1.79     -0.84     -0.05
      0.84     -0.84     -0.05
      0.84      0.12     -0.05
      0.84      0.12     -1.01
      0.84      0.12     -0.05
      0.84      0.12     -0.05
      0.84      0.12     -0.05
      0.84      0.12     -0.05
     -0.12      0.12     -0.05
     -0.12     -0.84     -0.05
     -0.12     -0.84     -0.05
     -0.12     -0.84      0.91
     -0.12     -0.84      0.91
     -0.12     -1.79     -1.01
     -0.12     -1.79      0.91
     -0.12     -1.79      0.91
     -0.12     -1.79      0.91
     -0.12     -1.79      0.91
     -0.12     -1.79     -0.05
     -0.12     -1.79     -0.05
     -0.12     -1.79     -1.01
     -0.12     -0.84     -0.05
     -0.12     -0.84     -1.01
     -0.12      0.12     -1.01
     -0.12      0.12     -1.01
     -0.12      1.08     -0.05
     -0.12      1.08     -0.05
     -0.12      1.08     -0.05
     -0.12      1.08     -0.05
     -0.12      1.08     -0.05
      0.84      2.03      0.91
     -0.12      2.03      0.91
     -0.12      2.03     -0.05
     -0.12      1.08      0.91
     -0.12      1.08      0.91
     -0.12      1.08      0.91
     -0.12      0.12      0.91
     -0.12      0.12      0.91
      0.84      0.12      0.91
      0.84      0.12      0.91
     -0.12      0.12      0.91
      0.84      0.12      0.91
      0.84      0.12      0.91
      0.84      0.12      0.91
      0.84      0.12      0.91
      0.84     -0.84      0.91
      0.84     -0.84      0.91
      0.84     -0.84      0.91
      0.84     -0.84      0.91
      0.84     -0.84      0.91
     -0.12     -0.84      1.86
     -0.12     -0.84      1.86
     -0.12     -0.84      1.86
     -0.12     -0.84      1.86
     -0.12      0.12      1.86
     -1.08      0.12      1.86
     -0.12     -0.84      0.91
     -0.12     -0.84      0.91
     -0.12     -0.84      0.91
     -0.12     -0.84     -0.05
     -0.12     -0.84     -0.05
     -0.12      0.12     -1.01
     -0.12      0.12     -1.01
      0.84      0.12     -1.01
      0.84      0.12     -1.01
     -0.12      1.08     -1.01
      0.84      1.08     -1.01
      0.84      0.12     -1.01
      0.84      0.12     -0.05
      0.84      0.12     -0.05
      0.84      1.08     -0.05
      0.84      1.08     -0.05
     -0.12      1.08     -0.05
     -0.12      1.08     -0.05
     -0.12      1.08     -0.05
     -0.12      2.03     -0.05
      0.84      2.03      0.91
     -0.12      2.03      0.91
      0.84      2.03      0.91
      0.84      2.03     -0.05
      0.84      2.03     -0.05
      0.84      2.03     -0.05
      0.84      2.03     -0.05
      0.84      2.03     -0.05
      0.84      1.08     -0.05
      0.84      1.08     -0.05
      0.84      1.08     -0.05
      0.84      0.12     -0.05
      0.84     -0.84     -0.05
      0.84     -0.84     -0.05
      0.84     -0.84     -0.05
      0.84     -1.79     -0.05
      0.84     -1.79     -0.05
     -0.12     -1.79     -0.05
      0.84     -2.75     -0.05
     -0.12     -2.75     -0.05
     -0.12     -2.75     -0.05
     -0.12     -2.75     -1.01
     -0.12     -2.75     -0.05
     -1.08     -2.75     -0.05
     -1.08     -2.75     -0.05
     -1.08     -2.75     -0.05
     -1.08     -1.79     -0.05
     -0.12     -1.79     -0.05
     -0.12     -1.79     -0.05
     -0.12     -0.84     -0.05
     -0.12     -0.84     -0.05
     -1.08     -0.84     -0.05
     -0.12     -0.84     -0.05
     -0.12     -0.84     -0.05
     -0.12     -0.84     -0.05
     -0.12      0.12     -0.05
     -0.12      0.12     -0.05
     -0.12      0.12     -0.05
     -0.12      0.12     -0.05
     -0.12     -0.84     -0.05
     -0.12     -0.84     -0.05
     -0.12     -0.84     -0.05
      0.84     -0.84      0.91
     -0.12      0.12      0.91
      0.84      0.12      0.91
      0.84      0.12      1.86
      0.84      0.12      1.86
      0.84      0.12      0.91
      0.84      0.12      1.86
      0.84      0.12      1.86
      0.84      1.08      0.91
      0.84      1.08      0.91
      0.84      1.08      0.91
      0.84      0.12      0.91
      0.84      0.12      0.91
      0.84      0.12     -0.05
      0.84     -0.84     -0.05
     -0.12     -0.84     -0.05
      0.84     -1.79     -0.05
     -0.12     -1.79     -0.05
     -0.12     -1.79     -1.01
      0.84     -1.79     -1.01
     -0.12     -1.79     -1.01
      0.84     -1.79     -0.05
      0.84     -1.79     -0.05
      0.84     -1.79     -0.05
      0.84     -1.79     -0.05
      0.84     -0.84      0.91
      0.84     -0.84     -0.05
      0.84     -0.84     -0.05
     -0.12     -0.84      0.91
      0.84      0.12     -0.05
     -0.12      1.08     -0.05
     -0.12      1.08      0.91
     -0.12      2.03      0.91
     -0.12      2.03      0.91
     -0.12      2.99      0.91
     -0.12      2.99      0.91
     -0.12      2.99      0.91
     -0.12      2.99      0.91
     -1.08      2.99      0.91
     -0.12      2.03      0.91
     -0.12      2.03     -0.05
     -0.12      2.03     -0.05
     -0.12      2.03     -0.05
     -0.12      1.08     -0.05
     -0.12      2.03     -1.01
     -1.08      1.08     -1.01
     -1.08      1.08     -1.01
      0.84      0.12     -1.01
     -1.08      1.08     -1.01
      0.84      0.12     -0.05
      0.84      0.12     -0.05
      0.84      0.12     -0.05
      0.84      0.12     -0.05
      0.84     -0.84      0.91
      1.79      0.12      0.91
      0.84     -0.84      0.91
      0.84     -0.84      0.91
     -0.12     -0.84      0.91
      0.84     -0.84      0.91
      0.84     -0.84      0.91
     -0.12     -0.84      0.91
     -0.12      0.12      0.91
     -0.12      0.12      0.91
     -0.12      0.12      0.91
     -0.12      0.12     -0.05
     -0.12      0.12     -0.05
     -0.12      0.12     -0.05
     -0.12      0.12     -0.05
     -1.08     -0.84     -0.05
     -0.12     -0.84     -0.05
     -0.12     -0.84     -0.05
     -0.12     -0.84     -0.05
     -0.12     -0.84      0.91
     -1.08     -0.84      0.91
     -0.12     -0.84      0.91
     -0.12     -0.84      0.91
     -0.12     -0.84      0.91
     -0.12     -0.84      0.91
     -0.12     -0.84      0.91
     -0.12     -0.84      0.91
     -0.12     -0.84      0.91
     -0.12     -0.84      0.91
      0.84     -0.84      0.91
      0.84     -0.84      0.91
      0.84     -0.84      0.91
      0.84     -0.84     -0.05
      0.84      0.12     -0.05
      0.84     -0.84     -0.05
      0.84     -0.84     -0.05
      0.84     -0.84     -0.05
     -0.12     -0.84     -0.05
      0.84     -0.84     -0.05
      0.84     -0.84     -0.05
      0.84     -0.84     -0.05
      0.84     -0.84     -0.05
      0.84     -0.84     -0.05
      0.84     -0.84     -0.05
      0.84     -0.84     -0.05
      0.84     -0.84     -0.05
      0.84     -0.84     -0.05
      0.84     -0.84     -0.05
      0.84     -0.84     -1.01
      0.84     -0.84     -0.05
     -0.12     -0.84     -1.01
      0.84      0.12     -0.05
      0.84      0.12     -0.05
     -0.12      0.12     -0.05
      0.84      0.12      0.91
      0.84      0.12      0.91
     -0.12      0.12      0.91
     -1.08     -0.84      0.91
     -0.12      0.12      0.91
     -0.12     -1.79      0.91
     -0.12      0.12      0.91
     -1.08      0.12      0.91
     -1.08      0.12      0.91
     -1.08      0.12      0.91
     -1.08      0.12      0.91
     -1.08      0.12     -0.05
     -1.08      0.12     -0.05
     -1.08      0.12     -0.05
     -1.08      0.12     -0.05
     -1.08     -0.84     -0.05
     -0.12      0.12     -0.05
     -0.12      0.12     -0.05
     -0.12      0.12     -0.05
      0.84      0.12     -0.05
      0.84      0.12     -0.05
      0.84      1.08     -0.05
      0.84      1.08     -0.05
      0.84      0.12     -0.05
      0.84      0.12     -0.05
      0.84      0.12     -0.05
      0.84      0.12     -0.05
      0.84      0.12     -0.05
      0.84      0.12     -1.01
      0.84      0.12     -0.05
      0.84      0.12     -1.01
      0.84      0.12     -1.01
      0.84      0.12     -1.01
      0.84      0.12     -0.05
      0.84      0.12     -1.01
      0.84      0.12     -0.05
      0.84     -0.84     -0.05
      0.84     -0.84     -0.05
      0.84     -0.84     -0.05
     -0.12      0.12     -0.05
     -0.12     -0.84      0.91
      0.84     -0.84      0.91
      0.84     -0.84     -1.01
     -0.12     -0.84      0.91
      0.84     -0.84     -0.05
     -0.12      0.12      0.91
     -0.12     -0.84      0.91
     -0.12      0.12      0.91
     -0.12      0.12      0.91
     -0.12      0.12      0.91
     -0.12      0.12     -0.05
     -0.12      1.08     -0.05
     -0.12      1.08     -0.05
     -0.12      0.12     -0.05
     -0.12      0.12     -0.05
     -0.12      0.12     -0.05
     -0.12      0.12     -0.05
     -0.12      0.12     -0.05
     -1.08      0.12     -0.05
     -0.12      0.12     -0.05
     -0.12      0.12     -0.05
     -0.12     -0.84     -0.05
     -1.08     -0.84     -0.05
     -0.12     -0.84     -0.05
     -0.12     -0.84     -0.05
