********************************************************************************
                       INSTITUTO DE INGENIERIA, UNAM
                   Coordinacion de Instrumentacion Sismica
  Ciudad Universitaria, Apartado Postal 70-472, Coyoacan 04510, Mexico, D.F.
 Tel.(52-5)622-3414    Fax.(52-5)616-1514    e-mail: isismica@pumas.iingen.unam.mx
********************************************************************************
ARCHIVO ESTANDAR DE ACELERACION:
VERSION DEL FORMATO                    : 2.0
NOMBRE DEL ARCHIVO                     : ALOL7903.141
FECHA Y HORA DE CREACION               : Thu Mar 12 11:45:07 1998
REF. CATALOGO ACELEROGRAMAS, SMIS 1995 : REGISTRO No. 194 /PAG. 47


================================================================================
DATOS DE LA ESTACION:
NOMBRE DE LA ESTACION                  : ALBERCA OLIMPICA
CLAVE DE LA ESTACION                   : ALOL
LOCALIZACION DE LA ESTACION            : Planta baja, bajo las gradas lado
                                       : oriente, Division del Norte esquina
                                       : con Av. Rio Churubusco
                                       : Mexico D.F.
                                       : 
COORDENADAS DE LA ESTACION             : 19.352 LAT. N 
                                       : 99.155 LONG. W 
ALTITUD (msnm)                         : 2240
TIPO DE SUELO                          : EDIFICIO
                                       : 
                                       : 
INSTITUCION RESPONSABLE                : INSTITUTO DE INGENIERIA UNAM
                                       :

================================================================================
DATOS DEL ACELEROGRAFO:
MODELO DEL ACELEROGRAFO                : AR-240
NUMERO DE SERIE DEL ACELEROGRAFO       : 0186
NUMERO DE CANALES                      : 3
ORIENTACION C1-C6 (rumbo;orientacion)  : /E--W/+V/N--S
ORIENTACION C7-C12 (rumbo;orientacion) :
VEL. DE MUESTREO, C1-C6 (muestras/s)   : /--/--/--
VEL. DE MUESTREO, C7-C12 (muestras/s)  :
ESC. COMPLETA DE SENSORES, C1-C6, (g)  : /1/1/1
ESC. COMPLETA DE SENSORES, C7-C12, (g) :
FREC. NAT. DE SENSORES, C1-C6, (Hz)    : /19.1/19.0/19.3
FREC. NAT. DE SENSORES, C7-C12, (Hz)   :
AMORTIGUAMIENTO DE SENSORES, C1-C6     : /0.6/0.6/0.6
AMORTIGUAMIENTO DE SENSORES, C7-C12    :
INTERVALO DE MUESTREO, C1-C6, (s)      : /0.03/0.00/0.03
INTERVALO DE MUESTREO, C7-C12, (s)     :
UMBRAL DE DISPARO, C1-C6, (Gal)       *: /--/10/--
UMBRAL DE DISPARO, C7-C12, (Gal)       :
MEMORIA DE PREEVENTO (s)               : 0
TIEMPO DE POSEVENTO (s)                : 8


================================================================================
DATOS DEL SISMO:
FECHA DEL SISMO [GMT]                  : 1979/03/14
HORA EPICENTRO (GMT)                   : 11:07:14,6
MAGNITUD(ES)                           : /Mb=7.00
COORDENADAS DEL EPICENTRO              : 17.490 LAT. N 
                                       : 101.260 LONG. W
PROFUNDIDAD FOCAL (km)                 : 28
FUENTES DE LOS DATOS EPICENTRALES      : SSN
                                       : INSTITUTO DE GEOFISICA, UNAM

================================================================================
DATOS DE ESTE REGISTRO:
HORA DE LA PRIMERA MUESTRA (GMT)       : --:--:--.-
EXACTITUD DEL TIEMPO (s)               : --     
DURACION DEL REGISTRO (s), C1-C6       : /22.41/0.00/22.5
DURACION DEL REGISTRO (s), C7-C12      :
NUM. TOTAL DE MUESTRAS, C1-C6          : /747/0000/750  
NUM. TOTAL DE MUESTRAS, C7-C12         :
ACEL. MAX.(Gal), C1-C6                 : /-30.731/0.000/-37.079  
ACEL. MAX., C1-C6, EN LA MUESTRA       : /127/0000/468  
ACEL. MAX.(Gal), C7-C12                :
ACEL. MAX., C7-C12, EN LA MUESTRA      :
UNIDADES DE LOS DATOS                  : Gal (cm/s/s)
FACTOR DE DECIMACION                   : 1
FORMATO DATOS (FORTRAN,10 campos/dato) : 3F10.3


===============================================================================
CALIDAD DEL ACELEROGRAMA:
REGISTRO ANALOGICO AL QUE FALTA UNA PARTE AL INICIO SIN TIEMPO
ABSOLUTO. DIGITALIZACION SEMIAUTOMATICA O MANUAL.

===============================================================================
COMENTARIOS:

          * Disparo por arrancador mecánico
            Registro en papel fotográfico
            El equipo no registró el canal 2










===============================================================================
DATOS DE ACELERACION:
---------+---------+---------+---------+---------+---------+---------+---------+
   CANAL-1   CANAL-2   CANAL-3   CANAL-4   CANAL-5   CANAL-6   CANAL-7   CANAL-8
      E--W        +V      N--S
---------+---------+---------+---------+---------+---------+---------+---------+
     3.780     0.000     1.893
     4.173     0.000    -0.339
     4.228     0.000    -2.083
     4.269     0.000    -2.483
     4.301     0.000    -3.308
     4.321     0.000    -4.001
     4.260     0.000    -4.060
     3.753     0.000    -3.775
     2.573     0.000    -2.669
     1.604     0.000    -1.192
     0.818     0.000     0.842
    -0.020     0.000     2.933
    -0.839     0.000     3.611
    -1.537     0.000     3.105
    -2.148     0.000     1.661
    -2.670     0.000    -0.658
    -3.216     0.000    -1.430
    -3.814     0.000    -1.114
    -4.320     0.000    -0.893
    -4.397     0.000    -0.744
    -4.446     0.000    -0.473
    -5.013     0.000     0.682
    -7.012     0.000     2.357
    -7.391     0.000     4.589
    -6.804     0.000     6.621
    -6.322     0.000     6.713
    -5.797     0.000     6.446
    -5.118     0.000     5.777
    -4.511     0.000     4.987
    -4.043     0.000     4.260
    -2.901     0.000     4.087
    -1.657     0.000     3.438
    -0.252     0.000     1.262
     1.158     0.000    -0.841
     2.508     0.000    -2.995
     3.479     0.000    -4.707
     4.196     0.000    -4.510
     5.506     0.000    -2.665
     7.142     0.000    -0.835
     8.513     0.000    -0.442
     9.554     0.000    -1.667
    10.153     0.000    -2.914
    10.095     0.000    -3.934
     9.673     0.000    -4.340
     8.768     0.000    -4.404
     7.671     0.000    -4.341
     6.788     0.000    -4.072
     5.666     0.000    -3.769
     4.157     0.000    -3.143
     4.397     0.000    -2.772
     4.069     0.000    -3.726
     2.611     0.000    -4.864
     0.784     0.000    -6.130
    -0.824     0.000    -6.770
    -2.411     0.000    -5.716
    -3.981     0.000    -4.121
    -5.591     0.000    -2.116
    -7.192     0.000    -0.053
    -8.482     0.000     1.405
    -9.203     0.000     2.657
    -9.157     0.000     1.942
    -9.318     0.000     0.769
    -9.346     0.000     0.213
    -8.620     0.000    -0.285
    -8.004     0.000    -0.266
    -7.199     0.000     0.416
    -5.572     0.000     1.449
    -3.251     0.000     1.135
    -0.529     0.000     1.010
     1.346     0.000     0.978
     1.332     0.000     1.038
     1.121     0.000     1.335
     0.877     0.000     1.886
     0.572     0.000     3.112
     0.414     0.000     3.703
     0.869     0.000     3.164
     1.878     0.000     2.241
     2.785     0.000     0.990
     3.539     0.000    -0.383
     3.914     0.000    -0.960
     2.911     0.000    -1.699
     2.239     0.000    -2.265
     1.569     0.000    -1.755
     0.775     0.000    -1.220
     1.456     0.000    -0.654
     2.841     0.000    -0.931
     4.146     0.000    -1.846
     5.388     0.000    -2.702
     6.252     0.000    -3.605
     6.693     0.000    -4.219
     7.226     0.000    -4.421
     8.362     0.000    -4.269
     8.100     0.000    -4.287
     7.807     0.000    -4.689
     8.983     0.000    -4.654
    10.779     0.000    -4.149
    12.015     0.000    -3.123
    12.445     0.000    -1.909
    12.345     0.000    -0.123
    12.612     0.000     1.504
    14.288     0.000     2.203
    16.169     0.000     2.575
    16.907     0.000     2.955
    16.895     0.000     3.314
    15.978     0.000     3.553
    14.081     0.000     3.458
    12.189     0.000     3.187
    10.096     0.000     2.660
     7.756     0.000     2.166
     5.091     0.000     1.489
     3.368     0.000     0.283
     1.929     0.000    -0.849
     0.064     0.000    -1.859
    -1.956     0.000    -2.803
    -4.409     0.000    -3.490
    -7.216     0.000    -4.126
   -10.546     0.000    -4.697
   -12.599     0.000    -5.410
   -14.751     0.000    -6.301
   -16.902     0.000    -6.714
   -19.044     0.000    -5.937
   -20.881     0.000    -4.811
   -22.345     0.000    -3.970
   -24.161     0.000    -2.747
   -27.095     0.000    -0.951
   -29.291     0.000     1.171
   -30.731     0.000     1.794
   -30.274     0.000     2.645
   -29.510     0.000     3.487
   -28.248     0.000     4.229
   -26.025     0.000     4.852
   -23.083     0.000     5.510
   -20.246     0.000     6.673
   -17.308     0.000     8.292
   -13.725     0.000     9.493
   -10.134     0.000     9.450
    -6.688     0.000     8.231
    -3.354     0.000     6.256
     0.033     0.000     3.772
     3.579     0.000     1.559
     7.238     0.000     0.270
    10.921     0.000    -0.161
    14.616     0.000     0.519
    18.262     0.000     1.728
    21.593     0.000     4.282
    24.299     0.000     6.689
    26.077     0.000     7.037
    26.910     0.000     5.262
    26.352     0.000     2.347
    25.273     0.000     0.038
    23.615     0.000     0.078
    22.408     0.000     0.452
    21.380     0.000     1.216
    20.110     0.000     2.673
    17.563     0.000     4.110
    15.052     0.000     5.450
    12.595     0.000     6.082
     9.913     0.000     5.343
     6.114     0.000     4.666
     1.667     0.000     3.669
    -2.452     0.000     2.665
    -5.892     0.000     2.248
    -8.828     0.000     1.872
   -11.729     0.000     0.861
   -14.873     0.000    -0.371
   -17.911     0.000    -2.162
   -20.670     0.000    -5.579
   -22.692     0.000    -7.524
   -24.242     0.000    -7.465
   -24.797     0.000    -7.892
   -24.590     0.000    -7.079
   -24.163     0.000    -5.573
   -23.035     0.000    -5.076
   -21.270     0.000    -5.047
   -18.815     0.000    -4.949
   -16.446     0.000    -4.720
   -14.000     0.000    -4.240
   -11.182     0.000    -3.426
    -8.296     0.000    -2.362
    -5.536     0.000    -1.366
    -3.095     0.000    -0.378
    -0.569     0.000     0.379
     2.028     0.000     1.048
     4.817     0.000     1.533
     7.586     0.000     2.077
    10.562     0.000     3.588
    14.297     0.000     5.901
    18.162     0.000     8.320
    22.097     0.000    10.560
    25.852     0.000    11.976
    26.187     0.000    12.848
    26.434     0.000    13.230
    26.481     0.000    13.077
    26.444     0.000    12.635
    26.456     0.000    11.807
    26.255     0.000    10.709
    25.116     0.000     9.305
    23.661     0.000     7.437
    20.658     0.000     5.223
    16.945     0.000     3.105
    13.111     0.000     1.005
     9.262     0.000    -1.195
     5.375     0.000    -4.050
     1.195     0.000    -7.880
    -3.315     0.000   -11.222
    -7.710     0.000   -13.724
   -10.917     0.000   -15.263
   -13.039     0.000   -16.241
   -15.364     0.000   -17.104
   -17.737     0.000   -17.976
   -19.788     0.000   -18.725
   -21.403     0.000   -19.438
   -23.165     0.000   -20.041
   -24.571     0.000   -20.613
   -24.306     0.000   -21.086
   -23.771     0.000   -21.109
   -22.867     0.000   -20.389
   -21.611     0.000   -18.579
   -20.489     0.000   -16.485
   -19.752     0.000   -13.629
   -17.210     0.000   -10.819
   -14.488     0.000    -7.955
   -11.372     0.000    -4.867
    -8.231     0.000    -1.907
    -4.824     0.000     0.643
    -1.039     0.000     2.775
     2.781     0.000     4.803
     6.366     0.000     6.203
     9.285     0.000     7.326
    10.028     0.000     8.523
    11.287     0.000     9.854
    11.446     0.000    11.256
    11.757     0.000    12.891
    13.093     0.000    15.189
    14.649     0.000    17.408
    14.996     0.000    19.634
    14.580     0.000    21.872
    12.940     0.000    23.633
    11.316     0.000    23.916
     8.915     0.000    23.873
     6.502     0.000    23.289
     5.206     0.000    21.562
     4.923     0.000    17.964
     4.683     0.000    14.630
     2.495     0.000    11.165
    -0.699     0.000     7.461
    -3.675     0.000     3.835
    -7.241     0.000     0.639
   -10.202     0.000    -1.396
   -11.958     0.000    -3.583
   -13.510     0.000    -5.730
   -14.102     0.000    -7.847
   -13.977     0.000    -9.927
   -13.994     0.000   -11.631
   -14.132     0.000   -12.681
   -14.213     0.000   -13.808
   -14.094     0.000   -14.721
   -13.880     0.000   -15.219
   -13.442     0.000   -15.771
   -12.273     0.000   -16.170
    -9.692     0.000   -16.199
    -6.837     0.000   -14.890
    -3.544     0.000   -11.182
    -0.781     0.000    -8.431
     1.039     0.000    -6.687
     1.895     0.000    -5.996
     2.801     0.000    -5.460
     3.606     0.000    -5.962
     4.643     0.000    -6.382
     6.957     0.000    -5.930
    10.676     0.000    -5.233
    14.173     0.000    -4.510
    17.392     0.000    -3.220
    19.235     0.000    -0.671
    20.006     0.000     1.704
    19.970     0.000     4.075
    19.524     0.000     6.343
    18.311     0.000     8.563
    16.443     0.000    10.708
    14.613     0.000    12.330
    13.379     0.000    13.009
    12.152     0.000    13.885
    10.977     0.000    14.546
     9.586     0.000    14.593
     7.425     0.000    14.587
     5.747     0.000    14.339
     5.528     0.000    13.154
     5.524     0.000    11.608
     5.151     0.000    10.395
     3.855     0.000    10.032
     1.904     0.000    10.260
     0.057     0.000    10.379
    -1.784     0.000    10.062
    -3.286     0.000     8.347
    -3.516     0.000     5.604
    -4.825     0.000     3.719
    -5.920     0.000     2.782
    -5.393     0.000     2.770
    -6.061     0.000     4.059
    -7.658     0.000     4.933
    -9.185     0.000     5.063
   -10.129     0.000     3.670
   -10.711     0.000     1.551
   -10.218     0.000    -0.452
    -9.260     0.000    -1.587
    -7.899     0.000    -1.617
    -5.643     0.000    -0.271
    -3.532     0.000     0.967
    -1.697     0.000     2.276
    -0.127     0.000     2.939
     1.506     0.000     2.327
     3.144     0.000     0.265
     4.868     0.000    -3.745
     6.600     0.000    -8.471
     8.298     0.000   -10.164
     9.812     0.000   -10.249
    11.213     0.000    -9.767
    12.370     0.000    -8.469
    12.451     0.000    -7.813
    12.656     0.000    -8.403
    13.696     0.000   -10.386
    14.924     0.000   -13.168
    15.559     0.000   -17.343
    15.144     0.000   -20.118
    14.839     0.000   -20.952
    14.585     0.000   -20.019
    14.609     0.000   -18.199
    15.423     0.000   -15.218
    16.126     0.000   -11.824
    16.732     0.000    -9.857
    16.647     0.000    -9.807
    14.926     0.000    -9.525
    12.434     0.000    -9.507
     9.901     0.000    -9.489
     6.257     0.000    -9.510
     3.704     0.000    -9.289
     2.861     0.000    -8.229
     2.372     0.000    -6.862
     2.244     0.000    -5.688
     2.184     0.000    -4.950
     1.795     0.000    -4.417
    -0.155     0.000    -3.849
    -2.059     0.000    -3.351
    -4.105     0.000    -2.556
    -6.564     0.000    -0.397
    -9.550     0.000     2.612
   -12.038     0.000     4.190
   -14.273     0.000     5.342
   -16.547     0.000     6.594
   -18.896     0.000     8.434
   -21.135     0.000    11.261
   -22.550     0.000    13.772
   -23.869     0.000    15.681
   -25.000     0.000    16.658
   -25.307     0.000    16.045
   -25.417     0.000    15.725
   -25.654     0.000    15.446
   -26.401     0.000    15.460
   -27.188     0.000    15.777
   -27.830     0.000    15.238
   -27.626     0.000    14.254
   -26.557     0.000    12.648
   -25.899     0.000     8.214
   -26.249     0.000     2.697
   -26.070     0.000    -1.135
   -25.178     0.000    -3.262
   -23.037     0.000    -5.031
   -20.829     0.000    -6.178
   -18.023     0.000    -7.729
   -15.138     0.000   -10.089
   -12.268     0.000   -12.184
    -9.348     0.000   -13.246
    -6.404     0.000   -14.366
    -3.273     0.000   -15.203
    -0.781     0.000   -15.463
    -0.815     0.000   -15.817
    -0.721     0.000   -16.176
    -0.665     0.000   -16.572
    -0.264     0.000   -16.993
     1.476     0.000   -17.385
     3.618     0.000   -17.637
     7.407     0.000   -17.494
    10.356     0.000   -16.912
    12.589     0.000   -13.812
    13.005     0.000    -7.314
    11.613     0.000    -3.508
    10.274     0.000    -0.222
     8.973     0.000     3.147
     7.646     0.000     6.499
     5.988     0.000     7.605
     3.795     0.000     8.758
     1.832     0.000     9.832
     0.632     0.000     9.508
     0.327     0.000     9.548
     1.427     0.000    11.244
     2.715     0.000    12.783
     5.447     0.000    15.327
     8.079     0.000    17.332
     9.820     0.000    19.942
    10.903     0.000    22.441
    12.549     0.000    24.687
    13.484     0.000    26.416
    13.166     0.000    27.327
    12.120     0.000    26.847
    10.359     0.000    26.355
     9.142     0.000    26.803
     8.573     0.000    27.186
     8.854     0.000    27.456
     9.515     0.000    27.251
    10.796     0.000    26.551
    11.953     0.000    25.095
    12.615     0.000    21.041
    12.538     0.000    14.298
    11.740     0.000     7.691
    12.158     0.000     3.613
    11.644     0.000     2.129
    11.123     0.000     1.565
    11.735     0.000     0.430
    12.255     0.000    -2.953
    12.722     0.000    -7.317
    12.992     0.000   -11.906
    12.460     0.000   -15.951
    10.163     0.000   -20.046
     7.448     0.000   -24.107
     4.726     0.000   -25.653
     2.968     0.000   -26.706
     1.085     0.000   -26.995
    -1.838     0.000   -26.481
    -4.942     0.000   -25.860
    -7.720     0.000   -25.756
    -9.618     0.000   -26.160
   -10.671     0.000   -26.339
   -11.168     0.000   -26.058
   -12.032     0.000   -25.032
   -13.085     0.000   -21.933
   -11.788     0.000   -17.089
    -9.465     0.000   -11.516
    -4.888     0.000    -6.065
    -0.880     0.000    -0.684
     1.932     0.000     4.536
     2.510     0.000     9.556
     3.323     0.000    14.640
     3.927     0.000    19.791
     4.047     0.000    24.875
     4.224     0.000    28.593
     4.385     0.000    29.745
     4.380     0.000    30.591
     4.027     0.000    29.857
     3.719     0.000    27.383
     3.744     0.000    25.218
     4.991     0.000    23.025
     7.599     0.000    20.374
     9.418     0.000    16.854
    10.486     0.000    13.487
     9.794     0.000     9.920
     7.354     0.000     5.799
     4.025     0.000     1.508
     1.470     0.000    -2.849
    -0.682     0.000    -7.806
    -2.442     0.000   -13.488
    -3.984     0.000   -18.839
    -5.405     0.000   -23.361
    -6.715     0.000   -26.638
    -7.808     0.000   -30.000
    -7.893     0.000   -32.851
    -7.491     0.000   -35.004
    -6.916     0.000   -36.423
    -6.851     0.000   -37.079
    -7.221     0.000   -35.542
    -7.533     0.000   -32.134
    -7.804     0.000   -29.788
    -7.971     0.000   -27.698
    -8.320     0.000   -24.604
    -9.325     0.000   -20.805
   -10.516     0.000   -16.621
   -11.495     0.000   -10.923
   -10.967     0.000    -5.539
    -8.940     0.000    -0.729
    -6.491     0.000     3.643
    -4.422     0.000     7.245
    -2.452     0.000    10.069
    -0.454     0.000    12.962
     1.565     0.000    15.639
     3.615     0.000    18.273
     5.723     0.000    20.542
     7.523     0.000    21.729
     7.467     0.000    23.019
     5.864     0.000    24.291
     4.801     0.000    25.575
     3.751     0.000    26.936
     2.451     0.000    28.412
     1.711     0.000    29.284
     1.378     0.000    28.724
     1.017     0.000    26.813
     0.624     0.000    23.862
     0.499     0.000    18.969
     1.336     0.000    14.005
     1.596     0.000     9.656
     0.064     0.000     5.992
    -2.511     0.000     2.230
    -5.001     0.000    -1.388
    -6.545     0.000    -4.627
    -8.144     0.000    -7.883
    -9.500     0.000   -11.278
    -9.538     0.000   -14.699
    -9.710     0.000   -18.063
   -11.772     0.000   -21.666
   -12.292     0.000   -25.408
   -12.237     0.000   -27.281
   -11.199     0.000   -27.355
    -9.921     0.000   -27.447
    -9.148     0.000   -26.818
    -8.692     0.000   -26.292
    -9.182     0.000   -26.073
    -9.145     0.000   -26.076
    -7.498     0.000   -24.893
    -4.870     0.000   -22.418
    -1.448     0.000   -18.386
     2.053     0.000   -11.253
     6.191     0.000    -4.720
     9.853     0.000     2.073
    12.207     0.000     9.673
    13.794     0.000    16.918
    13.776     0.000    21.553
    11.376     0.000    22.900
     9.602     0.000    23.815
     8.227     0.000    23.854
     7.301     0.000    25.329
     7.071     0.000    27.016
     6.855     0.000    29.667
     5.575     0.000    33.215
     3.635     0.000    35.338
     1.777     0.000    36.408
     1.961     0.000    36.975
     2.831     0.000    36.890
     3.764     0.000    36.712
     4.578     0.000    35.700
     4.280     0.000    32.079
     1.697     0.000    24.566
    -1.959     0.000    17.840
    -5.426     0.000    11.574
    -7.115     0.000     5.658
    -6.035     0.000     0.183
    -5.372     0.000    -5.285
    -5.046     0.000   -10.003
    -4.960     0.000   -12.483
    -4.966     0.000   -14.654
    -2.374     0.000   -16.978
     1.224     0.000   -18.347
     3.821     0.000   -17.953
     6.206     0.000   -17.927
     8.701     0.000   -17.957
    11.292     0.000   -19.284
    13.167     0.000   -23.950
    14.655     0.000   -26.579
    15.767     0.000   -27.184
    17.564     0.000   -26.363
    19.657     0.000   -25.525
    21.161     0.000   -23.853
    23.648     0.000   -22.087
    26.005     0.000   -19.614
    27.137     0.000   -15.825
    26.572     0.000   -12.209
    23.627     0.000    -8.051
    19.644     0.000    -2.657
    16.190     0.000     1.442
    14.250     0.000     3.836
    12.026     0.000     6.297
     9.070     0.000     8.221
     4.887     0.000    10.525
    -0.628     0.000    13.494
    -5.598     0.000    15.881
    -8.502     0.000    16.996
    -9.711     0.000    16.314
   -10.411     0.000    13.937
   -10.942     0.000    11.752
   -11.642     0.000     9.153
   -12.963     0.000     5.059
   -13.425     0.000     0.073
   -13.661     0.000    -2.420
   -12.723     0.000    -3.414
   -12.841     0.000    -3.902
   -14.155     0.000    -4.393
   -16.601     0.000    -4.664
   -18.833     0.000    -4.985
   -19.932     0.000    -5.472
   -18.729     0.000    -6.388
   -17.296     0.000    -8.218
   -15.926     0.000   -10.876
   -13.845     0.000   -15.156
   -13.242     0.000   -18.096
   -13.625     0.000   -18.488
   -13.368     0.000   -18.997
   -12.079     0.000   -18.917
    -9.520     0.000   -17.639
    -7.750     0.000   -14.885
    -5.841     0.000   -12.793
    -4.839     0.000   -12.136
    -5.303     0.000   -12.164
    -5.487     0.000   -13.174
    -5.560     0.000   -14.248
    -6.343     0.000   -15.083
    -6.700     0.000   -13.772
    -6.021     0.000   -11.681
    -5.390     0.000    -7.712
    -5.306     0.000    -4.360
    -4.842     0.000    -2.061
    -4.531     0.000     0.233
    -5.399     0.000     2.497
    -6.404     0.000     5.068
    -5.891     0.000     7.803
    -2.858     0.000    10.532
    -0.129     0.000    12.650
     2.185     0.000    13.384
     3.293     0.000    12.070
     5.322     0.000    10.502
     7.458     0.000     8.852
     8.419     0.000     9.780
     9.303     0.000    11.980
     9.764     0.000    13.447
     9.964     0.000    14.844
    11.235     0.000    16.658
    12.150     0.000    19.835
    12.148     0.000    23.028
    12.713     0.000    24.911
    13.121     0.000    26.761
    12.025     0.000    25.768
    10.248     0.000    23.551
     8.690     0.000    20.843
     7.201     0.000    18.156
     5.746     0.000    15.271
     4.319     0.000    12.614
     3.314     0.000    10.685
     3.140     0.000     8.369
     2.703     0.000     4.411
     1.352     0.000     0.675
    -0.544     0.000    -3.203
    -2.852     0.000    -7.554
    -5.772     0.000   -12.215
    -9.827     0.000   -16.192
   -11.835     0.000   -18.074
   -13.684     0.000   -19.116
   -15.086     0.000   -19.495
   -16.400     0.000   -19.337
   -17.642     0.000   -19.441
   -18.411     0.000   -20.003
   -18.915     0.000   -20.735
   -19.313     0.000   -22.114
   -19.517     0.000   -23.316
   -19.049     0.000   -22.411
   -17.240     0.000   -20.544
   -14.814     0.000   -17.317
   -10.761     0.000   -12.866
    -7.757     0.000    -6.745
    -5.704     0.000    -0.445
    -2.394     0.000     5.956
     0.598     0.000     8.678
     2.934     0.000    10.324
     5.216     0.000    11.817
     7.403     0.000    13.207
     9.459     0.000    14.680
    10.825     0.000    16.270
    11.956     0.000    17.904
    12.493     0.000    19.704
    13.091     0.000    21.981
    13.685     0.000    24.292
    14.209     0.000    26.321
    14.410     0.000    27.691
    14.459     0.000    27.606
    14.883     0.000    25.588
    15.707     0.000    20.709
    16.580     0.000    14.958
    17.456     0.000     8.055
    18.221     0.000     1.748
    19.487     0.000    -2.372
    20.921     0.000    -5.424
    21.548     0.000    -8.088
    20.569     0.000   -10.369
    17.312     0.000   -12.756
    14.425     0.000   -15.238
    11.293     0.000   -17.670
     6.654     0.000   -20.027
     4.697     0.000   -22.217
     3.935     0.000   -24.210
     3.119     0.000   -25.566
     0.192     0.000   -26.076
    -3.039     0.000   -24.559
    -6.138     0.000   -22.926
    -8.809     0.000   -20.378
   -11.874     0.000   -18.381
   -14.954     0.000   -17.530
   -16.095     0.000   -15.198
   -17.790     0.000   -10.811
   -19.568     0.000    -6.729
   -21.509     0.000    -2.830
   -23.413     0.000     2.252
   -24.415     0.000     6.356
   -24.662     0.000    10.053
   -24.062     0.000    12.136
   -23.459     0.000    13.604
   -22.461     0.000    13.437
   -21.043     0.000    13.889
   -18.742     0.000    14.093
   -15.360     0.000    15.102
   -11.111     0.000    16.710
    -5.905     0.000    19.224
    -0.963     0.000    21.590
     1.791     0.000    23.529
     6.359     0.000    25.192
    11.031     0.000    24.147
    14.645     0.000    22.320
    17.710     0.000    20.186
    20.813     0.000    17.398
    23.672     0.000    13.281
    25.633     0.000     9.377
    27.594     0.000     5.190
    29.340     0.000     0.944
    30.529     0.000    -2.815
    30.530     0.000    -5.973
    29.642     0.000    -8.311
    27.273     0.000    -9.866
    24.219     0.000   -10.674
    18.623     0.000    -9.974
    14.627     0.000    -9.881
    11.380     0.000   -10.107
     7.812     0.000   -10.767
     4.406     0.000   -12.048
    -0.550     0.000   -13.558
    -5.686     0.000   -14.472
    -8.085     0.000   -15.130
    -9.448     0.000   -14.925
   -10.549     0.000   -14.547
   -11.595     0.000   -13.088
   -15.196     0.000   -11.076
   -18.298     0.000    -9.712
   -21.294     0.000    -9.232
   -23.845     0.000    -8.993
   -25.270     0.000    -7.989
   -24.357     0.000    -5.808
   -23.291     0.000    -3.102
   -22.308     0.000    -0.022
   -21.280     0.000     3.150
   -19.719     0.000     5.357
   -17.032     0.000     6.989
   -14.161     0.000     9.297
   -11.333     0.000    10.993
    -9.564     0.000    12.338
     0.000     0.000    14.222
     0.000     0.000    15.656
     0.000     0.000    16.165
     0.000     0.000    16.165
