********************************************************************************
                       INSTITUTO DE INGENIERIA, UNAM
                   Coordinacion de Instrumentacion Sismica
  Ciudad Universitaria, Apartado Postal 70-472, Coyoacan 04510, Mexico, D.F.
 Tel.(52-5)622-3414    Fax.(52-5)616-1514    e-mail: isismica@pumas.iingen.unam.mx
********************************************************************************
ARCHIVO ESTANDAR DE ACELERACION:
VERSION DEL FORMATO                    : 2.0
NOMBRE DEL ARCHIVO                     : APAT7903.141
FECHA Y HORA DE CREACION               : Wed Mar  4 14:18:01 1998
REF. CATALOGO ACELEROGRAMAS, SMIS 1995 : REGISTRO No. 195 /PAG. 47


================================================================================
DATOS DE LA ESTACION:
NOMBRE DE LA ESTACION                  : APATZINGAN
CLAVE DE LA ESTACION                   : APAT
LOCALIZACION DE LA ESTACION            : Campamento SARH a diez cuadras del
                                       : zocalo, a dos cuadras de la avenida
                                       : principal en la ciudad de Apatzingan,
                                       : Michoacan.
                                       :
COORDENADAS DE LA ESTACION             : 19.083 LAT. N 
                                       : 102.350 LONG. W
ALTITUD (msnm)                         : 230 
TIPO DE SUELO                          : 
                                       : 
                                       :
INSTITUCION RESPONSABLE                : INSTITUTO DE INGENIERIA UNAM
                                       :

================================================================================
DATOS DEL ACELEROGRAFO:
MODELO DEL ACELEROGRAFO                : SMA-1
NUMERO DE SERIE DEL ACELEROGRAFO       : 0453
NUMERO DE CANALES                      : 3
ORIENTACION C1-C6 (rumbo;orientacion)  : /S00E/+V/N90E
ORIENTACION C7-C12 (rumbo;orientacion) :
VEL. DE MUESTREO, C1-C6 (muestras/s)   : /--/--/--
VEL. DE MUESTREO, C7-C12 (muestras/s)  :
ESC. COMPLETA DE SENSORES, C1-C6, (g)  : /1/1/1
ESC. COMPLETA DE SENSORES, C7-C12, (g) :
FREC. NAT. DE SENSORES, C1-C6, (Hz)    : /25.9/26.1/25.9
FREC. NAT. DE SENSORES, C7-C12, (Hz)   :
AMORTIGUAMIENTO DE SENSORES, C1-C6     : /0.6/0.6/0.6
AMORTIGUAMIENTO DE SENSORES, C7-C12    :
INTERVALO DE MUESTREO, C1-C6, (s)      : /0.02/0.02/0.02
INTERVALO DE MUESTREO, C7-C12, (s)     :
UMBRAL DE DISPARO, C1-C6, (Gal)       *: /--/10/--
UMBRAL DE DISPARO, C7-C12, (Gal)       :
MEMORIA DE PREEVENTO (s)               : 0
TIEMPO DE POSEVENTO (s)                : 8


================================================================================
DATOS DEL SISMO:
FECHA DEL SISMO [GMT]                  : 1979/03/14
HORA EPICENTRO (GMT)                   : 11:07:14,6
MAGNITUD(ES)                           : /Mb=7.00
COORDENADAS DEL EPICENTRO              : 17.490 LAT. N 
                                       : 101.260 LONG. W
PROFUNDIDAD FOCAL (km)                 : 28
FUENTES DE LOS DATOS EPICENTRALES      : SSN
                                       : INSTITUTO DE GEOFISICA, UNAM

================================================================================
DATOS DE ESTE REGISTRO:
HORA DE LA PRIMERA MUESTRA (GMT)       : --:--:--.-
EXACTITUD DEL TIEMPO (s)               : --     
DURACION DEL REGISTRO (s), C1-C6       : /10.88/17.56/11.9
DURACION DEL REGISTRO (s), C7-C12      :
NUM. TOTAL DE MUESTRAS, C1-C6          : /544/878/596   
NUM. TOTAL DE MUESTRAS, C7-C12         :
ACEL. MAX.(Gal), C1-C6                 : /50.437/-24.806/-62.217 
ACEL. MAX., C1-C6, EN LA MUESTRA       : /82/61/62      
ACEL. MAX.(Gal), C7-C12                :
ACEL. MAX., C7-C12, EN LA MUESTRA      :
UNIDADES DE LOS DATOS                  : Gal (cm/s/s)
FACTOR DE DECIMACION                   : 1
FORMATO DATOS (FORTRAN,10 campos/dato) : 3F10.3


===============================================================================
CALIDAD DEL ACELEROGRAMA:
REGISTRO ANALOGICO AL QUE FALTA UNA PARTE AL INICIO SIN TIEMPO
ABSOLUTO. DIGITALIZACION SEMIAUTOMATICA O MANUAL.

===============================================================================
COMENTARIOS:

          * Disparo por arrancador mecánico
            Registro en película fotográfica de 70 mm











===============================================================================
DATOS DE ACELERACION:
---------+---------+---------+---------+---------+---------+---------+---------+
   CANAL-1   CANAL-2   CANAL-3   CANAL-4   CANAL-5   CANAL-6   CANAL-7   CANAL-8
      S00E        +V      N90E
---------+---------+---------+---------+---------+---------+---------+---------+
   -19.505   -14.738     0.253
   -21.925   -23.373     4.074
   -22.704   -20.785     2.040
   -16.708   -13.382    -1.697
    -5.358    -7.571    -6.853
    -6.520    -9.966   -20.271
   -12.131   -12.298   -34.364
    -8.315    -3.413   -34.405
   -13.279     4.034   -18.495
   -15.420     7.339    -3.838
    -4.028    -4.323     0.352
    -3.623    -4.174    -7.134
    -3.128     2.690    -7.504
    13.713     3.123     3.519
    19.228     8.586    -1.071
     8.447     1.854   -14.255
    -1.871     4.045   -17.315
   -12.986    11.283    -6.068
   -21.608     8.788     5.050
   -21.722     2.509     4.430
    -8.753    -2.629    -3.226
     3.131     0.811    -6.132
     4.121    -4.011     1.191
    -6.114    -1.921     8.537
    -9.130     7.134    16.431
    13.015     2.865    20.089
    39.310    -8.188    15.306
    33.083   -14.332     7.269
    12.307    -7.308     0.917
    17.707    -5.021     5.855
    34.671    -8.178    13.792
    43.149    -4.606    22.106
    36.641     1.021    24.702
    30.633     4.436    22.341
    25.660     4.168    25.780
    20.040     8.558    21.781
    13.156    11.589    10.315
     5.874     3.983     5.035
     4.600     5.340    13.058
     7.027    14.606    22.519
    -3.228     9.557    27.226
    -6.571     5.015    21.634
    -1.081     6.473    12.125
   -14.605     6.937     8.459
   -31.007    11.111    11.647
   -28.161    10.802    13.260
    -9.268     6.648     8.877
    13.223     0.215     5.761
    12.613    -3.879     6.483
   -12.744    -0.229     6.629
   -19.418     0.527    -3.808
   -14.625    -1.463   -11.277
   -18.130    -0.664    -8.259
   -25.212     3.373     2.919
   -35.199     7.934     2.124
   -43.070     7.403   -16.285
   -36.184     1.028   -31.446
   -38.952    -1.708   -35.330
   -38.243    -1.602   -33.932
   -11.609   -14.465   -45.993
    15.727   -24.806   -59.614
    23.210   -19.798   -62.217
    14.674   -15.743   -48.743
     1.713   -13.155   -26.333
    -0.373   -14.553    -6.714
    -5.055   -10.538    -2.065
   -24.571     3.266    -9.267
   -24.244     3.367   -14.877
    -7.849     2.482    -9.243
    -0.123    -1.524    -6.875
     3.690   -19.001   -20.259
    13.515   -18.418   -30.408
     4.555   -12.700   -32.698
   -11.834   -20.329   -14.658
   -24.318   -13.009     9.296
   -17.305     0.300    17.582
    15.306    -2.569    10.975
    35.725    -5.731    10.060
    26.613     0.528    18.574
    20.556     5.283    19.610
    36.051    -1.705     3.185
    50.437    -5.625   -12.028
    49.662     3.691    -2.879
    35.152     9.819    24.036
    13.251    11.928    49.610
    -0.852     9.054    55.611
     5.567     1.568    46.386
    16.672     1.500    29.378
    16.653     5.255    13.819
     4.296    11.918     1.775
   -12.056    24.735     0.360
   -19.271    23.667     7.316
   -10.644     7.458    14.341
    -5.766     2.919    19.738
   -16.308     6.506    16.040
   -24.550     7.093    17.821
   -15.937     6.934    22.955
     0.040     4.708    15.823
    11.855     4.986    10.465
    20.009     9.285    17.439
    22.387    15.565    26.166
    14.153    18.944    33.800
     0.584    16.527    22.846
   -13.797     9.114    -9.431
   -21.678    -5.976   -24.336
    -8.541   -14.333   -16.313
    15.502    -2.030     0.033
    21.957     7.386     4.893
     8.161     2.471    -9.672
   -12.532     2.759   -26.091
   -31.761     1.248   -32.786
   -39.631    -6.206   -36.692
   -29.393    -5.794   -38.942
   -16.668   -11.275   -29.579
    -5.623   -19.060   -18.346
    -2.145   -15.113   -14.643
   -16.396   -10.723   -25.620
   -22.917    -7.082   -35.709
   -14.834    -2.864   -23.840
   -12.157    -0.901     1.278
   -11.499     0.850    14.784
    -4.669    -0.369     9.282
    -2.761    -0.942     0.772
     0.558     1.749     0.549
    15.534     9.014     8.487
    17.512    19.160    12.043
    16.384    11.249     6.082
    17.088    -1.257    -6.546
     2.561     3.661   -18.626
    -2.389     2.001   -19.228
    18.872   -11.778    -6.978
    35.249   -13.658    10.327
    22.315    -3.329    19.356
     6.925    -2.995    12.757
    -7.401     1.085    -4.409
   -15.046     7.639   -10.989
    -4.702    -6.887    -4.085
    14.230   -14.605     4.706
    14.040    -8.258    14.471
     4.343    -5.197    23.095
    -0.964    -2.842    26.230
    -7.621    -0.043    16.419
    -2.671     0.217     5.264
    14.640    -3.490     0.820
    26.121    -7.369     9.054
    13.104    -9.775    17.556
     3.321    -9.317    16.875
    -0.485    -5.904     3.617
    -5.465    -4.556   -13.944
   -10.517    -3.861   -18.010
   -13.712     5.401    -6.059
   -23.906    12.605     5.737
   -23.628     6.048     4.943
     1.192    -2.300    -4.185
    21.048    -6.093    -5.571
    17.810    -6.632     1.965
    -3.252    -5.668     6.143
   -21.309    -6.090     8.354
   -26.796    -6.090     4.118
   -16.674    -6.710    -4.172
   -18.276    -9.209    -6.351
   -20.537    -9.148    -0.252
    -6.771   -11.781     4.296
     6.842    -8.779     7.151
     6.799     9.088     3.796
    17.561    16.165    -4.709
    35.563    10.804   -16.788
    38.368    13.326   -29.118
    29.839    16.312   -33.493
     8.600    13.377   -27.403
   -13.902    14.118   -13.938
   -25.215    18.393    -2.673
   -19.433    19.048    -3.820
   -11.328    19.489   -11.190
    -4.837    19.147   -10.151
    -1.983    14.715    15.428
    -9.088    13.526    35.723
   -18.933    13.227    30.741
   -20.667     4.281     5.643
   -11.032     2.987    -5.010
    -2.609     5.834     9.311
    -3.590   -11.263    16.708
    -3.854   -20.295    20.355
    10.360   -11.556    15.061
    16.300   -11.840    -0.944
    13.370   -11.677   -15.061
    12.643    -8.247    -4.254
    12.487   -10.226    15.566
    12.387   -11.584    22.408
     0.249    -9.645    13.304
    -8.008    -6.638    -8.491
    -1.253    -4.143   -28.081
    -1.268     0.724   -23.422
    -9.043     7.732    -6.371
    -4.147    14.356    -1.340
     2.246    15.243   -17.060
     0.476     6.833   -34.416
     2.925     3.814   -29.023
     9.892    12.963    -9.040
    10.711    14.117     7.145
    11.291    -2.741     4.723
    13.046   -15.281    -4.617
     5.750   -12.434    -4.989
     3.360    -7.154     4.223
     9.822    -6.483    12.141
    11.662    -6.276    13.205
     4.138    -1.200     8.927
    -4.908    -2.506     6.673
    -9.074   -11.735     9.887
    -5.890   -14.926    14.550
    -0.584   -13.765    15.380
    -1.386    -9.434     7.306
    -4.303    -6.866    -5.958
    -6.700    -8.772   -21.853
    -8.591   -10.243   -32.487
   -15.256   -11.052   -24.355
   -10.217    -9.716    -0.414
     2.944    -7.680    20.079
     7.230    -5.812    19.263
     1.684    -3.809     4.431
    -2.629     0.431     0.051
    -6.601     6.722    11.047
   -10.742    12.735    24.326
    -5.010    14.051    23.923
     1.031     7.339    14.496
     5.537     3.927     7.670
     8.909     4.999     8.425
     9.515     6.805    11.735
     6.435    11.979    -0.953
    16.027    16.209   -16.834
    26.284    14.229   -14.349
    23.103    10.888    -1.030
    -0.641    12.674     4.568
   -18.934     5.732     0.393
   -13.784    -3.012     6.879
   -14.290     1.514    18.291
   -24.090     0.349    21.438
   -22.638    -8.656    17.276
    -8.701   -15.879    12.888
   -10.425   -16.506     8.839
   -24.027    -8.281    11.134
   -28.239    -4.146    17.141
   -18.733    -6.164    18.700
    -5.696    -7.920    13.666
    11.213    -7.674    -1.777
    10.511    -4.919   -19.114
     2.506    -2.303   -35.856
     9.328     0.432   -44.996
    11.983     3.761   -43.498
     1.235     7.104   -33.606
     0.365     9.840   -29.982
     7.483     9.431   -23.209
     2.049     6.062   -10.764
    -6.717     3.337    -1.734
   -10.227     4.653    -2.567
    -5.927     7.572   -14.136
     0.145     8.082   -19.523
     2.826     7.872   -12.487
    -1.089     7.372    -1.416
    -2.524     5.032    -4.155
     5.002     2.201   -13.388
     9.103    -1.664   -13.147
     8.390    -4.143    -3.814
    20.493    -2.831     3.265
    34.489    -5.048    -0.999
    30.755   -10.317    -7.525
    20.317   -10.483    -4.816
    13.701    -5.548     4.826
    14.073     2.203    13.021
    15.126     7.292    12.825
    15.070     3.765     6.548
    15.708    -4.640     3.169
    13.723    -9.063     5.508
     2.610    -8.794    12.415
   -13.210    -7.767    17.367
   -14.085    -6.674    18.974
    -1.715    -4.830    24.277
    10.342    -3.407    18.059
    10.202    -3.014     6.500
     5.569    -2.971    -5.492
     0.213    -2.220    -6.792
     1.462     0.900    -2.937
    -2.847     3.028    -6.981
   -17.796     5.640    -0.406
   -27.136     8.175    15.684
   -30.343     7.784    27.045
   -26.401    11.394    22.143
   -17.377    15.930    12.774
    -3.951    16.899     8.346
     0.248    16.134    13.560
    -6.470    14.073    12.998
    -9.358    11.746    -2.634
    -8.392    11.365   -13.744
   -15.950     9.039    -8.671
   -20.912     2.983     6.873
   -18.537     0.888    21.305
   -17.063    -1.379    27.191
   -17.068    -6.037    21.699
   -18.981    -8.952    10.130
   -15.579   -10.261    -5.890
    -8.152    -8.074   -19.694
    -3.230    -9.366   -26.866
    -5.208   -12.882   -32.161
    -8.580   -13.007   -29.002
    -2.170   -13.650   -19.882
     5.136   -13.443    -8.968
     1.151   -11.103    -1.944
    -2.611    -8.343    -8.503
    -2.967    -7.452   -17.521
     7.859    -6.970   -17.264
    23.043    -5.526    -6.608
    32.255    -2.201     5.797
    35.639     3.096     7.183
    27.972     4.277     4.107
    17.424     5.282    -0.290
    13.591     5.640     0.248
    18.412     6.202     7.299
    17.052    12.116    12.189
     9.789    15.534    15.960
    12.649    14.617    19.978
    13.468    10.919    14.719
    17.230    10.469     2.330
    26.405    15.261   -12.233
    15.992    18.348   -15.395
    -1.512    18.136    -3.734
    -5.646    13.210     5.137
     0.997     4.282     6.510
     0.684    -2.285     0.788
    -8.615    -4.204     2.156
   -16.049    -6.895     8.584
   -15.908    -9.703    12.468
   -11.308   -11.658     5.741
    -8.603    -8.314   -10.733
   -13.249   -11.215   -27.208
   -18.539   -22.614   -22.661
   -15.006   -16.369    -6.414
    -6.398   -11.854     3.096
    -8.480   -18.394     5.312
   -10.546   -16.990     2.075
     1.125   -11.379    -2.517
     2.963    -5.831    -3.690
    -6.095    -5.812     2.192
    -5.192    -7.817     8.288
     0.074    -8.476     9.328
    -4.141    -8.483     3.144
    -9.582    -5.560    -4.706
    -6.400     0.636    -8.661
     1.148     7.142    -5.353
     0.147     8.662    -1.693
   -13.901    10.500    -5.069
   -16.834    12.662   -13.678
    -0.702    11.029   -16.332
    10.294    11.508   -11.195
     7.480    15.928    -7.073
     3.532    23.016   -14.420
     1.671    23.317   -25.377
    -1.176    10.186   -26.552
     0.278     2.676   -14.056
    -2.454     0.637     2.355
    -1.197    -8.083    13.353
    12.566   -11.470    14.782
    15.788    -5.602     5.602
     7.893    -3.828     6.898
     7.974   -11.601    13.731
     5.442   -17.435    11.098
    -4.897   -18.391     4.137
    -3.368   -17.388    -0.349
    10.374   -13.391     4.262
    21.030    -9.086    15.703
    15.791    -4.122    18.883
     0.007    -1.070    10.580
    -4.197    -2.424     3.397
     1.605    -2.821     8.198
     6.486     3.110    14.567
     0.942     9.096    11.655
    -3.252     9.152     8.562
     3.486     7.371    11.574
     8.092     9.148    16.864
     8.691    14.087    22.101
     1.958    15.589    21.580
    -6.748    12.304    15.963
   -16.533     8.635    12.073
   -15.333     6.519     7.668
    -7.060     4.926     5.470
    -2.923     2.947    10.344
    -1.929     1.277    17.550
    -6.768    -0.757    14.964
   -10.342    -2.972     8.044
    -6.265    -4.840     0.159
     0.254    -6.850    -7.011
    -2.674    -8.472    -4.371
    -4.029   -10.401    -2.470
     1.841    -7.534   -10.928
     6.234     0.244   -20.891
     5.243     1.772   -26.193
     2.480    -1.435   -23.624
     4.937    -3.216   -19.373
    12.331    -2.312   -21.085
    16.405     0.248   -24.138
     9.741     1.572   -26.103
     2.423     1.069   -29.516
    -5.442     1.059   -27.435
   -12.220     2.645   -17.742
   -15.870     3.231    -9.380
   -13.249     3.239   -11.359
    -6.985     0.588   -18.669
    -0.329    -6.482   -23.482
    -1.651   -12.635   -21.891
   -10.148   -11.142   -18.360
   -10.029    -3.179   -22.179
    -7.270    -0.166   -24.145
   -13.917    -3.755   -15.935
   -16.374    -2.337    -4.419
    -7.116     1.888     4.796
     3.541    -0.284    13.363
     4.561    -2.788    13.248
     1.266    -0.486     9.009
     6.217     7.800    10.654
    -2.413    11.732    12.634
   -11.335     5.272     9.233
   -14.672     4.448    14.285
   -11.332     7.822    33.358
     0.511     6.824    44.375
    13.677     4.650    38.777
    15.551     3.256    26.172
     5.290     1.085    20.540
    -1.112    -1.206    29.259
     1.954    -0.694    39.218
    14.129    -0.051    36.492
    20.155     1.569    25.556
    16.177     4.655    14.668
     7.745     7.016     9.830
     9.657     7.591    12.945
    14.429     6.633     7.573
    13.481     8.940     0.372
    10.600    10.319    -1.007
     4.441     6.876     1.321
    -7.943     3.295     4.953
   -13.764     0.349     1.989
    -5.996    -2.098    -3.938
     6.806    -2.898    -3.595
    12.072    -0.239     0.562
     3.621     5.293    -3.155
    -4.234     7.303   -11.233
    -8.838     2.630   -12.619
    -5.508    -0.724    -3.608
     3.766     0.381    -1.927
     8.446    -2.485    -6.470
     4.076    -7.077   -12.526
     2.144    -7.593   -21.042
     5.510    -4.655   -28.883
     7.265    -0.862   -29.910
    17.246     2.325   -24.381
    22.339     6.048   -25.585
    14.527     8.109   -32.324
     0.753     7.814   -35.816
    -4.659     6.098   -36.873
     5.014     2.175   -35.991
    14.121    -3.514   -29.507
    16.851    -6.817   -22.627
     9.588    -5.552   -14.902
    -1.958    -4.019   -14.118
   -12.059    -7.555   -17.530
   -15.721   -10.583   -18.016
   -11.212    -7.302   -11.728
   -16.416    -8.395    -3.480
   -25.001   -12.048     2.329
   -31.768   -10.683     1.788
   -31.393    -4.774    -2.368
   -25.389    -0.436     4.240
   -20.162    -6.988    14.489
   -18.853   -11.757    22.759
   -20.462    -8.863    29.915
   -11.418    -6.964    36.432
   -10.915    -3.934    40.394
   -16.208     0.043    44.497
   -17.434     1.888    46.020
   -11.596     1.168    40.169
    -3.231    -2.272    33.093
     4.328    -6.757    27.937
     6.809    -7.174    22.134
     7.249    -6.105    16.919
     9.318    -6.451    16.926
    10.315    -5.137    18.987
    10.679    -4.732    17.198
     1.959    -4.560     7.690
    -6.320    -4.393    -5.565
    -3.995    -3.046    -6.161
     4.451     0.963     0.756
     9.855     3.663     2.133
    12.032     4.669    -5.509
    10.070     3.475   -12.902
    12.776     5.727    -7.249
    16.701    10.729     4.304
    13.319    15.056     9.196
    19.691    18.333     2.589
    21.130    13.591    -1.256
     6.336    10.425     4.459
    -2.595    13.656    10.182
     3.681    13.556     3.847
    13.874     8.247    -6.066
    14.122     2.644   -14.376
     4.453     1.835   -18.908
    -8.334     1.471   -19.588
   -10.593     0.445   -27.937
    -5.043    -1.438   -28.662
    -6.245    -5.038   -21.862
    -6.956    -4.709   -20.987
    -0.320    -5.486   -28.318
     6.577   -12.223   -36.159
    11.369   -17.051   -35.232
     7.296   -17.735   -30.801
     4.228   -16.320   -25.435
     8.355   -13.496   -21.977
     9.423   -11.811   -21.224
     1.726    -7.621    -7.489
    -2.272    -1.945     2.713
     2.531    -0.061     1.412
     6.418     0.223     6.218
     4.634     0.324    13.144
     0.106     2.715    13.721
    -2.130     6.309     8.751
     2.822     8.356     6.396
     7.262     9.966    13.533
     0.740    11.070    21.767
    -3.229    11.056    25.111
     2.517     9.795    22.246
     1.391     8.206    21.463
   -10.630     5.453    23.371
   -21.346     5.324    14.564
   -20.386     4.413     5.787
   -12.588    -1.523     2.674
   -10.747    -3.997     9.511
   -15.510    -1.743    16.777
   -17.243     2.920    12.662
   -11.410     6.152     4.221
    -7.677     5.188     3.273
    -6.129     1.665     7.020
   -10.753    -2.831     2.691
   -10.249    -4.593    -6.857
    -1.325    -1.654   -10.709
    -4.946     3.652    -5.459
    -5.645     2.130    -2.140
    16.713    -2.467    -3.156
     0.000    -1.495   -10.037
     0.000    -0.547   -17.078
     0.000     2.194   -14.765
     0.000     5.754    -3.948
     0.000     3.842    -1.466
     0.000    -0.250    -3.096
     0.000    -1.800     4.712
     0.000     0.367     4.634
     0.000    -0.767    -1.549
     0.000    -2.661     2.421
     0.000     1.303    11.211
     0.000     3.642     7.832
     0.000     1.861     0.696
     0.000    -1.485     1.792
     0.000    -4.198     9.590
     0.000    -2.835    17.171
     0.000     1.294    16.223
     0.000     3.086     7.244
     0.000     1.441    -4.037
     0.000     0.019    -8.182
     0.000    -1.243    -3.650
     0.000    -2.498     1.538
     0.000    -2.949     2.461
     0.000    -3.325    -2.975
     0.000    -3.706    -8.009
     0.000    -4.349   -11.768
     0.000    -5.175   -12.331
     0.000    -5.811    -8.475
     0.000    -6.355    -5.012
     0.000    -6.486    -8.323
     0.000    -6.239   -20.977
     0.000    -3.807   -24.755
     0.000    -0.257   -13.068
     0.000     0.443    -0.912
     0.000    -0.748     2.788
     0.000    -1.038    -1.955
     0.000     2.285    -6.327
     0.000     6.678    -3.574
     0.000     8.509     1.535
     0.000     7.703     5.739
     0.000     4.836    13.483
     0.000     4.420    18.456
     0.000     5.803    13.667
     0.000     3.880     8.827
     0.000     2.163     5.316
     0.000     4.152     0.653
     0.000     1.161    -0.291
     0.000    -2.618     4.303
     0.000     1.681     5.999
     0.000     2.721     0.227
     0.000    -2.376     2.378
     0.000    -6.845    -1.839
     0.000    -8.284     0.000
     0.000    -7.519     0.000
     0.000    -6.918     0.000
     0.000    -4.974     0.000
     0.000    -2.271     0.000
     0.000    -1.184     0.000
     0.000    -1.397     0.000
     0.000    -1.692     0.000
     0.000    -2.133     0.000
     0.000    -2.301     0.000
     0.000    -1.442     0.000
     0.000     0.203     0.000
     0.000     2.579     0.000
     0.000     3.889     0.000
     0.000     3.671     0.000
     0.000     3.426     0.000
     0.000     2.146     0.000
     0.000     2.455     0.000
     0.000     5.153     0.000
     0.000     6.025     0.000
     0.000     4.336     0.000
     0.000     1.529     0.000
     0.000     1.691     0.000
     0.000     2.752     0.000
     0.000    -0.127     0.000
     0.000    -2.785     0.000
     0.000    -4.063     0.000
     0.000    -5.249     0.000
     0.000    -3.228     0.000
     0.000     1.311     0.000
     0.000     3.031     0.000
     0.000    -0.065     0.000
     0.000    -2.293     0.000
     0.000     0.397     0.000
     0.000     3.096     0.000
     0.000     3.958     0.000
     0.000     4.698     0.000
     0.000     3.434     0.000
     0.000     1.937     0.000
     0.000     1.449     0.000
     0.000     2.239     0.000
     0.000     3.976     0.000
     0.000     2.431     0.000
     0.000     1.885     0.000
     0.000     1.102     0.000
     0.000    -4.492     0.000
     0.000    -7.334     0.000
     0.000    -5.919     0.000
     0.000    -2.144     0.000
     0.000     1.077     0.000
     0.000     1.396     0.000
     0.000     1.483     0.000
     0.000     1.527     0.000
     0.000     0.913     0.000
     0.000    -0.255     0.000
     0.000    -0.696     0.000
     0.000    -1.289     0.000
     0.000    -2.744     0.000
     0.000    -3.998     0.000
     0.000    -5.232     0.000
     0.000    -6.272     0.000
     0.000    -6.479     0.000
     0.000    -5.529     0.000
     0.000    -3.629     0.000
     0.000    -0.824     0.000
     0.000     2.737     0.000
     0.000     6.526     0.000
     0.000    10.283     0.000
     0.000    13.304     0.000
     0.000    13.011     0.000
     0.000    11.436     0.000
     0.000     7.723     0.000
     0.000     1.653     0.000
     0.000    -0.512     0.000
     0.000    -0.936     0.000
     0.000     0.064     0.000
     0.000     0.644     0.000
     0.000    -3.432     0.000
     0.000    -8.538     0.000
     0.000   -11.598     0.000
     0.000   -11.759     0.000
     0.000   -12.146     0.000
     0.000   -11.376     0.000
     0.000    -9.057     0.000
     0.000    -8.708     0.000
     0.000    -7.920     0.000
     0.000    -4.584     0.000
     0.000    -1.538     0.000
     0.000     1.322     0.000
     0.000     7.889     0.000
     0.000     9.968     0.000
     0.000     6.027     0.000
     0.000     4.089     0.000
     0.000     5.376     0.000
     0.000     9.719     0.000
     0.000     8.685     0.000
     0.000     3.376     0.000
     0.000    -0.096     0.000
     0.000    -3.183     0.000
     0.000    -3.727     0.000
     0.000    -5.835     0.000
     0.000    -9.873     0.000
     0.000   -11.398     0.000
     0.000   -11.091     0.000
     0.000    -9.038     0.000
     0.000    -6.631     0.000
     0.000    -4.507     0.000
     0.000    -2.654     0.000
     0.000    -1.422     0.000
     0.000     0.122     0.000
     0.000     1.862     0.000
     0.000     3.563     0.000
     0.000     5.310     0.000
     0.000     6.900     0.000
     0.000     8.548     0.000
     0.000     9.459     0.000
     0.000     9.022     0.000
     0.000     8.451     0.000
     0.000     8.756     0.000
     0.000     8.254     0.000
     0.000     5.822     0.000
     0.000     3.669     0.000
     0.000     2.991     0.000
     0.000     3.448     0.000
     0.000     3.802     0.000
     0.000     1.468     0.000
     0.000    -3.058     0.000
     0.000    -5.557     0.000
     0.000    -7.723     0.000
     0.000   -10.950     0.000
     0.000   -11.735     0.000
     0.000   -11.136     0.000
     0.000    -9.718     0.000
     0.000    -8.075     0.000
     0.000    -5.228     0.000
     0.000    -0.419     0.000
     0.000     2.478     0.000
     0.000     4.522     0.000
     0.000     5.863     0.000
     0.000     5.281     0.000
     0.000     5.093     0.000
     0.000     5.355     0.000
     0.000     5.933     0.000
     0.000     7.454     0.000
     0.000     8.770     0.000
     0.000     9.759     0.000
     0.000     7.673     0.000
     0.000     1.354     0.000
     0.000    -3.416     0.000
     0.000    -4.509     0.000
     0.000    -3.572     0.000
     0.000    -2.515     0.000
     0.000     0.604     0.000
     0.000     4.801     0.000
     0.000     0.296     0.000
     0.000    -7.055     0.000
     0.000    -6.314     0.000
     0.000    -2.736     0.000
     0.000    -1.977     0.000
     0.000    -2.715     0.000
     0.000     0.551     0.000
     0.000     3.445     0.000
     0.000     0.338     0.000
     0.000    -2.316     0.000
     0.000    -1.977     0.000
     0.000     0.181     0.000
     0.000    -1.462     0.000
     0.000    -6.865     0.000
     0.000    -5.449     0.000
     0.000     1.678     0.000
     0.000     4.238     0.000
     0.000     0.893     0.000
     0.000    -0.420     0.000
     0.000     0.039     0.000
     0.000    -0.137     0.000
     0.000    -0.308     0.000
     0.000    -3.126     0.000
     0.000    -2.826     0.000
     0.000     0.412     0.000
     0.000     0.216     0.000
     0.000    -0.895     0.000
     0.000    -1.828     0.000
     0.000    -0.904     0.000
     0.000     1.616     0.000
     0.000     3.023     0.000
     0.000     4.507     0.000
     0.000     6.016     0.000
     0.000     6.893     0.000
     0.000     7.075     0.000
     0.000     7.107     0.000
     0.000     7.603     0.000
     0.000     8.551     0.000
     0.000     9.768     0.000
     0.000    10.725     0.000
     0.000    10.189     0.000
     0.000     7.473     0.000
     0.000     2.878     0.000
     0.000    -2.518     0.000
     0.000    -5.139     0.000
     0.000    -5.508     0.000
     0.000    -7.270     0.000
     0.000    -9.263     0.000
     0.000   -10.421     0.000
     0.000   -10.282     0.000
     0.000    -8.774     0.000
     0.000    -8.024     0.000
     0.000    -7.565     0.000
     0.000    -6.965     0.000
     0.000    -6.244     0.000
     0.000    -5.278     0.000
     0.000    -4.160     0.000
     0.000    -2.307     0.000
     0.000    -0.720     0.000
     0.000     0.385     0.000
     0.000     1.062     0.000
     0.000     1.487     0.000
     0.000     0.185     0.000
     0.000    -1.610     0.000
     0.000     0.438     0.000
     0.000     4.172     0.000
     0.000     6.031     0.000
     0.000     5.768     0.000
     0.000     5.457     0.000
     0.000     5.578     0.000
     0.000     5.552     0.000
     0.000     5.087     0.000
     0.000     3.237     0.000
     0.000     1.561     0.000
     0.000     0.656     0.000
     0.000    -0.676     0.000
     0.000    -2.518     0.000
     0.000    -4.613     0.000
     0.000    -6.350     0.000
     0.000    -7.272     0.000
     0.000    -8.212     0.000
     0.000    -8.153     0.000
     0.000    -5.334     0.000
     0.000    -1.239     0.000
     0.000     1.447     0.000
     0.000     1.521     0.000
     0.000     0.943     0.000
     0.000     1.180     0.000
     0.000     2.335     0.000
     0.000     4.018     0.000
     0.000     5.252     0.000
     0.000     6.522     0.000
     0.000     6.783     0.000
     0.000     4.347     0.000
     0.000     0.985     0.000
     0.000    -2.236     0.000
     0.000    -5.067     0.000
     0.000    -5.561     0.000
     0.000    -4.402     0.000
     0.000    -2.323     0.000
     0.000    -0.267     0.000
     0.000     0.088     0.000
     0.000    -0.529     0.000
     0.000    -2.539     0.000
     0.000    -4.635     0.000
     0.000    -5.505     0.000
     0.000    -4.781     0.000
     0.000    -2.400     0.000
     0.000    -0.779     0.000
     0.000     0.521     0.000
     0.000     1.718     0.000
     0.000     2.231     0.000
     0.000     3.473     0.000
     0.000     5.063     0.000
     0.000     5.606     0.000
     0.000     5.218     0.000
     0.000     4.499     0.000
     0.000     3.180     0.000
     0.000     2.296     0.000
     0.000     2.125     0.000
     0.000     1.786     0.000
     0.000     1.462     0.000
     0.000     0.885     0.000
     0.000    -0.055     0.000
     0.000    -0.922     0.000
     0.000    -1.471     0.000
     0.000    -2.057     0.000
     0.000    -2.369     0.000
     0.000     0.000     0.000
     0.000     0.000     0.000
