********************************************************************************
                       INSTITUTO DE INGENIERIA, UNAM
                   Coordinacion de Instrumentacion Sismica
  Ciudad Universitaria, Apartado Postal 70-472, Coyoacan 04510, Mexico, D.F.
 Tel.(52-5)622-3414    Fax.(52-5)616-1514    e-mail: isismica@pumas.iingen.unam.mx
**************************************************************************************
ARCHIVO ESTANDAR DE ACELERACION:
VERSION DEL FORMATO                    : 2.0
NOMBRE DEL ARCHIVO                     : ARTG8806.171
FECHA Y HORA DE CREACION               : Tue Mar 24 01:37:18 1998
REF. CATALOGO ACELEROGRAMAS, SMIS 1995 : REGISTRO No. 1217 /PAG. 133


================================================================================
DATOS DE LA ESTACION:
NOMBRE DE LA ESTACION                  : ARTEAGA
CLAVE DE LA ESTACION                   : ARTG
LOCALIZACION DE LA ESTACION            : ESCUELA PRIMARIA ANEXA A ESCUELA NORMAL. ARTEAGA,
                                       : MICHOACAN. 
                                       : 
                                       : 
                                       : 
COORDENADAS DE LA ESTACION             : 18.356 LAT. N
                                       : 102.293 LONG. W
ALTITUD (msnm)                         : 780
TIPO DE SUELO                          : ROCA
                                       : 
                                       : 
INSTITUCION RESPONSABLE                : INSTITUTO DE INGENIERIA UNAM 
                                       : 

================================================================================
DATOS DEL ACELEROGRAFO: 
MODELO DEL ACELEROGRAFO                : DCA-333
NUMERO DE SERIE DEL ACELEROGRAFO       : 107
NUMERO DE CANALES                      : 3
ORIENTACION C1-C6 (rumbo;orientacion)  : /V/N90E/N00E
ORIENTACION C7-C12 (rumbo;orientacion) :
VEL. DE MUESTREO, C1-C6 (muestras/s)   : /100/100/100
VEL. DE MUESTREO, C7-C12 (muestras/s)  :
ESC. COMPLETA DE SENSORES, C1-C6, (g)  : /2/2/2
ESC. COMPLETA DE SENSORES, C7-C12 (g)  :
FREC. NAT. DE SENSORES, C1-C6, (Hz)    : /30.0/28.0/31.0
FREC. NAT. DE SENSORES, C7-C12 (Hz)    :
AMORTIGUAMIENTO DE SENSORES, C1-C6     : /0.7/0.7/0.7
AMORTIGUAMIENTO DE SENSORES, C7-C12    :
INTERVALO DE MUESTREO, C1-C6 (s)       : /0.01/0.01/0.01
INTERVALO DE MUESTREO, C7-C12 (s)      :
UMBRAL DE DISPARO, C1-C6 (Gal)         : /6/6/6
UMBRAL DE DISPARO, C7-C12 (Gal)        :
MEMORIA DE PREEVENTO (s)               : 4
TIEMPO DE POSEVENTO (s)                : 15


================================================================================
DATOS DEL SISMO:
FECHA DEL SISMO [GMT]                  : 1988/06/17
HORA EPICENTRO (GMT)                   : 18:10:04.8
MAGNITUD(ES)                           : /Mc=3.80
COORDENADAS DEL EPICENTRO              : 18.686 LAT. N 
                                       : 102.177 LONG. W
PROFUNDIDAD FOCAL (km)                 : < 5
FUENTES DE LOS DATOS EPICENTRALES      : INSTITUTO DE INGENIERIA UNAM
                                       : 

================================================================================
DATOS DE ESTE REGISTRO:
HORA DE LA PRIMERA MUESTRA (GMT)       : 18:10:13.75
EXACTITUD DEL TIEMPO (s)               : 0.01
DURACION DEL REGISTRO (s), C1-C6       : /14.91/14.91/14.91                      
DURACION DEL REGISTRO (s), C7-C12      : 
NUM. TOTAL DE MUESTRAS, C1-C6          : /1491/1491/1491                       
NUM. TOTAL DE MUESTRAS, C7-C12         : 
ACEL. MAX.(Gal), C1-C6                 : /-2.58/10.08/4.51                     
ACEL. MAX., C1-C6, EN LA MUESTRA       : /371/359/342                          
ACEL. MAX.(Gal), C7-C12                : 
ACEL. MAX., C7-C12,EN LA MUESTRA       : 
UNIDADES DE LOS DATOS                  : Gal (cm/s/s)
FACTOR DE DECIMACION                   : 1
FORMATO DATOS (FORTRAN,10 campos/dato) : 3F10.2


================================================================================
CALIDAD DEL ACELEROGRAMA:
REGISTRO DIGITAL COMPLETO CON TIEMPO ABSOLUTO CORRECTO.


===============================================================================
COMENTARIOS:














===============================================================================
DATOS DE ACELERACION:
---------+---------+---------+---------+---------+---------+---------+---------+
   CANAL-1   CANAL-2   CANAL-3
         V      N90E      N00E
---------+---------+---------+---------+---------+---------+---------+---------+
      1.25     -0.45     -0.28
      0.29      0.51     -0.28
     -0.67     -0.45      0.68
     -0.67     -0.45     -0.28
     -0.67     -0.45     -0.28
      0.29      0.51     -0.28
      0.29      0.51     -0.28
      0.29      0.51     -0.28
      0.29     -0.45     -0.28
      0.29     -0.45     -0.28
     -0.67      0.51     -0.28
     -0.67     -0.45      0.68
     -1.62     -0.45     -0.28
      0.29      0.51     -0.28
      0.29     -0.45      0.68
      0.29     -0.45      0.68
      0.29      0.51     -0.28
      0.29      0.51     -0.28
      0.29     -0.45     -0.28
      0.29     -0.45     -0.28
      0.29     -0.45     -0.28
      0.29     -0.45     -0.28
     -0.67     -0.45     -0.28
      0.29      0.51     -0.28
     -0.67     -0.45     -0.28
      0.29     -0.45      0.68
      0.29      0.51     -0.28
      0.29      0.51     -0.28
      0.29      0.51     -0.28
     -0.67      0.51     -0.28
      0.29     -0.45      0.68
      0.29     -0.45     -0.28
      0.29     -0.45      0.68
     -0.67     -0.45      0.68
      0.29      0.51     -0.28
     -0.67      0.51      0.68
      0.29      0.51      0.68
     -0.67     -0.45     -0.28
     -0.67      0.51      0.68
      0.29     -0.45     -0.28
      0.29     -0.45     -0.28
     -0.67     -1.41     -0.28
     -0.67     -1.41      0.68
      0.29      0.51     -0.28
     -0.67     -0.45      0.68
     -0.67      0.51     -0.28
      0.29     -0.45     -0.28
      0.29     -0.45     -0.28
      0.29      0.51      0.68
      0.29     -0.45     -0.28
     -0.67      0.51     -0.28
     -0.67     -0.45     -0.28
      0.29     -0.45     -0.28
      0.29     -0.45      0.68
     -0.67     -0.45     -0.28
      0.29      0.51     -0.28
      0.29      0.51     -0.28
      0.29     -0.45     -0.28
     -0.67      0.51     -0.28
      0.29      0.51     -0.28
     -0.67      0.51      0.68
      0.29      0.51     -0.28
      0.29     -0.45     -0.28
      0.29      0.51      0.68
      0.29      0.51     -0.28
     -0.67      0.51     -0.28
      0.29     -0.45     -0.28
      0.29      0.51     -0.28
     -0.67     -0.45     -0.28
     -0.67     -0.45     -0.28
      1.25     -0.45      0.68
     -0.67      0.51      0.68
     -0.67     -0.45      0.68
      0.29     -0.45     -0.28
      0.29      0.51     -0.28
      0.29     -0.45      0.68
      0.29      0.51      0.68
      0.29      0.51      0.68
     -0.67     -0.45      0.68
      0.29      0.51     -0.28
      0.29      0.51     -0.28
      0.29     -0.45      0.68
      0.29      0.51     -0.28
      0.29      0.51     -0.28
     -0.67     -0.45     -0.28
      0.29     -0.45     -0.28
      0.29      0.51     -0.28
     -0.67      0.51      0.68
      0.29      0.51     -0.28
      0.29      0.51     -0.28
     -0.67     -0.45      0.68
      0.29     -0.45      0.68
      0.29      0.51     -0.28
     -0.67     -0.45      0.68
      0.29     -0.45      0.68
      0.29      0.51     -0.28
      0.29      0.51      0.68
      0.29     -0.45     -0.28
      0.29     -0.45     -0.28
     -0.67      0.51     -0.28
     -0.67      0.51     -0.28
      0.29     -0.45     -0.28
      0.29     -0.45      0.68
     -0.67     -0.45      0.68
      0.29     -0.45     -0.28
      0.29     -0.45     -0.28
      0.29      0.51      0.68
      0.29      0.51     -0.28
      0.29      0.51     -0.28
      0.29     -0.45     -0.28
      0.29      0.51     -0.28
      0.29      0.51      0.68
      0.29      0.51     -0.28
      0.29     -0.45     -0.28
      0.29      0.51     -0.28
     -0.67      0.51     -0.28
     -0.67     -0.45     -0.28
     -0.67     -0.45     -0.28
      0.29      0.51     -0.28
      0.29      0.51      0.68
      0.29      0.51      0.68
      0.29      0.51     -0.28
     -0.67     -0.45     -0.28
      0.29      0.51      0.68
      0.29     -0.45     -0.28
     -0.67     -1.41     -0.28
     -0.67      0.51     -0.28
      0.29      0.51      0.68
      0.29     -0.45     -0.28
      0.29     -0.45      0.68
      0.29      0.51     -0.28
      0.29     -0.45     -0.28
      0.29     -0.45     -0.28
      0.29      0.51     -0.28
     -0.67     -0.45     -0.28
     -0.67     -0.45      0.68
     -0.67      0.51     -0.28
      0.29     -0.45     -0.28
      0.29     -0.45      0.68
     -0.67     -0.45      0.68
     -0.67      0.51     -0.28
      0.29     -0.45     -0.28
      0.29      0.51     -0.28
      0.29     -0.45     -0.28
     -0.67     -0.45      0.68
      0.29     -0.45      0.68
      0.29      0.51     -0.28
      0.29     -0.45     -0.28
      0.29      0.51     -0.28
     -0.67      0.51     -0.28
     -0.67     -0.45     -0.28
      0.29     -0.45     -0.28
      0.29     -0.45      0.68
     -0.67      0.51     -0.28
      0.29      0.51     -0.28
      0.29      0.51     -0.28
     -0.67      0.51      0.68
      0.29     -0.45     -0.28
     -0.67     -0.45     -0.28
      0.29     -0.45     -0.28
      0.29     -0.45     -0.28
      0.29      0.51     -0.28
      0.29     -0.45     -0.28
     -0.67      0.51     -0.28
      0.29      0.51     -0.28
      0.29     -0.45     -0.28
     -0.67      0.51      0.68
      0.29      0.51      0.68
     -0.67     -0.45     -0.28
      0.29      0.51     -0.28
      0.29     -0.45     -0.28
      0.29     -0.45      0.68
      0.29      0.51      0.68
      0.29      0.51      0.68
      0.29     -1.41     -0.28
      0.29      0.51     -0.28
      0.29      0.51     -0.28
     -0.67      0.51      0.68
      0.29      0.51     -0.28
      0.29      0.51      0.68
      0.29     -0.45      0.68
      0.29      0.51     -0.28
      0.29      0.51     -0.28
      0.29     -0.45     -0.28
      0.29      0.51     -0.28
     -0.67     -0.45     -0.28
      0.29      0.51     -0.28
      0.29     -0.45      0.68
      0.29      0.51     -0.28
     -0.67      0.51     -0.28
      0.29      0.51     -0.28
     -0.67      0.51     -0.28
      0.29     -0.45      0.68
      0.29     -0.45     -0.28
      0.29     -0.45     -0.28
     -0.67      0.51     -0.28
     -0.67     -0.45     -0.28
      0.29     -0.45      0.68
     -0.67     -0.45     -0.28
      0.29     -0.45     -0.28
      0.29      0.51      0.68
      0.29      0.51      0.68
      0.29      0.51     -0.28
      0.29     -0.45     -0.28
     -0.67      0.51     -0.28
      0.29     -0.45      0.68
      0.29     -0.45     -0.28
      0.29      0.51     -0.28
     -0.67      0.51      0.68
     -0.67     -0.45     -0.28
      0.29     -0.45      0.68
      0.29      0.51      0.68
      0.29      0.51     -0.28
      0.29     -0.45     -0.28
     -0.67     -0.45      0.68
      0.29     -0.45     -0.28
      0.29     -0.45     -0.28
     -0.67     -0.45      0.68
     -0.67      0.51      0.68
      0.29      0.51     -0.28
      0.29      0.51     -0.28
      0.29      0.51      0.68
      0.29     -0.45     -0.28
     -0.67     -0.45     -0.28
      0.29     -0.45      0.68
      0.29     -0.45     -0.28
     -0.67     -0.45     -0.28
      0.29     -0.45      0.68
      0.29     -0.45      0.68
      0.29      0.51     -0.28
      0.29     -0.45      0.68
      0.29     -0.45     -0.28
      0.29      0.51     -0.28
     -0.67      0.51     -0.28
      0.29     -0.45     -0.28
     -0.67      0.51      0.68
      0.29     -0.45      0.68
      0.29      0.51     -0.28
     -0.67      0.51      0.68
      0.29     -0.45     -0.28
      0.29     -0.45      0.68
      0.29     -0.45      0.68
      0.29      0.51     -0.28
     -0.67     -0.45     -0.28
      0.29      0.51     -0.28
      0.29      0.51     -0.28
     -0.67      0.51      0.68
      0.29     -0.45     -0.28
      0.29     -0.45      0.68
      0.29      0.51     -0.28
     -0.67     -0.45     -0.28
     -0.67      0.51      0.68
     -0.67     -0.45      0.68
      0.29     -0.45      0.68
      0.29     -0.45     -0.28
     -0.67     -0.45     -0.28
      0.29      0.51     -0.28
      0.29      0.51      0.68
      0.29     -0.45      0.68
      0.29     -0.45     -0.28
     -0.67     -0.45     -0.28
     -0.67     -0.45     -0.28
      0.29      0.51     -0.28
      0.29      0.51     -0.28
      0.29      0.51      0.68
      0.29      0.51      0.68
      0.29     -0.45     -0.28
      0.29     -0.45     -0.28
     -0.67     -0.45      0.68
     -0.67      0.51     -0.28
      0.29      0.51     -0.28
      0.29     -0.45     -0.28
      0.29      0.51      0.68
     -0.67      0.51      0.68
      0.29     -0.45      0.68
      0.29     -0.45     -0.28
      0.29     -0.45     -0.28
      0.29      0.51     -0.28
      0.29     -0.45     -0.28
      0.29      0.51     -0.28
     -0.67      0.51     -0.28
      0.29     -0.45     -0.28
      0.29     -0.45     -0.28
      0.29      0.51      0.68
     -0.67      0.51     -0.28
      0.29     -0.45     -0.28
      0.29     -0.45      0.68
      0.29     -0.45     -0.28
      0.29     -0.45     -0.28
     -0.67      0.51     -0.28
      0.29     -0.45     -0.28
     -0.67      0.51     -0.28
      0.29      0.51      0.68
      0.29      0.51      0.68
      0.29      0.51     -0.28
      0.29      0.51     -0.28
     -0.67     -0.45      0.68
     -0.67     -0.45      0.68
     -0.67     -0.45     -0.28
      0.29     -0.45     -0.28
      0.29      0.51     -0.28
      0.29     -0.45     -0.28
      0.29     -0.45      0.68
      0.29      0.51      0.68
      0.29     -0.45     -0.28
      0.29     -0.45     -0.28
     -0.67     -0.45      0.68
     -0.67     -0.45      0.68
      0.29      0.51     -0.28
     -0.67      0.51     -0.28
      0.29     -0.45     -0.28
      0.29     -0.45     -0.28
      0.29     -0.45     -0.28
      0.29      0.51      0.68
     -0.67      0.51      0.68
      0.29     -0.45     -0.28
      0.29      0.51      0.68
      0.29      0.51      0.68
     -0.67     -0.45     -0.28
      0.29     -1.41     -0.28
      0.29     -0.45      0.68
      0.29     -0.45      0.68
      0.29      0.51     -0.28
     -0.67      0.51     -0.28
     -0.67      0.51     -0.28
      0.29     -0.45     -0.28
      0.29      0.51     -0.28
      0.29     -0.45     -0.28
      0.29     -0.45     -0.28
      0.29     -0.45     -0.28
     -0.67      0.51     -0.28
     -0.67     -0.45      0.68
      0.29     -0.45     -0.28
     -0.67     -0.45      0.68
      0.29     -0.45     -0.28
      0.29     -0.45     -0.28
      0.29     -0.45     -0.28
      0.29     -2.36     -0.28
      0.29     -2.36     -0.28
      0.29     -0.45     -0.28
     -0.67      1.46      1.63
     -0.67      4.34      3.55
     -0.67      5.29      4.51
     -0.67      4.34      4.51
     -0.67      1.46      3.55
      0.29     -0.45     -0.28
      0.29     -3.32     -2.19
      1.25     -4.28     -3.15
      1.25     -4.28     -3.15
      0.29     -3.32     -2.19
     -0.67      0.51     -1.24
     -0.67      6.25     -0.28
     -0.67      7.21     -0.28
     -0.67      3.38     -1.24
     -0.67     -4.28     -2.19
      1.25     -8.11     -4.11
      0.29     -7.15     -3.15
     -0.67     -1.41     -0.28
     -1.62      5.29      3.55
     -1.62     10.08      3.55
     -0.67      8.16      1.63
      1.25      3.38     -0.28
      1.25     -3.32     -2.19
      0.29     -5.24     -4.11
     -0.67     -3.32     -0.28
      0.29      0.51      3.55
      1.25      3.38      4.51
      1.25      2.42      2.59
      0.29     -4.28     -0.28
      1.25     -5.24      1.63
     -0.67     -4.28      1.63
     -2.58     -0.45     -0.28
     -2.58      0.51     -0.28
     -0.67      2.42      0.68
      1.25      3.38      0.68
      1.25      0.51     -2.19
      1.25      0.51     -3.15
     -1.62      2.42      2.59
     -2.58     -0.45      2.59
     -0.67     -3.32     -0.28
     -0.67     -1.41     -2.19
      1.25     -2.36     -0.28
      0.29     -1.41     -0.28
     -0.67      2.42     -0.28
      0.29      2.42      1.63
      0.29      0.51      2.59
      0.29     -1.41      2.59
      1.25     -1.41      0.68
      0.29     -1.41     -3.15
      0.29      1.46     -3.15
     -0.67      0.51     -1.24
     -1.62     -1.41     -0.28
     -0.67     -0.45      1.63
     -0.67     -0.45      2.59
      0.29     -1.41      1.63
      1.25      0.51     -0.28
      1.25      0.51     -2.19
      1.25      0.51     -0.28
      1.25      0.51     -0.28
      0.29      0.51     -0.28
     -1.62      2.42      0.68
     -0.67      1.46      1.63
      1.25     -1.41      0.68
     -0.67     -1.41     -0.28
      0.29     -1.41     -0.28
      0.29     -0.45     -0.28
     -1.62     -1.41      1.63
     -0.67      0.51      0.68
     -0.67      0.51     -0.28
     -1.62     -0.45     -0.28
     -0.67      0.51     -0.28
      0.29      0.51     -1.24
      2.20     -2.36     -2.19
      2.20     -2.36     -1.24
     -0.67     -0.45      0.68
     -1.62      2.42      1.63
     -0.67      1.46      1.63
      0.29      0.51      0.68
      0.29      0.51     -0.28
      0.29      0.51      0.68
      0.29      0.51      0.68
      1.25     -1.41      0.68
      0.29     -2.36     -0.28
      0.29     -0.45     -1.24
      0.29      0.51     -0.28
      0.29     -0.45      0.68
      0.29     -0.45      1.63
      0.29     -0.45      0.68
      0.29      1.46      0.68
      0.29      1.46      2.59
      0.29      0.51     -0.28
     -0.67     -0.45     -3.15
     -0.67      0.51     -1.24
     -0.67     -0.45     -0.28
     -1.62     -0.45     -0.28
     -0.67     -0.45     -0.28
      0.29      0.51     -1.24
     -0.67     -0.45     -0.28
      1.25     -0.45      0.68
      0.29     -0.45     -0.28
      1.25     -0.45      0.68
      1.25      0.51      0.68
      0.29      1.46     -0.28
     -0.67      1.46      0.68
     -0.67     -0.45      0.68
      0.29      0.51     -0.28
      0.29      1.46     -0.28
      0.29     -0.45     -1.24
     -0.67     -2.36      0.68
     -0.67     -0.45      0.68
      0.29      0.51     -0.28
      0.29     -0.45     -0.28
     -0.67      0.51      1.63
      0.29      1.46      0.68
      0.29      0.51     -0.28
      0.29     -0.45     -1.24
      0.29     -1.41     -0.28
     -0.67     -0.45     -0.28
     -0.67     -0.45      0.68
      0.29     -0.45     -0.28
      1.25     -0.45      0.68
      0.29      0.51     -0.28
      0.29      1.46     -0.28
      0.29     -0.45      0.68
      0.29     -0.45      1.63
     -0.67      0.51      0.68
     -0.67      1.46     -0.28
      1.25     -0.45     -1.24
      0.29      0.51     -1.24
     -0.67      0.51     -0.28
     -0.67      0.51      0.68
      1.25     -0.45      0.68
      0.29     -1.41     -0.28
      0.29     -0.45     -0.28
     -0.67      0.51     -0.28
     -0.67     -0.45     -0.28
     -0.67     -0.45     -0.28
     -1.62      0.51     -0.28
     -0.67      1.46     -0.28
      0.29      0.51      0.68
      0.29     -0.45      0.68
      0.29     -0.45     -0.28
     -0.67     -0.45      0.68
     -0.67     -0.45      0.68
      1.25     -0.45      0.68
      1.25     -0.45      0.68
      0.29      0.51      0.68
      0.29     -0.45      0.68
      0.29     -0.45     -0.28
      0.29     -0.45     -1.24
      0.29      1.46     -0.28
      1.25      0.51     -0.28
      0.29     -1.41     -1.24
     -0.67     -1.41     -0.28
     -1.62      0.51     -0.28
     -0.67      0.51     -0.28
     -1.62      0.51     -0.28
     -1.62     -0.45     -0.28
      0.29     -1.41     -0.28
      0.29     -0.45     -0.28
      0.29     -0.45      0.68
      0.29      0.51      1.63
     -0.67      0.51      0.68
      0.29      0.51      0.68
      0.29     -0.45     -0.28
      0.29     -1.41     -0.28
      0.29     -0.45      0.68
      1.25     -0.45      0.68
      1.25     -0.45     -0.28
      0.29      0.51     -0.28
      0.29      1.46     -0.28
     -0.67     -0.45     -0.28
     -0.67     -0.45      0.68
     -0.67      0.51      0.68
      0.29     -0.45     -0.28
     -0.67     -0.45     -0.28
      0.29      0.51      0.68
     -0.67      1.46     -0.28
     -0.67      0.51     -0.28
     -0.67      0.51      0.68
      0.29     -0.45      0.68
      1.25     -0.45     -0.28
      0.29     -0.45      0.68
      0.29      0.51     -0.28
      0.29      0.51      0.68
      0.29      0.51     -1.24
     -0.67     -0.45     -1.24
      0.29     -0.45     -1.24
      0.29      0.51      0.68
     -0.67      0.51      0.68
     -0.67     -1.41     -1.24
      0.29     -1.41     -0.28
      0.29     -0.45      0.68
     -0.67      0.51      0.68
      0.29      0.51     -0.28
      0.29      0.51     -0.28
      0.29      0.51     -0.28
      0.29      0.51     -0.28
      0.29      0.51      0.68
     -1.62     -0.45     -0.28
      0.29     -0.45     -0.28
      0.29     -0.45     -0.28
     -0.67     -0.45     -0.28
      0.29     -0.45     -0.28
      0.29      0.51      0.68
      0.29     -0.45      0.68
      0.29     -0.45      0.68
      0.29      0.51     -0.28
     -0.67      0.51      0.68
      0.29      0.51      0.68
      0.29      0.51     -0.28
      0.29      0.51     -0.28
      0.29     -1.41     -0.28
      0.29     -0.45     -0.28
     -0.67      0.51      0.68
      0.29      0.51      0.68
      1.25      0.51      0.68
      0.29     -0.45     -1.24
     -0.67     -0.45     -0.28
     -1.62     -0.45     -0.28
     -0.67     -0.45     -0.28
      0.29     -0.45     -0.28
      0.29      0.51     -0.28
     -0.67      0.51     -1.24
     -0.67     -1.41     -1.24
      0.29     -0.45      0.68
      0.29     -0.45     -0.28
      0.29     -0.45     -0.28
      0.29     -0.45     -0.28
      0.29      0.51     -0.28
      0.29      0.51     -0.28
     -0.67     -0.45     -0.28
      0.29     -0.45      0.68
      0.29      0.51      0.68
     -0.67      0.51     -0.28
     -0.67     -0.45     -0.28
      0.29     -0.45      0.68
      0.29      0.51      1.63
      0.29      0.51      0.68
      0.29     -0.45     -0.28
     -0.67     -1.41     -0.28
     -0.67     -0.45      0.68
      0.29     -0.45      0.68
     -0.67      0.51      0.68
     -0.67      0.51      0.68
      0.29      0.51      0.68
      0.29     -0.45     -0.28
      0.29     -0.45     -1.24
      1.25     -1.41      0.68
      0.29     -0.45     -0.28
     -0.67      0.51     -1.24
      0.29     -0.45     -0.28
     -0.67     -0.45     -0.28
     -0.67      0.51      0.68
     -0.67      0.51      0.68
      0.29      0.51     -0.28
     -0.67      0.51     -1.24
      0.29     -0.45     -1.24
     -0.67     -0.45      0.68
     -0.67      0.51      0.68
     -0.67      0.51     -0.28
      0.29     -0.45     -0.28
      1.25     -0.45      0.68
      0.29     -0.45      0.68
      0.29      0.51     -0.28
      0.29     -1.41     -0.28
      0.29     -0.45     -0.28
      0.29     -1.41      0.68
      0.29      0.51     -0.28
      0.29      0.51      0.68
      0.29     -0.45      0.68
      0.29     -0.45      0.68
      0.29      0.51     -0.28
     -0.67     -0.45     -0.28
     -0.67      0.51     -0.28
      0.29     -0.45      0.68
     -0.67     -0.45     -0.28
     -0.67      0.51     -0.28
     -0.67      0.51     -0.28
     -0.67     -0.45      0.68
     -0.67     -0.45      0.68
      0.29      0.51     -0.28
      0.29     -0.45     -0.28
      0.29     -0.45     -0.28
      0.29     -0.45     -0.28
      0.29      0.51      0.68
      0.29      0.51      0.68
      0.29      0.51     -0.28
      0.29     -0.45      0.68
      0.29     -0.45     -0.28
      0.29      0.51     -0.28
     -0.67      0.51     -0.28
     -0.67     -1.41      0.68
     -0.67     -0.45      0.68
      0.29     -0.45      0.68
      0.29      0.51      0.68
      0.29      0.51     -0.28
     -0.67      0.51     -0.28
     -0.67     -0.45      0.68
      0.29     -0.45     -0.28
      0.29     -0.45     -0.28
      0.29     -0.45     -0.28
      0.29      0.51      0.68
     -0.67      0.51      0.68
      0.29     -0.45     -0.28
      0.29     -0.45     -0.28
      0.29      0.51      0.68
      0.29      0.51     -0.28
      0.29     -0.45     -0.28
      0.29     -0.45      0.68
      0.29      0.51      0.68
     -0.67     -0.45      0.68
      0.29     -0.45      0.68
      0.29     -0.45      0.68
      0.29      0.51      0.68
     -0.67      0.51      0.68
      0.29     -0.45      0.68
      0.29     -0.45     -0.28
      0.29     -0.45     -0.28
     -0.67     -0.45     -1.24
     -0.67      0.51     -0.28
     -0.67      0.51      0.68
      0.29     -0.45      0.68
      0.29     -0.45     -0.28
     -0.67     -0.45      0.68
     -0.67     -0.45     -0.28
      0.29     -0.45     -0.28
      0.29     -0.45     -0.28
      0.29      0.51      0.68
      0.29     -0.45      0.68
      0.29     -0.45      0.68
     -0.67      0.51     -1.24
     -0.67     -0.45     -0.28
     -0.67     -0.45     -0.28
      0.29      0.51     -0.28
     -0.67      0.51     -0.28
      0.29     -0.45      0.68
      0.29     -0.45      0.68
      0.29     -0.45     -0.28
     -0.67     -0.45     -0.28
      0.29     -0.45     -0.28
      0.29     -0.45      0.68
      0.29     -0.45      0.68
      0.29     -0.45      0.68
      0.29     -0.45     -0.28
      0.29      0.51     -0.28
      0.29      0.51      0.68
      0.29      0.51     -0.28
      0.29      0.51     -0.28
      0.29      0.51     -0.28
      0.29      0.51     -0.28
     -0.67     -0.45      0.68
      0.29      0.51     -0.28
      0.29      0.51     -0.28
     -0.67     -0.45     -0.28
      0.29     -0.45      0.68
      0.29      0.51     -0.28
     -0.67      0.51     -0.28
      0.29     -0.45     -0.28
      0.29     -1.41     -0.28
     -0.67      0.51      0.68
      0.29      0.51     -0.28
      0.29     -0.45     -0.28
     -0.67      0.51     -0.28
     -0.67      0.51     -0.28
     -0.67      0.51      0.68
      0.29     -1.41      0.68
      0.29     -0.45     -0.28
     -0.67      0.51     -0.28
      0.29     -0.45     -0.28
      0.29     -1.41     -0.28
      0.29      0.51     -0.28
      0.29     -0.45     -0.28
      0.29      0.51     -0.28
      0.29     -0.45      0.68
     -0.67     -0.45     -0.28
      0.29      0.51     -0.28
      0.29      0.51     -0.28
     -0.67      0.51     -0.28
     -0.67     -0.45      0.68
      0.29     -0.45     -0.28
      0.29     -0.45     -0.28
      0.29      0.51      0.68
      0.29      0.51      0.68
      0.29      0.51     -0.28
      0.29     -0.45     -0.28
      0.29     -0.45     -0.28
      0.29     -0.45     -0.28
     -0.67     -0.45     -0.28
      0.29      0.51      0.68
      0.29     -0.45      0.68
      0.29     -0.45      0.68
      0.29     -0.45     -0.28
     -0.67     -0.45     -0.28
     -0.67     -0.45     -0.28
     -0.67      0.51     -0.28
      0.29      0.51     -0.28
      0.29      0.51     -0.28
      0.29     -0.45      0.68
      0.29     -0.45     -0.28
      0.29      0.51     -0.28
      0.29     -0.45     -0.28
      0.29     -1.41      0.68
     -0.67     -0.45      0.68
     -0.67     -1.41     -0.28
      0.29     -0.45     -0.28
      0.29     -0.45     -0.28
     -0.67      0.51      0.68
      0.29      0.51      0.68
      0.29     -0.45      0.68
      0.29     -0.45     -0.28
      0.29      0.51     -0.28
      0.29     -0.45      0.68
      0.29      0.51     -0.28
      0.29     -0.45     -0.28
      0.29     -0.45      0.68
     -0.67     -1.41     -1.24
     -0.67     -0.45     -1.24
      0.29      0.51     -0.28
      0.29      0.51     -0.28
      0.29     -0.45     -0.28
     -0.67     -0.45     -0.28
      0.29      0.51      0.68
     -0.67     -1.41     -0.28
      0.29      0.51      0.68
      0.29      0.51      0.68
      0.29     -0.45      0.68
      0.29     -0.45     -0.28
     -0.67     -0.45     -1.24
     -0.67     -0.45      0.68
      0.29      0.51     -0.28
     -0.67     -0.45     -0.28
      0.29      0.51     -0.28
      0.29     -0.45     -0.28
      0.29     -0.45      0.68
     -0.67     -1.41     -0.28
     -0.67      0.51     -0.28
      0.29      0.51      0.68
      0.29     -0.45     -0.28
      0.29     -0.45     -0.28
      0.29      0.51     -0.28
     -0.67      0.51     -0.28
     -0.67      0.51     -0.28
      0.29      0.51     -0.28
      0.29     -0.45     -0.28
      0.29     -0.45     -0.28
      0.29     -0.45     -0.28
      0.29     -0.45     -0.28
      0.29     -0.45      0.68
      0.29     -0.45      0.68
     -0.67     -0.45     -0.28
      0.29      0.51     -0.28
     -0.67      0.51      0.68
      0.29     -0.45      0.68
      0.29     -0.45     -0.28
      0.29     -0.45     -0.28
      0.29      0.51     -0.28
     -0.67     -0.45      0.68
     -0.67     -0.45      0.68
     -0.67      0.51     -0.28
      0.29     -0.45     -0.28
      0.29     -0.45      0.68
      0.29     -0.45      0.68
      0.29      0.51     -0.28
     -0.67      0.51     -0.28
     -0.67      0.51     -0.28
      0.29     -0.45     -0.28
      0.29     -0.45     -0.28
      0.29      0.51     -0.28
      0.29      0.51      0.68
      0.29     -0.45      0.68
      0.29     -0.45      0.68
      0.29     -0.45     -0.28
     -0.67     -0.45     -0.28
      0.29      0.51      0.68
      0.29      0.51     -0.28
     -0.67      0.51     -0.28
      0.29      0.51     -0.28
      0.29     -0.45     -0.28
      0.29     -0.45      0.68
      0.29      0.51      0.68
     -0.67      0.51      0.68
      0.29     -0.45     -0.28
     -0.67     -0.45     -0.28
      0.29     -0.45     -0.28
      0.29     -0.45     -0.28
      0.29     -0.45     -0.28
      0.29      0.51      0.68
      0.29      0.51     -0.28
      0.29      0.51     -1.24
      0.29      0.51     -0.28
      0.29     -0.45     -0.28
     -0.67     -0.45      0.68
      0.29      0.51     -0.28
      0.29      0.51     -0.28
      0.29     -0.45     -0.28
      0.29     -0.45     -0.28
      0.29      0.51      0.68
     -0.67      0.51      0.68
      0.29      0.51     -0.28
      0.29      0.51      0.68
      0.29     -0.45      0.68
      0.29     -0.45      0.68
      0.29     -0.45      0.68
     -0.67      0.51     -0.28
     -0.67     -0.45      0.68
     -0.67     -0.45     -0.28
      0.29     -0.45     -0.28
      0.29      0.51     -0.28
     -0.67      0.51     -0.28
     -0.67      0.51     -0.28
      0.29      0.51      0.68
      0.29     -0.45     -0.28
      0.29     -0.45     -1.24
      0.29     -0.45      0.68
     -0.67      0.51      0.68
      0.29      0.51     -0.28
     -0.67     -0.45     -0.28
      0.29     -0.45     -0.28
     -0.67      0.51      0.68
      0.29      0.51     -0.28
      0.29      0.51      0.68
      0.29     -0.45     -0.28
      0.29     -0.45     -0.28
      0.29      0.51      0.68
      0.29     -0.45      0.68
      0.29     -0.45     -0.28
     -0.67     -0.45     -0.28
      0.29      0.51     -0.28
     -0.67      0.51     -0.28
      0.29     -0.45     -0.28
      0.29     -0.45     -0.28
      0.29     -0.45     -0.28
     -0.67     -0.45     -0.28
      0.29      0.51     -0.28
      0.29      0.51     -0.28
      0.29     -0.45      0.68
      0.29      0.51      0.68
      0.29      0.51      0.68
     -0.67     -0.45     -0.28
      0.29      0.51     -0.28
      0.29      0.51     -0.28
      0.29     -0.45      0.68
     -0.67     -0.45     -0.28
      0.29     -0.45     -0.28
      0.29      0.51     -0.28
      0.29      0.51     -0.28
      0.29      0.51     -0.28
     -0.67     -0.45      0.68
      0.29      0.51      0.68
      0.29     -0.45     -0.28
      0.29     -0.45      0.68
      0.29     -0.45     -0.28
     -0.67      0.51     -0.28
      0.29      0.51     -0.28
      0.29     -0.45      0.68
      0.29      0.51     -0.28
      0.29      0.51      0.68
      0.29     -0.45     -0.28
      0.29     -0.45     -0.28
      0.29      0.51     -0.28
      0.29     -0.45      0.68
      0.29      0.51     -0.28
      0.29      0.51     -0.28
      0.29     -0.45      0.68
     -0.67      0.51      0.68
      0.29     -0.45     -0.28
      0.29     -0.45     -0.28
      0.29     -0.45     -0.28
      0.29     -0.45     -0.28
      0.29     -0.45     -0.28
      0.29     -0.45     -0.28
     -0.67     -0.45     -0.28
      0.29     -0.45     -0.28
      0.29     -0.45     -0.28
      0.29      0.51     -0.28
      0.29      0.51      0.68
      0.29      0.51     -0.28
      0.29      0.51     -0.28
      0.29     -0.45     -0.28
     -0.67     -0.45      0.68
     -0.67     -0.45      0.68
      0.29      0.51      0.68
      0.29     -0.45     -0.28
      0.29      0.51     -0.28
      0.29      0.51     -0.28
      0.29      0.51     -0.28
      0.29     -0.45     -0.28
     -0.67     -0.45     -0.28
      0.29     -0.45     -0.28
      0.29     -0.45     -0.28
      0.29     -0.45     -0.28
      0.29      0.51     -0.28
      0.29     -0.45     -0.28
      0.29     -0.45      0.68
      0.29     -0.45     -0.28
      0.29     -0.45     -0.28
      0.29     -0.45     -0.28
      0.29     -0.45     -0.28
      0.29      0.51     -0.28
     -0.67      0.51      0.68
     -0.67      0.51     -0.28
     -0.67     -0.45     -0.28
      0.29     -0.45      0.68
      0.29     -0.45     -0.28
      0.29      0.51     -0.28
      0.29     -1.41     -0.28
     -0.67      0.51      0.68
      0.29     -0.45     -0.28
      0.29     -0.45     -0.28
      0.29      0.51      0.68
      0.29      0.51     -0.28
      0.29     -0.45      0.68
     -0.67     -0.45     -0.28
      0.29     -0.45     -0.28
      0.29     -0.45     -0.28
      0.29     -0.45      0.68
      0.29      0.51     -0.28
      0.29     -0.45     -0.28
     -0.67     -0.45      0.68
      0.29     -0.45      0.68
     -0.67      0.51     -0.28
      0.29     -0.45     -0.28
      0.29     -1.41     -0.28
      0.29      0.51     -0.28
     -0.67     -0.45     -0.28
      0.29     -0.45     -0.28
      0.29      0.51     -0.28
      0.29     -0.45     -0.28
      0.29     -0.45     -0.28
      0.29     -0.45      0.68
     -1.62     -0.45      0.68
     -0.67      0.51     -0.28
     -0.67      0.51     -0.28
      0.29     -0.45     -0.28
      0.29     -0.45     -0.28
      0.29     -0.45      0.68
     -0.67      0.51     -0.28
      0.29     -0.45     -0.28
      0.29     -0.45     -0.28
      0.29      0.51      0.68
      0.29      0.51      0.68
      0.29     -0.45     -0.28
      0.29     -0.45     -0.28
      0.29      0.51      0.68
      0.29     -0.45      0.68
      0.29     -0.45     -0.28
      0.29      0.51     -0.28
      0.29      0.51     -0.28
      0.29     -0.45     -0.28
      0.29     -0.45      0.68
      0.29     -0.45     -0.28
      0.29     -0.45     -0.28
      0.29      0.51     -0.28
      0.29     -0.45     -0.28
      0.29     -0.45     -0.28
      0.29      0.51      0.68
      0.29      0.51      0.68
      0.29      0.51     -0.28
      0.29      0.51     -0.28
      0.29     -0.45     -0.28
      0.29     -0.45      0.68
      0.29     -0.45     -0.28
      0.29      0.51     -0.28
      0.29      0.51     -1.24
      0.29     -0.45      0.68
      0.29      0.51      0.68
      0.29     -0.45     -0.28
      0.29     -0.45     -0.28
      0.29     -0.45     -0.28
      0.29     -0.45     -0.28
      0.29     -0.45      0.68
      0.29      0.51     -0.28
     -0.67     -0.45      0.68
      0.29     -0.45     -0.28
      0.29      0.51     -0.28
      0.29     -0.45     -0.28
      0.29     -0.45     -0.28
      0.29     -0.45      0.68
      0.29     -0.45     -0.28
      0.29     -0.45     -0.28
      0.29     -0.45      0.68
      0.29     -0.45     -0.28
      0.29     -0.45     -0.28
      0.29     -0.45     -0.28
      0.29     -0.45     -1.24
      0.29      0.51     -0.28
      0.29     -0.45      0.68
      0.29     -0.45      0.68
      0.29     -0.45     -0.28
      0.29     -0.45      0.68
     -0.67      0.51     -0.28
     -0.67     -0.45     -0.28
      0.29     -0.45      0.68
      0.29     -0.45     -0.28
      0.29     -0.45     -0.28
      0.29     -0.45     -0.28
      0.29     -0.45     -0.28
      0.29     -0.45      0.68
      0.29     -0.45     -0.28
      0.29      0.51     -0.28
      0.29      0.51     -0.28
      0.29     -0.45     -0.28
     -0.67     -0.45     -0.28
      0.29     -0.45     -0.28
      0.29      0.51     -0.28
      0.29      0.51      0.68
      0.29     -0.45     -0.28
     -0.67     -0.45     -0.28
      0.29     -0.45     -0.28
      0.29     -0.45     -0.28
      0.29     -0.45     -0.28
      0.29     -1.41     -0.28
      0.29      0.51      0.68
      0.29      0.51     -1.24
     -0.67     -0.45     -0.28
      0.29     -0.45     -0.28
      0.29     -0.45     -0.28
      0.29     -0.45     -0.28
     -0.67     -0.45     -0.28
      0.29     -0.45      0.68
      0.29     -0.45      0.68
      0.29      0.51     -0.28
     -0.67     -0.45     -0.28
      0.29     -0.45     -0.28
     -0.67     -0.45     -0.28
      0.29      0.51     -0.28
      0.29      0.51     -0.28
      0.29      0.51     -0.28
      0.29     -0.45     -1.24
      0.29     -0.45     -0.28
      0.29      0.51     -0.28
      0.29      0.51     -0.28
      0.29      0.51     -0.28
     -0.67     -0.45      0.68
      0.29     -0.45      0.68
      0.29     -0.45      0.68
      0.29      0.51     -0.28
      0.29      0.51     -0.28
      0.29     -0.45     -0.28
      0.29     -0.45     -0.28
      0.29     -0.45     -0.28
      0.29      0.51     -0.28
      0.29      0.51      0.68
      0.29     -0.45      0.68
      0.29     -0.45     -0.28
      0.29      0.51     -0.28
     -0.67      0.51      0.68
      0.29      0.51      0.68
      0.29     -0.45     -0.28
      0.29     -0.45     -0.28
      0.29     -0.45     -0.28
      0.29     -0.45     -0.28
      0.29      0.51      0.68
      0.29     -0.45      0.68
      0.29     -0.45     -0.28
      0.29     -0.45     -0.28
     -0.67     -0.45     -0.28
      0.29      0.51      0.68
      0.29     -0.45     -0.28
      0.29      0.51     -0.28
      0.29     -0.45     -0.28
      0.29     -0.45     -0.28
      0.29     -0.45      0.68
      0.29      0.51     -0.28
      0.29      0.51     -0.28
      0.29      0.51     -0.28
      0.29      0.51     -0.28
      0.29     -0.45     -0.28
      0.29     -0.45     -0.28
      0.29      0.51      0.68
      0.29     -0.45     -0.28
      0.29     -0.45     -0.28
      0.29     -0.45      0.68
      0.29     -0.45     -0.28
      0.29     -0.45      0.68
     -0.67      0.51      0.68
      0.29     -0.45     -0.28
      0.29     -0.45     -0.28
      0.29     -0.45     -0.28
      0.29     -0.45      0.68
     -0.67     -0.45      0.68
      0.29      0.51     -0.28
      0.29     -0.45     -0.28
      0.29     -0.45     -0.28
      0.29      0.51      0.68
      0.29      0.51      0.68
      0.29      0.51      0.68
      0.29     -0.45     -0.28
      0.29     -0.45     -1.24
      0.29      0.51     -0.28
      0.29      0.51     -0.28
      0.29     -0.45     -0.28
      0.29     -0.45      0.68
      0.29     -0.45      0.68
     -0.67      0.51     -0.28
      0.29      0.51     -0.28
      0.29      0.51     -0.28
      0.29     -0.45      0.68
     -0.67     -0.45     -0.28
      0.29     -0.45     -0.28
      0.29     -0.45      0.68
      0.29     -0.45      0.68
      0.29      0.51      0.68
      0.29      0.51      0.68
      0.29      0.51     -0.28
      0.29     -0.45     -0.28
      0.29     -0.45      0.68
      0.29      0.51     -0.28
      0.29      0.51     -0.28
      0.29      0.51     -0.28
     -0.67     -0.45     -0.28
      0.29     -0.45     -0.28
      0.29     -0.45     -0.28
      0.29     -0.45      0.68
      0.29     -0.45      0.68
      0.29      0.51     -0.28
      0.29     -0.45     -0.28
      0.29      0.51     -0.28
      0.29     -0.45     -0.28
     -0.67     -0.45     -0.28
      0.29      0.51     -0.28
      0.29     -0.45     -0.28
      0.29     -0.45     -0.28
      0.29     -0.45      0.68
      0.29     -0.45     -0.28
      0.29      0.51      0.68
      0.29     -0.45     -0.28
      0.29     -0.45     -0.28
      0.29     -0.45     -0.28
      0.29      0.51     -0.28
      0.29      0.51      0.68
      0.29      0.51      0.68
      0.29     -0.45     -0.28
     -0.67     -0.45     -0.28
      0.29     -0.45      0.68
      0.29     -0.45     -0.28
      0.29      0.51     -0.28
      0.29      0.51      0.68
      0.29     -0.45     -0.28
      0.29     -0.45     -0.28
      0.29     -0.45     -0.28
      0.29     -0.45     -0.28
      0.29      0.51     -0.28
      0.29      0.51      0.68
      0.29      0.51      0.68
      0.29      0.51     -0.28
      0.29     -0.45     -0.28
      0.29     -0.45     -0.28
      0.29      0.51     -0.28
      0.29     -0.45      0.68
      0.29      0.51      0.68
     -0.67     -0.45     -0.28
      0.29     -0.45     -0.28
      0.29      0.51     -0.28
      0.29     -0.45     -0.28
      0.29      0.51      0.68
      0.29     -1.41     -0.28
      0.29     -0.45     -0.28
     -0.67      0.51      0.68
     -0.67      0.51     -0.28
      0.29     -0.45     -0.28
      0.29     -0.45     -0.28
      0.29     -0.45     -0.28
     -0.67      0.51      0.68
     -0.67     -0.45     -0.28
      0.29     -0.45     -0.28
      0.29     -0.45     -0.28
      0.29     -0.45      0.68
      0.29     -0.45     -0.28
      0.29     -0.45     -0.28
      0.29      0.51     -0.28
      0.29      0.51      0.68
      0.29     -0.45     -0.28
      0.29      0.51     -0.28
      0.29     -0.45     -0.28
      0.29     -0.45     -0.28
      0.29     -0.45      0.68
      0.29     -0.45      0.68
     -0.67     -0.45      0.68
      0.29     -0.45      0.68
      0.29     -0.45     -0.28
      0.29     -0.45      0.68
     -0.67      0.51      0.68
      0.29      0.51     -0.28
      0.29     -0.45      0.68
      0.29     -0.45      0.68
     -1.62     -0.45     -0.28
      0.29      0.51     -0.28
     -0.67     -0.45     -0.28
      0.29      0.51     -0.28
      0.29      0.51     -0.28
      0.29      0.51      0.68
      0.29     -0.45      0.68
      0.29      0.51     -0.28
      0.29     -0.45     -0.28
      0.29      0.51     -0.28
      0.29      0.51      0.68
      0.29      0.51      0.68
      0.29      0.51     -0.28
      0.29      0.51     -0.28
      0.29      0.51     -0.28
      0.29     -0.45     -0.28
      0.29     -0.45     -0.28
      0.29     -0.45     -0.28
      0.29     -0.45     -0.28
      0.29     -0.45     -0.28
      0.29     -0.45     -0.28
      0.29     -0.45      0.68
      0.29     -0.45      0.68
      0.29     -0.45      0.68
      0.29      0.51      0.68
     -0.67     -0.45     -0.28
      0.29     -0.45     -0.28
     -0.67     -0.45     -0.28
     -0.67      0.51     -0.28
     -0.67      0.51     -0.28
      0.29     -0.45      0.68
      0.29     -0.45      0.68
      0.29     -0.45      0.68
      0.29      0.51      0.68
      0.29      0.51     -0.28
      0.29     -0.45     -0.28
      0.29     -0.45      0.68
      0.29     -0.45     -0.28
      0.29      0.51     -0.28
     -0.67     -0.45      0.68
      0.29     -0.45      0.68
      0.29     -0.45     -0.28
      0.29      0.51     -0.28
      0.29      0.51     -0.28
      0.29     -0.45     -0.28
      0.29     -0.45     -0.28
      0.29      0.51      0.68
      0.29      0.51     -0.28
      0.29     -0.45      0.68
      0.29     -0.45     -0.28
      0.29     -0.45     -0.28
      0.29     -0.45     -0.28
      0.29      0.51      0.68
      0.29      0.51      0.68
     -0.67     -0.45     -0.28
      0.29     -0.45     -0.28
      0.29      0.51     -0.28
      0.29     -0.45     -0.28
      0.29     -0.45      0.68
      0.29     -0.45      0.68
      0.29      0.51     -0.28
      0.29      0.51     -0.28
      0.29      0.51     -0.28
      0.29      0.51     -1.24
      0.29     -0.45      0.68
      0.29     -0.45     -0.28
     -1.62     -0.45     -0.28
      0.29      0.51     -0.28
      0.29      0.51      0.68
      0.29     -0.45     -0.28
      0.29     -0.45      0.68
      0.29     -0.45      0.68
      0.29     -0.45      0.68
      0.29      0.51      0.68
     -0.67     -0.45     -0.28
      0.29     -0.45     -0.28
      0.29     -0.45      0.68
      0.29     -0.45      0.68
      0.29     -0.45     -0.28
     -0.67      0.51      0.68
      0.29     -0.45      0.68
      0.29      0.51      0.68
      0.29     -0.45     -0.28
      0.29      0.51      0.68
      0.29      0.51      0.68
      0.29     -0.45      0.68
      0.29      0.51     -0.28
      0.29      0.51     -0.28
      0.29     -0.45     -0.28
      0.29     -0.45     -0.28
      0.29     -0.45      0.68
      0.29     -0.45     -0.28
     -0.67      0.51     -0.28
      0.29     -0.45     -0.28
      0.29     -0.45      0.68
      0.29     -0.45      0.68
      0.29      0.51     -0.28
      0.29      0.51      0.68
      0.29      0.51     -0.28
     -0.67      0.51      0.68
      0.29     -0.45      0.68
      0.29     -0.45     -1.24
      0.29     -0.45     -0.28
      0.29     -0.45     -0.28
      0.29     -0.45     -0.28
      0.29     -0.45     -0.28
      0.29      0.51     -0.28
      0.29      0.51      0.68
      0.29     -0.45      0.68
      0.29      0.51     -0.28
      0.29     -0.45     -0.28
      0.29     -0.45     -0.28
      0.29     -0.45     -0.28
      0.29     -0.45      0.68
      0.29     -0.45      0.68
      0.29     -0.45     -0.28
      0.29     -0.45     -0.28
      0.29     -0.45     -0.28
      0.29      0.51     -0.28
      0.29      0.51     -1.24
      0.29     -0.45     -0.28
     -0.67      0.51     -0.28
      0.29      0.51     -0.28
      0.29      0.51     -0.28
      0.29      0.51     -0.28
      0.29     -0.45      0.68
      0.29     -0.45      0.68
     -0.67      0.51     -0.28
      0.29     -0.45      0.68
      0.29     -0.45     -0.28
      0.29     -0.45      0.68
      0.29      0.51     -0.28
     -0.67      0.51     -0.28
      0.29     -0.45      0.68
     -0.67      0.51      0.68
      0.29     -0.45     -0.28
      0.29      0.51      0.68
      0.29      0.51      0.68
      0.29     -0.45      0.68
      0.29     -0.45     -0.28
      0.29     -0.45     -0.28
      0.29     -0.45     -0.28
      0.29      0.51     -0.28
      0.29      0.51     -0.28
      0.29      0.51     -0.28
      0.29     -0.45      0.68
      0.29      0.51     -0.28
      0.29     -0.45     -0.28
      0.29     -0.45      0.68
      0.29     -0.45     -0.28
      0.29      0.51     -0.28
      0.29      0.51     -0.28
      0.29     -0.45     -0.28
      0.29     -0.45     -0.28
      0.29     -0.45     -0.28
      0.29      0.51     -0.28
      0.29     -0.45     -0.28
      0.29     -0.45      0.68
      0.29      0.51     -0.28
      0.29     -0.45      0.68
      0.29     -0.45     -0.28
      0.29      0.51     -0.28
      0.29     -0.45     -0.28
      0.29     -0.45     -0.28
      0.29      0.51     -0.28
      0.29     -0.45      0.68
     -0.67      0.51      0.68
      0.29     -0.45     -0.28
      0.29     -0.45     -0.28
      0.29     -0.45     -0.28
      0.29     -0.45     -0.28
      0.29     -0.45     -0.28
      0.29      0.51     -0.28
      0.29      0.51     -0.28
      0.29      0.51      0.68
      0.29     -0.45     -0.28
      0.29      0.51      0.68
      0.29     -0.45     -0.28
      0.29     -0.45     -0.28
      0.29     -0.45     -0.28
      0.29     -0.45      0.68
      0.29     -0.45     -0.28
      0.29     -0.45      0.68
      0.29     -0.45     -0.28
      0.29      0.51     -0.28
      0.29      0.51     -0.28
      0.29     -0.45      0.68
      0.29     -0.45      0.68
      0.29     -0.45     -0.28
      0.29      0.51     -0.28
     -0.67      0.51     -0.28
      0.29     -0.45     -0.28
      0.29     -0.45     -0.28
      0.29     -0.45      0.68
      0.29     -0.45     -0.28
      0.29     -0.45     -0.28
      0.29     -0.45      0.68
      0.29      0.51      0.68
     -0.67     -0.45      0.68
      0.29     -0.45     -0.28
      0.29     -0.45      0.68
      0.29     -0.45     -0.28
      0.29      0.51     -0.28
      0.29      0.51     -0.28
     -0.67      0.51     -1.24
      0.29     -0.45     -0.28
     -0.67      0.51     -0.28
      0.29     -0.45     -0.28
      0.29      0.51     -0.28
      0.29     -0.45     -0.28
      0.29     -1.41     -0.28
      0.29     -0.45     -0.28
     -0.67     -0.45     -0.28
      0.29      0.51      0.68
      0.29      0.51      0.68
      0.29      0.51     -0.28
     -0.67     -0.45     -0.28
     -0.67     -0.45     -0.28
      0.29     -0.45     -0.28
      0.29     -0.45     -0.28
      0.29      0.51      0.68
      0.29      0.51     -0.28
      0.29     -0.45      0.68
      0.29     -0.45     -0.28
      0.29     -0.45     -0.28
      0.29     -0.45     -0.28
      0.29     -0.45     -0.28
      0.29      0.51     -0.28
     -0.67      0.51     -0.28
      0.29      0.51     -0.28
      0.29     -1.41     -0.28
     -0.67     -1.41     -0.28
      0.29     -0.45      0.68
      0.29     -0.45      0.68
      0.29     -0.45      0.68
      0.29      0.51     -0.28
      0.29     -0.45     -0.28
      0.29      0.51     -0.28
      0.29     -0.45     -1.24
      0.29     -0.45     -0.28
      0.29      0.51      0.68
      0.29     -0.45      0.68
      0.29     -0.45     -0.28
      0.29     -0.45      0.68
      0.29     -0.45     -0.28
      0.29      0.51     -0.28
      0.29      0.51     -0.28
      0.29     -0.45     -0.28
     -0.67     -0.45     -0.28
     -0.67      0.51     -0.28
      0.29      0.51     -0.28
      0.29     -0.45     -0.28
      0.29     -0.45      0.68
      0.29      0.51      0.68
     -0.67     -0.45     -0.28
      0.29     -0.45     -0.28
      0.29      0.51     -0.28
      0.29      0.51     -0.28
      0.29     -0.45     -0.28
      0.29     -0.45     -0.28
      0.29     -0.45     -0.28
      0.29     -0.45      0.68
      0.29     -0.45      0.68
      0.29      0.51     -0.28
      0.29      0.51     -0.28
