********************************************************************************
                       INSTITUTO DE INGENIERIA, UNAM
                   Coordinacion de Instrumentacion Sismica
  Ciudad Universitaria, Apartado Postal 70-472, Coyoacan 04510, Mexico, D.F.
 Tel.(52-5)622-3414    Fax.(52-5)616-1514    e-mail: isismica@pumas.iingen.unam.mx
**************************************************************************************
ARCHIVO ESTANDAR DE ACELERACION:
VERSION DEL FORMATO                    : 2.0
NOMBRE DEL ARCHIVO                     : ATYC8903.021
FECHA Y HORA DE CREACION               : Tue Mar 24 16:04:35 1998
REF. CATALOGO ACELEROGRAMAS, SMIS 1995 : REGISTRO No. 1292 /PAG. 139


================================================================================
DATOS DE LA ESTACION:
NOMBRE DE LA ESTACION                  : ATOYAC
CLAVE DE LA ESTACION                   : ATYC
LOCALIZACION DE LA ESTACION            : IGLESIA DE ATOYAC, A 6KM DEL ENTRONQUE CON LA
                                       : CARRETERA ACAPULCO-ZIHUATANEJO, GUERRERO. 
                                       : 
                                       : 
                                       : 
COORDENADAS DE LA ESTACION             : 17.213361 LAT. N
                                       : 100.432269 LONG. W
ALTITUD (msnm)                         : 51
TIPO DE SUELO                          : ROCA
                                       : 
                                       : 
INSTITUCION RESPONSABLE                : INSTITUTO DE INGENIERIA UNAM 
                                       : 

================================================================================
DATOS DEL ACELEROGRAFO: 
MODELO DEL ACELEROGRAFO                : DSA-1
NUMERO DE SERIE DEL ACELEROGRAFO       : 250
NUMERO DE CANALES                      : 3
ORIENTACION C1-C6 (rumbo;orientacion)  : /S90E/V/S00E
ORIENTACION C7-C12 (rumbo;orientacion) :
VEL. DE MUESTREO, C1-C6 (muestras/s)   : /200/200/200
VEL. DE MUESTREO, C7-C12 (muestras/s)  :
ESC. COMPLETA DE SENSORES, C1-C6, (g)  : /2/2/2
ESC. COMPLETA DE SENSORES, C7-C12 (g)  :
FREC. NAT. DE SENSORES, C1-C6, (Hz)    : /54.8/55.6/56.6
FREC. NAT. DE SENSORES, C7-C12 (Hz)    :
AMORTIGUAMIENTO DE SENSORES, C1-C6     : /0.64/0.64/0.64
AMORTIGUAMIENTO DE SENSORES, C7-C12    :
INTERVALO DE MUESTREO, C1-C6 (s)       : /0.005/0.005/0.005
INTERVALO DE MUESTREO, C7-C12 (s)      :
UMBRAL DE DISPARO, C1-C6 (Gal)         : /5.5/5.5/5.5
UMBRAL DE DISPARO, C7-C12 (Gal)        :
MEMORIA DE PREEVENTO (s)               : 2.56
TIEMPO DE POSEVENTO (s)                : 20


================================================================================
DATOS DEL SISMO:
FECHA DEL SISMO [GMT]                  : 1989/03/02
HORA EPICENTRO (GMT)                   : 17:20:01.9
MAGNITUD(ES)                           : /Mc=3.60
COORDENADAS DEL EPICENTRO              : 16.945 LAT. N 
                                       : 100.466 LONG. W
PROFUNDIDAD FOCAL (km)                 : 10 
FUENTES DE LOS DATOS EPICENTRALES      : INSTITUTO DE INGENIERIA UNAM
                                       : 

================================================================================
DATOS DE ESTE REGISTRO:
HORA DE LA PRIMERA MUESTRA (GMT)       : 17:20:06.00
EXACTITUD DEL TIEMPO (s)               : 1.00
DURACION DEL REGISTRO (s), C1-C6       : /14.27/14.27/14.27                      
DURACION DEL REGISTRO (s), C7-C12      : 
NUM. TOTAL DE MUESTRAS, C1-C6          : /2855/2855/2855                       
NUM. TOTAL DE MUESTRAS, C7-C12         : 
ACEL. MAX.(Gal), C1-C6                 : /-22.01/-9.57/-14.35                  
ACEL. MAX., C1-C6, EN LA MUESTRA       : /1120/317/1111                        
ACEL. MAX.(Gal), C7-C12                : 
ACEL. MAX., C7-C12,EN LA MUESTRA       : 
UNIDADES DE LOS DATOS                  : Gal (cm/s/s)
FACTOR DE DECIMACION                   : 1
FORMATO DATOS (FORTRAN,10 campos/dato) : 3F10.2


================================================================================
CALIDAD DEL ACELEROGRAMA:
REGISTRO DIGITAL COMPLETO, CON TIEMPO ABSOLUTO CORRECTO.


===============================================================================
COMENTARIOS:














===============================================================================
DATOS DE ACELERACION:
---------+---------+---------+---------+---------+---------+---------+---------+
   CANAL-1   CANAL-2   CANAL-3
      S90E         V      S00E
---------+---------+---------+---------+---------+---------+---------+---------+
      0.00      0.00      0.00
      0.00      0.00      0.00
      0.00      0.00      0.00
      0.00      0.00      0.00
      0.00      0.00      0.00
      0.00      0.00      0.00
      0.00      0.00      0.00
      0.00      0.00      0.00
      0.00      0.00      0.00
      0.00      0.00      0.00
      0.00      0.00      0.00
      0.00      0.00      0.00
      0.00      0.00      0.00
      0.00      0.00      0.00
      0.00      0.00      0.00
      0.00      0.00      0.00
      0.00      0.00      0.00
      0.00      0.00      0.00
      0.00      0.00      0.00
      0.00      0.00      0.00
      0.00      0.00      0.00
      0.00      0.00      0.00
      0.00      0.00      0.00
      0.00      0.00      0.00
      0.00      0.00      0.00
      0.00      0.00      0.00
      0.00      0.00      0.00
      0.00      0.00      0.00
      0.00      0.00      0.00
      0.00      0.00      0.00
      0.00      0.00      0.00
      0.00      0.00      0.00
      0.00      0.00      0.00
      0.00      0.00      0.00
      0.00      0.00      0.00
      0.00      0.00      0.00
      0.00      0.00      0.00
      0.00      0.00      0.00
      0.00      0.00      0.00
      0.00      0.00      0.00
      0.00      0.00      0.00
      0.00      0.00      0.00
      0.00      0.00      0.00
      0.00      0.00      0.00
      0.00      0.00      0.00
      0.00      0.00      0.00
      0.00      0.00      0.00
      0.00      0.00      0.00
      0.00      0.00      0.00
      0.00      0.00      0.00
      0.00      0.00      0.00
      0.00      0.00      0.00
      0.00      0.00      0.00
      0.00      0.00      0.00
      0.00      0.00      0.00
      0.00      0.00      0.00
      0.00      0.00      0.00
      0.00      0.00      0.00
      0.00      0.00      0.00
      0.00      0.00      0.00
      0.00      0.00      0.00
      0.00      0.00      0.00
      0.00      0.00      0.00
      0.00      0.00      0.00
      0.00      0.00      0.00
      0.00      0.00      0.00
      0.00      0.00      0.00
      0.00      0.00      0.00
      0.00      0.00      0.00
      0.00      0.00      0.00
      0.00      0.00      0.00
      0.00      0.00      0.00
      0.00      0.00      0.00
      0.00      0.00      0.00
      0.00      0.00      0.00
      0.00      0.00      0.00
      0.00      0.00      0.00
      0.00      0.00      0.00
      0.00      0.00      0.00
      0.00      0.00      0.00
      0.00      0.00      0.00
      0.00      0.00      0.00
      0.00      0.00      0.00
      0.00      0.00      0.00
      0.00      0.00      0.00
      0.00      0.00      0.00
      0.00      0.00      0.00
      0.00      0.00      0.00
      0.00      0.00      0.00
      0.00      0.00      0.00
      0.00      0.00      0.00
      0.00      0.00      0.00
      0.00      0.00      0.00
      0.00      0.00      0.00
      0.00      0.00      0.00
      0.00      0.00      0.00
      0.00      0.00      0.00
      0.00      0.00      0.00
      0.00      0.00      0.00
      0.00      0.00      0.00
      0.00      0.00      0.00
      0.00      0.00      0.00
      0.00      0.00      0.00
      0.00      0.00      0.00
      0.00      0.00      0.00
      0.00      0.00      0.00
      0.00      0.00      0.00
      0.00      0.00      0.00
      0.00      0.00      0.00
      0.00      0.00      0.00
      0.00      0.00      0.00
      0.00      0.00      0.00
      0.00      0.00      0.00
      0.00      0.00      0.00
      0.00      0.00      0.00
      0.00      0.00      0.00
      0.00      0.00      0.00
      0.00      0.00      0.00
      0.00      0.00      0.00
      0.00      0.00      0.00
      0.00      0.00      0.00
      0.00      0.00      0.00
      0.00      0.00      0.00
      0.00      0.00      0.00
      0.00      0.00      0.00
      0.00      0.00      0.00
      0.00      0.00      0.00
      0.00      0.00      0.00
      0.00      0.00      0.00
      0.00      0.00      0.00
      0.00      0.00      0.00
      0.00      0.00      0.00
      0.00      0.00      0.00
      0.00      0.00      0.00
      0.00      0.00      0.00
      0.00      0.00      0.00
      0.00      0.00      0.00
      0.00      0.00      0.00
      0.00      0.00      0.00
      0.00      0.00      0.00
      0.00      0.00      0.00
      0.00      0.00      0.00
      0.00      0.00      0.00
      0.00      0.00      0.00
      0.00      0.00      0.00
      0.00      0.00      0.00
      0.00      0.00      0.00
      0.00      0.00      0.00
      0.00      0.00      0.00
      0.00      0.00      0.00
      0.00      0.00      0.00
      0.00      0.00      0.00
      0.00      0.00      0.00
      0.00      0.00      0.00
      0.00      0.00      0.00
      0.00      0.00      0.00
      0.00      0.00      0.00
      0.00      0.00      0.00
      0.00      0.00      0.00
      0.00      0.00      0.00
      0.00      0.00      0.00
      0.00      0.00      0.00
      0.00      0.00      0.00
      0.00      0.00      0.00
      0.00      0.00      0.00
      0.00      0.00      0.00
      0.00      0.00      0.00
      0.00      0.00      0.00
      0.00      0.00      0.00
      0.00      0.00      0.00
      0.00      0.00      0.00
      0.00      0.00      0.00
      0.00      0.00      0.00
      0.00      0.00      0.00
      0.00      0.00      0.00
      0.00      0.00      0.00
      0.00      0.00      0.00
      0.00      0.00      0.00
      0.00      0.00      0.00
      0.00      0.00      0.00
      0.00      0.00      0.00
      0.00      0.00      0.00
      0.00      0.00      0.00
      0.00      0.00      0.00
      0.00      0.00      0.00
      0.00      0.00      0.00
      0.00      0.00      0.00
      0.00      0.00      0.00
      0.00      0.00      0.00
      0.00      0.00      0.00
      0.00      0.00      0.00
      0.00      0.00      0.00
      0.00      0.00      0.00
      0.00      0.00      0.00
      0.00      0.00      0.00
      0.00      0.00      0.00
      0.00      0.00      0.00
      0.00      0.00      0.00
      0.00      0.00      0.00
      0.00      0.00      0.00
      0.00      0.00      0.00
      0.00      0.00      0.00
      0.00      0.00      0.00
      0.00      0.00      0.00
      0.00      0.00      0.00
      0.00      0.00      0.00
      0.00      0.00      0.00
      0.00      0.00      0.00
      0.00      0.00      0.00
      0.00      0.00      0.00
      0.00      0.00      0.00
      0.00      0.00      0.00
      0.00      0.00      0.00
      0.00      0.00      0.00
      0.00      0.00      0.00
      0.00      0.00      0.00
      0.00      0.00      0.00
      0.00      0.00      0.00
      0.00      0.00      0.00
      0.00      0.00      0.00
      0.00      0.00      0.00
      0.00      0.00      0.00
      0.00      0.00      0.00
      0.00      0.00      0.00
      0.00      0.00      0.00
      0.00      0.00      0.00
      0.00      0.00      0.00
      0.00      0.00      0.00
      0.00      0.00      0.00
      0.00      0.00      0.00
      0.00      0.00      0.00
      0.00      0.00      0.00
      0.00      0.00      0.00
      0.00      0.00      0.00
      0.00      0.00      0.00
      0.00      0.00      0.00
      0.00      0.00      0.00
      0.00      0.00      0.00
      0.00      0.00      0.00
      0.00      0.00      0.00
      0.00      0.00      0.00
      0.00      0.00      0.00
      0.00      0.00      0.00
      0.00      0.00      0.00
      0.00      0.00      0.00
      0.00      0.00      0.00
      0.00      0.00      0.00
      0.00      0.00      0.00
      0.00      0.00      0.00
      0.00      0.00      0.00
      0.00      0.00      0.00
      0.00      0.00      0.00
      0.00      0.00      0.00
      0.00      0.00      0.00
      0.00      0.00      0.00
      0.00      0.00      0.00
      0.00      0.00      0.00
      0.00      0.00      0.00
      0.00      0.00      0.00
      0.00      0.00      0.00
      0.00      0.00      0.00
      0.00      0.00      0.00
      0.00      0.00      0.00
      0.00      0.00      0.00
      0.00      0.00      0.00
      0.00      0.00      0.00
      0.00      0.00      0.00
      0.00      0.00      0.00
      0.00      0.00      0.00
      0.00      0.00      0.00
      0.00      0.00      0.00
      0.00      0.00      0.00
      0.00      0.00      0.00
      0.00      0.00      0.00
      0.00      0.00      0.00
      0.00      0.00      0.00
      0.00      0.00      0.00
      0.00      0.00      0.00
      0.00      0.00      0.96
      0.00      0.96      0.00
      0.00      0.96      0.00
      0.00      0.96      0.00
     -0.96      0.00      0.00
     -0.96     -0.96      0.00
      0.00     -0.96      0.00
      0.00     -1.91      0.96
      0.00     -1.91      1.91
      0.00     -1.91      1.91
      0.00     -0.96      1.91
      0.00      0.00      0.96
      0.00      0.00      0.00
     -0.96     -0.96      0.00
     -0.96     -1.91      0.00
      0.00     -1.91      0.96
      0.00     -1.91      1.91
      0.96      0.00      2.87
      0.96      0.96      1.91
      0.00      2.87      0.00
     -0.96      3.83     -1.91
     -1.91      3.83     -2.87
     -0.96      3.83     -2.87
      0.00      2.87     -1.91
      0.96      1.91      0.00
      0.96      0.96      0.96
      0.00      0.96      0.96
     -0.96      2.87     -0.96
     -1.91      4.78     -1.91
     -1.91      5.74     -1.91
     -1.91      6.70     -0.96
     -0.96      6.70     -0.96
      0.00      6.70     -1.91
      0.00      5.74     -3.83
     -0.96      4.78     -6.70
     -2.87      1.91     -6.70
     -3.83     -0.96     -3.83
     -3.83     -3.83      0.96
     -1.91     -6.70      6.70
      0.96     -9.57     10.53
      2.87     -9.57     10.53
      3.83     -8.61      7.66
      2.87     -6.70      4.78
      0.96     -4.78      2.87
     -0.96     -3.83      1.91
     -0.96     -2.87      2.87
      0.96     -1.91      3.83
      1.91      0.00      3.83
      1.91      1.91      0.96
      0.00      3.83     -2.87
     -1.91      4.78     -4.78
     -1.91      5.74     -3.83
     -0.96      4.78     -1.91
      0.96      3.83      0.96
      2.87      1.91      1.91
      3.83      0.96      0.00
      3.83      1.91     -1.91
      1.91      2.87     -3.83
     -0.96      3.83     -3.83
     -3.83      2.87     -1.91
     -5.74      1.91     -0.96
     -5.74      0.00     -0.96
     -3.83     -0.96     -2.87
     -0.96     -1.91     -3.83
      0.00     -1.91     -2.87
     -0.96     -2.87     -0.96
     -1.91     -3.83      1.91
     -1.91     -2.87      2.87
      0.00     -1.91      2.87
      2.87     -0.96      2.87
      4.78      0.96      2.87
      3.83      1.91      3.83
      0.96      1.91      3.83
     -1.91      1.91      3.83
     -1.91      1.91      2.87
     -0.96      1.91      2.87
      0.96      1.91      1.91
      1.91      1.91      0.96
      0.96      0.00     -0.96
      0.00     -0.96     -2.87
     -0.96     -2.87     -3.83
     -0.96     -2.87     -4.78
     -1.91     -2.87     -3.83
     -2.87     -1.91     -2.87
     -2.87      0.00     -1.91
     -1.91      0.96     -0.96
     -0.96      0.96      0.96
     -0.96      1.91      2.87
      0.00      1.91      3.83
      0.96      1.91      4.78
      0.96      1.91      3.83
      0.96      2.87      1.91
      0.96      2.87      0.96
     -0.96      1.91     -0.96
     -1.91      0.96     -0.96
     -2.87      0.00     -1.91
     -1.91     -0.96     -1.91
     -0.96     -1.91     -1.91
      0.00     -1.91     -1.91
      0.96     -0.96     -1.91
      0.96     -0.96     -0.96
      0.96     -0.96      0.00
      0.96     -0.96      0.96
      1.91     -0.96      1.91
      1.91      0.00      1.91
      0.96      0.96      1.91
      0.00      1.91      0.96
     -0.96      1.91      0.96
     -1.91      1.91      0.96
     -2.87      0.96      0.96
     -1.91      0.00      0.96
     -0.96      0.00      0.96
      0.96      0.00      0.00
      0.96      0.00     -0.96
      0.96      0.96     -0.96
     -0.96      1.91     -0.96
     -1.91      1.91      0.00
     -1.91      0.96      0.00
     -1.91      0.96      0.00
      0.00      0.00     -0.96
      0.00     -0.96     -0.96
      0.00     -0.96     -1.91
     -0.96     -0.96     -0.96
     -0.96      0.00      0.00
      0.00      0.00      0.96
      0.00      0.00      0.96
      0.00      0.00      0.00
      0.96      0.00     -0.96
      0.96      0.96     -0.96
      1.91      0.96     -0.96
      0.96      0.00      0.00
      0.00     -0.96      1.91
     -0.96     -0.96      2.87
     -0.96     -0.96      1.91
      0.00      0.00      0.96
      0.00      0.96      0.96
      0.00      1.91      0.96
     -0.96      1.91      1.91
     -1.91      0.96      1.91
     -1.91      0.96      0.00
     -0.96      0.96     -0.96
      0.00      0.96     -0.96
      0.00      0.00     -0.96
      0.00     -0.96     -0.96
     -0.96     -0.96      0.00
     -0.96     -0.96      0.00
      0.00     -0.96      0.00
      0.00      0.00     -0.96
      0.00      0.96     -0.96
     -0.96      0.96     -0.96
     -0.96      0.00     -0.96
     -0.96      0.00     -1.91
     -0.96      0.00     -1.91
     -0.96      0.00     -0.96
     -0.96      0.00      0.00
      0.00      0.96      0.00
      0.00      0.96      0.96
      0.00      0.96      0.96
      0.96      0.96      1.91
      0.96      0.96      2.87
      0.96      0.96      2.87
      0.96      0.96      2.87
      0.96      0.96      2.87
      0.00      0.00      1.91
      0.00      0.00      0.96
     -0.96      0.00      0.96
     -0.96      0.00      0.00
     -0.96      0.00      0.00
     -0.96      0.00      0.00
     -0.96      0.00     -0.96
     -0.96     -0.96     -1.91
     -0.96     -0.96     -1.91
     -0.96     -0.96     -0.96
      0.00      0.00     -0.96
      0.00      0.00     -0.96
      0.00      0.00     -0.96
      0.00      0.96     -0.96
      0.00      0.96     -0.96
     -0.96      0.96     -0.96
     -0.96      1.91     -0.96
     -0.96      0.96     -0.96
      0.00      0.96      0.00
      0.00      0.96      0.96
      0.00      0.96      0.96
     -0.96      0.00      0.00
     -0.96      0.00     -0.96
     -0.96      0.00     -0.96
     -0.96      0.00     -0.96
     -0.96     -0.96      0.00
     -0.96     -0.96      0.96
     -0.96     -0.96      0.96
      0.00     -0.96      0.00
      0.00      0.00      0.00
      0.00      0.96      0.00
      0.00      0.96      0.00
      0.96      0.96      0.96
      0.96      0.96      1.91
      1.91      0.96      0.96
      1.91      0.96      0.00
      0.96      0.96      0.00
      0.00      0.96     -0.96
     -0.96      0.96      0.00
     -1.91      0.96      0.00
     -1.91      0.00      0.00
     -0.96      0.00      0.00
      0.00      0.00      0.00
      0.00     -0.96      0.00
      0.96     -0.96      0.00
      0.00     -0.96      0.00
     -0.96     -0.96      0.00
     -0.96     -0.96      0.00
     -0.96     -0.96      0.96
     -0.96      0.00      0.96
      0.00      0.00      0.96
      0.00      0.00      0.00
      0.00      0.00      0.00
      0.00      0.00      0.96
      0.00      0.00      0.96
      0.00      0.00      0.96
      0.00      0.96      0.96
      0.00      0.96      0.00
      0.00      1.91     -0.96
      0.00      1.91     -1.91
     -0.96      1.91     -1.91
     -0.96      1.91     -0.96
     -0.96      0.96      0.00
      0.00      0.00      0.96
      0.00     -0.96      0.96
      0.00     -0.96      0.96
     -0.96     -0.96      0.00
     -0.96     -0.96      0.00
      0.00      0.00      0.00
      0.00      0.00     -0.96
      0.00      0.00     -0.96
      0.00      0.00     -0.96
      0.00      0.00     -0.96
      0.00      0.00     -0.96
      0.00      0.00      0.00
     -0.96      0.96      0.96
     -0.96      0.00      0.96
     -0.96      0.96      0.96
      0.00      0.96      0.00
      0.00      0.96     -0.96
      0.96      0.96     -0.96
      0.96      0.96      0.00
      0.96      0.00      0.00
      0.00      0.00      0.00
      0.00      0.00      0.00
      0.00      0.00      0.00
     -0.96      0.00      0.00
     -0.96      0.00      0.00
     -0.96      0.96      0.00
     -0.96      0.96      0.00
     -0.96      0.96      0.96
     -0.96      0.00      0.96
     -0.96      0.00      1.91
     -0.96     -0.96      0.96
     -0.96     -0.96      0.96
     -0.96      0.00      0.00
      0.00      0.00      0.00
      0.00      0.96      0.00
      0.00      0.96      0.00
      0.00      1.91      0.00
      0.96      1.91     -0.96
      0.96      0.96     -0.96
      0.00      0.96      0.00
      0.00      0.00      0.00
     -0.96      0.00      0.00
      0.00      0.00      0.00
      0.00      0.00      0.00
      0.00      0.00      0.00
     -0.96      0.00      0.00
     -0.96      0.96      0.00
     -0.96      0.00      0.00
      0.00      0.00      0.00
      0.00     -0.96      0.00
      0.00     -0.96      0.00
      0.00     -0.96      0.00
      0.00     -0.96      0.00
     -0.96      0.00      0.00
     -0.96      0.00      0.00
     -1.91      0.00      0.00
     -1.91      0.00      0.00
     -0.96      0.00      0.00
      0.00      0.00      0.00
      0.00      0.00      0.96
      0.96      0.00      0.96
      0.96      0.96      0.96
      0.96      1.91      0.96
      0.96      1.91      0.00
      0.96      1.91     -0.96
      0.00      1.91     -1.91
     -0.96      0.96     -1.91
     -1.91      0.96     -0.96
     -1.91      0.96     -0.96
     -1.91      0.00     -0.96
     -1.91      0.00      0.00
     -0.96      0.00      0.96
      0.00     -0.96      0.96
      0.00     -0.96      0.96
      0.96     -0.96      0.96
      0.00     -0.96      0.96
      0.00     -0.96      0.96
      0.00     -0.96      0.96
     -0.96      0.00      0.96
     -0.96      0.00      0.96
     -0.96      0.00      0.96
      0.00      0.00      0.96
      0.00      0.00      0.96
      0.00      0.00      0.00
      0.00      0.96      0.00
      0.00      0.96      0.00
      0.00      0.96      0.00
     -0.96      0.96      0.00
     -0.96      0.96      0.00
     -0.96      0.96     -0.96
     -0.96      1.91     -1.91
     -0.96      0.96     -1.91
     -0.96      0.96     -1.91
     -0.96      0.00     -0.96
      0.00      0.00     -0.96
      0.00     -0.96      0.00
      0.00      0.00      0.00
      0.00      0.00      0.00
      0.00      0.96      0.00
      0.00      0.96      0.00
      0.00      0.96      0.00
      0.00      0.00      0.00
      0.00     -0.96      0.00
      0.00     -0.96      0.00
      0.00      0.00      0.00
      0.00      0.00      0.00
      0.00      0.96      0.00
      0.00      0.96      0.96
     -0.96      0.00      1.91
      0.00      0.00      1.91
      0.00      0.00      0.96
      0.96      0.00      0.00
      0.96      0.00      0.00
      0.96      0.00      0.00
     -0.96      0.96     -0.96
     -0.96      0.96     -0.96
     -0.96      0.96     -1.91
     -0.96      0.96     -1.91
     -0.96      0.96     -1.91
      0.00      0.96     -0.96
      0.00      0.00      0.00
      0.00      0.00      0.00
      0.00      0.00      0.96
      0.00      0.00      0.96
     -0.96      0.00      0.96
     -0.96      0.96      0.96
     -0.96      0.96      0.96
     -0.96      0.96      0.00
     -1.91      0.00      0.00
     -1.91      0.00      0.96
     -1.91      0.00      0.96
     -0.96     -0.96      0.00
     -0.96     -0.96      0.00
      0.00     -0.96      0.00
      0.96     -0.96      0.96
      1.91      0.00      0.96
      1.91      0.00      0.96
      0.96      0.00      0.00
      0.00      0.00     -0.96
      0.00      0.00     -1.91
      0.00      0.00     -1.91
      0.00      0.00     -0.96
      0.00      0.00     -0.96
      0.00      0.00      0.00
      0.00      0.00      0.96
      0.00      0.00      0.96
      0.00      0.96      0.96
      0.00      0.96      0.00
     -0.96      0.96      0.00
     -0.96      0.96      0.00
     -1.91      0.96     -0.96
     -1.91      0.00     -0.96
     -0.96      0.00     -0.96
      0.00      0.00      0.00
      0.00      0.00      0.96
      0.00      0.00      0.96
     -0.96      0.96      0.96
     -0.96      0.96      0.00
     -0.96      0.96      0.00
      0.00      0.00      0.00
      0.00      0.00      0.96
      0.96      0.00      0.96
      0.00      0.00      0.00
      0.00      0.00      0.00
      0.00      0.96      0.00
     -0.96      1.91     -0.96
     -0.96      1.91      0.00
     -0.96      1.91      0.00
     -0.96      0.96      0.00
      0.00      0.96      0.00
      0.00      0.00      0.00
      0.00      0.00      0.00
     -0.96      0.00      0.00
     -0.96      0.00      0.96
     -0.96      0.00      0.96
     -0.96      0.00      0.96
     -0.96      0.00      0.96
     -0.96      0.00      0.96
     -0.96     -0.96      0.00
     -0.96     -0.96     -0.96
      0.00     -0.96     -0.96
      0.00     -0.96     -0.96
      0.00     -0.96     -0.96
      0.00      0.00     -0.96
      0.00      0.00     -0.96
      0.00      0.00     -0.96
      0.00      0.00     -0.96
      0.00      0.00     -0.96
     -0.96      0.00      0.00
     -0.96      0.96      0.00
      0.00      0.96      0.00
      0.00      0.96      0.00
      0.00      0.96      0.00
      0.00      1.91      0.00
      0.00      0.96      0.00
      0.00      0.96      0.00
      0.00      0.96      0.00
     -0.96      0.00      0.00
     -0.96      0.00      0.96
      0.00      0.00      0.96
      0.00      0.00      0.96
     -0.96     -0.96      0.96
     -0.96     -0.96      0.96
      0.00      0.00      0.96
      0.00      0.00      0.00
      0.00      0.00      0.00
     -0.96     -0.96     -0.96
     -0.96     -0.96      0.00
     -0.96      0.00      0.00
     -0.96      0.00      0.00
      0.00      0.96      0.00
     -0.96      0.96      0.00
     -0.96      0.96      0.00
     -0.96      0.96      0.00
     -0.96      0.96      0.00
     -0.96      0.96      0.96
      0.00      0.96      0.96
      0.00      0.96      1.91
      0.00      0.96      0.96
     -0.96      0.96      0.00
     -0.96      0.96     -0.96
      0.00      0.96     -0.96
      0.00      0.00     -0.96
      0.00      0.00      0.00
      0.00     -0.96      0.00
     -0.96     -0.96     -0.96
      0.00      0.00     -0.96
      0.00      0.00     -0.96
      0.00      0.00      0.00
     -0.96      0.00      0.96
     -0.96     -0.96      1.91
     -0.96     -0.96      0.96
      0.00     -0.96      0.00
      0.96      0.00     -0.96
      0.00      0.96      0.00
     -0.96      0.96      0.00
     -0.96      0.96      0.00
     -0.96      0.96      0.00
     -0.96      0.96     -0.96
     -0.96      0.96      0.00
      0.00      0.96      0.00
     -0.96      0.96      0.96
     -0.96      0.96      0.00
     -0.96      0.00      0.00
     -0.96      0.00     -0.96
      0.00      0.00     -0.96
      0.00      0.00     -0.96
      0.00      0.00      0.00
      0.96      0.00      0.96
      0.96      0.00      0.96
      0.00      0.00      0.00
     -0.96      0.00     -0.96
     -1.91      0.96     -0.96
     -0.96      1.91     -0.96
      0.00      1.91      0.00
      0.00      0.96      0.00
      0.00      0.00      0.00
      0.00      0.00      0.00
      0.00      0.00      0.00
      0.00      0.00      0.96
      0.00      0.00      0.96
      0.00      0.00      1.91
      0.00      0.00      1.91
      0.00      0.96      0.96
      0.00      0.96      0.00
      0.00      0.96      0.00
     -0.96      0.96     -0.96
     -0.96      0.96      0.00
     -1.91      0.00     -0.96
     -1.91     -0.96     -1.91
     -0.96     -0.96     -1.91
      0.00     -0.96      0.00
      0.96     -0.96      0.96
      0.96      0.00      1.91
      0.00      0.00      0.96
      0.00      0.00      0.00
      0.00      0.96      0.00
      0.00      1.91     -0.96
      0.00      1.91     -0.96
     -0.96      1.91     -0.96
     -0.96      1.91      0.00
     -0.96      0.96      0.00
     -0.96      0.96      0.00
     -0.96      0.00      0.00
     -0.96      0.00      0.96
      0.00      0.00      1.91
      0.00     -0.96      1.91
      0.00     -0.96      0.96
      0.00     -0.96      0.00
     -0.96     -0.96      0.00
     -0.96     -0.96     -0.96
     -0.96      0.00      0.00
     -0.96      0.00      0.00
     -0.96      0.96      0.00
     -0.96      0.96      0.00
     -0.96      0.96     -0.96
      0.00      0.96     -0.96
      0.96      0.96      0.00
      1.91      0.96      0.96
      1.91      0.96      0.96
      0.96      0.96      0.00
      0.00      0.96     -0.96
     -0.96      0.96     -0.96
     -0.96      0.96      0.00
      0.00      0.00      1.91
      0.00     -0.96      1.91
     -0.96     -1.91      1.91
     -0.96     -1.91      0.00
     -0.96     -0.96     -0.96
      0.00      0.96     -1.91
     -0.96      0.96     -1.91
     -1.91      0.96     -0.96
     -1.91      0.00      0.96
     -1.91      0.00      0.96
     -0.96      0.00      0.96
     -0.96      0.00      0.00
     -0.96      0.96      0.00
     -0.96      0.96      0.00
     -0.96      1.91      0.00
     -0.96      0.96     -0.96
     -0.96      0.96     -0.96
      0.00      0.96      0.00
      0.96      0.96      0.00
      1.91      0.96      0.00
      0.96      0.96      0.00
      0.00      0.96      0.00
     -0.96      0.00      0.00
     -0.96     -0.96     -0.96
     -0.96     -0.96     -0.96
      0.00     -0.96      0.00
      0.96     -0.96      0.96
      0.96     -0.96      1.91
      0.96     -0.96      2.87
      0.00      0.00      1.91
     -0.96      0.00      0.96
     -0.96      0.00      0.00
     -0.96      0.00     -0.96
      0.00      0.96     -0.96
      0.96      0.00      0.00
      0.00      0.00      0.96
     -0.96      0.00      0.00
     -1.91      0.00     -0.96
     -0.96      0.96     -1.91
     -0.96      0.96     -1.91
      0.00      0.96     -0.96
     -0.96      0.00      0.00
     -0.96      0.00      0.96
      0.00      0.00      0.96
      0.00      0.00      0.00
      0.00      0.00     -0.96
     -0.96      0.96     -0.96
     -0.96      0.96      0.96
     -0.96      0.96      1.91
     -0.96      0.96      1.91
     -0.96      0.96      0.96
     -0.96      0.00      0.00
      0.00      0.00      0.00
      0.00     -0.96      0.00
     -0.96     -0.96      0.00
     -0.96     -0.96      0.00
      0.00      0.00      0.00
      0.00      0.00     -0.96
      0.00      0.96     -0.96
      0.00      0.96     -0.96
      0.00      1.91      0.00
      0.96      0.96      1.91
      0.96      0.96      1.91
      0.96      0.00      0.96
      0.00      0.00      0.00
      0.00      0.00     -0.96
      0.00      0.00      0.00
      0.00      0.00     -0.96
     -0.96      0.00     -0.96
     -1.91      0.00      0.00
     -0.96      0.00      0.00
     -0.96     -0.96      0.00
     -0.96     -0.96      0.00
     -0.96      0.00      0.00
     -1.91      0.00      0.96
     -1.91      0.00      0.96
     -1.91      0.00      0.96
     -0.96      0.00      0.96
     -0.96      0.00      1.91
     -0.96      0.00      1.91
      0.00      0.00      0.96
      0.00      0.00      0.00
     -0.96      0.00     -0.96
      0.00      0.00     -1.91
      0.00      0.96     -1.91
      0.96      0.96     -1.91
      0.96      0.96     -1.91
      0.96      0.00     -1.91
      0.96      0.00     -0.96
      0.96      0.96     -0.96
      0.00      0.96     -0.96
      0.00      0.96     -0.96
      0.00      0.96      0.00
      0.00      0.96      0.00
      0.00      0.96      0.00
      0.00      0.00      0.00
     -0.96      0.00      0.96
     -0.96      0.00      0.96
     -1.91      0.00      1.91
     -1.91     -0.96      1.91
     -1.91     -0.96      0.96
     -1.91     -0.96      0.96
     -0.96     -0.96      0.00
      0.00      0.00      0.00
      0.00      0.00      0.96
      0.00      0.00      0.96
      0.00      0.00      0.00
      0.00      0.96      0.00
      0.00      0.96      0.00
      0.00      1.91     -0.96
      0.00      1.91     -0.96
      0.00      1.91     -0.96
      0.00      0.96     -0.96
      0.00      0.96     -0.96
      0.00      0.00     -0.96
      0.00      0.00     -0.96
      0.00     -0.96     -0.96
      0.00     -0.96      0.00
      0.00     -1.91      0.96
      0.00     -0.96      0.96
      0.00     -0.96      0.96
     -0.96     -0.96      0.96
     -1.91      0.00      0.00
     -1.91      0.96     -0.96
     -0.96      1.91     -0.96
     -0.96      1.91      0.00
     -0.96      1.91      0.00
     -0.96      1.91      0.00
     -0.96      0.96      0.96
      0.00      0.96      0.96
      0.00      0.00      0.96
      0.00      0.00      0.96
      0.00      0.00      0.96
     -0.96      0.00      0.96
     -0.96      0.00      0.00
      0.00     -0.96     -0.96
      0.00     -0.96     -1.91
      0.00     -1.91     -1.91
      0.00     -1.91     -0.96
      0.00     -0.96     -0.96
      0.00      0.00     -0.96
      0.00      0.00     -0.96
     -0.96      0.00     -0.96
     -0.96      0.96      0.00
     -0.96      0.96      1.91
      0.00      0.96      2.87
      0.96      0.96      2.87
      0.96      0.96      1.91
      0.00      0.96      0.96
     -0.96      0.96      0.96
     -0.96      1.91      0.00
     -0.96      1.91      0.00
     -0.96      0.96     -0.96
     -0.96      0.96     -1.91
     -0.96      0.00     -1.91
     -0.96      0.00     -1.91
      0.00     -0.96     -1.91
      0.00     -0.96     -0.96
      0.00     -1.91      0.00
     -0.96     -1.91      0.96
      0.00     -1.91      0.96
      0.00      0.00      0.00
      0.96      0.96      0.00
      0.00      1.91      0.00
      0.00      1.91      0.00
     -0.96      1.91      0.00
     -0.96      1.91      0.00
      0.00      1.91      0.00
      0.00      1.91      0.00
      0.00      1.91      0.00
     -0.96      1.91      0.00
     -1.91      0.00      0.00
     -1.91     -0.96      0.00
     -0.96     -1.91      0.00
      0.00     -1.91      0.00
      0.96     -1.91      0.96
      0.96     -1.91      0.96
      0.00     -0.96      0.96
      0.00      0.00      0.96
     -0.96      0.00      0.00
     -0.96      0.00      0.00
     -0.96      0.00     -0.96
     -0.96      0.00     -0.96
      0.00      0.00      0.00
      0.00      0.00      0.00
      0.00      0.00     -0.96
      0.00      0.96      0.00
      0.00      1.91      0.00
      0.00      1.91      0.00
      0.00      1.91      0.00
      0.00      1.91      0.00
      0.00      0.96      0.00
      0.00      0.96      0.00
     -0.96      0.96      0.00
     -0.96      0.96      0.00
     -0.96      0.00     -0.96
      0.00      0.00     -0.96
      0.00     -0.96     -0.96
      0.00     -1.91      0.00
      0.00     -1.91      0.96
      0.00     -1.91      1.91
      0.00     -0.96      1.91
      0.00      0.00      0.96
     -0.96      0.00      0.00
     -1.91      0.96      0.00
     -1.91      0.96      0.00
     -0.96      0.96      0.00
      0.00      1.91      0.00
      0.00      1.91      0.00
      0.00      1.91     -0.96
     -0.96      1.91     -0.96
     -0.96      1.91      0.00
     -0.96      0.96      0.00
      0.00      0.00      0.00
      0.00     -0.96      0.00
      0.96     -1.91      0.00
      0.96     -1.91      0.00
      0.96     -1.91     -0.96
      0.00     -0.96     -0.96
     -0.96     -0.96     -0.96
     -1.91     -0.96     -0.96
     -0.96     -0.96      0.00
      0.00     -0.96      0.00
      0.96      0.00      0.96
      1.91      0.96      0.96
      1.91      1.91      0.96
      0.00      2.87      0.96
     -0.96      2.87      1.91
     -0.96      1.91      1.91
      0.00      0.96      0.96
      0.00      0.00      0.00
      0.00      0.00      0.00
      0.00     -0.96      0.00
      0.00     -0.96     -0.96
     -0.96      0.00     -1.91
     -1.91     -0.96     -1.91
     -1.91     -0.96     -1.91
     -1.91     -0.96     -0.96
     -0.96      0.00      0.00
      0.00      0.00      0.00
     -0.96     -0.96      0.00
     -0.96      0.00      0.00
     -0.96      0.00      0.96
     -0.96      0.00      0.96
      0.00      0.00      1.91
      0.00      0.00      1.91
      0.00      0.96      1.91
      0.00      1.91      0.96
     -0.96      1.91      0.96
     -0.96      1.91      0.00
     -0.96      0.96     -0.96
      0.00      0.00      0.00
      0.96      0.00      0.00
      0.96      0.00     -0.96
      0.00      0.96     -0.96
      0.00      0.96     -1.91
     -0.96      0.96     -0.96
     -0.96      0.96      0.00
     -0.96      0.00      0.96
     -0.96     -0.96      1.91
     -0.96     -0.96      1.91
     -0.96     -0.96      1.91
      0.00     -0.96      0.96
     -0.96      0.00      0.00
     -1.91      0.00      0.00
     -1.91      0.00      0.00
     -1.91      0.00      0.00
     -0.96      0.96     -0.96
      0.00      1.91     -1.91
      0.00      1.91     -1.91
     -0.96      1.91     -1.91
     -0.96      0.96     -0.96
     -0.96      0.96     -0.96
     -0.96      0.96     -0.96
      0.00      1.91     -1.91
     -0.96      1.91     -0.96
     -1.91      1.91     -0.96
     -2.87      0.96      0.00
     -3.83      0.00      0.96
     -4.78     -0.96      0.96
     -4.78     -1.91      0.96
     -3.83     -0.96      0.00
     -4.78      0.00      0.96
     -5.74      0.96      0.96
     -6.70      0.96      1.91
     -7.66      0.96      2.87
     -6.70      0.96      3.83
     -3.83      1.91      4.78
     -0.96      2.87      5.74
      1.91      2.87      6.70
      3.83      3.83      6.70
      6.70      3.83      6.70
      8.61      3.83      5.74
      9.57      2.87      3.83
     10.53      0.96      0.96
     11.48     -0.96     -0.96
     13.40     -2.87     -2.87
     15.31     -3.83     -5.74
     15.31     -4.78     -8.61
     15.31     -6.70    -10.53
     14.35     -7.66    -11.48
     12.44     -8.61    -12.44
      9.57     -8.61    -13.40
      6.70     -7.66    -14.35
      1.91     -4.78    -13.40
     -2.87     -1.91    -11.48
     -7.66      1.91     -7.66
    -10.53      4.78     -3.83
    -12.44      6.70     -0.96
    -14.35      7.66      0.00
    -17.23      8.61      1.91
    -20.10      8.61      2.87
    -22.01      9.57      4.78
    -22.01      8.61      6.70
    -17.23      7.66      7.66
    -10.53      5.74      6.70
     -0.96      2.87      6.70
      5.74      0.00      6.70
      9.57     -3.83      5.74
     10.53     -6.70      5.74
     10.53     -8.61      4.78
      9.57     -9.57      5.74
      9.57     -8.61      7.66
     10.53     -5.74      8.61
     10.53     -3.83      8.61
      9.57     -1.91      7.66
      7.66     -1.91      5.74
      4.78     -1.91      3.83
      0.00     -0.96      2.87
     -4.78      0.00      1.91
     -8.61      2.87      1.91
    -10.53      5.74      0.96
    -11.48      8.61     -0.96
    -11.48      9.57     -4.78
    -11.48      8.61     -7.66
    -10.53      6.70     -8.61
     -7.66      3.83     -8.61
     -4.78      0.96     -7.66
     -1.91      0.00     -6.70
      0.00      0.00     -5.74
      1.91      0.96     -5.74
      4.78      0.00     -5.74
      6.70     -0.96     -4.78
      8.61     -2.87     -3.83
     10.53     -5.74     -1.91
     11.48     -6.70     -0.96
     11.48     -6.70      0.96
      8.61     -5.74      0.96
      2.87     -3.83      1.91
     -1.91     -1.91      2.87
     -5.74     -0.96      4.78
     -5.74     -0.96      6.70
     -5.74     -1.91      7.66
     -4.78     -0.96      7.66
     -5.74      0.00      8.61
     -6.70      0.96      8.61
     -8.61      1.91      9.57
    -10.53      2.87      8.61
    -10.53      2.87      7.66
     -9.57      3.83      4.78
     -4.78      3.83      0.96
      0.00      3.83     -2.87
      4.78      3.83     -5.74
      7.66      2.87     -4.78
      8.61      1.91     -2.87
      8.61      0.96     -1.91
      8.61      0.96     -2.87
      6.70      0.96     -4.78
      4.78      0.96     -5.74
      2.87      0.96     -5.74
      0.00      0.00     -4.78
     -1.91      0.00     -2.87
     -4.78     -0.96     -1.91
     -6.70      0.00     -1.91
     -6.70      0.96      0.00
     -5.74      1.91      2.87
     -3.83      0.96      4.78
     -2.87      0.96      5.74
     -1.91      0.96      4.78
      0.00      0.96      2.87
      1.91      0.96      0.96
      2.87      0.00      0.00
      2.87     -0.96      0.00
      1.91     -1.91      0.00
      0.96     -2.87      0.96
      0.96     -2.87      0.96
      0.96     -2.87      1.91
      0.96     -2.87      1.91
      0.00     -2.87      1.91
      0.00     -2.87      0.96
     -0.96     -2.87      0.96
     -0.96     -2.87     -0.96
     -2.87     -1.91     -1.91
     -3.83      0.00     -2.87
     -4.78      0.96     -2.87
     -5.74      1.91     -3.83
     -6.70      1.91     -4.78
     -5.74      0.96     -4.78
     -3.83      1.91     -3.83
     -1.91      1.91     -2.87
      1.91      2.87     -1.91
      4.78      3.83     -1.91
      5.74      4.78     -1.91
      5.74      4.78     -1.91
      4.78      3.83     -0.96
      4.78      3.83      0.00
      4.78      3.83      0.96
      4.78      2.87      2.87
      4.78      1.91      4.78
      4.78      0.96      5.74
      3.83      0.96      5.74
      2.87      0.00      4.78
      1.91     -0.96      2.87
      0.00     -1.91      2.87
     -0.96     -1.91      2.87
     -2.87     -1.91      2.87
     -3.83     -1.91      2.87
     -3.83     -2.87      2.87
     -4.78     -4.78      1.91
     -4.78     -4.78      2.87
     -4.78     -4.78      2.87
     -3.83     -2.87      1.91
     -1.91     -0.96      0.00
     -0.96      0.96     -1.91
      0.00      1.91     -3.83
     -0.96      1.91     -3.83
     -1.91      0.96     -2.87
     -1.91      0.96     -2.87
     -2.87      0.96     -3.83
     -1.91      1.91     -4.78
     -1.91      1.91     -5.74
     -2.87      1.91     -6.70
     -1.91      1.91     -5.74
     -1.91      0.00     -2.87
     -0.96     -0.96     -0.96
      0.00     -1.91      0.00
      1.91     -1.91      0.96
      2.87      0.00      1.91
      2.87      1.91      2.87
      1.91      2.87      3.83
      0.96      4.78      3.83
      0.00      4.78      4.78
      0.00      3.83      4.78
      0.00      2.87      4.78
      0.00      1.91      3.83
      0.00      0.96      2.87
      0.00      0.96      1.91
     -0.96      0.00      0.96
     -0.96     -0.96      0.00
     -0.96     -1.91      0.00
     -0.96     -2.87     -0.96
      0.00     -1.91     -0.96
      0.00     -1.91     -0.96
     -0.96     -1.91     -0.96
     -1.91     -0.96     -0.96
     -2.87     -0.96     -0.96
     -3.83      0.00     -0.96
     -3.83      0.00     -0.96
     -3.83     -0.96     -0.96
     -2.87     -0.96     -0.96
     -1.91     -0.96      0.00
     -0.96      0.00      0.96
      0.00      0.00      0.96
      0.96      0.96      1.91
      1.91      0.96      1.91
      0.96      0.96      1.91
      0.00      0.96      0.96
      0.00      0.96      0.00
      0.00      1.91     -0.96
      0.96      1.91     -1.91
      2.87      0.96     -1.91
      2.87      0.96     -1.91
      2.87      0.96     -2.87
      2.87      0.96     -3.83
      2.87      0.00     -2.87
      2.87      0.00     -1.91
      1.91      0.00     -1.91
      0.96     -0.96     -0.96
      0.00     -0.96     -0.96
      0.00     -0.96      0.00
     -0.96     -0.96      0.00
     -0.96     -0.96      0.96
      0.00      0.00      0.96
     -0.96      0.00      1.91
     -0.96      0.00      2.87
     -1.91      0.00      2.87
     -2.87      0.00      3.83
     -3.83      0.00      4.78
     -3.83      0.00      4.78
     -3.83      0.00      3.83
     -3.83      0.00      2.87
     -2.87     -0.96      2.87
     -1.91     -0.96      2.87
      0.00     -0.96      1.91
      0.00      0.00      0.00
      0.00      0.96     -0.96
     -0.96      1.91     -0.96
     -0.96      1.91     -0.96
     -0.96      1.91      0.00
      0.00      0.96     -0.96
      0.96      0.96     -0.96
      2.87      0.96     -1.91
      3.83      0.96     -1.91
      3.83      1.91     -1.91
      2.87      1.91     -0.96
      0.96      1.91     -0.96
     -0.96      1.91     -0.96
     -0.96      0.96     -0.96
     -0.96      0.00     -0.96
      0.00      0.00     -0.96
      0.96      0.00     -0.96
      0.00     -0.96     -0.96
     -0.96     -0.96      0.00
     -2.87     -0.96      0.00
     -3.83     -0.96      0.00
     -2.87      0.00     -0.96
     -2.87      0.00     -0.96
     -1.91      0.00      0.00
     -1.91     -0.96      0.00
     -1.91     -0.96      0.00
     -0.96     -0.96     -0.96
      0.00     -0.96     -1.91
      0.96     -0.96     -2.87
      0.96     -0.96     -1.91
      0.00     -0.96     -0.96
      0.00     -0.96      0.00
      0.00     -0.96      0.00
     -0.96     -0.96      0.00
     -0.96     -0.96      0.00
     -0.96     -0.96      0.96
      0.00     -0.96      1.91
      0.96     -0.96      2.87
      1.91     -0.96      2.87
      1.91      0.00      2.87
      1.91      0.00      1.91
      0.96      0.96      1.91
      0.00      1.91      1.91
     -1.91      2.87      0.96
     -1.91      2.87      0.00
     -0.96      2.87      0.00
     -0.96      1.91      0.00
     -0.96      1.91      0.00
     -1.91      1.91      0.00
     -2.87      1.91      0.00
     -2.87      2.87     -0.96
     -1.91      2.87      0.00
     -1.91      1.91      0.00
     -0.96      1.91      0.96
      0.00      0.96      0.00
      0.00     -0.96     -0.96
      0.00     -0.96     -1.91
      0.00     -1.91     -1.91
     -0.96     -1.91     -1.91
     -1.91     -0.96     -1.91
     -1.91     -0.96      0.00
     -1.91     -0.96      0.96
     -0.96     -0.96      1.91
      0.96     -0.96      1.91
      1.91     -0.96      2.87
      1.91     -0.96      1.91
      0.96     -0.96      0.96
      0.00      0.00      0.00
      0.00      0.00     -0.96
      0.00      0.00     -1.91
      0.00      0.00     -1.91
      0.96      0.96     -1.91
      1.91      0.96     -0.96
      1.91      0.00     -0.96
      1.91      0.00     -0.96
      0.96      0.00     -0.96
      0.96      0.00     -1.91
      0.00      0.96     -1.91
      0.00      0.96     -1.91
      0.00      0.96     -1.91
      0.00      0.00     -0.96
      0.00      0.00      0.00
      0.00      0.00      0.96
      0.00      0.00      1.91
      0.00      0.00      1.91
     -0.96      0.96      0.96
     -0.96      0.96      0.00
     -1.91      1.91     -0.96
     -3.83      1.91      0.00
     -3.83      1.91      0.00
     -3.83      0.96      0.00
     -2.87      0.00      0.00
     -0.96      0.00      0.96
      0.00     -0.96      1.91
      0.96     -0.96      1.91
      0.96     -0.96      1.91
      0.00     -0.96      0.96
     -0.96      0.00      0.00
     -0.96      0.00     -0.96
     -1.91      0.00     -0.96
     -1.91      0.96     -1.91
     -0.96      0.00     -0.96
      0.00      0.00     -0.96
      0.96      0.00      0.00
      1.91      0.00      0.96
      1.91      0.96      0.96
      1.91      0.96      0.96
      1.91      0.96      0.96
      0.96      1.91      1.91
      0.96      0.96      1.91
      0.96      0.96      1.91
      0.96      0.96      1.91
      0.96      0.96      0.96
     -0.96      0.96      0.00
     -1.91      0.00      0.00
     -2.87      0.00      0.00
     -2.87      0.00      0.00
     -2.87      0.00      0.00
     -2.87      0.00      0.00
     -1.91      0.00      0.00
     -0.96      0.00      0.96
      0.00      0.00      0.96
      0.96      0.00      0.96
      0.96      0.00      0.96
      0.00      0.00      0.00
     -0.96      0.00      0.00
     -0.96      0.00     -0.96
     -1.91      0.96     -1.91
     -0.96      0.96     -1.91
      0.00      0.00     -1.91
      0.96      0.00     -0.96
      1.91      0.00     -0.96
      1.91     -0.96     -0.96
      1.91     -0.96     -0.96
      1.91     -0.96     -0.96
      0.96     -0.96      0.00
     -0.96      0.00      0.96
     -1.91      0.00      0.96
     -1.91      0.00      0.96
     -0.96     -0.96      0.96
      0.00     -0.96      1.91
      0.00     -0.96      2.87
      0.00     -0.96      1.91
      0.00      0.00      0.96
     -0.96      0.96      0.00
     -1.91      0.96     -0.96
     -2.87      0.96     -1.91
     -2.87      0.96     -1.91
     -2.87      0.96     -1.91
     -2.87      0.96     -1.91
     -2.87      0.00     -1.91
     -1.91      0.96     -0.96
     -1.91      0.96     -0.96
     -0.96      0.96     -0.96
      0.00      0.96      0.00
      0.96      0.96      0.00
      0.96      0.96      0.96
      0.96      0.96      0.96
      0.96      0.96      0.96
      0.96      0.96      0.00
      0.00      0.96      0.00
      0.00      0.96      0.00
      0.00      0.96      0.96
      0.00      0.00      1.91
      0.00      0.00      1.91
      0.00     -0.96      0.96
      0.00     -0.96      0.96
      0.00     -0.96      1.91
      0.00      0.00      1.91
      0.00      0.00      1.91
      0.00      0.00      0.96
      0.00      0.00      0.96
      0.00      0.00      1.91
      0.00      0.00      0.96
      0.00      0.00      0.96
      0.00      0.00      0.00
      0.00      0.00     -0.96
     -0.96      0.96     -0.96
     -0.96      0.96     -0.96
     -1.91      0.96     -0.96
     -1.91      0.96     -0.96
     -1.91      0.00     -0.96
     -1.91     -0.96      0.00
     -1.91     -0.96      0.96
     -0.96     -0.96      0.96
      0.00      0.00      0.96
      0.00      0.00      0.00
      0.00      0.00     -0.96
      0.00      0.00     -0.96
      0.00      0.96     -0.96
      0.00      0.96     -0.96
      0.00      0.00     -1.91
      0.00      0.00     -1.91
      0.00      0.00     -1.91
      0.00      0.96     -1.91
      0.00      0.96     -1.91
      0.00      0.96     -1.91
      0.00      0.00     -0.96
      0.96     -0.96     -0.96
      0.96     -0.96      0.00
      1.91     -0.96      0.00
      1.91     -0.96      0.00
      0.96      0.00      0.96
      0.00      0.00      0.96
      0.00      0.00      0.96
     -0.96      0.00      1.91
     -0.96      0.00      1.91
     -0.96      0.00      1.91
     -1.91      0.00      0.96
     -1.91      0.00      0.96
     -2.87      0.00      0.96
     -2.87      0.00      0.96
     -3.83      0.00      0.96
     -2.87      0.00      0.96
     -2.87      0.96      0.00
     -1.91      0.96     -0.96
     -0.96      1.91     -0.96
     -0.96      1.91     -0.96
     -0.96      0.96     -0.96
     -0.96      0.96     -0.96
      0.00      0.96      0.00
      0.00      0.96     -0.96
      0.96      0.00     -0.96
      0.96      0.00     -0.96
      0.96      0.00     -0.96
      1.91      0.00     -0.96
      1.91      0.00     -0.96
      1.91      0.00      0.00
      1.91      0.00      0.96
      1.91      0.00      1.91
      1.91      0.00      1.91
      1.91      0.00      1.91
      1.91      0.00      0.96
      0.00      0.00      0.00
     -1.91      0.00      0.00
     -2.87      0.00      0.00
     -3.83     -0.96      0.00
     -3.83     -0.96      0.00
     -2.87     -0.96      0.00
     -0.96     -0.96      0.96
      0.00      0.00      0.96
      0.96      0.00      0.96
      0.96      0.00      0.96
      0.96      0.00      0.96
      0.00      0.00      0.00
      0.00      0.00      0.00
      0.00      0.96     -0.96
     -0.96      0.96     -0.96
     -0.96      0.96     -0.96
     -0.96      0.96      0.00
     -0.96      0.96      0.96
     -0.96      0.00      0.96
     -0.96      0.96      0.96
     -0.96      0.96      0.96
     -0.96      0.96      0.00
     -1.91      0.96     -0.96
     -2.87      0.96     -1.91
     -2.87      0.00     -1.91
     -1.91      0.00     -0.96
     -0.96     -0.96     -0.96
     -0.96     -0.96      0.00
      0.00     -0.96      0.96
      0.00     -0.96      0.96
      0.96      0.00      0.96
      0.96      0.00      0.96
      0.96      0.96      0.00
      1.91      0.96      0.00
      1.91      0.96      0.00
      1.91      0.96      0.96
      0.96      0.96      0.00
      0.00      0.00      0.00
     -0.96      0.00      0.00
     -0.96      0.00      0.00
     -0.96      0.00      0.00
     -0.96     -0.96      0.96
     -0.96     -0.96      0.96
     -0.96      0.00      0.96
     -0.96      0.00      0.00
     -0.96      0.96     -0.96
     -1.91      0.96     -0.96
     -1.91      0.96     -0.96
     -0.96      0.00     -0.96
      0.00      0.00     -0.96
      0.00      0.00     -0.96
      0.96      0.00     -0.96
      0.96      0.00      0.00
      0.00      0.00      0.00
      0.00      0.00      0.00
      0.00      0.96     -0.96
      0.00      0.00     -0.96
      0.96      0.00      0.00
      0.96      0.00      0.00
      0.96      0.00      0.00
      0.00      0.00      0.96
     -0.96      0.00      0.96
     -1.91      0.00      0.00
     -1.91      0.00     -0.96
     -1.91      0.00     -1.91
     -2.87      0.00     -1.91
     -2.87      0.00     -0.96
     -2.87      0.00     -0.96
     -1.91      0.00      0.96
     -0.96      0.96      0.96
      0.00      0.96      1.91
      0.96      0.96      0.96
      0.96      0.96      0.96
      0.96      0.96      0.00
      0.96      0.96     -0.96
      0.96      0.96     -0.96
      0.00      0.96     -0.96
      0.00      0.00     -0.96
      0.00      0.00      0.00
      0.00      0.00      0.96
      0.96     -0.96      0.96
      0.96     -0.96      0.96
      0.96     -0.96      0.96
      0.96     -0.96      0.96
      0.00     -0.96      0.96
     -0.96     -0.96      0.96
     -0.96      0.00      0.96
     -1.91      0.96      0.96
     -1.91      0.96      0.00
     -1.91      0.96     -0.96
     -0.96      0.96     -0.96
     -0.96      0.96      0.00
      0.00      0.96      0.00
      0.00      0.96      0.00
      0.00      0.96      0.00
      0.00      0.96      0.00
      0.00      0.00      0.00
      0.00      0.00      0.00
      0.96      0.00      0.00
      0.96      0.00      0.00
      0.96      0.00      0.00
      0.00     -0.96      0.00
      0.00     -0.96      0.00
      0.00     -0.96      0.00
      0.00     -0.96      0.00
      0.96     -0.96      0.00
      0.96      0.00      0.00
      0.00      0.00     -0.96
      0.00      0.00     -0.96
      0.00      0.00     -0.96
     -0.96      0.00     -0.96
     -0.96      0.00      0.00
     -0.96      0.00      0.96
     -0.96      0.00      1.91
      0.00      0.00      1.91
      0.00      0.96      0.96
      0.00      0.96      0.96
     -0.96      0.00      0.00
     -1.91      0.00      0.00
     -1.91      0.00      0.96
     -2.87      0.00      0.96
     -2.87      0.00      0.96
     -2.87      0.00      0.00
     -2.87      0.00      0.00
     -1.91      0.00      0.00
     -0.96      0.00      0.00
      0.00      0.00      0.00
      0.00      0.00     -0.96
      0.00      0.96     -1.91
      0.00      0.96     -1.91
      0.00      0.96     -1.91
      0.00      1.91     -1.91
      0.00      1.91     -1.91
     -0.96      1.91     -0.96
     -0.96      1.91      0.00
     -0.96      0.96      0.00
      0.00      0.00      0.96
      0.00      0.00      0.96
     -0.96     -0.96      0.96
     -0.96     -0.96      0.96
     -1.91      0.00      0.96
     -0.96      0.00      0.96
     -0.96      0.00      0.96
      0.00      0.00      1.91
      0.96      0.00      1.91
      0.96     -0.96      1.91
      0.00     -0.96      0.96
      0.00     -0.96      0.00
      0.00      0.00     -0.96
      0.00      0.96     -1.91
      0.00      0.96     -1.91
      0.00      0.96     -1.91
      0.96      1.91     -1.91
      0.96      0.96     -1.91
      1.91      0.96     -1.91
      1.91      0.96     -1.91
      0.96      0.96     -0.96
      0.00      0.96      0.00
      0.00      0.00      0.96
     -0.96      0.00      0.96
     -0.96      0.00      0.96
     -1.91      0.00      0.96
     -1.91      0.00      0.96
     -2.87     -0.96      0.96
     -2.87     -0.96      1.91
     -1.91     -1.91      2.87
     -0.96     -1.91      2.87
     -0.96     -0.96      1.91
      0.00      0.00      0.96
      0.00      0.00      0.00
      0.00      0.00     -0.96
      0.00      0.96     -0.96
      0.00      0.96     -1.91
      0.96      0.96     -1.91
      0.96      0.96     -1.91
      0.96      0.96     -0.96
      0.00      0.96     -0.96
      0.00      0.96      0.00
     -0.96      0.00      0.00
     -0.96      0.00      0.00
     -0.96      0.00     -0.96
     -1.91      0.00      0.00
     -0.96      0.00      0.00
     -0.96      0.00      0.96
     -0.96      0.00      1.91
      0.00      0.00      1.91
      0.00     -0.96      0.96
      0.00     -0.96      0.96
      0.00      0.00      0.96
     -0.96      0.00      0.00
     -0.96      0.96      0.00
     -0.96      0.00      0.96
     -0.96     -0.96      0.96
      0.00     -0.96      0.00
      0.96     -0.96      0.00
      0.96     -0.96     -0.96
      0.96      0.00     -0.96
      0.00      0.00     -0.96
     -0.96      0.00     -0.96
     -0.96      0.96     -0.96
     -0.96      1.91     -0.96
     -0.96      1.91     -0.96
     -0.96      0.96      0.00
     -1.91      0.96      0.96
     -0.96      0.00      0.96
     -0.96      0.00      0.96
      0.00     -0.96      0.96
      0.00     -0.96      0.96
      0.96     -0.96      0.96
      0.00      0.00      0.96
      0.00      0.00      0.00
      0.00      0.00      0.00
      0.00      0.00     -0.96
     -0.96      0.00     -0.96
     -0.96      0.00     -0.96
      0.00      0.00     -0.96
      0.96      0.00     -0.96
      0.96      0.96     -0.96
      0.96      0.96     -0.96
      0.00      1.91     -1.91
     -0.96      1.91     -0.96
     -1.91      1.91     -0.96
     -1.91      0.96      0.00
     -1.91      0.00      0.96
     -1.91      0.00      1.91
     -1.91      0.00      1.91
     -1.91      0.00      1.91
     -1.91      0.00      1.91
     -1.91      0.00      0.96
     -1.91      0.00      0.00
     -0.96      0.00      0.00
      0.00      0.00      0.00
      0.00     -0.96      0.00
      0.96     -0.96      0.00
      0.96      0.00      0.00
      0.00      0.00      0.00
      0.00      0.96     -0.96
      0.96      0.96     -0.96
      0.96      0.96     -0.96
      0.96      0.96     -0.96
      0.96      0.96     -0.96
      0.96      1.91      0.00
      0.96      1.91      0.00
      0.00      0.96      0.00
     -0.96      0.96     -0.96
     -0.96      0.00      0.00
     -0.96      0.00      0.00
      0.00      0.00      0.00
      0.96     -0.96      0.96
      0.96     -0.96      0.96
      0.00     -0.96      0.96
     -0.96     -0.96      0.96
     -0.96     -0.96      0.00
     -0.96     -0.96      0.00
     -0.96     -0.96      0.00
     -0.96     -0.96      0.00
      0.00     -0.96      0.00
      0.00      0.00      0.00
      0.00      0.96      0.00
      0.00      0.96      0.00
      0.00      0.96     -0.96
      0.00      0.96     -0.96
     -0.96      0.96     -0.96
     -0.96      0.96     -0.96
      0.00      0.96     -0.96
      0.00      0.96     -0.96
     -0.96      0.00     -0.96
     -1.91      0.00      0.00
     -1.91     -0.96      0.96
     -1.91     -0.96      0.96
     -0.96     -0.96      0.96
     -0.96     -0.96      0.96
     -0.96      0.00      0.96
     -0.96      0.00      0.96
      0.00      0.00      0.96
      0.00      0.00      0.96
      0.96      0.96      0.96
      0.96      0.96      0.96
      0.96      0.96      0.96
      0.96      1.91      0.96
      0.96      1.91      0.00
      0.96      1.91      0.00
      0.00      1.91      0.00
      0.00      0.96     -0.96
     -0.96      0.96     -0.96
     -0.96      0.00     -0.96
     -0.96      0.00     -0.96
     -0.96      0.00      0.00
     -0.96     -0.96      0.00
     -0.96     -0.96      0.00
     -0.96     -0.96      0.00
     -0.96      0.00      0.00
     -0.96      0.00      0.00
     -0.96      0.00      0.00
     -0.96      0.00      0.00
     -0.96      0.00      0.00
     -0.96      0.00      0.00
      0.00      0.00      0.00
      0.00      0.00      0.96
      0.96      0.00      0.96
      0.96      0.00      0.96
      0.96      0.00      0.00
      0.96      0.00      0.00
      0.96      0.96      0.00
      0.00      0.96      0.00
      0.00      0.96      0.96
     -0.96      0.96      0.96
     -0.96      0.96      0.96
     -1.91      0.96      0.96
     -1.91      0.00      0.96
     -1.91      0.00      0.96
     -1.91     -0.96      0.00
     -0.96     -0.96      0.00
     -0.96     -0.96     -0.96
     -0.96      0.00     -0.96
     -0.96      0.00     -0.96
      0.00      0.00     -0.96
      0.00      0.96     -0.96
      0.00      0.96     -0.96
      0.00      0.96     -0.96
      0.00      0.96     -0.96
     -0.96      0.00     -0.96
     -0.96      0.00      0.00
      0.00      0.00      0.00
      0.00      0.00      0.00
      0.96      0.00      0.96
      0.96      0.00      0.96
      0.00      0.00      0.96
      0.00      0.00      0.96
     -0.96      0.00      0.96
     -1.91      0.00      0.96
     -1.91      0.00      0.96
     -1.91      0.00      0.96
     -0.96      0.00      0.96
      0.00      0.00      0.96
      0.96      0.00      0.00
      0.96      0.00      0.00
      0.96      0.00     -0.96
      0.00      0.00     -0.96
      0.00      0.00     -0.96
      0.00      0.96     -0.96
      0.00      0.96     -0.96
      0.00      0.96     -0.96
      0.00      0.96     -0.96
      0.00      0.96     -0.96
      0.96      0.96      0.00
      0.96      0.96      0.00
      0.00      0.96      0.00
     -0.96      0.96      0.00
     -0.96      0.96      0.00
     -1.91      0.00      0.00
     -1.91      0.00      0.00
     -0.96      0.00      0.00
     -0.96      0.00      0.00
     -1.91     -0.96      0.00
     -1.91     -0.96      0.00
     -0.96     -0.96      0.00
     -0.96     -0.96      0.00
      0.00      0.00      0.00
     -0.96      0.00      0.00
     -0.96      0.00     -0.96
     -0.96      0.96      0.00
     -0.96      0.96      0.00
      0.00      0.96      0.00
      0.00      0.96      0.00
      0.96      0.96     -0.96
      1.91      0.00     -0.96
      1.91      0.00      0.00
      1.91      0.00      0.00
      1.91      0.00      0.00
      0.96      0.00      0.00
      0.00      0.00      0.00
      0.00      0.00      0.00
     -0.96      0.00      0.96
     -1.91      0.00      0.96
     -1.91      0.00      0.96
     -1.91      0.00      0.96
     -0.96      0.00      0.00
     -0.96      0.00      0.00
     -0.96      0.00      0.00
     -1.91      0.00      0.00
     -0.96      0.00      0.00
     -0.96      0.96      0.00
     -0.96      0.96      0.00
      0.00      0.96      0.00
      0.00      0.96      0.00
      0.00      0.96      0.00
      0.96      0.00      0.00
      0.96      0.00      0.00
      0.96      0.00      0.00
      0.96     -0.96     -0.96
      0.96     -0.96     -0.96
      0.00     -0.96      0.00
      0.00      0.00      0.00
      0.00      0.00      0.00
      0.00      0.00      0.00
      0.00      0.00      0.96
      0.00      0.00      0.96
     -0.96      0.96      1.91
     -0.96      0.96      1.91
     -0.96      0.96      0.96
     -1.91      0.96      0.96
     -1.91      0.96      0.96
     -0.96      0.96      0.00
     -0.96      0.96      0.00
      0.00      0.96      0.00
      0.96      0.96      0.00
      0.96      0.96     -0.96
      0.96      0.00     -0.96
      0.00     -0.96     -0.96
     -0.96     -0.96     -0.96
     -0.96     -0.96     -0.96
     -0.96     -0.96     -0.96
     -0.96     -0.96     -0.96
      0.00      0.00     -0.96
      0.00      0.00      0.00
      0.00      0.00      0.96
     -0.96      0.00      1.91
     -1.91      0.00      1.91
     -1.91      0.96      0.96
     -2.87      0.96      0.00
     -2.87      1.91      0.00
     -2.87      1.91      0.00
     -1.91      0.96      0.00
      0.00      0.00      0.00
      1.91      0.00      0.00
      2.87     -0.96      0.00
      2.87     -0.96     -0.96
      1.91     -0.96     -0.96
      0.00      0.00     -0.96
     -0.96      0.00     -1.91
     -0.96      0.00     -1.91
     -1.91      0.00     -1.91
     -0.96      0.00      0.00
      0.00      0.00      0.96
      0.96      0.00      1.91
      0.96      0.00      1.91
      0.00      0.00      0.96
     -0.96      0.96      0.96
     -1.91      0.96      0.00
     -1.91      0.96      0.00
     -1.91      0.96      0.00
     -0.96      0.96      0.00
      0.00      0.00      0.00
      0.96      0.00      0.00
      0.96      0.00      0.00
      0.96      0.00      0.00
      0.00      0.00      0.00
     -0.96      0.96      0.00
     -0.96      0.96     -0.96
      0.00      0.96     -0.96
      0.00      0.00      0.00
      0.96      0.00      0.00
      0.96     -0.96      0.00
      0.96     -0.96      0.00
      0.96     -0.96      0.00
      0.00      0.00      0.00
     -1.91      0.00      0.00
     -2.87      0.96      0.96
     -2.87      0.96      0.96
     -2.87      0.96      0.96
     -1.91      0.00      0.00
     -0.96      0.00      0.00
      0.00      0.00      0.00
      0.00      0.00      0.00
     -0.96      0.00      0.00
     -0.96      0.00      0.00
     -0.96      0.00      0.00
      0.00      0.96      0.00
      0.00      0.96      0.00
      0.00      0.96      0.00
      0.96      0.96      0.00
      0.96      0.00      0.00
      0.96      0.00     -0.96
      0.96      0.00     -0.96
      0.00      0.00     -0.96
      0.00      0.96      0.00
      0.00      0.96      0.00
      0.00      0.96      0.00
      0.00      0.96      0.00
     -0.96      0.96      0.96
     -0.96      0.00      0.96
     -0.96      0.00      0.96
     -0.96      0.00      0.96
     -0.96      0.00      1.91
     -0.96      0.00      1.91
     -0.96      0.96      0.96
     -0.96      0.96      0.96
     -0.96      0.96      0.96
     -0.96      0.96      0.00
     -0.96      0.96      0.00
     -0.96      0.96     -0.96
     -0.96      0.00     -0.96
      0.00      0.00     -0.96
      0.00      0.00     -0.96
      0.00      0.00     -0.96
      0.00      0.00     -0.96
      0.96      0.00     -0.96
      0.96     -0.96     -1.91
      0.96      0.00     -1.91
      0.96      0.00     -0.96
      0.00      0.00     -0.96
      0.00      0.00     -0.96
      0.00      0.00      0.00
      0.00      0.00      0.00
      0.00      0.00      0.00
      0.00      0.00      0.00
      0.00      0.00      0.96
      0.00      0.00      0.96
      0.00      0.00      0.96
     -0.96      0.00      0.96
     -0.96      0.96      1.91
     -0.96      0.96      1.91
     -0.96      0.00      0.96
     -0.96      0.00      0.96
     -0.96     -0.96      0.96
     -0.96     -0.96      0.96
     -0.96     -0.96      0.96
     -1.91      0.00      0.00
     -1.91      0.00     -0.96
     -1.91      0.00     -0.96
     -0.96      0.00     -0.96
     -0.96      0.00     -0.96
      0.00      0.96     -0.96
      0.96      0.96     -0.96
      0.96      0.96     -0.96
      0.96      0.96     -0.96
      0.00      0.96     -0.96
      0.00      0.96     -0.96
      0.00      0.96      0.00
      0.00      0.96      0.00
      0.96      0.96      0.00
      1.91      0.00      0.96
      1.91      0.00      0.96
      0.96      0.00      0.96
      0.00      0.00      0.96
     -0.96      0.00      0.96
     -0.96      0.00      0.96
     -0.96      0.00      0.96
     -1.91      0.00      0.00
     -0.96      0.00      0.00
     -0.96      0.00      0.00
      0.00     -0.96      0.00
      0.00     -0.96      0.00
      0.00      0.00      0.00
      0.00      0.00      0.00
      0.00      0.96      0.00
      0.00      1.91     -0.96
     -0.96      1.91     -0.96
     -0.96      0.96     -0.96
     -0.96      0.96     -0.96
     -0.96      0.00     -0.96
      0.00      0.00     -0.96
      0.00      0.00     -0.96
      0.00      0.00      0.00
     -0.96      0.00      0.00
     -1.91      0.00      0.96
     -1.91      0.00      0.96
     -1.91      0.00      0.96
     -0.96      0.00      0.96
     -0.96      0.00      0.96
      0.00      0.00      0.96
      0.00      0.00      0.96
      0.00      0.00      0.96
      0.00      0.96      0.96
      0.00      0.96      0.00
      0.96      0.96      0.00
      0.96      0.96      0.00
      0.00      0.00      0.00
      0.00      0.00      0.00
      0.00      0.00      0.00
      0.00      0.00      0.00
      0.00      0.00     -0.96
     -0.96      0.00     -0.96
     -0.96      0.00     -0.96
     -0.96      0.00      0.00
     -0.96      0.00      0.96
     -0.96      0.00      0.96
     -0.96      0.00      0.96
     -0.96      0.00      0.96
     -0.96      0.96      0.96
     -0.96      0.96      0.96
     -0.96      0.96      0.96
      0.00      0.96      0.96
      0.00      0.00      0.96
      0.00      0.00      0.96
     -0.96      0.00      0.00
      0.00      0.00      0.00
      0.00      0.00     -0.96
      0.00      0.00     -0.96
      0.00      0.00     -1.91
      0.00      0.00     -1.91
      0.00      0.00     -1.91
      0.00      0.00     -0.96
      0.00      0.00      0.00
      0.00      0.00      0.96
      0.00      0.00      1.91
      0.00      0.96      1.91
      0.00      0.96      1.91
      0.00      0.96      0.96
     -0.96      0.96      0.96
     -0.96      0.00      0.00
     -0.96      0.00      0.00
     -0.96      0.00      0.00
     -0.96      0.00     -0.96
     -0.96      0.00     -0.96
     -0.96      0.00     -0.96
     -0.96      0.00     -0.96
     -0.96      0.00     -0.96
     -0.96      0.00     -0.96
      0.00      0.00     -0.96
      0.00      0.00     -0.96
      0.00      0.00     -0.96
      0.00      0.00      0.00
      0.00      0.00      0.00
      0.00      0.00      0.00
      0.00      0.96      0.00
      0.00      0.96      0.00
      0.00      0.96     -0.96
      0.00      0.96     -0.96
      0.00      0.96      0.00
      0.00      0.00      0.00
     -0.96      0.00      0.00
     -0.96      0.00      0.00
     -0.96      0.00      0.00
     -0.96      0.00      0.00
     -0.96      0.00      0.00
     -0.96      0.00      0.00
     -0.96      0.00      0.96
     -0.96      0.00      0.96
      0.00      0.00      0.96
      0.00      0.00      0.96
      0.00      0.96      0.96
      0.00      0.96      0.96
      0.00      0.96      0.96
     -0.96      0.96      0.96
     -0.96      0.96      0.00
     -1.91      0.00      0.00
     -0.96      0.00      0.00
     -0.96      0.00     -0.96
      0.00      0.00     -0.96
      0.00      0.00      0.00
      0.00      0.00      0.00
      0.00      0.00      0.00
      0.00      0.00      0.00
      0.00      0.00      0.00
      0.00      0.00     -0.96
      0.00      0.00     -0.96
      0.00      0.96     -0.96
      0.00      0.96     -0.96
      0.00      0.96     -0.96
      0.00      0.96     -0.96
      0.00      0.96     -0.96
     -0.96      0.96      0.00
     -0.96      0.00      0.00
     -0.96      0.00      0.00
     -0.96      0.00      0.00
     -0.96      0.00      0.00
     -1.91      0.00      0.00
     -1.91      0.00      0.00
     -1.91      0.00      0.00
     -1.91      0.00      0.96
     -1.91      0.00      0.96
     -0.96      0.00      1.91
     -0.96      0.00      1.91
      0.00      0.00      0.96
      0.00      0.00      0.96
      0.96      0.00      0.00
      0.96      0.00      0.00
      0.96      0.00     -0.96
      0.96      0.00     -0.96
      0.96      0.00      0.00
      0.00      0.00      0.00
      0.96      0.00     -0.96
      0.96      0.00     -0.96
      0.00      0.00     -0.96
      0.00      0.00     -0.96
      0.00      0.96     -0.96
     -0.96      0.96      0.00
     -1.91      0.96      0.00
     -1.91      0.96      0.00
     -1.91      0.00      0.00
     -0.96      0.00      0.00
     -0.96      0.00      0.00
     -0.96      0.96      0.00
     -0.96      0.00      0.00
     -0.96      0.00      0.00
     -0.96      0.00      0.00
     -0.96      0.00      0.00
      0.00      0.00      0.00
      0.96     -0.96      0.00
      0.96     -0.96      0.00
      0.96     -0.96      0.00
      0.96     -0.96      0.00
      0.00     -0.96     -0.96
      0.00      0.00      0.00
     -0.96      0.00      0.00
     -0.96      0.00      0.00
     -0.96      0.00      0.96
     -0.96      0.00      0.96
     -0.96      0.00      0.96
     -0.96      0.96      0.96
     -1.91      0.96      0.96
     -1.91      0.96      0.00
     -0.96      0.96      0.00
     -0.96      0.96      0.00
     -0.96      0.96      0.00
      0.00      0.00      0.00
      0.96      0.00      0.00
      0.96      0.00     -0.96
      0.96      0.00     -0.96
      0.00      0.00     -0.96
      0.00      0.00     -0.96
     -0.96      0.00     -0.96
     -0.96      0.00     -0.96
      0.00      0.96      0.00
      0.00      0.96      0.00
      0.00      0.00      0.00
     -0.96      0.00      0.96
     -0.96      0.00      0.96
     -0.96      0.00      0.00
     -1.91      0.00      0.00
     -1.91      0.96     -0.96
     -0.96      0.96     -0.96
      0.00      0.96      0.00
      0.00      0.96      0.96
      0.00      0.00      0.96
      0.00      0.00      0.96
      0.00      0.00      0.96
      0.00      0.00      0.00
      0.00      0.00      0.00
     -0.96      0.00      0.00
      0.00      0.00      0.00
      0.00      0.00      0.00
      0.00      0.00      0.00
      0.00      0.00      0.00
      0.00      0.00      0.00
      0.00      0.00      0.00
     -0.96      0.00      0.00
     -0.96      0.00      0.00
     -0.96      0.00      0.00
     -0.96      0.00      0.00
     -0.96      0.00      0.00
     -0.96      0.00      0.00
     -0.96      0.00      0.00
     -0.96      0.00      0.96
      0.00      0.00      0.96
      0.00      0.00      0.00
      0.00      0.00      0.00
     -0.96      0.96      0.00
     -0.96      0.96      0.00
     -0.96      0.00     -0.96
     -0.96      0.00     -0.96
     -0.96      0.00     -0.96
     -0.96      0.00      0.00
     -0.96      0.00      0.00
      0.00      0.00      0.00
      0.00      0.00      0.00
      0.00      0.00      0.00
      0.96      0.96      0.00
      0.96      0.96      0.00
      0.96      0.96      0.00
      0.00      0.96      0.00
      0.00      0.96      0.00
      0.00      0.00      0.00
      0.00      0.00      0.00
      0.00      0.00      0.00
      0.00      0.00      0.00
      0.00      0.00      0.00
      0.00      0.00      0.00
      0.00      0.00      0.00
      0.00      0.00      0.00
      0.00      0.00      0.00
      0.00      0.00      0.00
     -0.96      0.00      0.00
     -0.96      0.00      0.00
     -0.96      0.96      0.00
      0.00      0.96      0.00
      0.00      0.96      0.00
      0.00      0.00      0.00
      0.00      0.00      0.00
      0.00      0.00      0.00
      0.00      0.00      0.00
      0.00      0.00     -0.96
     -0.96      0.00     -0.96
     -0.96      0.00     -0.96
     -0.96      0.00      0.00
     -0.96      0.00      0.00
     -0.96      0.00      0.00
      0.00      0.00      0.00
      0.00      0.00      0.00
      0.00      0.00      0.00
      0.00      0.00      0.96
      0.00      0.00      0.96
     -0.96      0.96      0.96
     -0.96      0.96      0.96
     -0.96      0.96      0.00
     -0.96      0.00      0.00
     -0.96      0.00      0.00
      0.00      0.00      0.00
      0.00      0.00      0.00
      0.00      0.00      0.00
      0.00      0.00     -0.96
      0.00      0.00     -0.96
     -0.96      0.00     -0.96
     -0.96      0.00     -0.96
     -0.96      0.00      0.00
     -0.96      0.00      0.00
      0.00      0.00      0.96
      0.00      0.00      0.96
      0.00      0.00      0.96
     -0.96      0.96      0.96
     -0.96      0.96      0.00
     -0.96      0.96      0.00
      0.00      0.96      0.00
      0.00      0.96     -0.96
      0.00      0.96     -0.96
      0.00      0.96     -0.96
      0.00      0.00     -0.96
     -0.96      0.00     -0.96
      0.00      0.00     -0.96
      0.00      0.00     -0.96
      0.00      0.00     -0.96
      0.00      0.00      0.00
      0.00      0.00      0.00
     -0.96      0.00      0.00
     -0.96      0.00      0.00
     -1.91      0.00      0.00
     -1.91      0.00      0.00
     -1.91      0.00      0.96
     -1.91      0.96      0.96
     -0.96      0.96      0.96
      0.00      0.96      0.96
      0.00      0.00      0.96
      0.00      0.00      0.00
      0.00      0.00      0.00
      0.00      0.00      0.00
      0.00      0.00      0.00
      0.96      0.00      0.00
      0.96      0.00      0.00
      0.96      0.00      0.00
      0.96      0.00      0.00
      0.00      0.00      0.00
      0.00      0.00      0.00
      0.00      0.00      0.00
      0.00      0.00      0.00
     -0.96      0.96      0.00
     -0.96      0.96      0.00
     -1.91      0.96      0.00
     -1.91      0.96      0.00
     -1.91      0.00      0.00
     -1.91      0.00      0.00
     -1.91      0.00      0.00
     -0.96      0.00      0.96
      0.00      0.00      0.96
      0.00      0.00      0.00
      0.00      0.00      0.00
      0.00      0.00      0.00
      0.00      0.00      0.00
      0.00      0.00      0.00
      0.00      0.00     -0.96
      0.00      0.00     -0.96
      0.00      0.00     -0.96
     -0.96      0.96      0.00
     -0.96      0.96      0.00
     -0.96      0.00      0.00
     -0.96      0.00      0.00
     -0.96      0.00      0.96
      0.00      0.00      0.96
      0.00      0.00      0.96
     -0.96      0.00      0.96
     -0.96      0.96      0.96
     -0.96      0.96      0.00
     -0.96      0.96      0.00
     -0.96      0.96      0.00
      0.00      0.00      0.00
      0.00      0.00      0.00
      0.96      0.00      0.00
      0.96      0.00      0.00
      0.96      0.00      0.00
      0.96      0.00      0.00
      0.00      0.00      0.00
      0.00      0.00      0.00
      0.00      0.00      0.00
      0.00      0.00      0.00
      0.00      0.00      0.00
      0.00      0.00      0.00
      0.00      0.00      0.00
     -0.96      0.00      0.00
     -0.96      0.00      0.00
     -0.96      0.00      0.00
     -0.96      0.00     -0.96
     -0.96      0.00     -0.96
     -0.96      0.00      0.00
     -0.96      0.00      0.00
      0.00      0.00      0.00
      0.00      0.00      0.00
      0.00      0.00      0.00
      0.00      0.00      0.96
      0.00      0.00      0.96
      0.00      0.00      0.96
      0.00      0.96      0.00
      0.00      0.00      0.00
      0.00      0.00      0.00
      0.00      0.00      0.00
      0.00      0.00      0.00
      0.00      0.00      0.00
      0.00      0.96      0.00
     -0.96      0.96     -0.96
     -0.96      0.96      0.00
     -0.96      0.96      0.00
     -0.96      0.96      0.00
      0.00      0.00      0.96
      0.00      0.00      0.00
      0.00      0.00      0.00
      0.00      0.00      0.00
      0.00      0.00      0.00
      0.00      0.00      0.00
      0.00      0.00      0.00
      0.00      0.00      0.00
      0.00      0.00      0.00
      0.00      0.96      0.00
     -0.96      0.00      0.00
     -0.96      0.00      0.00
     -0.96      0.00      0.00
     -0.96      0.00      0.00
     -0.96      0.00      0.00
     -0.96      0.00      0.00
     -0.96      0.00      0.00
     -0.96      0.00      0.00
     -0.96      0.00      0.00
     -0.96      0.00      0.00
     -0.96      0.00      0.00
     -0.96      0.00      0.00
     -0.96      0.00      0.00
     -0.96      0.00      0.00
     -0.96      0.00      0.00
     -0.96      0.00      0.00
     -0.96      0.00      0.00
      0.00      0.00      0.00
      0.00      0.00      0.00
      0.00      0.00      0.00
      0.00      0.00      0.00
      0.00      0.00      0.96
      0.00      0.00      0.96
     -0.96      0.00      0.96
     -0.96      0.00      0.96
      0.00      0.00      0.96
      0.00      0.00      0.00
      0.00      0.96      0.00
      0.00      0.96      0.00
      0.00      0.96     -0.96
      0.00      0.96     -0.96
      0.00      0.96     -0.96
     -0.96      0.96     -0.96
     -0.96      0.00     -0.96
     -0.96      0.00      0.00
     -0.96      0.00      0.00
     -0.96      0.00      0.00
      0.00      0.00      0.00
      0.00      0.00      0.00
      0.00      0.00      0.00
      0.00      0.00      0.00
      0.00      0.00      0.00
      0.00      0.96      0.00
     -0.96      0.96      0.00
     -0.96      0.00      0.00
     -0.96      0.00      0.00
     -0.96      0.00      0.00
     -0.96      0.00      0.00
     -0.96      0.00      0.00
      0.00      0.00     -0.96
      0.00      0.00     -0.96
      0.00      0.00     -0.96
      0.00      0.00     -0.96
     -0.96      0.00     -0.96
     -0.96      0.00      0.00
     -0.96      0.00      0.00
     -0.96      0.96      0.00
     -0.96      0.96      0.00
     -0.96      0.96      0.00
     -0.96      0.00      0.00
      0.00      0.00      0.00
      0.00      0.00      0.00
      0.96      0.00      0.00
      0.96      0.00      0.00
      0.96      0.00      0.00
      0.96      0.00      0.00
      0.00      0.00      0.96
      0.00      0.00      0.00
      0.00      0.00      0.00
      0.00      0.00      0.00
      0.00      0.00      0.00
      0.00      0.00      0.00
      0.00      0.00      0.00
      0.00      0.00      0.00
     -0.96      0.96      0.00
     -0.96      0.00      0.00
     -1.91      0.96      0.00
     -1.91      0.96      0.00
     -1.91      0.96      0.00
     -1.91      0.96      0.00
     -0.96      0.96      0.00
     -0.96      0.96      0.00
     -0.96      0.00      0.00
     -0.96      0.00      0.00
      0.00      0.00      0.00
      0.00      0.00      0.00
      0.00      0.00      0.00
      0.00      0.00      0.00
      0.00      0.00     -0.96
      0.96      0.00     -0.96
      0.96      0.00     -0.96
      0.00      0.00      0.00
      0.00      0.00      0.00
      0.00      0.96      0.00
     -0.96      0.00      0.00
     -0.96      0.00      0.00
     -0.96      0.00      0.00
     -0.96      0.96      0.00
     -0.96      0.96      0.00
     -0.96      0.96      0.96
     -0.96      0.96      0.96
     -0.96      0.00      0.96
     -0.96      0.00      0.96
     -0.96      0.00      0.96
      0.00      0.00      0.96
      0.00      0.00      0.00
      0.00      0.00      0.00
      0.00      0.00      0.00
      0.00      0.00     -0.96
      0.00      0.00     -0.96
      0.00      0.00      0.00
      0.00      0.00      0.00
      0.00      0.00      0.00
      0.00      0.00      0.00
      0.00      0.00      0.00
      0.00      0.96      0.00
     -0.96      0.96      0.00
     -0.96      0.96      0.00
     -0.96      0.96      0.00
     -0.96      0.96      0.00
     -0.96      0.00      0.00
     -0.96      0.00      0.00
     -0.96      0.00      0.00
     -0.96      0.00      0.00
     -0.96      0.00      0.00
     -0.96      0.00      0.00
     -0.96      0.00      0.00
     -0.96      0.00      0.00
      0.00      0.00      0.00
      0.00      0.00      0.00
      0.00      0.00     -0.96
      0.00      0.00     -0.96
      0.00      0.00     -0.96
      0.00      0.96     -0.96
     -0.96      0.96     -0.96
     -0.96      0.96     -0.96
      0.00      0.96     -0.96
      0.00      0.96      0.00
      0.00      0.00      0.00
      0.00      0.00      0.00
      0.00      0.00      0.96
      0.00      0.00      0.00
      0.00      0.00      0.00
      0.00      0.96      0.00
     -0.96      0.96      0.00
     -0.96      0.96      0.00
     -0.96      0.00      0.00
     -0.96      0.00      0.00
     -0.96      0.00      0.96
     -0.96      0.00      0.96
     -0.96      0.00      0.00
      0.00      0.00      0.96
      0.00      0.00      0.96
      0.00      0.00      0.96
      0.00      0.00      0.00
      0.00      0.00      0.00
     -0.96      0.00      0.00
     -0.96      0.00      0.00
      0.00      0.00     -0.96
      0.00      0.00     -0.96
      0.00      0.00     -0.96
      0.00      0.00     -0.96
      0.00      0.00     -0.96
      0.00      0.00     -0.96
      0.00      0.00      0.00
      0.00      0.00      0.00
      0.00      0.00      0.00
      0.00      0.00      0.00
      0.00      0.00      0.00
      0.00      0.00      0.96
     -0.96      0.00      0.00
     -0.96      0.00      0.00
     -0.96      0.00      0.00
     -0.96      0.00      0.00
     -0.96      0.00      0.00
      0.00      0.00      0.00
      0.00      0.00      0.00
      0.00      0.00      0.00
      0.00      0.00      0.00
      0.00      0.00      0.00
      0.00      0.00      0.00
     -0.96      0.00      0.00
     -0.96      0.00      0.00
      0.00      0.00      0.00
      0.00      0.00      0.00
      0.00      0.00      0.00
      0.00      0.00      0.96
      0.00      0.00      0.96
     -0.96      0.00      0.00
     -0.96      0.00      0.00
     -0.96      0.00     -0.96
     -0.96      0.00     -0.96
     -0.96      0.00      0.00
     -0.96      0.00      0.00
     -0.96      0.00      0.00
     -0.96      0.00      0.00
     -0.96      0.00      0.00
     -0.96      0.00      0.00
     -0.96      0.00      0.00
     -0.96      0.00      0.96
     -0.96      0.00      0.00
     -0.96      0.96      0.00
      0.00      0.96     -0.96
      0.00      0.96     -0.96
      0.00      0.96     -0.96
      0.00      0.96      0.00
      0.96      0.96      0.00
      0.96      0.00      0.96
      0.96      0.00      0.00
      0.96      0.00      0.00
      0.00      0.96      0.00
      0.00      0.00      0.00
     -0.96      0.00      0.00
     -0.96      0.00      0.00
     -0.96      0.00      0.00
      0.00      0.00      0.00
      0.00      0.00      0.96
      0.00      0.00      0.00
     -0.96      0.00      0.00
     -0.96      0.00      0.00
     -0.96      0.00      0.00
     -0.96      0.96      0.00
     -0.96      0.96      0.00
     -0.96      0.00      0.00
     -1.91      0.00      0.00
     -0.96      0.00      0.00
     -0.96      0.00      0.00
     -0.96      0.00      0.00
      0.00      0.00      0.00
      0.00      0.00      0.00
      0.00      0.00      0.00
      0.00      0.00      0.00
      0.00      0.00     -0.96
      0.00      0.00     -0.96
      0.00      0.00     -0.96
      0.00      0.00     -0.96
      0.00      0.00      0.00
      0.00      0.00      0.00
      0.00      0.00      0.00
     -0.96      0.00      0.00
     -0.96      0.00      0.00
     -0.96      0.00      0.00
     -0.96      0.00      0.00
     -0.96      0.00      0.00
     -0.96      0.00      0.00
     -0.96      0.00      0.00
     -0.96      0.00      0.00
     -0.96      0.96      0.00
      0.00      0.96      0.00
      0.00      0.96      0.96
      0.00      0.96      0.96
      0.00      0.96      0.96
      0.00      0.00      0.96
      0.00      0.00      0.00
      0.00      0.00      0.00
      0.00      0.00      0.00
      0.00      0.00      0.00
      0.00     -0.96     -0.96
     -0.96     -0.96     -0.96
      0.00     -0.96     -0.96
      0.00     -0.96     -0.96
      0.00      0.00      0.00
     -0.96      0.00      0.00
     -0.96      0.00      0.00
     -0.96      0.00      0.00
     -0.96      0.96      0.00
     -0.96      0.96      0.96
     -0.96      0.96      0.96
     -0.96      0.96      0.96
     -0.96      0.96      0.96
     -0.96      0.96      0.96
      0.00      0.00      0.96
      0.00      0.00      0.00
      0.00      0.00      0.00
      0.00      0.00      0.00
      0.00      0.00      0.00
      0.00      0.00      0.00
      0.00     -0.96      0.00
      0.00      0.00      0.00
      0.00      0.00      0.00
      0.00      0.00      0.00
     -0.96      0.00      0.00
     -0.96      0.00      0.00
     -0.96      0.00      0.00
     -0.96      0.96      0.00
     -0.96      0.96      0.00
     -0.96      0.96      0.00
     -0.96      0.96      0.00
     -0.96      0.96      0.00
     -0.96      0.96      0.00
     -0.96      0.96      0.00
     -0.96      0.00      0.00
     -0.96      0.00      0.00
     -0.96      0.00      0.00
      0.00      0.00      0.00
      0.00      0.00      0.00
      0.00      0.00      0.00
      0.00      0.00      0.00
      0.00      0.00      0.00
      0.00      0.00      0.00
      0.00      0.00      0.00
      0.00      0.00      0.00
      0.00      0.00      0.00
      0.00      0.96      0.00
      0.00      0.96      0.00
      0.00      0.96      0.00
      0.00      0.00      0.00
      0.00      0.00      0.00
      0.00      0.00      0.00
      0.00      0.00      0.00
      0.00      0.00      0.00
      0.00      0.00      0.00
      0.00      0.00      0.00
     -0.96      0.00      0.00
     -0.96      0.00      0.00
     -0.96      0.00      0.00
     -0.96      0.00      0.00
     -0.96      0.00      0.00
      0.00      0.00      0.00
      0.00      0.00      0.00
      0.00      0.00      0.00
     -0.96      0.00      0.00
     -0.96      0.96     -0.96
     -0.96      0.96     -0.96
     -0.96      0.96     -0.96
     -0.96      0.96     -0.96
     -0.96      0.96     -0.96
      0.00      0.96      0.00
      0.00      0.00      0.00
      0.00      0.00      0.00
      0.00      0.00      0.00
      0.00      0.00     -0.96
      0.00      0.00     -0.96
     -0.96      0.00      0.00
      0.00      0.00      0.00
      0.00      0.00      0.96
      0.00      0.00      0.96
      0.00      0.00      0.96
      0.00      0.00      0.96
     -0.96      0.00      0.96
     -0.96      0.00      0.00
     -0.96      0.00      0.00
     -0.96      0.00      0.00
      0.00      0.96      0.00
      0.00      0.96      0.00
      0.00      0.96      0.00
      0.00      0.96      0.00
      0.00      0.96      0.00
      0.00      0.96      0.00
      0.00      0.96     -0.96
      0.00      0.96     -0.96
      0.00      0.96     -0.96
     -0.96      0.96     -0.96
     -0.96      0.00     -0.96
     -0.96      0.00      0.00
      0.00      0.00      0.00
      0.00      0.00      0.00
      0.00      0.00      0.00
      0.00      0.00      0.96
     -0.96      0.00      0.96
     -0.96      0.00      0.00
     -0.96      0.00      0.00
     -0.96      0.00      0.00
     -0.96      0.00      0.00
     -0.96      0.96      0.00
     -0.96      0.96      0.00
     -0.96      0.96      0.00
     -0.96      0.00      0.00
     -0.96      0.00      0.00
      0.00      0.00     -0.96
      0.00      0.00     -0.96
      0.00      0.00     -0.96
      0.00      0.00     -0.96
      0.00      0.00     -0.96
      0.00      0.00     -0.96
      0.00     -0.96      0.00
      0.00     -0.96      0.00
      0.00      0.00      0.96
      0.00      0.00      0.96
      0.00      0.00      0.96
     -0.96      0.00      0.96
     -0.96      0.00      0.96
     -0.96      0.00      0.96
     -0.96      0.00      0.96
     -0.96      0.00      0.96
     -0.96      0.00      0.96
     -0.96      0.00      0.96
     -0.96      0.00      0.00
     -0.96      0.00      0.00
     -0.96      0.00      0.00
     -0.96      0.00      0.00
      0.00      0.00      0.00
      0.00      0.00      0.00
      0.00      0.00      0.00
      0.00      0.00     -0.96
      0.00      0.00     -0.96
      0.00      0.00     -0.96
      0.00      0.00     -0.96
      0.00      0.00     -0.96
