********************************************************************************
                       INSTITUTO DE INGENIERIA, UNAM
                   Coordinacion de Instrumentacion Sismica
  Ciudad Universitaria, Apartado Postal 70-472, Coyoacan 04510, Mexico, D.F.
 Tel.(52-5)622-3414    Fax.(52-5)616-1514    e-mail: isismica@pumas.iingen.unam.mx
**************************************************************************************
ARCHIVO ESTANDAR DE ACELERACION:
VERSION DEL FORMATO                    : 2.0
NOMBRE DEL ARCHIVO                     : AZIH8602.071
FECHA Y HORA DE CREACION               : Wed Mar 25 14:15:54 1998
REF. CATALOGO ACELEROGRAMAS, SMIS 1995 : REGISTRO No. 704 /PAG. 90


================================================================================
DATOS DE LA ESTACION:
NOMBRE DE LA ESTACION                  : AEROPUERTO ZIHUATANEJO
CLAVE DE LA ESTACION                   : AZIH
LOCALIZACION DE LA ESTACION            : AEROPUERTO INTERNACIONAL DE ZIHUATANEJO, LADERA
                                       : DERECHA. ZIHUATANEJO, GUERRERO. 
                                       : 
                                       : 
                                       : 
COORDENADAS DE LA ESTACION             : 17.60654 LAT. N
                                       : 101.46526 LONG. W
ALTITUD (msnm)                         : 11
TIPO DE SUELO                          : ROCA
                                       : 
                                       : 
INSTITUCION RESPONSABLE                : INSTITUTO DE INGENIERIA UNAM 
                                       : 

================================================================================
DATOS DEL ACELEROGRAFO: 
MODELO DEL ACELEROGRAFO                : DCA-333
NUMERO DE SERIE DEL ACELEROGRAFO       : 106
NUMERO DE CANALES                      : 3
ORIENTACION C1-C6 (rumbo;orientacion)  : /+V/S90W/S00W
ORIENTACION C7-C12 (rumbo;orientacion) :
VEL. DE MUESTREO, C1-C6 (muestras/s)   : /100/100/100
VEL. DE MUESTREO, C7-C12 (muestras/s)  :
ESC. COMPLETA DE SENSORES, C1-C6, (g)  : /2/2/2
ESC. COMPLETA DE SENSORES, C7-C12, (g) :
FREC. NAT. DE SENSORES, C1-C6, (Hz)    : /29/29/29
FREC. NAT. DE SENSORES, C7-C12, (Hz)   :
AMORTIGUAMIENTO DE SENSORES, C1-C6     : /0.70/0.70/0.70
AMORTIGUAMIENTO DE SENSORES, C7-C12    :
INTERVALO DE MUESTREO, C1-C6, (s)      : /0.01/0.01/0.01
INTERVALO DE MUESTREO, C7-C12, (s)     :
UMBRAL DE DISPARO, C1-C6, (Gal)        : /8/8/8
UMBRAL DE DISPARO, C7-C12, (Gal)       :
MEMORIA DE PREEVENTO (s)               : 4
TIEMPO DE POSEVENTO (s)                : 15                                       :


================================================================================
DATOS DEL SISMO:
FECHA DEL SISMO [GMT]                  : 1986/02/07
HORA EPICENTRO (GMT)                   : 21:26:53.4
MAGNITUD(ES)                           : /Mb=4.90/Mc=4.70
COORDENADAS DEL EPICENTRO              : 17.653 LAT. N 
                                       : 101.455 LONG. W
PROFUNDIDAD FOCAL (km)                 : 20 
FUENTES DE LOS DATOS EPICENTRALES      : INSTITUTO DE INGENIERIA UNAM
                                       : 

================================================================================
DATOS DE ESTE REGISTRO:
HORA DE LA PRIMERA MUESTRA (GMT)       : 21:26:56.51
EXACTITUD DEL TIEMPO (s)               : 0.01
DURACION DEL REGISTRO (s), C1-C6       : /14.49/14.49/14.49                      
DURACION DEL REGISTRO (s), C7-C12      : 
NUM. TOTAL DE MUESTRAS, C1-C6          : /1449/1449/1449                       
NUM. TOTAL DE MUESTRAS, C7-C12         : 
ACEL. MAX.(Gal), C1-C6                 : /4.16/13.06/-5.83                     
ACEL. MAX., C1-C6, EN LA MUESTRA       : /348/341/333                          
ACEL. MAX.(Gal), C7-C12                : 
ACEL. MAX., C7-C12,EN LA MUESTRA       : 
UNIDADES DE LOS DATOS                  : Gal (cm/s/s)
FACTOR DE DECIMACION                   : 1
FORMATO DATOS (FORTRAN,10 campos/dato) : 3F10.2


================================================================================
CALIDAD DEL ACELEROGRAMA:
REGISTRO DIGITAL COMPLETO CON TIEMPO ABSOLUTO CORRECTO.


===============================================================================
COMENTARIOS:














===============================================================================
DATOS DE ACELERACION:
---------+---------+---------+---------+---------+---------+---------+---------+
   CANAL-1   CANAL-2   CANAL-3
        +V      S90W      S00W
---------+---------+---------+---------+---------+---------+---------+---------+
     -0.63     -0.34     -0.09
     -0.63      0.62      0.87
     -0.63      0.62     -0.09
     -0.63     -0.34     -0.09
      0.33     -0.34     -0.09
      0.33     -0.34     -0.09
     -0.63      0.62      0.87
      0.33     -0.34     -0.09
      0.33     -0.34     -0.09
      0.33     -0.34     -0.09
      1.29     -0.34     -0.09
      0.33     -0.34     -0.09
     -0.63      0.62      0.87
     -0.63      0.62     -1.05
      0.33     -0.34     -0.09
      0.33      0.62     -0.09
     -0.63     -0.34     -0.09
     -0.63     -0.34     -0.09
     -0.63      0.62     -0.09
      0.33      0.62     -0.09
      0.33     -0.34     -0.09
      0.33     -0.34     -0.09
      0.33     -0.34     -0.09
      0.33     -0.34     -0.09
      0.33     -0.34     -0.09
      0.33     -0.34     -0.09
      0.33      0.62      0.87
      0.33      0.62     -0.09
      0.33      0.62     -0.09
      0.33     -0.34     -0.09
     -0.63     -0.34     -0.09
     -0.63     -0.34     -0.09
     -0.63      0.62     -0.09
      0.33     -0.34     -0.09
      0.33     -0.34     -0.09
      0.33     -0.34     -0.09
      0.33      0.62     -0.09
     -0.63      0.62     -0.09
      0.33     -0.34     -0.09
      1.29     -0.34     -0.09
      0.33      0.62     -0.09
     -0.63      0.62     -0.09
      0.33      0.62     -0.09
      0.33     -0.34     -0.09
      0.33     -0.34     -1.05
     -0.63     -0.34      0.87
      0.33     -0.34      0.87
     -0.63     -0.34     -0.09
      0.33     -0.34     -0.09
      1.29     -0.34     -0.09
     -0.63      0.62     -0.09
     -0.63      0.62     -0.09
     -0.63     -0.34     -0.09
      0.33     -0.34      0.87
      0.33     -0.34     -0.09
      1.29     -0.34     -0.09
      0.33      0.62     -0.09
     -0.63     -0.34     -0.09
      0.33     -0.34     -0.09
      0.33     -0.34     -0.09
      0.33     -0.34     -0.09
      0.33     -0.34     -0.09
      0.33      0.62     -0.09
     -0.63      0.62     -0.09
      0.33     -0.34     -0.09
      0.33     -0.34     -0.09
     -0.63     -0.34     -0.09
      0.33      0.62     -0.09
      1.29     -0.34     -0.09
      0.33     -0.34     -0.09
     -0.63      0.62     -0.09
     -0.63     -0.34     -0.09
     -0.63     -0.34      0.87
      0.33      0.62     -0.09
      0.33     -0.34     -0.09
      0.33     -0.34     -0.09
     -0.63     -0.34     -0.09
     -0.63      0.62     -0.09
     -0.63     -0.34     -0.09
      0.33     -0.34     -0.09
      0.33      0.62     -0.09
      0.33     -0.34     -0.09
     -0.63     -0.34     -0.09
      0.33     -0.34     -0.09
      0.33     -0.34     -0.09
      0.33      0.62     -0.09
     -0.63      0.62     -0.09
     -0.63      1.57     -0.09
     -0.63      0.62     -0.09
      0.33     -0.34     -0.09
      0.33     -0.34     -0.09
     -0.63     -0.34     -0.09
     -0.63      0.62     -0.09
     -0.63     -0.34     -0.09
      0.33     -0.34     -0.09
     -0.63     -0.34     -0.09
      0.33      0.62     -0.09
      0.33     -0.34      0.87
      0.33     -0.34      0.87
      0.33     -0.34      0.87
      1.29     -0.34     -0.09
      0.33      0.62      0.87
     -0.63      0.62     -0.09
     -0.63     -0.34     -0.09
     -0.63     -0.34     -0.09
      0.33     -0.34     -0.09
      0.33     -0.34     -0.09
      0.33     -0.34     -0.09
      0.33     -0.34     -0.09
      0.33     -0.34     -0.09
      0.33     -0.34     -0.09
     -0.63     -0.34     -0.09
     -1.58      0.62      0.87
     -0.63      0.62     -0.09
      0.33      0.62     -0.09
      0.33      0.62     -0.09
     -0.63      0.62     -0.09
      0.33      0.62     -0.09
     -0.63      0.62     -0.09
      1.29     -0.34     -0.09
     -0.63     -0.34     -0.09
     -0.63     -0.34     -0.09
     -0.63     -0.34     -0.09
      0.33      0.62      0.87
      0.33      0.62     -0.09
     -0.63      0.62     -0.09
     -0.63      0.62     -0.09
      0.33     -0.34     -0.09
      0.33     -0.34     -0.09
      0.33     -0.34     -0.09
      0.33     -0.34     -0.09
      0.33     -0.34     -0.09
      0.33     -0.34      0.87
      0.33     -0.34     -0.09
      0.33      0.62     -0.09
     -0.63      0.62     -0.09
     -0.63      0.62     -0.09
     -0.63     -0.34     -0.09
     -0.63     -0.34     -0.09
      1.29     -0.34     -1.05
      1.29     -0.34     -0.09
      0.33      0.62      0.87
     -0.63     -0.34     -0.09
     -0.63     -0.34     -0.09
      0.33     -1.30     -0.09
      1.29     -1.30     -0.09
      1.29     -0.34     -0.09
     -0.63      0.62     -0.09
     -1.58      0.62     -0.09
     -0.63      0.62     -0.09
      0.33      0.62     -0.09
      1.29      0.62     -0.09
      0.33      0.62     -0.09
     -1.58      0.62      0.87
     -0.63     -0.34     -0.09
      0.33     -1.30     -0.09
      0.33     -0.34     -0.09
      0.33      0.62     -0.09
     -0.63     -0.34      0.87
      0.33     -0.34     -0.09
      0.33     -0.34     -0.09
      0.33      0.62     -0.09
     -0.63      0.62     -0.09
      0.33      0.62     -0.09
     -0.63      0.62      0.87
     -1.58     -0.34     -0.09
      0.33     -0.34     -0.09
     -0.63     -0.34      0.87
     -0.63     -0.34     -0.09
      0.33     -0.34     -0.09
     -0.63      1.57     -0.09
      0.33      0.62     -0.09
      0.33     -0.34     -0.09
      0.33     -0.34     -0.09
      0.33     -0.34     -0.09
      0.33     -0.34     -0.09
     -0.63     -0.34     -0.09
     -0.63     -0.34     -0.09
      0.33      0.62     -0.09
     -0.63      0.62     -0.09
     -0.63     -0.34     -0.09
     -0.63     -0.34     -0.09
      0.33     -0.34     -0.09
      0.33     -0.34     -0.09
      0.33     -0.34     -0.09
     -0.63     -0.34     -0.09
     -0.63     -0.34     -0.09
     -0.63     -0.34     -0.09
      0.33     -0.34     -0.09
     -0.63      0.62     -0.09
     -0.63      0.62     -0.09
      0.33     -0.34     -0.09
      0.33     -1.30      0.87
      0.33     -0.34     -0.09
     -0.63      0.62     -0.09
      0.33      1.57     -0.09
      0.33      0.62     -0.09
      1.29      0.62     -0.09
      1.29     -0.34      0.87
      1.29     -0.34     -0.09
      0.33     -0.34      0.87
     -0.63     -0.34      0.87
     -0.63     -0.34     -0.09
     -0.63      0.62     -0.09
     -0.63      1.57     -0.09
      1.29      0.62     -0.09
      1.29      0.62     -0.09
      0.33     -0.34     -0.09
     -0.63     -0.34     -0.09
     -1.58     -0.34     -0.09
     -0.63     -0.34     -0.09
      1.29     -0.34     -0.09
      1.29      0.62     -0.09
      0.33     -0.34      0.87
      0.33     -0.34      0.87
     -0.63     -0.34     -0.09
     -0.63     -0.34      0.87
     -0.63     -0.34     -1.05
      0.33      0.62     -0.09
      0.33      0.62     -0.09
      0.33     -0.34     -0.09
      0.33     -0.34     -0.09
      1.29     -1.30     -0.09
     -0.63     -0.34      0.87
     -0.63      0.62      0.87
     -0.63      0.62     -0.09
     -0.63     -0.34     -0.09
      0.33      0.62     -0.09
      0.33      0.62     -0.09
      1.29     -0.34     -0.09
      0.33     -1.30     -0.09
      0.33     -1.30     -1.05
      0.33     -0.34     -0.09
     -0.63      0.62     -0.09
     -0.63      0.62     -0.09
     -0.63      1.57     -0.09
     -0.63      0.62      0.87
      0.33      0.62     -0.09
      0.33      0.62     -0.09
      1.29     -0.34     -0.09
     -0.63     -1.30     -0.09
     -0.63     -0.34     -0.09
      1.29     -0.34     -0.09
      2.24     -1.30     -1.05
      0.33     -0.34     -0.09
     -1.58      0.62      0.87
     -1.58      0.62      0.87
     -0.63      0.62     -0.09
      1.29     -0.34     -0.09
      1.29     -0.34      0.87
     -0.63      0.62      0.87
     -1.58      1.57     -0.09
     -0.63      0.62     -1.05
      0.33     -0.34     -0.09
      1.29     -0.34     -0.09
      2.24     -0.34     -0.09
      1.29      0.62     -0.09
     -0.63     -0.34     -0.09
     -1.58     -1.30      0.87
     -0.63     -1.30     -0.09
      0.33     -0.34     -0.09
      0.33      0.62     -0.09
      0.33      0.62     -0.09
     -0.63      0.62     -0.09
      0.33      0.62     -0.09
      0.33      0.62     -0.09
     -0.63     -0.34      0.87
     -1.58     -1.30      0.87
     -0.63     -1.30     -0.09
      0.33     -1.30     -0.09
      0.33     -0.34     -0.09
      0.33      0.62     -1.05
     -0.63      0.62     -1.05
      0.33     -0.34     -0.09
      0.33     -1.30     -0.09
      0.33     -0.34     -0.09
     -0.63      0.62      0.87
     -0.63      0.62     -0.09
     -0.63      0.62     -0.09
     -0.63      0.62     -0.09
     -0.63      0.62     -0.09
      1.29      1.57     -0.09
      1.29      0.62     -0.09
      2.24      0.62     -0.09
      1.29     -0.34     -0.09
      0.33     -0.34     -0.09
      1.29     -0.34      0.87
      1.29     -0.34      0.87
      1.29      0.62     -0.09
      1.29     -0.34     -1.05
      0.33      0.62     -1.05
      0.33      1.57     -1.05
      0.33      2.53     -1.05
      0.33      1.57     -0.09
      0.33      1.57     -0.09
      0.33      0.62      0.87
      1.29      0.62      0.87
      1.29     -0.34     -0.09
      1.29     -0.34     -0.09
      0.33     -0.34     -0.09
     -0.63     -0.34     -0.09
     -1.58      0.62      1.82
     -1.58      1.57      1.82
     -0.63      1.57      1.82
      0.33      1.57      0.87
      0.33      1.57      0.87
      1.29      0.62      0.87
      1.29     -0.34      0.87
      0.33     -1.30      0.87
     -1.58     -2.25      1.82
     -1.58     -1.30      1.82
     -0.63     -0.34      2.78
      0.33      0.62      2.78
      0.33      2.53      2.78
      0.33      3.49      2.78
      1.29      3.49      2.78
      0.33      2.53      3.74
      0.33      1.57      3.74
     -0.63      0.62      1.82
     -0.63     -0.34      0.87
     -1.58     -2.25      0.87
      0.33     -2.25     -0.09
      0.33     -2.25     -0.09
      1.29     -3.21     -1.05
      1.29     -2.25     -1.05
      0.33     -3.21     -1.05
     -0.63     -4.17     -1.05
     -0.63     -4.17     -0.09
     -0.63     -2.25     -1.05
     -1.58      0.62     -1.05
     -1.58      2.53     -2.96
     -1.58      3.49     -3.92
     -1.58      0.62     -3.92
     -1.58     -5.13     -5.83
     -1.58     -8.95     -5.83
     -0.63     -9.91     -5.83
      1.29     -8.00     -5.83
      2.24     -4.17     -4.88
      3.20      1.57     -2.96
      1.29      7.32     -0.09
      0.33     10.19      1.82
     -0.63     13.06      3.74
     -1.58      9.23      2.78
     -2.54      4.45      1.82
     -3.50     -3.21     -0.09
     -2.54     -9.91     -1.05
      0.33    -11.82     -1.05
      3.20     -8.00     -1.05
      4.16     -2.25      0.87
      3.20      2.53      3.74
      1.29      3.49      4.70
     -0.63      2.53      4.70
     -2.54      0.62      1.82
     -2.54     -0.34     -2.96
     -1.58     -2.25     -4.88
      1.29     -5.13     -5.83
      3.20     -5.13     -4.88
      4.16     -2.25     -1.05
      3.20      2.53     -0.09
      1.29      7.32      0.87
     -1.58      7.32      0.87
     -3.50      1.57      0.87
     -3.50     -4.17     -0.09
     -1.58     -5.13     -0.09
     -0.63     -4.17     -1.05
      1.29     -3.21     -2.00
      1.29     -0.34     -2.96
      1.29      3.49     -1.05
      0.33      7.32      1.82
      0.33      7.32      3.74
     -0.63      4.45      2.78
     -2.54      1.57     -0.09
     -2.54     -1.30     -2.00
     -1.58     -2.25     -2.96
      0.33     -2.25     -2.00
      1.29     -2.25     -0.09
      1.29     -1.30      1.82
     -0.63      1.57      3.74
     -0.63      2.53      3.74
      1.29      2.53      3.74
      2.24      1.57      1.82
      1.29     -2.25     -0.09
      1.29     -3.21     -2.00
      0.33     -2.25     -3.92
      0.33     -1.30     -2.96
     -0.63      0.62     -0.09
     -1.58      2.53      3.74
     -0.63      4.45      5.65
     -0.63      4.45      5.65
     -0.63      1.57      4.70
      0.33     -1.30      1.82
      0.33     -2.25     -2.00
     -0.63     -2.25     -3.92
     -0.63     -1.30     -4.88
     -0.63      1.57     -3.92
      0.33      3.49     -1.05
      0.33      3.49      2.78
     -0.63      1.57      5.65
      0.33     -0.34      5.65
      0.33     -1.30      3.74
     -0.63     -1.30      0.87
      0.33     -2.25     -2.96
     -0.63     -1.30     -5.83
      0.33     -0.34     -5.83
      0.33     -1.30     -3.92
      0.33     -1.30     -0.09
      0.33     -0.34      2.78
     -0.63     -0.34      4.70
      0.33      1.57      4.70
      1.29      2.53      3.74
      1.29      3.49      0.87
      1.29      2.53     -2.00
      0.33     -0.34     -5.83
     -0.63     -3.21     -5.83
      1.29     -3.21     -3.92
      2.24     -2.25     -2.00
      2.24      0.62     -0.09
      1.29      3.49      1.82
     -0.63      3.49      1.82
      0.33      1.57      0.87
      1.29     -3.21      1.82
      0.33     -2.25      2.78
     -1.58     -1.30      1.82
     -1.58     -1.30      0.87
     -1.58     -0.34      0.87
     -2.54      0.62     -0.09
     -0.63      1.57     -0.09
      0.33      0.62     -0.09
      1.29     -0.34     -0.09
      0.33     -1.30      0.87
      0.33     -1.30      0.87
     -0.63     -1.30      0.87
      0.33     -1.30      0.87
      0.33     -3.21      0.87
      0.33     -1.30      0.87
     -0.63      0.62      0.87
     -0.63      1.57      0.87
     -0.63      0.62      0.87
      0.33      1.57      0.87
     -0.63      1.57     -0.09
     -0.63      2.53     -0.09
     -0.63      1.57     -1.05
      0.33     -2.25     -2.00
      1.29     -3.21     -3.92
      1.29     -2.25     -1.05
      0.33     -0.34      0.87
     -0.63      1.57      2.78
     -0.63      2.53      3.74
     -0.63      2.53      1.82
      0.33      3.49     -0.09
      0.33      3.49     -1.05
      0.33      1.57     -2.96
      1.29     -2.25     -2.96
      1.29     -3.21     -2.00
      1.29     -3.21     -1.05
      0.33     -2.25      0.87
      0.33     -0.34      2.78
      0.33      1.57      3.74
      1.29      0.62      3.74
      1.29      1.57      1.82
      0.33      0.62     -0.09
      1.29     -0.34     -2.00
      1.29     -2.25     -2.96
      1.29     -2.25     -2.96
      1.29     -0.34     -1.05
      0.33      0.62      0.87
     -0.63     -0.34      1.82
     -0.63     -0.34      0.87
     -1.58     -0.34     -0.09
     -0.63     -0.34     -1.05
      0.33      0.62     -1.05
      0.33      0.62     -0.09
     -0.63      0.62     -1.05
     -1.58      0.62     -0.09
     -1.58      0.62     -0.09
     -1.58      0.62     -0.09
     -1.58      0.62      0.87
     -0.63     -0.34      0.87
      0.33     -1.30      0.87
      0.33     -2.25     -0.09
      0.33     -3.21     -1.05
      1.29     -2.25     -0.09
      1.29     -2.25     -0.09
      0.33     -0.34     -0.09
     -0.63      0.62     -0.09
     -0.63      0.62      0.87
      0.33      0.62      0.87
      0.33      0.62     -0.09
      0.33      0.62      0.87
      0.33      1.57     -0.09
      2.24      1.57     -0.09
      2.24      1.57     -1.05
      1.29      0.62     -0.09
     -0.63     -0.34     -0.09
     -1.58     -0.34      0.87
     -1.58     -0.34      1.82
     -1.58     -1.30      1.82
     -1.58     -0.34      0.87
     -2.54     -0.34     -0.09
     -2.54     -2.25     -0.09
     -0.63     -1.30     -1.05
      0.33     -0.34     -2.00
      1.29      0.62     -2.00
      1.29      1.57     -1.05
      1.29      2.53     -0.09
      1.29      2.53     -1.05
      1.29      1.57     -0.09
      0.33      0.62      0.87
     -1.58      0.62      1.82
     -1.58      0.62      1.82
     -0.63     -0.34      0.87
      0.33     -2.25      0.87
      0.33     -2.25     -0.09
      0.33     -2.25     -0.09
      1.29     -1.30     -1.05
      0.33     -0.34     -1.05
      1.29     -0.34     -1.05
      1.29     -0.34     -1.05
      0.33      1.57      0.87
     -0.63      1.57      0.87
     -0.63      0.62      1.82
     -0.63     -0.34      1.82
     -0.63     -0.34      1.82
     -0.63     -0.34      0.87
     -0.63      0.62      0.87
      0.33      1.57     -0.09
      1.29      1.57      0.87
      2.24      0.62      0.87
      1.29     -1.30      0.87
      0.33     -2.25      0.87
      0.33     -2.25      0.87
      0.33     -2.25     -0.09
      0.33     -1.30     -0.09
      0.33     -1.30     -0.09
     -0.63     -0.34     -0.09
      0.33     -0.34     -0.09
      1.29     -0.34     -0.09
      1.29      0.62     -0.09
      1.29      0.62     -0.09
      0.33     -0.34     -0.09
      0.33     -0.34     -0.09
      1.29     -0.34     -0.09
      2.24      0.62     -0.09
      0.33      1.57      0.87
     -0.63      2.53     -0.09
     -0.63      2.53     -0.09
     -0.63      1.57     -1.05
      0.33     -1.30     -2.00
      0.33     -2.25     -2.96
     -0.63     -3.21     -2.96
     -0.63     -4.17     -2.96
     -0.63     -2.25     -2.00
     -0.63      0.62     -1.05
     -0.63      3.49      0.87
     -0.63      5.40      2.78
     -0.63      5.40      2.78
     -0.63      4.45      1.82
     -0.63      1.57      0.87
     -0.63     -0.34     -0.09
     -0.63     -3.21     -0.09
     -0.63     -3.21     -1.05
     -0.63     -3.21     -1.05
     -1.58     -1.30     -1.05
     -1.58     -0.34     -0.09
     -0.63      1.57      0.87
      0.33      2.53      1.82
      0.33      2.53      1.82
     -0.63      1.57      0.87
     -0.63      1.57      0.87
      0.33     -1.30     -0.09
      0.33     -2.25     -0.09
      1.29     -2.25     -0.09
      1.29     -1.30     -0.09
      1.29     -0.34     -0.09
      2.24      0.62     -0.09
      2.24      0.62     -0.09
      1.29      0.62      0.87
      0.33      0.62      1.82
     -0.63      0.62      1.82
     -1.58     -0.34      0.87
     -0.63     -1.30      0.87
     -0.63     -1.30      0.87
     -0.63     -0.34      0.87
      0.33      1.57      0.87
      1.29      1.57     -0.09
      0.33      1.57     -0.09
      1.29      0.62     -0.09
      0.33      0.62     -0.09
     -0.63      0.62     -0.09
      0.33      0.62     -0.09
      0.33      0.62     -1.05
      0.33      0.62     -0.09
      0.33      0.62     -0.09
      1.29      0.62     -0.09
      0.33     -0.34     -0.09
      0.33     -1.30     -0.09
      1.29     -1.30     -0.09
      1.29     -0.34     -1.05
      1.29      0.62     -0.09
      1.29     -0.34     -0.09
     -0.63     -0.34     -0.09
     -1.58     -0.34     -0.09
     -1.58     -1.30     -1.05
     -0.63     -1.30     -1.05
     -0.63     -2.25     -0.09
     -0.63     -0.34     -0.09
     -0.63     -0.34      0.87
     -0.63     -1.30      0.87
     -0.63     -1.30      1.82
     -0.63     -1.30      1.82
     -0.63     -1.30      0.87
     -0.63     -0.34     -0.09
     -0.63      0.62     -0.09
     -0.63      1.57     -0.09
     -0.63      1.57     -0.09
      0.33      1.57     -0.09
      1.29      0.62     -0.09
      0.33     -1.30     -0.09
      0.33     -1.30     -0.09
      1.29     -2.25     -0.09
      1.29     -2.25     -0.09
      0.33     -2.25      0.87
      1.29     -2.25     -0.09
      0.33     -1.30     -0.09
      0.33     -0.34     -0.09
      0.33     -0.34     -0.09
      1.29      1.57     -0.09
      1.29      1.57     -1.05
      1.29      1.57     -1.05
      1.29      1.57     -0.09
      0.33      1.57     -0.09
      0.33     -0.34      0.87
      0.33     -0.34      0.87
      0.33     -1.30     -0.09
      1.29     -1.30     -0.09
      1.29     -0.34     -0.09
      1.29      0.62     -1.05
      0.33      0.62     -1.05
     -0.63      0.62     -0.09
     -0.63      1.57     -0.09
     -1.58      1.57     -0.09
     -0.63      1.57      0.87
     -0.63      1.57      1.82
     -0.63      1.57      1.82
     -0.63      0.62      0.87
     -0.63      0.62     -0.09
     -0.63      0.62     -1.05
     -0.63      0.62     -1.05
     -0.63      0.62     -1.05
     -0.63     -0.34     -1.05
      0.33     -0.34     -1.05
      0.33     -1.30     -1.05
     -0.63     -1.30     -0.09
     -0.63     -1.30     -0.09
     -0.63     -1.30      0.87
     -0.63     -2.25      0.87
      0.33     -1.30      0.87
      0.33     -0.34      0.87
     -0.63     -0.34      0.87
     -1.58     -0.34     -0.09
     -0.63     -0.34     -0.09
     -0.63      0.62      0.87
      0.33      1.57      0.87
      0.33      1.57      1.82
     -0.63      1.57      0.87
     -0.63      1.57     -0.09
      0.33      0.62      0.87
      0.33     -0.34     -0.09
      0.33     -1.30     -0.09
      0.33     -1.30     -0.09
      0.33     -0.34     -1.05
      0.33      0.62     -1.05
      0.33      0.62     -1.05
      0.33      2.53     -0.09
      0.33      2.53     -0.09
      0.33      1.57      0.87
      0.33      0.62      0.87
      0.33     -0.34      0.87
      0.33     -1.30     -0.09
     -0.63     -1.30     -0.09
      0.33     -0.34     -0.09
      0.33      0.62     -0.09
      1.29      0.62     -0.09
      1.29     -0.34      0.87
      1.29     -0.34     -0.09
      0.33     -1.30     -0.09
      0.33     -0.34     -0.09
      0.33     -1.30     -0.09
      1.29     -1.30     -0.09
      1.29     -0.34     -0.09
      1.29     -0.34     -0.09
      1.29     -0.34      0.87
      0.33     -0.34      0.87
      0.33      0.62      0.87
      0.33     -0.34     -0.09
      0.33     -0.34     -1.05
      1.29     -0.34     -2.00
      1.29      0.62     -1.05
      1.29      0.62     -0.09
      0.33      0.62     -0.09
      0.33      0.62     -0.09
     -0.63     -0.34      0.87
     -0.63     -0.34     -0.09
     -0.63     -0.34     -0.09
      0.33      0.62     -1.05
      0.33     -0.34     -0.09
      0.33     -0.34     -0.09
     -0.63     -1.30     -0.09
     -0.63     -1.30     -0.09
     -0.63     -1.30     -1.05
     -0.63     -1.30     -1.05
     -0.63     -1.30     -1.05
     -0.63     -0.34     -0.09
     -0.63     -1.30     -0.09
     -0.63     -0.34     -0.09
      0.33     -0.34     -0.09
     -0.63     -0.34     -0.09
      0.33     -0.34      0.87
     -0.63      0.62     -0.09
     -0.63      0.62      0.87
     -1.58      0.62      0.87
     -0.63      0.62      0.87
     -0.63      0.62      0.87
      0.33     -0.34      0.87
      0.33      0.62      0.87
     -0.63      0.62      1.82
     -0.63      1.57      1.82
     -0.63      1.57      0.87
      0.33      2.53      0.87
      0.33      2.53      0.87
     -0.63      1.57      1.82
      0.33      1.57      0.87
      0.33      0.62      0.87
      0.33     -0.34     -0.09
      0.33     -0.34     -0.09
     -0.63     -0.34     -0.09
      0.33      0.62      0.87
      0.33      0.62      0.87
      1.29      0.62     -1.05
      1.29      0.62     -0.09
      0.33      0.62     -0.09
      1.29      0.62     -1.05
      1.29     -0.34     -1.05
      0.33     -0.34     -0.09
      1.29     -1.30     -0.09
      1.29     -0.34     -0.09
      0.33     -0.34     -0.09
      0.33     -0.34     -0.09
      0.33     -0.34     -0.09
      0.33     -1.30     -1.05
      0.33     -1.30     -1.05
      0.33     -1.30     -1.05
     -0.63     -1.30     -1.05
     -0.63     -0.34     -0.09
     -0.63     -0.34     -0.09
     -0.63     -0.34     -0.09
     -0.63     -0.34     -0.09
     -0.63     -0.34     -0.09
     -0.63     -0.34      0.87
     -0.63     -0.34     -0.09
      0.33     -0.34     -0.09
      0.33     -0.34     -0.09
     -0.63      0.62     -0.09
     -0.63      0.62     -0.09
     -0.63      0.62     -0.09
     -0.63     -0.34     -0.09
     -0.63     -0.34     -0.09
      0.33     -0.34     -0.09
      0.33      0.62     -0.09
     -0.63     -0.34     -1.05
     -0.63      0.62     -1.05
     -0.63      0.62     -1.05
      0.33     -0.34     -1.05
      0.33      0.62     -0.09
      0.33      0.62     -0.09
     -0.63     -0.34     -0.09
     -0.63     -0.34     -0.09
      0.33     -0.34      0.87
      1.29     -0.34     -0.09
      1.29     -0.34     -0.09
      0.33     -0.34     -0.09
      0.33      0.62     -0.09
      1.29      0.62     -0.09
      0.33      0.62     -0.09
      0.33      0.62      0.87
      0.33      0.62      0.87
     -0.63     -0.34      0.87
     -0.63     -1.30      0.87
     -0.63     -2.25     -0.09
     -0.63     -1.30     -0.09
      0.33     -1.30     -0.09
      0.33     -0.34     -0.09
     -0.63     -0.34     -0.09
      0.33     -0.34     -0.09
      1.29     -0.34     -0.09
      1.29     -0.34     -0.09
      1.29     -0.34     -0.09
      0.33     -0.34     -0.09
     -0.63     -0.34     -0.09
      0.33     -0.34     -0.09
      0.33      0.62     -0.09
     -0.63     -0.34      0.87
     -0.63     -0.34      1.82
     -0.63     -0.34      1.82
     -0.63     -0.34     -0.09
     -0.63     -0.34     -0.09
     -0.63      0.62     -0.09
      0.33      0.62     -0.09
      1.29      0.62     -0.09
      0.33      1.57     -0.09
     -0.63      1.57      0.87
     -0.63     -0.34      0.87
     -0.63     -1.30      0.87
      0.33     -1.30     -0.09
      0.33     -0.34     -0.09
      0.33     -0.34     -0.09
      0.33     -0.34     -0.09
      0.33     -0.34     -0.09
      0.33      0.62     -0.09
     -0.63      0.62     -1.05
     -0.63     -0.34     -0.09
      0.33     -0.34     -0.09
      0.33     -0.34     -0.09
      0.33     -0.34     -0.09
      0.33     -0.34     -0.09
      0.33     -0.34      0.87
      0.33     -0.34      0.87
     -0.63      0.62     -0.09
      0.33     -0.34     -0.09
      0.33     -1.30     -0.09
      0.33      0.62     -0.09
      0.33     -0.34     -0.09
      0.33     -1.30     -0.09
     -0.63     -1.30      0.87
     -0.63     -0.34      0.87
     -0.63     -0.34      0.87
     -0.63      0.62     -0.09
      0.33      1.57     -0.09
      1.29      1.57     -1.05
      1.29      0.62     -1.05
      1.29      0.62     -0.09
      0.33      0.62     -1.05
      0.33      0.62     -0.09
      0.33     -0.34     -0.09
      0.33     -0.34      0.87
     -0.63      0.62      0.87
     -0.63     -0.34      0.87
     -0.63     -0.34     -0.09
      0.33      0.62     -0.09
      0.33      0.62     -1.05
      1.29      0.62     -0.09
      0.33      1.57     -0.09
      0.33      0.62      0.87
      0.33      0.62      0.87
      0.33      0.62      0.87
      0.33      0.62     -0.09
      0.33      0.62     -0.09
     -0.63      0.62     -0.09
     -0.63     -0.34     -0.09
     -0.63     -1.30     -0.09
      0.33     -1.30     -0.09
      0.33     -0.34     -0.09
      0.33      0.62     -0.09
     -0.63      0.62     -0.09
     -0.63      0.62      0.87
     -0.63      0.62      0.87
     -0.63     -0.34      0.87
      0.33     -0.34      0.87
     -0.63     -0.34      0.87
      0.33     -0.34     -0.09
      0.33     -0.34     -0.09
      0.33     -0.34     -0.09
      0.33     -0.34     -0.09
     -0.63     -0.34     -0.09
     -0.63      0.62     -0.09
      0.33     -0.34     -0.09
      0.33     -0.34     -0.09
      0.33     -0.34     -0.09
     -0.63     -0.34     -0.09
     -0.63     -0.34     -0.09
      0.33     -0.34      0.87
      0.33      0.62      0.87
      0.33      0.62      0.87
      0.33      0.62      0.87
      0.33      0.62      0.87
      0.33      0.62     -0.09
      0.33     -0.34     -0.09
      0.33     -1.30     -0.09
      0.33     -1.30     -0.09
      0.33     -0.34     -0.09
      0.33     -0.34     -1.05
     -0.63      0.62     -0.09
     -0.63      0.62     -0.09
     -0.63     -0.34     -0.09
     -0.63      0.62     -0.09
     -0.63     -0.34     -0.09
      0.33     -0.34     -0.09
      0.33     -0.34     -0.09
      0.33     -1.30     -0.09
      0.33     -0.34     -0.09
      0.33     -0.34      0.87
      0.33      0.62      0.87
      0.33      0.62      0.87
      1.29      0.62     -0.09
      1.29     -0.34     -0.09
     -0.63     -0.34     -0.09
     -0.63     -0.34     -0.09
     -0.63     -0.34     -0.09
      0.33      0.62     -1.05
     -0.63      0.62     -0.09
     -0.63      0.62     -0.09
     -0.63      0.62     -1.05
      0.33      0.62     -0.09
      0.33     -0.34     -0.09
      0.33     -1.30     -0.09
      0.33     -0.34     -0.09
      0.33     -0.34     -0.09
      0.33     -0.34      0.87
      0.33     -0.34      0.87
      0.33     -0.34      0.87
      1.29      0.62      0.87
      0.33      0.62      0.87
      0.33      0.62     -0.09
     -1.58      0.62     -0.09
      0.33     -0.34     -0.09
      0.33     -0.34     -0.09
      0.33     -0.34     -0.09
     -0.63     -0.34     -0.09
      0.33     -0.34     -0.09
      0.33     -0.34     -0.09
      0.33     -0.34     -0.09
      0.33     -0.34     -0.09
      0.33      0.62     -0.09
      0.33     -0.34     -0.09
      0.33      0.62     -0.09
      0.33      0.62     -0.09
      0.33     -0.34     -0.09
      0.33      0.62     -0.09
      0.33     -0.34     -0.09
      0.33     -0.34     -0.09
      0.33     -0.34     -0.09
      0.33     -0.34     -0.09
      0.33     -0.34     -0.09
      0.33     -0.34     -0.09
      0.33      0.62      0.87
      0.33      0.62      0.87
     -0.63      1.57      0.87
     -0.63      0.62     -0.09
      0.33     -0.34     -0.09
      0.33      0.62      0.87
      0.33     -0.34     -0.09
     -0.63     -0.34     -0.09
     -0.63     -0.34     -0.09
     -0.63     -0.34     -0.09
      0.33     -0.34     -0.09
     -0.63     -0.34     -0.09
     -0.63     -0.34      0.87
     -0.63     -0.34     -0.09
     -0.63      0.62     -0.09
      0.33      0.62     -0.09
      0.33      0.62     -1.05
     -0.63      0.62     -0.09
     -0.63      0.62     -0.09
      0.33     -0.34     -0.09
      0.33      0.62     -0.09
      0.33      0.62     -0.09
     -0.63      0.62     -0.09
     -0.63      0.62     -1.05
      0.33     -0.34     -0.09
      0.33     -0.34     -1.05
     -0.63     -0.34     -0.09
      0.33     -1.30     -0.09
     -0.63     -0.34     -0.09
     -0.63     -0.34     -1.05
     -0.63      0.62      0.87
      0.33      0.62      0.87
      0.33      0.62      1.82
      0.33      0.62      0.87
      0.33     -0.34      0.87
      0.33     -0.34     -0.09
      0.33     -0.34     -0.09
      0.33     -0.34     -0.09
      0.33     -0.34     -0.09
      0.33     -0.34     -0.09
      0.33      0.62     -0.09
     -0.63     -0.34     -1.05
     -0.63     -0.34     -0.09
      0.33     -1.30     -0.09
      0.33     -1.30     -0.09
      0.33      0.62      0.87
      0.33      0.62      0.87
      0.33      0.62      0.87
     -0.63     -0.34      0.87
     -0.63     -0.34      0.87
      0.33     -0.34     -0.09
      0.33      0.62     -0.09
      0.33      0.62     -0.09
      0.33     -0.34     -0.09
      1.29     -0.34     -0.09
      0.33     -0.34     -0.09
      0.33     -0.34     -0.09
      0.33     -0.34      0.87
      0.33      0.62     -0.09
      0.33     -0.34     -0.09
      0.33     -0.34     -0.09
      0.33     -0.34     -0.09
      0.33     -0.34     -0.09
      0.33     -0.34     -0.09
      0.33     -0.34     -0.09
      0.33     -0.34     -0.09
      0.33      0.62     -0.09
     -0.63     -0.34     -0.09
      0.33      0.62     -0.09
      0.33      0.62      0.87
      0.33      0.62      0.87
      1.29     -0.34     -1.05
      0.33     -0.34     -0.09
      0.33     -0.34     -0.09
     -0.63      0.62     -1.05
     -0.63      0.62     -1.05
      0.33      0.62     -0.09
      0.33      0.62     -1.05
     -0.63      0.62     -0.09
     -1.58      0.62     -0.09
     -0.63     -0.34     -0.09
     -0.63     -0.34     -0.09
     -0.63     -0.34     -0.09
      0.33     -0.34     -1.05
      0.33     -0.34     -0.09
     -0.63     -0.34     -0.09
     -0.63     -0.34     -0.09
     -0.63     -0.34     -0.09
      0.33     -0.34     -0.09
      0.33     -0.34     -0.09
     -0.63     -0.34     -0.09
     -0.63     -0.34     -0.09
     -0.63     -0.34     -0.09
     -0.63      0.62     -0.09
     -0.63     -0.34      0.87
      0.33      0.62     -0.09
      0.33      0.62      0.87
      0.33      0.62     -0.09
      0.33     -0.34     -0.09
      0.33     -0.34     -0.09
      0.33     -0.34     -0.09
      0.33     -0.34      0.87
      0.33     -0.34      0.87
      0.33      0.62      0.87
      0.33      0.62     -0.09
      0.33      0.62     -0.09
      0.33      0.62      0.87
      1.29     -0.34     -0.09
      1.29     -0.34     -0.09
      1.29     -0.34     -0.09
      1.29     -0.34     -0.09
      1.29     -0.34      0.87
      0.33     -0.34      0.87
      0.33     -0.34     -0.09
      0.33     -0.34     -0.09
     -0.63     -0.34     -0.09
     -0.63     -0.34     -0.09
     -0.63     -0.34     -0.09
     -0.63     -0.34     -0.09
     -0.63     -0.34      0.87
      0.33     -0.34      0.87
      0.33     -0.34     -1.05
      0.33      0.62     -0.09
      0.33      0.62     -0.09
      0.33      0.62     -0.09
      0.33      0.62     -0.09
      0.33      0.62     -0.09
      0.33     -0.34     -0.09
      0.33     -0.34     -0.09
     -0.63     -0.34     -0.09
     -0.63     -0.34     -0.09
     -0.63      0.62     -0.09
      0.33     -0.34     -1.05
      0.33     -0.34     -0.09
      1.29     -0.34     -0.09
     -0.63     -0.34     -0.09
      0.33     -0.34     -0.09
      0.33      0.62     -0.09
      0.33      0.62     -0.09
      0.33     -0.34     -0.09
      0.33     -0.34     -0.09
      0.33     -0.34     -0.09
      0.33     -0.34     -0.09
      0.33     -1.30     -0.09
      1.29     -0.34     -0.09
      0.33     -0.34     -0.09
      0.33     -0.34     -0.09
      0.33      0.62     -0.09
     -0.63     -0.34     -0.09
      0.33     -0.34     -0.09
     -0.63      0.62     -0.09
     -0.63      0.62     -0.09
     -0.63     -0.34     -0.09
      0.33     -0.34     -0.09
      0.33      0.62     -0.09
      0.33      0.62     -0.09
      0.33      0.62      0.87
     -0.63      0.62      0.87
     -0.63      0.62      0.87
     -0.63      0.62      0.87
      0.33      0.62     -0.09
      0.33      1.57      0.87
      0.33      0.62     -0.09
      0.33      0.62     -0.09
     -0.63     -0.34     -0.09
     -0.63     -0.34     -0.09
     -0.63     -0.34     -0.09
     -0.63     -0.34     -0.09
     -0.63     -0.34     -0.09
     -0.63     -0.34     -0.09
     -0.63     -0.34     -0.09
      0.33     -0.34     -0.09
      0.33     -0.34     -0.09
      0.33     -0.34     -0.09
      0.33      0.62     -0.09
      0.33     -0.34     -0.09
      0.33      0.62     -0.09
      0.33      0.62     -0.09
      0.33      0.62     -0.09
      0.33      0.62      0.87
      0.33      0.62     -0.09
      0.33     -1.30      0.87
      0.33     -0.34     -0.09
      0.33     -0.34     -0.09
      0.33     -0.34     -0.09
      0.33     -0.34     -0.09
     -0.63     -0.34     -0.09
      0.33     -0.34     -0.09
      0.33     -0.34     -0.09
      0.33     -0.34     -0.09
      0.33     -0.34     -0.09
      0.33      0.62     -0.09
     -0.63     -0.34     -0.09
     -0.63     -0.34      0.87
     -0.63     -0.34      0.87
      0.33     -0.34      0.87
      0.33      0.62     -0.09
      0.33      0.62     -0.09
     -0.63     -0.34     -0.09
      0.33     -0.34     -0.09
      0.33     -0.34     -0.09
      0.33     -0.34     -0.09
     -0.63     -0.34     -0.09
      0.33     -0.34     -1.05
      0.33     -0.34     -0.09
      0.33      0.62     -0.09
      0.33     -0.34     -0.09
      0.33     -0.34     -0.09
     -0.63      0.62     -0.09
     -0.63     -0.34     -0.09
      0.33     -0.34     -0.09
      0.33     -0.34     -0.09
      0.33     -0.34     -0.09
      0.33     -0.34     -0.09
      0.33      0.62     -0.09
      0.33      0.62     -0.09
      0.33      0.62     -0.09
      0.33      0.62     -0.09
      0.33      0.62     -0.09
      0.33      0.62     -0.09
      0.33      0.62     -0.09
     -0.63     -0.34     -0.09
     -0.63     -0.34     -0.09
     -0.63     -0.34     -0.09
      0.33     -0.34     -0.09
      0.33     -0.34     -0.09
      0.33     -0.34     -0.09
     -0.63     -0.34     -0.09
     -0.63      0.62      0.87
      0.33     -0.34      0.87
     -0.63     -0.34     -0.09
      0.33     -0.34     -0.09
      0.33     -0.34     -0.09
      0.33     -0.34     -0.09
     -0.63     -0.34     -0.09
      0.33     -0.34     -0.09
      0.33     -0.34     -0.09
      0.33     -0.34     -0.09
      0.33     -0.34     -0.09
      0.33     -0.34     -0.09
      0.33     -0.34     -0.09
      0.33     -0.34     -0.09
      1.29     -0.34     -0.09
      0.33      0.62     -0.09
      0.33     -0.34     -0.09
      0.33     -0.34     -0.09
      0.33     -0.34     -0.09
      0.33     -0.34     -0.09
      0.33      0.62     -1.05
      0.33      0.62     -0.09
      0.33      0.62     -0.09
      0.33      0.62     -0.09
      0.33     -0.34     -0.09
      0.33      0.62     -0.09
      0.33      0.62     -0.09
      0.33     -1.30     -0.09
      0.33     -0.34     -0.09
      0.33     -0.34     -0.09
      0.33     -0.34     -0.09
      0.33      0.62     -0.09
      0.33      0.62     -0.09
      0.33      0.62     -0.09
      0.33     -0.34     -0.09
     -0.63      0.62     -0.09
      0.33      0.62     -0.09
      0.33     -0.34     -0.09
      0.33     -0.34     -0.09
      0.33     -0.34      0.87
      0.33     -0.34      0.87
     -0.63     -0.34     -0.09
      0.33     -0.34      0.87
      0.33      0.62     -0.09
      0.33      0.62     -0.09
      0.33     -0.34     -0.09
     -0.63     -0.34     -0.09
     -0.63     -0.34     -0.09
     -0.63     -0.34     -0.09
      0.33     -0.34      0.87
      0.33     -0.34      0.87
      0.33      0.62      0.87
      0.33      0.62     -0.09
      0.33     -0.34     -0.09
     -0.63      0.62     -0.09
      0.33     -0.34     -0.09
     -0.63      0.62     -0.09
     -0.63      0.62     -0.09
      0.33     -0.34     -0.09
      0.33     -0.34      0.87
      0.33      0.62      0.87
      0.33      0.62     -0.09
     -0.63     -0.34     -0.09
     -0.63     -0.34      0.87
      0.33     -0.34     -1.05
      0.33     -0.34     -0.09
      0.33     -0.34     -0.09
      0.33     -0.34     -0.09
      0.33     -0.34     -0.09
      0.33     -0.34     -0.09
      0.33     -0.34     -1.05
      0.33     -0.34     -0.09
      0.33      0.62     -0.09
     -0.63      0.62     -1.05
      0.33      0.62     -0.09
     -0.63     -0.34     -1.05
     -0.63     -0.34     -0.09
      0.33     -0.34     -0.09
     -0.63     -1.30     -0.09
      0.33     -0.34     -0.09
      0.33     -0.34     -0.09
      0.33      0.62     -0.09
      0.33      0.62     -0.09
      0.33      0.62      0.87
      0.33      0.62     -0.09
      0.33     -0.34     -0.09
      0.33     -0.34     -0.09
      0.33     -1.30     -0.09
      0.33     -0.34     -0.09
      0.33      0.62     -0.09
      0.33      0.62     -0.09
      0.33      0.62     -0.09
      0.33      0.62     -0.09
      0.33      0.62     -0.09
      0.33     -0.34     -0.09
      0.33     -0.34     -0.09
      0.33     -0.34     -0.09
     -0.63     -0.34     -0.09
      0.33      0.62     -0.09
      0.33      0.62     -0.09
      0.33      0.62     -0.09
      0.33     -0.34     -0.09
     -0.63     -0.34     -0.09
      0.33     -0.34     -0.09
      0.33     -0.34     -0.09
      0.33     -0.34      0.87
      0.33     -0.34      0.87
      0.33     -0.34      0.87
      0.33     -0.34     -0.09
      0.33     -0.34     -0.09
      0.33     -0.34     -0.09
      0.33     -0.34     -0.09
      0.33     -0.34     -0.09
      0.33     -0.34     -0.09
      0.33     -0.34     -0.09
      0.33     -0.34     -0.09
     -0.63     -0.34     -0.09
      0.33     -0.34     -0.09
      0.33     -0.34     -0.09
      0.33     -0.34     -0.09
      0.33     -0.34     -0.09
      0.33     -0.34     -0.09
     -0.63     -0.34     -0.09
      0.33     -0.34     -0.09
      0.33     -0.34     -0.09
      0.33     -0.34     -0.09
      0.33      0.62     -0.09
      0.33      0.62     -0.09
     -0.63     -0.34     -0.09
     -0.63     -0.34     -0.09
     -0.63     -0.34      0.87
      0.33      0.62      0.87
      0.33     -0.34     -0.09
      0.33     -0.34     -0.09
      0.33      0.62      0.87
      0.33      0.62     -0.09
      0.33      0.62     -0.09
     -0.63      0.62     -0.09
      0.33     -0.34      0.87
     -0.63     -0.34     -0.09
      0.33      0.62     -0.09
      0.33     -0.34     -0.09
      0.33     -0.34     -0.09
      0.33      0.62     -0.09
     -0.63     -0.34     -0.09
      0.33     -0.34     -0.09
      0.33     -0.34     -0.09
     -0.63     -0.34     -0.09
      0.33      0.62     -0.09
      0.33      0.62     -0.09
      0.33     -0.34     -0.09
      0.33     -0.34     -0.09
      0.33     -0.34     -0.09
      0.33     -0.34     -0.09
      0.33     -0.34     -0.09
      0.33     -0.34     -0.09
      0.33      0.62     -0.09
      0.33      0.62     -0.09
      0.33      0.62     -0.09
      0.33      0.62     -0.09
     -0.63     -0.34     -0.09
      0.33      0.62     -0.09
     -0.63     -0.34     -0.09
      0.33     -0.34      0.87
      0.33     -0.34     -0.09
      0.33     -0.34     -0.09
      0.33     -0.34      0.87
      0.33     -0.34     -0.09
      0.33     -0.34     -0.09
     -0.63     -0.34     -0.09
     -0.63     -0.34     -0.09
      0.33     -0.34     -0.09
      0.33     -0.34     -0.09
     -0.63     -0.34     -0.09
     -0.63     -0.34      0.87
     -0.63     -0.34     -0.09
     -0.63     -0.34     -0.09
      0.33     -0.34     -0.09
     -0.63     -0.34     -0.09
      0.33     -0.34     -0.09
      0.33      0.62     -0.09
      0.33      0.62     -0.09
      0.33      0.62     -0.09
      0.33     -0.34     -0.09
     -0.63     -0.34     -0.09
      0.33     -0.34     -0.09
      0.33     -0.34      0.87
      0.33     -0.34     -0.09
      0.33     -0.34     -0.09
      0.33     -0.34      0.87
      0.33     -0.34     -0.09
      0.33     -0.34     -0.09
      0.33     -0.34     -0.09
      0.33     -0.34     -0.09
      0.33      0.62     -1.05
      0.33      0.62     -0.09
      0.33     -0.34     -0.09
      0.33     -0.34     -0.09
     -0.63     -0.34     -0.09
      0.33      0.62     -0.09
     -0.63      0.62     -0.09
      0.33      0.62     -0.09
      0.33     -0.34     -0.09
      0.33     -0.34     -0.09
      0.33     -0.34     -0.09
     -0.63     -0.34     -0.09
      0.33     -0.34     -0.09
      0.33     -0.34     -0.09
      0.33     -0.34     -0.09
      0.33     -0.34     -0.09
      0.33     -0.34     -0.09
      0.33     -0.34     -0.09
      0.33     -0.34     -0.09
      0.33     -0.34     -0.09
      0.33     -0.34     -0.09
     -0.63     -0.34     -0.09
     -0.63     -0.34     -0.09
      0.33     -0.34      0.87
      0.33     -0.34     -0.09
      0.33     -0.34     -0.09
      0.33     -0.34     -0.09
      0.33     -0.34     -0.09
      0.33     -0.34     -0.09
      0.33     -0.34     -0.09
      0.33      0.62     -0.09
      0.33      0.62      0.87
      0.33      0.62     -0.09
      0.33     -0.34     -0.09
      0.33      0.62     -1.05
      0.33     -0.34      0.87
     -0.63     -0.34      0.87
     -0.63     -0.34      0.87
     -0.63     -0.34     -0.09
     -0.63     -0.34     -0.09
      0.33     -0.34     -0.09
      0.33     -0.34     -0.09
      0.33     -0.34     -0.09
      0.33      0.62     -1.05
      0.33     -0.34     -0.09
      0.33      0.62     -0.09
      0.33     -0.34     -0.09
      0.33      0.62     -0.09
      0.33      0.62     -0.09
      0.33      0.62     -0.09
      0.33     -0.34     -0.09
      0.33      0.62     -0.09
      0.33      0.62     -0.09
      0.33     -0.34     -0.09
      0.33      0.62     -0.09
     -0.63     -0.34     -0.09
     -0.63     -0.34     -0.09
      0.33     -0.34     -0.09
      0.33     -0.34     -0.09
      0.33     -0.34     -0.09
      0.33     -0.34     -0.09
      0.33     -0.34     -0.09
      0.33     -0.34     -0.09
      0.33     -0.34      0.87
      0.33     -0.34     -0.09
      0.33      0.62     -0.09
      0.33      0.62      0.87
      0.33      0.62     -0.09
      0.33     -0.34     -0.09
      0.33     -0.34     -0.09
      0.33      0.62     -0.09
      0.33     -0.34     -0.09
      0.33     -0.34     -0.09
      0.33     -0.34     -0.09
      0.33     -0.34     -0.09
      0.33     -0.34     -0.09
      0.33     -0.34     -0.09
      0.33     -0.34     -0.09
      0.33     -0.34      0.87
      0.33      0.62     -0.09
     -0.63     -0.34     -0.09
     -0.63     -0.34     -0.09
     -0.63     -0.34     -0.09
     -0.63     -0.34     -0.09
