********************************************************************************
                       INSTITUTO DE INGENIERIA, UNAM
                   Coordinacion de Instrumentacion Sismica
  Ciudad Universitaria, Apartado Postal 70-472, Coyoacan 04510, Mexico, D.F.
 Tel.(52-5)622-3414    Fax.(52-5)616-1514    e-mail: isismica@pumas.iingen.unam.mx
**************************************************************************************
ARCHIVO ESTANDAR DE ACELERACION:
VERSION DEL FORMATO                    : 2.0
NOMBRE DEL ARCHIVO                     : AZIH9604.231
FECHA Y HORA DE CREACION               : Tue Oct 29 16:25:10 1996
REF. CATALOGO ACELEROGRAMAS, SMIS 1995 : REGISTRO NO.      /PAG.    


================================================================================
DATOS DE LA ESTACION:
NOMBRE DE LA ESTACION                  : AEROPUERTO ZIHUATANEJO
CLAVE DE LA ESTACION                   : AZIH
LOCALIZACION DE LA ESTACION            : Aeropuerto Internacional de
                                       : Zihuatanejo, ladera derecha.
                                       : Zihuatanejo, Guerrero.
                                       :
                                       :
COORDENADAS DE LA ESTACION             : 17.60654 LAT. N
                                       : 101.46526 LONG. W
ALTITUD (msnm)                         : 20
TIPO DE SUELO                          : ROCA
                                       :
                                       :
INSTITUCION RESPONSABLE                : INSTITUTO DE INGENIERIA UNAM
                                       :

================================================================================
DATOS DEL ACELEROGRAFO: 
MODELO DEL ACELEROGRAFO                : DCA-333
NUMERO DE SERIE DEL ACELEROGRAFO       : 106
NUMERO DE CANALES                      : 3
ORIENTACION C1-C6 (rumbo;orientacion)  : /V/N90E/N00E
ORIENTACION C7-C12 (rumbo;orientacion) :
VEL. DE MUESTREO, C1-C6 (muestras/s)   : /100/100/100
VEL. DE MUESTREO, C7-C12 (muestras/s)  :
ESC. COMPLETA DE SENSORES, C1-C6, (g)  : /2/2/2
ESC. COMPLETA DE SENSORES, C7-C12 (g)  :
FREC. NAT. DE SENSORES, C1-C6, (Hz)    : /29.0/29.0/29.0
FREC. NAT. DE SENSORES, C7-C12 (Hz)    :
AMORTIGUAMIENTO DE SENSORES, C1-C6     : /0.70/0.70/0.70
AMORTIGUAMIENTO DE SENSORES, C7-C12    :
INTERVALO DE MUESTREO, C1-C6 (s)       : /0.01/0.01/0.01
INTERVALO DE MUESTREO, C7-C12 (s)      :
UMBRAL DE DISPARO, C1-C6 (Gal)         : /8/8/8
UMBRAL DE DISPARO, C7-C12 (Gal)        :
MEMORIA DE PREEVENTO (s)               : 4
TIEMPO DE POSEVENTO (s)                : 15


================================================================================
DATOS DEL SISMO:
FECHA DEL SISMO [GMT]                  : 1996/04/23
HORA EPICENTRO (GMT)                   : 06:53:35.0
MAGNITUD(ES)                           : /Mb=5.3/Ms=4.9/Mc=5.3
COORDENADAS DEL EPICENTRO              : 17.11 LAT. N
                                       : 101.60 LONG. W
PROFUNDIDAD FOCAL (Km)                 : 17
FUENTE DE LOS DATOS EPICENTRALES       : Instituto de Geofisica, UNAM
                                       : SSN

================================================================================
DATOS DE ESTE REGISTRO:
HORA DE LA PRIMERA MUESTRA (GMT)       : 06:53:48.36    
EXACTITUD DEL TIEMPO (s)               : 0.01    
DURACION DEL REGISTRO (s), C1-C6       : /13.50/13.50/13.50                      
DURACION DEL REGISTRO (s), C7-C12      : 
NUM. TOTAL DE MUESTRAS, C1-C6          : /1350/1350/1350                       
NUM. TOTAL DE MUESTRAS, C7-C12         : 
ACEL. MAX.(Gal), C1-C6                 : /-5.35/-10.60/10.75                   
ACEL. MAX., C1-C6, EN LA MUESTRA       : /386/360/366                          
ACEL. MAX.(Gal), C7-C12                : 
ACEL. MAX., C7-C12,EN LA MUESTRA       : 
UNIDADES DE LOS DATOS                  : Gal (cm/s/s)
FACTOR DE DECIMACION                   : 1
FORMATO DATOS (FORTRAN,10 campos/dato) : 3F10.2


================================================================================
CALIDAD DEL ACELEROGRAMA:
REGISTRO DIGITAL COMPLETO, CON TIEMPO ABSOLUTO CORRECTO.


================================================================================
COMENTARIOS:














================================================================================
DATOS DE ACELERACION:
---------+---------+---------+---------+---------+---------+---------+---------+
   CANAL-1   CANAL-2   CANAL-3
         V      N90E      N00E
---------+---------+---------+---------+---------+---------+---------+---------+
     -0.57     -0.07     -0.74
     -0.57      0.89     -0.74
     -0.57     -0.07     -0.74
      1.35     -0.07      0.22
      1.35     -0.07      0.22
      0.39     -1.03      0.22
     -0.57     -0.07      1.18
      0.39      0.89      1.18
      0.39      0.89      0.22
      0.39     -0.07     -0.74
      0.39     -1.03     -0.74
      0.39     -1.03     -0.74
      0.39     -1.03      0.22
      0.39     -0.07      0.22
      1.35      0.89      0.22
     -0.57     -0.07      0.22
      0.39     -0.07      0.22
      1.35     -0.07      0.22
      0.39     -0.07      0.22
      0.39     -0.07      0.22
      0.39     -0.07      1.18
     -0.57     -0.07      1.18
     -0.57     -0.07      0.22
     -0.57     -0.07     -0.74
     -0.57     -0.07     -0.74
      1.35     -1.03      0.22
      0.39     -1.03      1.18
      0.39     -0.07      1.18
      0.39      0.89      0.22
      1.35      0.89     -0.74
      1.35     -0.07     -0.74
      0.39     -0.07      0.22
     -1.52     -1.03     -0.74
     -1.52     -0.07     -1.69
     -0.57      0.89     -0.74
      2.30      0.89     -0.74
      2.30      0.89      1.18
      1.35      0.89      1.18
     -1.52     -0.07      1.18
     -1.52     -0.07      0.22
     -0.57     -0.07      0.22
      0.39     -0.07     -0.74
      0.39     -1.03      0.22
     -0.57     -0.07      0.22
     -2.48      0.89      0.22
     -1.52      0.89      0.22
     -0.57      0.89      0.22
      0.39     -0.07     -0.74
     -0.57     -0.07     -1.69
     -0.57     -0.07     -0.74
     -0.57      0.89      0.22
     -0.57      0.89      0.22
      0.39     -0.07      0.22
      0.39     -1.03      0.22
      0.39     -1.03      0.22
     -0.57     -1.03      0.22
     -0.57     -0.07      0.22
      1.35     -0.07      0.22
      1.35     -0.07      1.18
      0.39     -1.03      0.22
     -0.57     -0.07     -1.69
      0.39     -0.07     -0.74
      2.30      0.89     -0.74
      2.30     -0.07     -0.74
      1.35     -0.07      0.22
     -1.52     -0.07      0.22
     -1.52     -0.07      0.22
     -0.57      0.89     -0.74
      0.39      0.89     -0.74
      0.39     -0.07     -0.74
      0.39     -0.07     -0.74
      0.39     -0.07      0.22
     -0.57     -0.07      1.18
     -0.57      0.89      1.18
      0.39      0.89      0.22
      0.39     -0.07     -0.74
      0.39     -0.07      0.22
      1.35     -1.03      1.18
     -0.57     -0.07      1.18
     -2.48     -0.07      0.22
     -2.48     -0.07     -0.74
     -0.57     -0.07     -0.74
      2.30     -0.07      0.22
      2.30     -0.07      1.18
      0.39     -0.07      1.18
     -0.57     -0.07      1.18
     -0.57      0.89      0.22
     -0.57      0.89     -1.69
      0.39      0.89     -1.69
      0.39     -1.03     -0.74
     -0.57     -1.03      0.22
     -0.57     -0.07      1.18
     -0.57     -0.07      0.22
     -0.57     -0.07     -0.74
      0.39     -0.07     -1.69
      0.39     -1.03     -1.69
      0.39     -1.03      0.22
      0.39     -0.07      1.18
      0.39      0.89      1.18
      0.39     -0.07      1.18
      0.39     -0.07      0.22
      0.39     -1.03      0.22
     -0.57     -0.07     -0.74
     -0.57     -0.07      0.22
      0.39     -0.07      1.18
      1.35     -0.07      0.22
      0.39     -0.07      0.22
      0.39     -1.03      0.22
      0.39     -0.07     -0.74
     -0.57     -0.07     -0.74
     -0.57     -0.07     -0.74
     -0.57      0.89      0.22
     -0.57     -1.03      0.22
     -0.57     -0.07      0.22
     -0.57     -0.07      0.22
     -0.57     -0.07      0.22
     -0.57     -0.07      0.22
     -0.57     -0.07     -0.74
     -0.57     -0.07     -0.74
     -0.57     -0.07      0.22
      0.39      0.89     -0.74
      0.39     -0.07      0.22
     -0.57     -1.03      1.18
     -1.52     -0.07      0.22
     -0.57      0.89      0.22
     -0.57     -0.07      0.22
      0.39     -0.07      0.22
      0.39     -0.07      0.22
     -0.57     -1.03     -0.74
     -1.52     -0.07     -0.74
     -1.52      0.89     -0.74
     -0.57     -0.07     -0.74
      0.39     -1.03     -0.74
      1.35     -1.03     -0.74
      2.30     -0.07      0.22
      1.35     -0.07      1.18
     -0.57     -0.07      1.18
     -0.57      1.84     -0.74
     -0.57      1.84     -0.74
      0.39     -0.07     -0.74
     -0.57     -1.03     -0.74
     -1.52     -1.03      0.22
     -0.57     -1.03      0.22
      0.39     -0.07      1.18
      0.39     -0.07      0.22
     -0.57      0.89     -0.74
     -0.57     -0.07     -0.74
     -1.52     -0.07     -0.74
      0.39      0.89      0.22
      0.39     -0.07      0.22
      0.39     -1.03      0.22
     -0.57     -1.03      0.22
     -1.52     -0.07      0.22
     -1.52     -0.07      0.22
     -0.57     -0.07     -0.74
      0.39     -0.07     -0.74
      0.39     -0.07     -0.74
     -0.57      0.89      0.22
     -1.52     -0.07      0.22
     -1.52     -0.07     -0.74
      0.39     -0.07     -0.74
      1.35     -0.07     -0.74
      0.39     -0.07      0.22
     -0.57     -0.07      0.22
     -0.57     -0.07      0.22
      0.39     -0.07      1.18
      1.35     -0.07      0.22
      0.39     -0.07     -0.74
     -1.52     -1.03     -0.74
     -1.52      0.89     -0.74
     -0.57      0.89      0.22
      0.39      0.89      0.22
      1.35     -0.07      0.22
      1.35     -1.03      0.22
      0.39     -0.07      0.22
     -0.57      0.89      0.22
     -0.57      0.89     -0.74
      1.35      0.89      0.22
      0.39     -0.07     -0.74
      0.39     -1.03     -0.74
     -0.57     -1.03      0.22
      0.39      0.89      0.22
      0.39     -0.07      0.22
      1.35     -0.07      0.22
      1.35     -1.03      1.18
     -0.57     -0.07      1.18
     -0.57      0.89      0.22
     -0.57      0.89      0.22
     -0.57      0.89      0.22
      0.39     -0.07      0.22
     -0.57     -1.03      0.22
     -0.57     -1.03      1.18
     -0.57     -0.07      0.22
      1.35      0.89      0.22
      1.35      0.89      1.18
     -0.57      0.89      0.22
     -1.52      0.89      0.22
     -0.57      0.89      0.22
      1.35     -0.07     -0.74
      1.35     -0.07     -0.74
     -0.57     -0.07     -0.74
     -1.52     -0.07      0.22
     -1.52     -0.07     -0.74
      0.39     -0.07      0.22
      1.35     -0.07     -0.74
     -0.57     -0.07     -0.74
     -2.48     -0.07     -0.74
     -1.52     -0.07     -0.74
     -0.57     -1.03      0.22
      0.39     -1.03      0.22
      0.39     -1.03      0.22
     -0.57     -0.07     -0.74
      0.39      0.89     -0.74
      0.39      0.89      0.22
      1.35     -0.07      1.18
      1.35     -0.07      0.22
      0.39      0.89     -0.74
      1.35      0.89     -0.74
      1.35      0.89     -0.74
      0.39     -0.07      0.22
     -0.57     -1.03      0.22
     -0.57     -1.03      0.22
     -0.57     -1.03     -0.74
     -0.57     -0.07     -1.69
     -0.57     -0.07     -1.69
      1.35     -0.07      0.22
      1.35     -0.07      1.18
      0.39     -0.07      0.22
     -1.52     -1.03      0.22
     -1.52      0.89     -0.74
     -0.57      0.89     -0.74
      0.39      0.89      0.22
     -0.57     -0.07      0.22
     -1.52     -0.07      0.22
     -1.52     -0.07     -0.74
     -0.57     -0.07     -0.74
      0.39     -1.03     -0.74
      0.39     -1.03      0.22
     -0.57     -1.03      0.22
     -0.57     -0.07      0.22
     -0.57      0.89     -0.74
      1.35      1.84      0.22
      1.35     -0.07      0.22
      0.39     -1.03      0.22
     -0.57     -1.98     -0.74
      0.39     -0.07     -0.74
      1.35      0.89      0.22
      1.35     -0.07     -0.74
      0.39     -0.07      0.22
     -0.57     -1.03      0.22
     -1.52     -0.07      0.22
     -0.57      0.89     -0.74
      0.39     -0.07     -0.74
     -0.57     -1.03     -0.74
     -0.57     -0.07      1.18
     -1.52      0.89      0.22
     -1.52      0.89     -0.74
      2.30     -0.07      0.22
      3.26     -0.07     -0.74
      1.35     -1.03      0.22
     -1.52     -1.03      0.22
     -2.48     -1.03      0.22
     -1.52      0.89      0.22
      0.39      0.89     -0.74
      1.35     -0.07     -1.69
      0.39     -1.03     -0.74
      1.35     -0.07      0.22
      1.35      0.89      0.22
      1.35      0.89      0.22
      0.39      0.89     -0.74
      0.39      0.89     -1.69
      0.39      0.89     -0.74
      0.39     -1.98      1.18
      1.35     -1.98      1.18
     -0.57     -1.03      0.22
     -0.57     -0.07      0.22
      1.35      1.84      0.22
      1.35      1.84      0.22
      0.39      0.89      0.22
     -0.57      0.89      1.18
     -0.57      0.89      0.22
      0.39      0.89      2.13
      1.35      0.89      2.13
     -1.52     -0.07      2.13
     -2.48      0.89      2.13
     -1.52      0.89      3.09
     -0.57      1.84      3.09
      0.39      1.84      4.05
     -1.52      0.89      3.09
     -1.52      0.89      3.09
     -0.57      1.84      3.09
      0.39      0.89      3.09
     -0.57      0.89      3.09
     -1.52     -0.07      1.18
     -1.52     -0.07      0.22
     -1.52     -0.07      0.22
     -0.57     -1.03      0.22
      0.39     -1.03      0.22
      0.39     -1.03      0.22
     -0.57     -1.03     -0.74
     -0.57      0.89     -0.74
     -0.57      0.89     -1.69
     -0.57      0.89     -1.69
     -0.57      0.89     -0.74
     -1.52      1.84     -0.74
     -2.48      1.84     -1.69
     -2.48      2.80     -0.74
     -3.44      2.80     -0.74
     -2.48      2.80      0.22
     -3.44      1.84      2.13
     -4.40      1.84      3.09
     -4.40      0.89      3.09
     -4.40     -0.07      4.05
     -1.52      0.89      4.05
      0.39      0.89      4.05
     -0.57      0.89      3.09
     -2.48     -1.03      2.13
     -1.52     -1.98     -0.74
      0.39     -2.94     -2.65
      2.30     -4.86     -4.57
      2.30     -4.86     -5.52
      1.35     -3.90     -7.44
      1.35     -1.98     -7.44
      2.30     -1.03     -7.44
      2.30     -0.07     -8.39
      1.35     -1.03     -9.35
      0.39     -1.03     -7.44
      0.39     -0.07     -4.57
      0.39      1.84     -2.65
      1.35      2.80     -1.69
      1.35      3.76     -0.74
     -0.57      4.72     -0.74
     -1.52      3.76     -1.69
      0.39      2.80     -0.74
      1.35      0.89     -0.74
      1.35     -2.94      0.22
     -2.48     -6.77     -0.74
     -3.44     -6.77      0.22
     -3.44     -2.94      2.13
     -1.52     -1.03      4.05
      0.39      1.84      6.92
      0.39      2.80      7.88
      2.30      1.84      8.83
      4.22      1.84      7.88
      4.22      2.80      5.96
      3.26      2.80      3.09
      4.22      2.80     -0.74
      4.22      0.89     -4.57
      4.22     -1.03     -4.57
      3.26     -1.03     -4.57
      2.30     -1.98     -3.61
     -0.57     -1.03     -1.69
     -0.57      1.84     -0.74
     -0.57      2.80     -0.74
     -1.52      1.84     -0.74
     -1.52      0.89     -1.69
     -0.57     -1.98     -3.61
      0.39     -5.81     -4.57
      0.39     -8.68     -5.52
      0.39     -9.64     -5.52
     -0.57    -10.60     -3.61
     -3.44     -9.64      0.22
     -4.40     -6.77      4.05
     -3.44     -1.98      5.01
     -0.57      0.89      7.88
      1.35      3.76      8.83
      0.39      4.72     10.75
     -0.57      3.76     10.75
      0.39      2.80      6.92
      3.26      1.84      5.01
      3.26      1.84      2.13
      1.35      0.89     -0.74
      0.39      0.89     -1.69
      3.26      1.84     -3.61
      5.18      0.89     -4.57
      4.22      0.89     -6.48
      2.30     -0.07     -7.44
      0.39     -1.03     -6.48
      2.30     -1.03     -4.57
      3.26     -1.98     -2.65
      2.30     -1.98     -0.74
      0.39     -1.98      0.22
      0.39     -1.98      1.18
      0.39     -1.03      1.18
      0.39      0.89      0.22
     -2.48      1.84     -2.65
     -5.35     -0.07     -4.57
     -5.35     -1.03     -2.65
     -1.52     -3.90     -0.74
      0.39     -5.81      0.22
      0.39     -4.86      0.22
     -1.52     -2.94     -0.74
     -2.48     -1.98      0.22
      0.39     -2.94      2.13
      2.30     -2.94      3.09
      1.35     -3.90      5.01
     -1.52     -2.94      6.92
     -1.52     -1.03      7.88
      0.39      1.84      7.88
      3.26      3.76      7.88
      4.22      2.80      5.96
      0.39      1.84      4.05
      1.35      0.89      3.09
      3.26      0.89      0.22
      5.18     -0.07     -1.69
      4.22     -0.07     -3.61
      0.39      1.84     -4.57
     -1.52      2.80     -4.57
     -0.57      2.80     -2.65
      0.39      1.84     -1.69
      0.39      1.84     -1.69
     -0.57      1.84     -2.65
     -1.52     -0.07     -1.69
     -1.52     -1.03     -0.74
     -1.52     -1.03     -1.69
     -3.44     -1.03     -1.69
     -4.40     -0.07     -1.69
     -4.40     -0.07     -0.74
     -3.44     -1.03      1.18
     -1.52     -1.03      3.09
     -0.57     -1.98      3.09
     -1.52     -1.98      3.09
     -1.52     -1.98      2.13
     -1.52      0.89      1.18
     -0.57      2.80      1.18
      1.35      2.80      1.18
      2.30      2.80      2.13
      1.35      0.89      2.13
      2.30     -0.07      2.13
      3.26     -1.98      2.13
      5.18     -1.03     -0.74
      4.22      0.89     -2.65
      0.39      3.76     -4.57
     -2.48      3.76     -3.61
     -2.48      2.80     -0.74
     -1.52      1.84      0.22
      0.39     -0.07      1.18
      0.39     -0.07      0.22
     -1.52      0.89      1.18
     -2.48      0.89      2.13
     -1.52     -1.03      2.13
      0.39     -1.98      1.18
      0.39     -2.94     -0.74
     -0.57     -3.90     -2.65
     -0.57     -2.94     -3.61
     -0.57     -1.03     -4.57
     -1.52      0.89     -5.52
     -2.48      0.89     -4.57
     -2.48     -0.07     -3.61
     -2.48     -1.03     -2.65
     -2.48     -1.98     -1.69
     -2.48     -1.03     -1.69
     -1.52      0.89     -1.69
      0.39      2.80     -0.74
      0.39      2.80      1.18
     -0.57      1.84      2.13
     -0.57      3.76      2.13
      0.39      4.72      1.18
      0.39      3.76      0.22
     -0.57      2.80      1.18
     -1.52      1.84      1.18
     -2.48      1.84      0.22
     -1.52      2.80      0.22
      0.39      1.84      0.22
      0.39     -0.07      1.18
      0.39     -1.98      0.22
     -1.52     -2.94     -1.69
     -1.52     -2.94     -0.74
     -0.57     -2.94     -0.74
      0.39     -2.94     -0.74
      0.39     -1.98     -0.74
      0.39     -1.98     -0.74
     -0.57     -1.03      0.22
     -1.52      0.89      1.18
     -1.52      2.80      1.18
     -2.48      1.84      0.22
     -2.48     -1.03      0.22
     -0.57     -3.90      0.22
     -0.57     -5.81     -0.74
     -0.57     -3.90     -1.69
     -1.52     -1.98     -2.65
     -0.57      0.89     -3.61
      0.39      1.84     -1.69
      1.35      0.89     -1.69
      1.35     -0.07     -0.74
      0.39     -0.07     -0.74
      0.39     -0.07     -0.74
     -0.57     -1.03      0.22
      0.39     -0.07      1.18
      1.35      1.84      1.18
      0.39      3.76      1.18
      0.39      3.76      1.18
      0.39      1.84      2.13
      1.35      0.89      2.13
      2.30      0.89      1.18
      0.39     -0.07      0.22
     -0.57     -0.07      0.22
     -1.52     -0.07     -0.74
     -0.57      0.89     -1.69
      0.39     -0.07     -1.69
     -1.52     -0.07     -1.69
     -3.44     -1.03      0.22
     -3.44     -1.98      1.18
     -2.48     -1.98      0.22
     -0.57     -3.90     -0.74
     -0.57     -4.86     -1.69
     -1.52     -3.90     -1.69
     -1.52     -2.94      0.22
     -0.57     -1.98      2.13
      0.39     -0.07      4.05
      0.39     -0.07      5.01
      0.39     -0.07      5.01
      0.39      0.89      3.09
      1.35      2.80      2.13
      1.35      2.80      0.22
      2.30      2.80     -0.74
      2.30      0.89     -0.74
      1.35      0.89     -1.69
      2.30      0.89     -1.69
      2.30      0.89     -1.69
      2.30      0.89     -1.69
      1.35      0.89     -0.74
      1.35      0.89      0.22
      1.35      1.84      2.13
      1.35      1.84      2.13
     -1.52      0.89      1.18
     -2.48     -0.07      1.18
     -2.48      0.89      0.22
     -1.52      0.89     -0.74
     -0.57      0.89     -1.69
     -2.48     -1.03     -1.69
     -3.44     -2.94     -1.69
     -2.48     -2.94     -0.74
     -0.57     -2.94     -0.74
     -0.57     -1.98     -0.74
     -0.57     -1.98      0.22
     -0.57     -0.07      1.18
      1.35      0.89      1.18
      0.39      0.89      1.18
     -0.57      0.89      0.22
     -0.57     -0.07     -0.74
     -0.57     -0.07     -0.74
      1.35      0.89     -0.74
      1.35      0.89     -0.74
      0.39      0.89     -0.74
      0.39      0.89      0.22
      1.35      1.84      1.18
      3.26      0.89      2.13
      4.22      0.89      3.09
      2.30     -0.07      3.09
      1.35     -1.03      2.13
      1.35     -0.07      1.18
      1.35     -0.07      0.22
      1.35      0.89      0.22
     -0.57      0.89     -0.74
     -1.52     -0.07     -0.74
     -1.52     -0.07     -0.74
      0.39     -0.07      0.22
      0.39     -1.98      0.22
      0.39     -1.03     -0.74
     -0.57     -0.07     -1.69
     -0.57     -0.07     -1.69
     -0.57     -0.07     -1.69
     -0.57     -0.07     -0.74
      0.39     -0.07     -1.69
      0.39     -0.07     -1.69
      0.39     -1.03     -0.74
      0.39     -1.03     -0.74
      0.39     -1.03      0.22
      0.39     -1.03      1.18
      1.35     -0.07      1.18
      0.39     -0.07      0.22
     -0.57      0.89      1.18
     -0.57      0.89      0.22
     -0.57      0.89      0.22
     -0.57     -1.03     -0.74
      0.39     -1.98      0.22
      0.39     -1.03      0.22
      0.39     -0.07     -0.74
      0.39     -0.07      0.22
      1.35     -0.07      1.18
      1.35      0.89      0.22
      0.39      0.89      1.18
     -0.57      1.84      1.18
     -0.57      0.89      2.13
      0.39      0.89      2.13
      0.39     -0.07      1.18
     -0.57     -1.03     -0.74
     -0.57     -1.98     -0.74
     -0.57     -1.03     -0.74
      0.39     -1.03     -0.74
      0.39     -1.03     -0.74
     -0.57     -1.03     -0.74
     -0.57     -1.03     -0.74
     -0.57     -1.03     -0.74
     -1.52     -1.03     -0.74
     -0.57     -1.98     -0.74
     -0.57     -1.98      0.22
     -0.57     -1.03      1.18
     -0.57     -0.07      1.18
     -0.57     -1.03      2.13
      0.39     -1.03      2.13
      1.35     -1.03      1.18
      0.39     -1.03      1.18
      0.39     -1.03      0.22
      1.35     -0.07     -0.74
      1.35     -1.03     -1.69
      0.39     -0.07     -1.69
      0.39      0.89     -1.69
     -0.57      1.84     -1.69
      0.39      1.84     -0.74
      0.39      0.89     -0.74
     -0.57      0.89     -0.74
     -0.57     -0.07     -0.74
     -1.52     -1.98     -0.74
     -2.48     -1.98     -0.74
     -1.52     -1.03     -0.74
     -1.52     -0.07     -0.74
     -2.48      0.89     -0.74
     -2.48      0.89      0.22
     -1.52      0.89      1.18
     -1.52      0.89      1.18
     -0.57      0.89      1.18
     -0.57      0.89      0.22
     -1.52     -0.07      0.22
     -0.57     -1.03      0.22
      0.39     -1.03      0.22
      1.35     -1.98      0.22
      0.39     -1.98      0.22
      0.39     -1.98      0.22
     -0.57     -1.98      0.22
      0.39     -1.03      0.22
      1.35     -1.03      0.22
      1.35     -1.98      1.18
      0.39     -1.98      1.18
      0.39     -1.03      1.18
      0.39      0.89      1.18
     -0.57      1.84      1.18
      0.39      2.80      1.18
     -0.57      2.80      1.18
     -0.57      3.76      1.18
      0.39      2.80      1.18
      0.39      2.80      1.18
     -0.57      1.84      1.18
     -0.57      1.84      0.22
     -0.57      0.89     -0.74
      0.39     -0.07     -0.74
     -0.57     -0.07     -0.74
     -0.57     -1.03     -1.69
     -0.57     -1.03     -1.69
     -0.57     -1.03     -1.69
     -0.57     -1.03     -1.69
     -1.52     -1.03     -1.69
     -0.57     -1.03     -1.69
     -0.57     -1.03     -0.74
     -0.57     -1.03     -1.69
     -1.52     -1.98      0.22
     -2.48     -1.98      0.22
     -2.48     -1.03      0.22
     -1.52      0.89      0.22
      0.39      0.89     -0.74
      0.39      0.89      0.22
     -0.57      1.84      1.18
     -0.57      0.89      1.18
     -0.57      0.89      1.18
      0.39      0.89      0.22
      0.39      0.89      0.22
      0.39      0.89      0.22
     -0.57      0.89     -0.74
     -0.57      0.89     -0.74
      0.39      1.84     -0.74
     -0.57      0.89     -0.74
     -0.57      0.89     -0.74
     -1.52      0.89     -0.74
     -0.57     -1.03      0.22
     -0.57     -1.98      1.18
     -0.57     -1.98      1.18
     -1.52     -0.07      0.22
     -1.52      0.89     -0.74
     -0.57      0.89     -0.74
     -0.57     -0.07     -0.74
     -0.57     -1.03     -0.74
     -0.57     -0.07     -0.74
     -0.57     -0.07     -0.74
      0.39     -1.03      0.22
      0.39     -1.03      0.22
     -0.57     -0.07     -0.74
     -0.57      0.89      1.18
     -0.57      0.89      0.22
      0.39      0.89      0.22
     -0.57      0.89      0.22
      0.39     -0.07      0.22
     -0.57     -1.03     -0.74
      0.39     -0.07      0.22
      0.39     -0.07     -0.74
     -0.57      0.89     -1.69
     -0.57      0.89     -0.74
     -0.57      0.89     -0.74
     -1.52      0.89      0.22
     -2.48      0.89      0.22
     -1.52      0.89     -0.74
     -1.52     -0.07     -0.74
     -1.52     -1.03     -0.74
     -1.52     -1.03     -1.69
     -1.52     -1.03     -1.69
      0.39     -1.98     -0.74
      0.39     -1.03      0.22
      0.39     -1.03      0.22
      0.39      0.89      0.22
      1.35      0.89      0.22
      0.39      0.89     -0.74
     -0.57      0.89      0.22
     -0.57     -0.07     -0.74
      0.39     -1.03      0.22
      0.39     -1.98      0.22
      0.39     -1.98     -0.74
      0.39     -1.03      0.22
      0.39     -1.03      0.22
      1.35     -0.07     -0.74
      0.39      1.84      0.22
     -1.52      2.80      0.22
     -0.57      2.80      0.22
     -0.57      2.80      1.18
      0.39      1.84      2.13
      0.39      0.89      2.13
     -0.57      0.89      1.18
     -1.52      0.89      1.18
     -1.52      0.89      1.18
     -0.57      0.89      2.13
     -0.57     -0.07      2.13
      0.39     -1.03      1.18
     -0.57     -1.03      0.22
     -0.57     -1.03     -0.74
      0.39     -1.03     -0.74
      0.39     -0.07     -1.69
      1.35     -0.07     -0.74
      0.39     -0.07     -0.74
     -0.57     -0.07     -0.74
      0.39     -0.07     -0.74
      0.39     -0.07      0.22
      1.35     -1.98      0.22
      0.39     -0.07      1.18
      0.39      0.89      1.18
      0.39      0.89      1.18
      0.39      0.89      2.13
      1.35     -0.07      2.13
      1.35     -0.07      1.18
      0.39     -0.07     -0.74
     -0.57     -0.07     -0.74
     -0.57     -0.07     -0.74
     -0.57     -0.07     -0.74
     -0.57     -1.03     -0.74
     -0.57     -1.03     -0.74
     -1.52     -0.07     -0.74
     -0.57      0.89     -0.74
      0.39      0.89     -0.74
     -0.57      0.89      0.22
     -0.57     -0.07     -0.74
      0.39     -0.07      0.22
      0.39     -0.07     -0.74
      0.39     -0.07     -0.74
     -0.57     -0.07     -2.65
     -0.57     -0.07     -1.69
     -0.57     -1.03     -1.69
      0.39     -1.03     -1.69
      0.39     -1.03     -0.74
      0.39     -1.03      0.22
     -0.57     -1.03      0.22
     -1.52     -0.07      1.18
     -0.57     -0.07      1.18
     -0.57      0.89      0.22
     -0.57      0.89     -0.74
     -2.48     -0.07     -0.74
     -2.48      0.89      0.22
     -2.48      0.89      0.22
     -0.57      0.89      0.22
      0.39     -0.07      0.22
      0.39     -1.03      1.18
     -0.57     -1.03      0.22
      0.39     -0.07      0.22
      0.39      0.89      0.22
      0.39     -0.07      0.22
      0.39     -0.07      0.22
      0.39     -1.03      0.22
      1.35     -1.98      0.22
      0.39     -1.98     -0.74
      1.35     -1.03     -0.74
      0.39     -1.03     -0.74
     -0.57     -1.03     -0.74
      1.35     -1.03     -0.74
      1.35     -1.03     -0.74
      1.35     -1.98     -0.74
      0.39     -1.98     -0.74
      0.39     -1.03     -0.74
      0.39     -1.03      0.22
      0.39     -1.03      0.22
      0.39     -1.03      0.22
      0.39     -1.03     -0.74
      0.39     -1.03     -0.74
      0.39     -1.03     -0.74
      0.39     -1.03     -0.74
      0.39     -1.03      0.22
     -0.57     -0.07      0.22
     -0.57     -0.07      0.22
     -0.57     -0.07      0.22
     -0.57     -0.07      1.18
     -0.57      0.89      1.18
     -0.57      0.89      1.18
      0.39      0.89      1.18
     -0.57      0.89      1.18
     -0.57      1.84      1.18
      0.39      0.89      1.18
      1.35     -0.07      0.22
      1.35     -1.03     -0.74
     -0.57     -0.07     -1.69
     -1.52     -0.07     -1.69
     -0.57     -0.07     -0.74
      0.39     -0.07     -0.74
      0.39     -1.98      0.22
      0.39     -1.03      0.22
      0.39     -0.07      0.22
      0.39     -1.03      1.18
      1.35     -0.07      0.22
      1.35     -0.07      0.22
      0.39     -0.07     -0.74
      0.39     -0.07      0.22
     -0.57     -0.07      1.18
      0.39      0.89      1.18
      1.35     -0.07      0.22
      1.35     -1.03      0.22
      0.39     -0.07      0.22
      1.35      0.89      0.22
      0.39      0.89      0.22
      0.39     -0.07      0.22
      0.39     -0.07      0.22
      1.35     -0.07      1.18
      1.35      0.89      1.18
      1.35      0.89      0.22
     -0.57      0.89      0.22
     -1.52     -0.07      0.22
     -0.57      0.89      0.22
      0.39     -0.07      0.22
      0.39     -0.07      0.22
     -0.57     -1.03      0.22
      0.39     -0.07      0.22
      0.39     -0.07      0.22
      1.35      0.89      0.22
      0.39      0.89     -0.74
     -0.57     -0.07     -0.74
     -0.57     -1.03     -1.69
      0.39     -1.03     -1.69
      1.35     -0.07     -0.74
      0.39     -0.07     -0.74
      0.39     -0.07     -0.74
      0.39     -0.07     -0.74
      1.35      0.89      1.18
      0.39      0.89      1.18
      1.35     -1.03      1.18
      0.39     -1.03      1.18
      0.39     -1.03      1.18
      0.39     -1.03      0.22
      0.39     -1.03      0.22
      0.39     -0.07     -0.74
      0.39     -0.07     -0.74
     -0.57     -0.07     -0.74
     -0.57      0.89     -0.74
     -0.57      0.89      0.22
     -0.57     -0.07      0.22
     -0.57     -0.07      0.22
     -0.57      0.89      0.22
     -0.57     -0.07      0.22
     -1.52     -1.03      0.22
      0.39     -1.98      0.22
      0.39     -1.98      0.22
     -0.57     -1.03     -0.74
      0.39     -1.03     -0.74
      0.39     -1.03     -0.74
      0.39     -1.03      0.22
      0.39     -1.03      0.22
      0.39     -0.07     -0.74
      0.39     -0.07     -0.74
      0.39     -1.03     -0.74
      0.39     -0.07     -0.74
     -0.57     -0.07     -0.74
     -0.57     -0.07     -0.74
      0.39     -0.07      0.22
      0.39     -0.07      0.22
      0.39     -0.07      0.22
      0.39     -0.07      0.22
      0.39      0.89      0.22
     -0.57     -0.07      0.22
      0.39     -0.07      0.22
      0.39     -0.07     -0.74
      0.39     -0.07      0.22
      0.39      0.89      0.22
      0.39      0.89      0.22
      0.39     -0.07      0.22
      0.39      0.89      0.22
      0.39     -0.07      0.22
     -0.57      0.89      1.18
     -0.57      0.89      1.18
      0.39      0.89      0.22
      0.39      0.89      0.22
      0.39     -0.07      0.22
      0.39     -1.03     -0.74
      0.39     -0.07      0.22
      1.35     -0.07      0.22
      0.39     -0.07      0.22
      0.39     -0.07     -0.74
      0.39     -0.07      0.22
      0.39     -1.03      0.22
      0.39     -1.03     -0.74
      0.39     -1.98     -0.74
      0.39     -1.03     -0.74
      0.39     -1.03     -0.74
      0.39     -0.07     -0.74
     -0.57     -0.07      0.22
      0.39      0.89      0.22
      0.39      0.89      1.18
      1.35     -0.07      1.18
      0.39     -0.07      1.18
      1.35     -0.07      1.18
      0.39     -1.03      0.22
      0.39     -1.03      0.22
      0.39     -1.03      0.22
     -0.57     -0.07      0.22
     -0.57     -0.07      0.22
      0.39     -0.07      0.22
      1.35     -1.03      0.22
      0.39     -1.03      1.18
      0.39      0.89      0.22
      0.39      0.89      0.22
      0.39      0.89      1.18
      1.35      0.89      0.22
      1.35     -0.07      0.22
      0.39     -1.03      0.22
      0.39     -0.07     -0.74
     -0.57     -0.07     -0.74
      0.39     -0.07     -0.74
      1.35     -0.07     -1.69
      1.35     -0.07     -0.74
      0.39     -0.07     -0.74
     -0.57      0.89     -0.74
      0.39      0.89      0.22
      0.39      0.89      0.22
      1.35      0.89      0.22
      1.35      0.89      0.22
      0.39     -0.07      0.22
      1.35     -0.07      0.22
      1.35     -0.07      0.22
      1.35     -1.03      0.22
      1.35     -0.07      0.22
      1.35     -0.07     -0.74
      0.39      0.89      0.22
      0.39      0.89      0.22
      0.39     -0.07      0.22
      1.35     -0.07      0.22
      1.35      0.89      0.22
      1.35      0.89      0.22
      1.35     -0.07      0.22
      1.35      0.89      0.22
      1.35     -0.07      0.22
      0.39     -0.07      0.22
      1.35     -0.07      0.22
      0.39     -1.03      0.22
      0.39     -0.07     -0.74
      0.39     -0.07     -0.74
      0.39     -0.07     -0.74
      0.39      0.89      0.22
      0.39     -0.07      0.22
      0.39     -0.07      1.18
     -0.57      0.89      0.22
      0.39      0.89      0.22
      0.39      0.89      0.22
      0.39      0.89      0.22
     -0.57     -0.07      0.22
      0.39     -0.07     -0.74
     -0.57     -1.03      0.22
     -0.57     -1.03      0.22
     -0.57     -1.03      0.22
      0.39     -1.03      0.22
      0.39     -0.07      0.22
      0.39     -0.07      1.18
      0.39      0.89      0.22
     -0.57      0.89      0.22
      0.39     -0.07      0.22
      0.39      0.89      0.22
      0.39     -0.07     -0.74
      0.39     -1.03     -0.74
     -0.57     -1.03     -0.74
     -0.57     -1.03     -0.74
      0.39     -1.03     -0.74
     -0.57     -1.03     -0.74
     -0.57     -0.07      0.22
     -0.57     -0.07      0.22
     -0.57     -0.07      0.22
     -0.57     -0.07      1.18
     -0.57     -0.07      1.18
     -0.57     -0.07      0.22
     -0.57     -1.03      1.18
     -0.57     -0.07      1.18
     -0.57     -0.07      1.18
     -1.52      0.89      1.18
     -0.57     -0.07      1.18
     -0.57     -1.03      0.22
      0.39     -1.03      0.22
      0.39     -1.03      0.22
      0.39     -1.98      0.22
      0.39     -1.98      0.22
      1.35     -1.03      0.22
      0.39     -1.03      0.22
      0.39     -1.03      0.22
      0.39     -0.07      0.22
      0.39     -0.07      0.22
      0.39     -0.07      0.22
      0.39      0.89     -0.74
      0.39      0.89     -0.74
      0.39     -0.07     -0.74
     -0.57     -0.07     -0.74
     -0.57     -0.07     -0.74
      0.39     -0.07     -0.74
      0.39     -0.07     -1.69
      0.39     -0.07     -0.74
     -0.57     -0.07     -0.74
     -0.57     -0.07     -0.74
     -0.57     -0.07     -0.74
      0.39     -0.07     -0.74
      0.39     -1.03     -0.74
      0.39     -1.03     -0.74
     -0.57     -1.03     -0.74
     -0.57     -0.07      0.22
      0.39      0.89      0.22
      0.39      0.89      0.22
      0.39     -0.07      0.22
     -0.57     -0.07     -0.74
     -0.57     -1.03     -0.74
      0.39     -1.03     -0.74
      0.39     -1.03     -0.74
      0.39     -1.03     -0.74
     -0.57     -0.07     -0.74
      0.39     -0.07     -0.74
      0.39      0.89      0.22
      0.39      0.89      0.22
     -0.57      0.89      1.18
     -0.57      0.89      0.22
      0.39     -0.07      1.18
      1.35     -0.07      0.22
      1.35     -0.07      0.22
      0.39      0.89      0.22
      0.39     -0.07      0.22
      0.39     -0.07      0.22
      0.39     -0.07      0.22
     -0.57     -0.07      0.22
     -0.57     -0.07      0.22
      0.39     -0.07      0.22
      0.39      0.89      1.18
      0.39      0.89      0.22
      0.39      0.89      0.22
     -0.57     -1.03      0.22
     -0.57     -0.07      0.22
      0.39     -0.07      0.22
      0.39      0.89      0.22
     -0.57      0.89      0.22
     -0.57      0.89      0.22
      0.39      0.89      0.22
      0.39      0.89      1.18
      0.39      0.89      0.22
      0.39      0.89      0.22
      0.39      0.89     -0.74
      0.39     -0.07      0.22
      1.35     -0.07      0.22
      1.35     -0.07      0.22
      1.35     -0.07      0.22
      1.35     -1.03     -0.74
      1.35     -1.03     -0.74
      1.35     -1.98     -0.74
      0.39     -0.07     -0.74
      0.39     -0.07      0.22
      1.35     -0.07      0.22
      1.35      0.89      0.22
      1.35      0.89      1.18
      1.35      0.89      1.18
      0.39     -0.07      0.22
      0.39     -0.07      0.22
     -0.57     -0.07      0.22
      0.39     -0.07      0.22
      0.39     -0.07     -0.74
     -0.57     -0.07     -0.74
     -0.57     -0.07      0.22
      0.39     -0.07      0.22
     -0.57      0.89      0.22
      0.39     -0.07      0.22
     -0.57     -0.07      0.22
     -0.57     -1.03      0.22
     -0.57     -1.03      0.22
     -1.52     -0.07      0.22
     -0.57     -1.03      0.22
     -0.57     -0.07      0.22
     -0.57     -0.07      0.22
      0.39     -0.07      0.22
      0.39     -0.07      0.22
     -0.57     -0.07     -0.74
     -0.57      0.89      0.22
      0.39     -0.07     -0.74
      0.39     -0.07      0.22
      0.39     -0.07      0.22
     -0.57     -0.07      0.22
     -0.57     -0.07     -0.74
      0.39     -0.07      0.22
      0.39     -0.07     -0.74
      0.39     -0.07      0.22
      0.39     -0.07     -0.74
      0.39     -0.07      0.22
      0.39     -0.07     -0.74
      0.39     -0.07     -0.74
     -0.57     -0.07     -0.74
      0.39     -1.03     -0.74
      0.39     -1.03     -0.74
      0.39     -1.03     -0.74
      0.39     -0.07     -0.74
      0.39     -1.03     -0.74
      0.39     -0.07      0.22
      0.39     -0.07     -0.74
      0.39     -0.07      0.22
      0.39     -0.07      0.22
      0.39     -0.07      0.22
      0.39     -1.03      0.22
      0.39     -0.07      0.22
      0.39     -0.07     -0.74
      0.39      0.89      0.22
      0.39     -0.07      0.22
      0.39     -0.07      0.22
      1.35     -0.07      0.22
      0.39     -1.03      0.22
      0.39     -1.03      0.22
      0.39     -0.07     -0.74
      0.39      0.89     -0.74
      0.39      0.89     -0.74
      0.39     -0.07     -0.74
      0.39      0.89     -0.74
      0.39      0.89      0.22
      0.39     -0.07      0.22
      0.39      0.89     -0.74
      0.39      0.89     -1.69
      0.39      0.89     -0.74
      1.35      0.89      0.22
      1.35     -0.07      0.22
      0.39     -0.07      0.22
      0.39     -0.07     -0.74
     -0.57     -1.03      0.22
      0.39     -1.03     -0.74
      0.39     -1.03      0.22
      0.39     -1.03      0.22
      0.39     -1.03     -0.74
      0.39     -0.07     -0.74
      0.39     -0.07     -0.74
      0.39     -0.07      0.22
      0.39     -0.07     -0.74
     -0.57     -0.07     -0.74
      0.39     -1.03      0.22
      0.39     -1.03      0.22
     -0.57     -1.03      0.22
     -0.57     -0.07      0.22
     -0.57     -0.07      0.22
     -0.57     -0.07      0.22
     -0.57     -0.07     -0.74
      0.39     -1.03     -0.74
      0.39     -0.07      0.22
      0.39     -0.07     -0.74
      0.39     -0.07      0.22
      0.39      0.89      0.22
      0.39      0.89      0.22
      0.39      0.89     -0.74
      0.39      0.89      0.22
      0.39     -0.07      0.22
      1.35     -0.07      0.22
      0.39     -0.07      0.22
      0.39     -0.07      0.22
      0.39     -0.07      0.22
      0.39     -0.07      0.22
      0.39     -0.07      0.22
      0.39     -1.03      0.22
      0.39     -0.07      1.18
      0.39     -0.07      1.18
      0.39     -0.07      0.22
      0.39     -0.07      0.22
      0.39     -0.07      0.22
      0.39     -0.07      0.22
      0.39     -0.07      0.22
      0.39     -1.03      0.22
      0.39     -0.07      0.22
      0.39     -0.07      0.22
      0.39     -0.07      0.22
      0.39     -0.07      0.22
      0.39     -0.07      0.22
      0.39      0.89      0.22
      0.39      0.89      0.22
      0.39      0.89      0.22
      1.35      0.89      0.22
      0.39      0.89      0.22
      0.39      0.89      0.22
      0.39      0.89      0.22
      0.39     -0.07      0.22
     -0.57     -0.07      0.22
      0.39     -0.07      0.22
      0.39     -0.07      0.22
      0.39     -0.07      0.22
      0.39      0.89      0.22
      0.39      0.89      0.22
      0.39      0.89      0.22
      0.39      0.89      0.22
      0.39      0.89      0.22
      0.39     -0.07      0.22
      0.39     -0.07      0.22
      0.39     -0.07      0.22
      0.39     -0.07      0.22
      0.39     -0.07      0.22
     -0.57     -1.03      0.22
     -0.57     -0.07      0.22
      0.39      0.89     -0.74
     -0.57      0.89      0.22
     -0.57      0.89     -0.74
      0.39     -0.07      0.22
      0.39     -0.07      0.22
      0.39      0.89      0.22
      0.39     -0.07      0.22
      0.39     -0.07      0.22
      0.39     -0.07      0.22
      0.39      0.89      0.22
      0.39      0.89      0.22
      0.39      0.89      0.22
      0.39      0.89      0.22
     -0.57     -0.07      0.22
     -0.57     -0.07     -0.74
      0.39     -0.07      0.22
      0.39     -0.07      0.22
      0.39     -0.07      0.22
      0.39     -0.07      0.22
     -0.57     -0.07      0.22
      0.39     -0.07      0.22
      1.35     -0.07      0.22
      1.35     -0.07     -0.74
      1.35     -0.07     -0.74
      1.35     -0.07     -0.74
      1.35     -1.03      0.22
      1.35     -0.07      0.22
      1.35     -0.07     -0.74
      0.39      0.89     -0.74
      0.39     -1.03     -0.74
      0.39     -0.07     -0.74
      0.39     -0.07     -0.74
      0.39     -0.07     -0.74
     -0.57     -0.07     -0.74
      0.39     -0.07      0.22
      0.39     -0.07      0.22
      0.39     -0.07      0.22
      0.39     -0.07      0.22
     -0.57     -0.07      0.22
     -0.57     -0.07     -0.74
      0.39     -0.07      0.22
      0.39     -0.07      0.22
     -0.57     -1.03      0.22
      0.39     -0.07     -0.74
      0.39      0.89     -0.74
      0.39     -0.07     -0.74
      0.39     -0.07     -0.74
      0.39     -0.07     -0.74
      0.39     -0.07      0.22
      0.39     -0.07      0.22
      0.39     -0.07      0.22
     -0.57     -0.07      0.22
     -0.57     -0.07      0.22
     -0.57     -0.07      0.22
      0.39     -0.07      0.22
      0.39     -1.03      0.22
      0.39     -1.03      0.22
      0.39     -1.03      0.22
      0.39     -1.03      0.22
      0.39     -1.03      0.22
      0.39     -1.03      0.22
     -0.57     -1.03      0.22
     -0.57     -1.03      0.22
     -0.57     -1.03      0.22
      0.39     -0.07      0.22
     -0.57     -0.07      0.22
      0.39     -0.07     -0.74
      0.39     -0.07     -0.74
     -0.57     -0.07      0.22
     -0.57     -0.07      0.22
      0.39     -0.07      0.22
     -0.57     -0.07      0.22
     -0.57     -0.07      0.22
     -0.57     -0.07      0.22
     -0.57     -0.07      0.22
     -0.57     -0.07      0.22
     -0.57     -0.07      0.22
     -0.57     -0.07      0.22
      0.39     -0.07      0.22
      0.39     -0.07      0.22
      0.39     -0.07      0.22
      0.39     -1.03     -0.74
      0.39     -1.03     -0.74
      0.39     -0.07      0.22
      0.39     -0.07      0.22
      0.39     -0.07      0.22
      0.39     -0.07      0.22
      0.39     -0.07      0.22
      0.39     -0.07      0.22
      0.39     -0.07     -0.74
      0.39     -0.07      0.22
      0.39     -0.07     -0.74
      0.39     -0.07     -0.74
      0.39     -0.07      0.22
     -0.57     -0.07      0.22
      0.39     -0.07      0.22
      0.39     -0.07      0.22
      0.39     -0.07      0.22
      0.39     -0.07      0.22
      0.39     -1.03      0.22
      1.35     -1.03      0.22
      0.39     -1.03      0.22
      0.39     -1.03      0.22
      0.39     -1.03      0.22
      0.39     -0.07      0.22
      1.35     -0.07      0.22
      1.35     -0.07      0.22
      0.39     -1.03      0.22
      0.39     -0.07      0.22
      1.35     -0.07      0.22
      1.35     -0.07      1.18
      1.35     -0.07      1.18
      1.35      0.89      0.22
      0.39      0.89      0.22
      0.39     -1.03      0.22
      0.39     -0.07      0.22
      0.39     -0.07      0.22
      0.39     -0.07      0.22
      0.39     -0.07      0.22
      0.39     -0.07      0.22
      0.39     -0.07      0.22
      0.39     -0.07      0.22
      0.39      0.89      0.22
      0.39     -0.07      0.22
      0.39     -0.07      0.22
      0.39     -0.07      0.22
      0.39     -0.07      0.22
      0.39     -0.07      0.22
      0.39     -1.03      0.22
      0.39     -0.07      0.22
      0.39     -0.07      0.22
      0.39     -0.07      0.22
