********************************************************************************
                       INSTITUTO DE INGENIERIA, UNAM
                   Coordinacion de Instrumentacion Sismica
  Ciudad Universitaria, Apartado Postal 70-472, Coyoacan 04510, Mexico, D.F.
 Tel.(52-5)622-3414    Fax.(52-5)616-1514    e-mail: isismica@pumas.iingen.unam.mx
**************************************************************************************
ARCHIVO ESTANDAR DE ACELERACION:
VERSION DEL FORMATO                    : 2.0
NOMBRE DEL ARCHIVO                     : CDAO9602.252
FECHA Y HORA DE CREACION               : Tue Nov 26 15:49:57 1996
REF. CATALOGO ACELEROGRAMAS, SMIS 1995 : REGISTRO NO.      /PAG.    


================================================================================
DATOS DE LA ESTACION:
NOMBRE DE LA ESTACION                  : CENTRAL DE ABASTOS OFICINAS
CLAVE DE LA ESTACION                   : CDAO
LOCALIZACION DE LA ESTACION            : Oficina Central de Abastos,
                                       : Av. Rio Churubusco esquina
                                       : Apatlaco, Col. San Jose Aculco.
                                       : Mexico, D.F.
                                       :
COORDENADAS DE LA ESTACION             : 19.373913 LAT. N
                                       : 99.096997 LONG. W
ALTITUD (msnm)                         : 2240
TIPO DE SUELO                          : ARCILLA
                                       :
                                       :
INSTITUCION RESPONSABLE                : INSTITUTO DE INGENIERIA UNAM
                                       :

================================================================================
DATOS DEL ACELEROGRAFO: 
MODELO DEL ACELEROGRAFO                : DCA-333R
NUMERO DE SERIE DEL ACELEROGRAFO       : 115
NUMERO DE CANALES                      : 3
ORIENTACION C1-C6 (rumbo;orientacion)  : /V/N90E/N00E
ORIENTACION C7-C12 (rumbo;orientacion) :
VEL. DE MUESTREO, C1-C6 (muestras/s)   : /100/100/100
VEL. DE MUESTREO, C7-C12 (muestras/s)  :
ESC. COMPLETA DE SENSORES, C1-C6, (g)  : /0.5/0.5/0.5
ESC. COMPLETA DE SENSORES, C7-C12 (g)  :
FREC. NAT. DE SENSORES, C1-C6, (Hz)    : /30.0/30.0/30.0
FREC. NAT. DE SENSORES, C7-C12 (Hz)    :
AMORTIGUAMIENTO DE SENSORES, C1-C6     : /0.734/0.738/0.774
AMORTIGUAMIENTO DE SENSORES, C7-C12    :
INTERVALO DE MUESTREO, C1-C6 (s)       : /0.01/0.01/0.01
INTERVALO DE MUESTREO, C7-C12 (s)      :
UMBRAL DE DISPARO, C1-C6 (Gal)         : /2/2/2
UMBRAL DE DISPARO, C7-C12 (Gal)        :
MEMORIA DE PREEVENTO (s)               : 4
TIEMPO DE POSEVENTO (s)                : 15


================================================================================
DATOS DEL SISMO:
FECHA DEL SISMO [GMT]                  : 1996/02/25
HORA EPICENTRO (GMT)                 * : 09:17:52.2
MAGNITUD(ES)                           : /Mb=5.6/Ms=5.4/Mc=5.4
COORDENADAS DEL EPICENTRO              : 15.86 LAT. N
                                       : 98.13 LONG. W
PROFUNDIDAD LOCAL (Km)                 : 17
FUENTE DE LOS DATOS EPICENTRALES       : Instituto de Geofisica, UNAM
                                       : SSN

================================================================================
DATOS DE ESTE REGISTRO:
HORA DE LA PRIMERA MUESTRA (GMT)       : 09:20:11    
EXACTITUD DEL TIEMPO (s)               : 0.5   
DURACION DEL REGISTRO (s), C1-C6       : /15.30/15.30/15.30                      
DURACION DEL REGISTRO (s), C7-C12      : 
NUM. TOTAL DE MUESTRAS, C1-C6          : /1530/1530/1530                       
NUM. TOTAL DE MUESTRAS, C7-C12         : 
ACEL. MAX.(Gal), C1-C6                 : /-0.61/2.25/-2.00                     
ACEL. MAX., C1-C6, EN LA MUESTRA       : /96/260/1199                          
ACEL. MAX.(Gal), C7-C12                : 
ACEL. MAX., C7-C12,EN LA MUESTRA       : 
UNIDADES DE LOS DATOS                  : Gal (cm/s/s)
FACTOR DE DECIMACION                   : 1
FORMATO DATOS (FORTRAN,10 campos/dato) : 3F10.2


================================================================================
CALIDAD DEL ACELEROGRAMA:
REGISTRO DIGITAL COMPLETO, CON TIEMPO ABSOLUTO CORRECTO.


================================================================================
COMENTARIOS:

* Un siguiente registro se tiene como consecuencia de este evento, en CDAO9602.253












================================================================================
DATOS DE ACELERACION:
---------+---------+---------+---------+---------+---------+---------+---------+
   CANAL-1   CANAL-2   CANAL-3
         V      N90E      N00E
---------+---------+---------+---------+---------+---------+---------+---------+
     -0.13      1.53     -0.56
     -0.13      1.53     -0.56
     -0.13      1.77     -0.32
     -0.13      1.77     -0.32
     -0.13      1.77     -0.32
     -0.13      1.77     -0.32
     -0.13      1.77     -0.32
     -0.13      2.01     -0.08
      0.11      2.01     -0.08
     -0.13      2.01     -0.08
      0.11      2.01      0.16
      0.11      2.01      0.16
      0.11      2.01      0.16
      0.11      2.01      0.16
      0.11      2.01      0.16
      0.11      2.01      0.40
      0.11      2.01      0.40
      0.11      2.01      0.40
      0.11      2.01      0.40
     -0.13      2.01      0.40
      0.11      2.01      0.40
      0.11      2.01      0.40
      0.11      2.01      0.64
      0.11      2.01      0.64
      0.11      2.01      0.64
      0.34      2.01      0.64
      0.11      2.01      0.64
      0.34      2.01      0.64
      0.34      2.01      0.64
      0.11      2.01      0.64
      0.34      2.01      0.64
      0.34      2.01      0.64
      0.34      1.77      0.64
      0.34      1.77      0.64
      0.34      1.77      0.88
      0.34      1.77      0.88
      0.34      1.77      0.64
      0.34      1.77      0.64
      0.34      1.77      0.64
      0.34      1.53      0.64
      0.34      1.53      0.40
      0.34      1.53      0.64
      0.34      1.29      0.64
      0.34      1.29      0.64
      0.34      1.29      0.64
      0.34      1.29      0.64
      0.34      1.29      0.40
      0.34      1.05      0.40
      0.34      1.05      0.40
      0.34      1.05      0.40
      0.34      1.05      0.16
      0.34      0.81      0.16
      0.34      0.81      0.16
      0.34      0.57      0.16
      0.34      0.81     -0.08
      0.34      0.57     -0.08
      0.34      0.57     -0.08
      0.34      0.57     -0.08
      0.34      0.57     -0.32
      0.11      0.57     -0.32
      0.11      0.33     -0.32
      0.11      0.33     -0.32
      0.11      0.33     -0.32
      0.11      0.09     -0.32
      0.11      0.09     -0.32
      0.11      0.09     -0.32
      0.11      0.09     -0.32
      0.11     -0.14     -0.56
      0.11     -0.14     -0.56
     -0.13     -0.14     -0.56
     -0.13     -0.38     -0.56
     -0.13     -0.38     -0.56
     -0.13     -0.38     -0.56
     -0.13     -0.38     -0.56
     -0.13     -0.62     -0.80
     -0.13     -0.62     -0.56
     -0.13     -0.62     -0.56
     -0.13     -0.62     -0.56
     -0.13     -0.86     -0.56
     -0.13     -0.86     -0.56
     -0.37     -0.86     -0.56
     -0.37     -0.86     -0.56
     -0.37     -0.86     -0.56
     -0.37     -0.86     -0.56
     -0.13     -0.86     -0.32
     -0.37     -0.86     -0.56
     -0.37     -0.86     -0.32
     -0.37     -0.86     -0.56
     -0.37     -0.86     -0.32
     -0.37     -0.86     -0.32
     -0.37     -0.86     -0.32
     -0.37     -0.86     -0.32
     -0.37     -0.86     -0.32
     -0.37     -0.86     -0.32
     -0.37     -0.86     -0.32
     -0.37     -0.86     -0.32
     -0.61     -0.86     -0.32
     -0.61     -0.86     -0.32
     -0.61     -0.86     -0.32
     -0.37     -0.62     -0.32
     -0.61     -0.62     -0.08
     -0.61     -0.86     -0.08
     -0.61     -0.62     -0.32
     -0.61     -0.62     -0.08
     -0.61     -0.62     -0.08
     -0.61     -0.62     -0.08
     -0.61     -0.62     -0.08
     -0.61     -0.62     -0.08
     -0.61     -0.62     -0.08
     -0.61     -0.62     -0.08
     -0.61     -0.62      0.16
     -0.61     -0.62      0.16
     -0.61     -0.38      0.16
     -0.61     -0.62      0.16
     -0.61     -0.62      0.16
     -0.61     -0.38      0.40
     -0.61     -0.38      0.40
     -0.61     -0.38      0.16
     -0.61     -0.38      0.40
     -0.61     -0.38      0.40
     -0.61     -0.38      0.40
     -0.61     -0.14      0.40
     -0.37     -0.14      0.40
     -0.37     -0.14      0.40
     -0.37     -0.14      0.64
     -0.37     -0.14      0.64
     -0.37      0.09      0.64
     -0.37     -0.14      0.64
     -0.13      0.09      0.64
     -0.37      0.09      0.64
     -0.13      0.09      0.64
     -0.13      0.09      0.64
     -0.13      0.09      0.64
     -0.13      0.09      0.64
     -0.13      0.09      0.64
     -0.13      0.09      0.64
     -0.13      0.09      0.64
     -0.13      0.09      0.64
      0.11      0.09      0.64
      0.11      0.09      0.64
      0.11      0.09      0.64
      0.11      0.09      0.64
      0.11      0.09      0.64
      0.11      0.09      0.64
      0.11      0.09      0.64
      0.11      0.09      0.64
      0.11     -0.14      0.64
      0.11     -0.14      0.40
      0.11     -0.14      0.64
      0.11     -0.14      0.40
      0.11     -0.14      0.40
      0.11     -0.38      0.40
      0.11     -0.38      0.40
      0.11     -0.38      0.40
      0.34     -0.62      0.40
      0.11     -0.62      0.16
      0.34     -0.62      0.16
      0.34     -0.62      0.16
      0.34     -0.62      0.16
      0.34     -0.86      0.16
      0.34     -0.86      0.16
      0.34     -0.86     -0.08
      0.34     -1.10     -0.32
      0.34     -1.10     -0.08
      0.11     -1.10     -0.08
      0.34     -1.10     -0.08
      0.34     -1.10     -0.08
      0.34     -1.10     -0.08
      0.34     -1.34     -0.08
      0.34     -1.34     -0.32
      0.34     -1.34     -0.32
      0.34     -1.34     -0.32
      0.34     -1.58     -0.32
      0.34     -1.58     -0.32
      0.34     -1.82     -0.32
      0.34     -1.58     -0.32
      0.34     -1.58     -0.32
      0.34     -1.58     -0.32
      0.34     -1.58     -0.56
      0.34     -1.58     -0.32
      0.34     -1.58     -0.56
      0.34     -1.58     -0.56
      0.34     -1.82     -0.56
      0.34     -1.58     -0.56
      0.34     -1.58     -0.56
      0.34     -1.82     -1.04
      0.34     -1.58     -0.80
      0.11     -1.58     -0.80
      0.11     -1.58     -0.80
      0.34     -1.58     -1.04
      0.11     -1.58     -1.04
      0.11     -1.58     -1.04
      0.34     -1.58     -1.04
      0.11     -1.58     -1.04
     -0.13     -1.58     -1.04
      0.11     -1.34     -1.04
      0.11     -1.34     -1.04
      0.11     -1.34     -1.04
      0.11     -1.34     -1.04
      0.11     -1.10     -1.04
      0.11     -1.10     -1.04
     -0.13     -1.10     -1.04
      0.11     -0.86     -1.04
      0.11     -0.86     -1.04
     -0.13     -0.86     -1.04
     -0.13     -0.86     -1.04
     -0.13     -0.62     -1.04
     -0.13     -0.62     -1.28
     -0.13     -0.38     -1.04
     -0.13     -0.38     -1.04
     -0.13     -0.38     -1.04
     -0.13     -0.14     -1.04
     -0.13     -0.14     -0.80
     -0.13     -0.14     -0.80
     -0.13      0.09     -0.80
     -0.13      0.09     -0.80
     -0.13      0.09     -0.80
     -0.13      0.33     -0.80
     -0.13      0.33     -0.80
     -0.13      0.57     -0.80
     -0.13      0.57     -0.80
     -0.13      0.57     -0.56
     -0.13      0.57     -0.80
     -0.13      0.57     -0.56
     -0.13      0.81     -0.56
     -0.13      0.81     -0.56
     -0.13      1.05     -0.56
      0.11      0.81     -0.56
     -0.13      1.05     -0.56
      0.11      1.05     -0.32
      0.11      1.05     -0.32
      0.11      1.29     -0.32
      0.11      1.29     -0.32
      0.11      1.29     -0.32
      0.11      1.29     -0.56
      0.11      1.05     -0.32
      0.11      1.53     -0.32
      0.11      1.53     -0.32
      0.11      1.53     -0.32
      0.11      1.53     -0.32
      0.11      1.77     -0.32
      0.11      1.77     -0.32
      0.11      1.77     -0.32
      0.11      1.77     -0.32
      0.11      1.77     -0.32
      0.11      1.77     -0.32
      0.11      1.77     -0.32
      0.11      2.01     -0.32
      0.11      2.01     -0.32
      0.11      2.01     -0.32
      0.11      2.01     -0.32
      0.11      2.01     -0.32
      0.34      2.01     -0.32
      0.34      2.01     -0.32
      0.34      2.01     -0.32
      0.34      2.01     -0.32
      0.34      2.01     -0.32
      0.34      2.01     -0.32
      0.34      2.01     -0.32
      0.34      2.01     -0.32
      0.34      2.25     -0.32
      0.34      2.25     -0.56
      0.34      2.01     -0.56
      0.34      2.01     -0.32
      0.34      2.01     -0.56
      0.34      2.01     -0.56
      0.11      2.01     -0.56
      0.34      2.01     -0.56
      0.34      2.01     -0.56
      0.34      2.01     -0.80
      0.34      1.77     -0.56
      0.34      1.77     -0.80
      0.11      1.77     -0.80
      0.34      1.77     -0.80
      0.34      1.77     -0.80
      0.34      1.53     -0.80
      0.34      1.77     -0.80
      0.34      1.53     -0.80
      0.34      1.53     -0.80
      0.34      1.53     -0.80
      0.34      1.53     -0.80
      0.34      1.53     -1.04
      0.34      1.29     -0.80
      0.11      1.29     -1.04
      0.34      1.29     -1.04
      0.34      1.29     -1.04
      0.11      1.29     -1.04
      0.11      1.05     -1.04
      0.11      1.05     -1.04
      0.11      1.05     -1.04
      0.11      1.05     -1.04
      0.11      0.81     -1.04
      0.34      0.81     -1.04
      0.11      0.81     -1.28
      0.11      0.81     -1.28
      0.11      0.81     -1.04
      0.11      0.81     -1.28
      0.11      0.81     -1.28
     -0.13      0.57     -1.28
      0.11      0.57     -1.28
      0.11      0.57     -1.28
     -0.13      0.57     -1.28
     -0.13      0.57     -1.04
     -0.13      0.57     -1.04
      0.11      0.57     -1.52
     -0.13      0.33     -1.28
     -0.13      0.33     -1.04
     -0.13      0.33     -1.04
     -0.13      0.33     -1.28
     -0.13      0.33     -1.04
     -0.13      0.33     -1.04
     -0.13      0.33     -1.04
     -0.13      0.33     -1.04
     -0.13      0.57     -1.04
     -0.13      0.33     -1.04
     -0.37      0.33     -1.04
     -0.13      0.33     -0.80
     -0.13      0.33     -0.80
     -0.37      0.33     -0.80
     -0.37      0.33     -0.80
     -0.13      0.33     -0.80
     -0.37      0.33     -0.80
     -0.13      0.33     -0.56
     -0.13      0.57     -0.56
     -0.13      0.33     -0.56
     -0.13      0.33     -0.56
     -0.37      0.57     -0.32
     -0.13      0.57     -0.32
     -0.13      0.57     -0.32
     -0.13      0.57     -0.32
     -0.13      0.57     -0.32
     -0.13      0.81     -0.32
     -0.13      0.81     -0.08
     -0.13      0.81     -0.08
     -0.13      0.81     -0.08
     -0.13      0.81     -0.08
     -0.37      0.81     -0.08
     -0.13      1.05     -0.08
     -0.13      1.05     -0.08
     -0.37      1.05     -0.08
     -0.13      1.05     -0.08
     -0.13      1.05     -0.08
     -0.13      1.05      0.16
     -0.13      1.05      0.16
     -0.13      1.05      0.16
     -0.13      1.05      0.16
     -0.13      1.05      0.16
     -0.13      1.05      0.16
     -0.13      1.05      0.16
     -0.13      1.05      0.16
     -0.13      1.05      0.16
     -0.13      1.05      0.40
     -0.13      1.05      0.40
     -0.37      1.05      0.40
     -0.13      0.81      0.40
     -0.13      0.81      0.40
     -0.13      0.81      0.40
     -0.13      0.81      0.40
     -0.13      0.81      0.64
     -0.13      0.81      0.64
     -0.13      0.57      0.64
     -0.13      0.57      0.64
     -0.13      0.57      0.64
     -0.13      0.57      0.64
     -0.37      0.57      0.64
     -0.13      0.33      0.64
      0.11      0.33      0.64
      0.11      0.33      0.64
     -0.13      0.33      0.64
     -0.13      0.33      0.64
      0.11      0.33      0.64
     -0.13      0.33      0.64
     -0.13      0.09      0.64
      0.11      0.09      0.64
      0.11      0.09      0.64
      0.11      0.09      0.64
      0.11      0.09      0.64
      0.34     -0.14      0.64
      0.11     -0.14      0.64
      0.11     -0.38      0.64
      0.11     -0.14      0.64
      0.11     -0.38      0.64
      0.34     -0.14      0.64
      0.34     -0.38      0.40
      0.34     -0.38      0.40
      0.34     -0.38      0.40
      0.34     -0.38      0.16
      0.34     -0.62      0.40
      0.34     -0.62      0.16
      0.34     -0.62      0.16
      0.34     -0.62      0.16
      0.34     -0.62      0.16
      0.34     -0.62      0.16
      0.34     -0.86      0.16
      0.34     -0.86     -0.08
      0.34     -0.86     -0.08
      0.34     -0.86     -0.08
      0.34     -0.86     -0.08
      0.34     -0.86     -0.08
      0.34     -0.86     -0.08
      0.34     -1.10     -0.08
      0.34     -1.10     -0.32
      0.34     -1.10     -0.32
      0.11     -1.10     -0.32
      0.34     -1.10     -0.32
      0.11     -1.10     -0.32
      0.34     -1.10     -0.32
      0.34     -1.10     -0.32
      0.34     -1.10     -0.56
      0.34     -1.10     -0.32
      0.11     -1.10     -0.32
      0.11     -1.10     -0.32
      0.11     -1.34     -0.32
      0.11     -1.34     -0.56
      0.11     -1.34     -0.32
      0.11     -1.34     -0.56
      0.11     -1.34     -0.32
      0.11     -1.34     -0.32
      0.11     -1.34     -0.56
      0.11     -1.58     -0.32
      0.11     -1.34     -0.32
      0.11     -1.58     -0.32
     -0.13     -1.58     -0.32
      0.11     -1.34     -0.32
      0.11     -1.58     -0.32
     -0.37     -1.58     -0.32
     -0.13     -1.58     -0.32
      0.11     -1.58     -0.32
      0.11     -1.58     -0.32
     -0.13     -1.58     -0.32
     -0.13     -1.58     -0.32
     -0.13     -1.58     -0.32
     -0.13     -1.58     -0.32
     -0.13     -1.58     -0.32
     -0.13     -1.58     -0.32
     -0.13     -1.58     -0.32
     -0.13     -1.34     -0.32
     -0.13     -1.58     -0.08
     -0.13     -1.34     -0.08
     -0.13     -1.34     -0.08
     -0.13     -1.34     -0.08
     -0.37     -1.34     -0.08
     -0.37     -1.34     -0.08
     -0.37     -1.34     -0.08
     -0.37     -1.34     -0.08
     -0.37     -1.34     -0.08
     -0.37     -1.34     -0.08
     -0.61     -1.10     -0.08
     -0.37     -1.34     -0.08
     -0.37     -1.10     -0.08
     -0.37     -1.10     -0.08
     -0.37     -1.10     -0.08
     -0.37     -1.10     -0.08
     -0.37     -1.10     -0.08
     -0.37     -1.10     -0.08
     -0.37     -1.10     -0.08
     -0.37     -1.10     -0.08
     -0.37     -0.86      0.16
     -0.37     -0.86     -0.08
     -0.37     -0.86     -0.08
     -0.37     -0.86      0.16
     -0.37     -0.86      0.16
     -0.13     -0.86     -0.08
     -0.13     -0.62      0.16
     -0.13     -0.62      0.16
     -0.37     -0.62      0.16
     -0.13     -0.62      0.16
     -0.13     -0.62      0.16
     -0.13     -0.38      0.16
     -0.13     -0.38      0.16
     -0.13     -0.38      0.16
     -0.13     -0.38      0.16
     -0.13     -0.38      0.16
     -0.13     -0.14      0.16
     -0.13     -0.14      0.16
     -0.13     -0.14      0.40
     -0.13     -0.14      0.16
      0.11     -0.14      0.16
      0.11     -0.14      0.16
      0.11     -0.14      0.16
      0.11      0.09      0.16
      0.11     -0.14      0.16
      0.11     -0.14      0.16
      0.11      0.09      0.16
      0.11      0.09      0.16
      0.11      0.09     -0.08
      0.11      0.09     -0.08
      0.11      0.09     -0.08
      0.34      0.09     -0.08
      0.34      0.09     -0.08
      0.11      0.09     -0.08
      0.11      0.09     -0.08
      0.34      0.09     -0.32
      0.11      0.09     -0.32
      0.34      0.33     -0.32
      0.34      0.09     -0.32
      0.34     -0.14     -0.32
      0.34      0.33     -0.32
      0.34      0.33     -0.56
      0.34      0.33     -0.56
      0.34      0.09     -0.56
      0.34      0.09     -0.56
      0.34      0.33     -0.56
      0.11      0.33     -0.56
      0.34      0.33     -0.56
      0.34      0.33     -0.80
      0.34      0.33     -0.56
      0.34      0.33     -0.80
      0.34      0.33     -0.80
      0.34      0.57     -0.80
      0.34      0.33     -0.80
      0.34      0.57     -0.80
      0.34      0.57     -0.80
      0.34      0.57     -0.80
      0.34      0.57     -0.80
      0.34      0.57     -0.80
      0.34      0.57     -0.80
      0.34      0.57     -0.80
      0.34      0.81     -0.80
      0.34      0.81     -0.56
      0.34      0.81     -0.80
      0.11      0.81     -0.80
      0.11      0.81     -0.80
      0.34      0.81     -0.80
      0.34      1.05     -0.80
      0.11      0.81     -0.80
      0.11      1.05     -0.80
      0.34      1.05     -0.80
      0.11      1.05     -0.80
      0.11      1.29     -0.80
      0.11      1.29     -0.80
      0.11      1.29     -0.80
     -0.13      1.29     -0.80
      0.11      1.29     -1.04
      0.11      1.29     -0.80
      0.11      1.29     -1.04
      0.11      1.29     -1.04
      0.11      1.53     -1.04
      0.11      1.53     -1.04
      0.11      1.53     -1.04
     -0.13      1.53     -1.04
     -0.13      1.53     -1.04
      0.11      1.53     -1.04
      0.11      1.53     -1.04
     -0.13      1.53     -1.28
     -0.13      1.53     -1.28
     -0.13      1.53     -1.28
     -0.13      1.53     -1.04
     -0.13      1.53     -1.04
     -0.13      1.53     -1.04
     -0.13      1.53     -1.04
     -0.13      1.53     -1.04
     -0.13      1.53     -1.04
     -0.13      1.53     -1.04
     -0.13      1.53     -1.04
     -0.13      1.53     -1.04
     -0.13      1.53     -1.04
     -0.13      1.77     -1.04
     -0.13      1.53     -0.80
     -0.13      1.77     -1.04
     -0.13      1.53     -1.04
     -0.13      1.77     -0.80
     -0.13      1.77     -0.80
     -0.13      1.77     -0.80
     -0.13      1.77     -0.80
     -0.13      1.77     -0.80
     -0.13      1.77     -0.80
     -0.37      1.77     -0.56
     -0.13      1.77     -0.80
     -0.13      1.77     -0.56
     -0.37      1.77     -0.56
     -0.13      2.01     -0.80
     -0.13      1.77     -0.56
     -0.13      1.77     -0.56
     -0.37      1.77     -0.56
     -0.13      1.77     -0.56
     -0.13      1.77     -0.56
     -0.37      2.01     -0.32
     -0.13      2.01     -0.32
     -0.37      2.01     -0.32
     -0.13      2.01     -0.56
     -0.13      2.01     -0.32
     -0.13      2.01     -0.32
     -0.13      2.01     -0.32
     -0.13      1.77     -0.32
     -0.13      2.01     -0.32
     -0.13      1.77     -0.56
     -0.13      2.01     -0.32
     -0.13      1.77     -0.32
     -0.13      2.01     -0.32
     -0.13      1.77     -0.56
      0.11      2.01     -0.56
      0.11      1.77     -0.32
     -0.13      1.77     -0.32
      0.11      1.77     -0.56
      0.11      1.77     -0.56
      0.11      1.77     -0.56
      0.11      1.77     -0.56
      0.11      1.77     -0.56
      0.11      1.77     -0.56
      0.11      1.77     -0.80
      0.11      1.77     -0.56
      0.11      1.77     -0.80
     -0.13      1.77     -0.56
      0.11      1.53     -0.56
      0.11      1.53     -0.56
      0.11      1.53     -0.56
      0.11      1.53     -0.56
      0.11      1.53     -0.56
      0.11      1.53     -0.32
      0.11      1.29     -0.56
      0.11      1.29     -0.80
      0.11      1.29     -0.56
      0.11      1.29     -0.32
      0.11      1.05     -0.56
      0.11      1.05     -0.56
      0.11      1.05     -0.56
      0.11      1.05     -0.56
     -0.13      1.05     -0.56
      0.11      1.05     -0.56
     -0.13      1.05     -0.56
     -0.13      0.81     -0.56
      0.11      1.05     -0.56
     -0.13      0.81     -0.56
      0.11      0.81     -0.56
      0.11      0.81     -0.56
     -0.13      0.81     -0.80
     -0.13      0.81     -0.56
     -0.13      0.57     -0.80
     -0.13      0.57     -0.80
     -0.13      0.57     -0.80
     -0.13      0.33     -0.80
     -0.13      0.57     -0.80
      0.11      0.57     -0.56
     -0.13      0.57     -0.80
     -0.13      0.33     -0.80
     -0.13      0.33     -0.80
     -0.13      0.33     -0.80
     -0.13      0.33     -0.80
     -0.13      0.33     -0.80
     -0.13      0.33     -0.80
     -0.13      0.33     -0.80
     -0.13      0.09     -0.80
     -0.13      0.09     -0.56
     -0.13      0.09     -0.56
     -0.13      0.09     -0.80
     -0.13      0.09     -0.56
     -0.13      0.09     -0.56
     -0.13      0.09     -0.56
     -0.13     -0.14     -0.56
     -0.37     -0.14     -0.32
     -0.13     -0.14     -0.32
     -0.37     -0.14     -0.56
     -0.37     -0.14     -0.32
     -0.37     -0.14     -0.32
     -0.37     -0.14     -0.32
     -0.37     -0.14     -0.32
     -0.37     -0.14     -0.32
     -0.37     -0.38     -0.32
     -0.37     -0.14     -0.32
     -0.13     -0.38     -0.08
     -0.37     -0.38     -0.32
     -0.37     -0.38     -0.08
     -0.37     -0.38     -0.08
     -0.37     -0.38     -0.08
     -0.13     -0.38     -0.08
     -0.37     -0.38      0.16
     -0.13     -0.38     -0.08
     -0.13     -0.62     -0.08
     -0.37     -0.62      0.16
     -0.37     -0.62      0.16
     -0.37     -0.62      0.16
     -0.13     -0.62      0.16
     -0.13     -0.62      0.16
     -0.13     -0.62      0.16
     -0.13     -0.62      0.16
     -0.37     -0.62      0.16
     -0.13     -0.86      0.16
     -0.13     -0.86      0.16
     -0.13     -0.86      0.16
     -0.13     -0.86      0.16
     -0.13     -0.86      0.16
     -0.13     -0.86      0.16
      0.11     -0.86      0.16
     -0.13     -0.86      0.16
     -0.13     -0.86      0.16
     -0.13     -0.86      0.16
     -0.13     -0.86      0.16
     -0.13     -0.86      0.16
     -0.13     -0.86      0.16
     -0.13     -1.10      0.16
     -0.13     -1.10      0.16
     -0.13     -0.86      0.16
      0.11     -1.10      0.16
      0.11     -1.10      0.16
      0.11     -1.10      0.16
     -0.13     -1.10      0.40
      0.11     -1.10      0.16
     -0.13     -1.10      0.40
      0.11     -1.10      0.40
      0.11     -1.10      0.40
      0.11     -1.10      0.40
      0.11     -1.10      0.40
     -0.13     -1.10      0.40
      0.11     -1.10      0.40
      0.11     -1.34      0.40
      0.11     -1.10      0.40
      0.11     -1.34      0.40
      0.11     -1.34      0.40
      0.11     -1.10      0.40
      0.11     -1.10      0.40
      0.11     -1.10      0.40
      0.11     -1.10      0.40
      0.11     -1.34      0.40
     -0.13     -1.10      0.16
      0.11     -1.10      0.16
      0.11     -1.10      0.16
      0.11     -1.10      0.16
      0.11     -1.34      0.16
      0.11     -1.10      0.16
      0.34     -1.10      0.16
      0.11     -1.10      0.16
      0.11     -1.34      0.16
      0.11     -1.10      0.16
      0.11     -1.10      0.16
      0.11     -1.34      0.16
      0.11     -1.10      0.16
      0.11     -1.10     -0.08
      0.11     -1.10     -0.08
      0.34     -1.10      0.16
      0.34     -1.34     -0.32
      0.11     -1.10     -0.08
      0.34     -1.10     -0.08
      0.11     -1.10     -0.08
      0.34     -1.34     -0.08
      0.11     -1.10     -0.08
      0.34     -1.10     -0.08
      0.34     -1.10     -0.32
      0.34     -1.10     -0.32
      0.11     -1.10     -0.32
      0.11     -1.10     -0.32
      0.11     -1.10     -0.32
      0.11     -1.10     -0.32
      0.11     -1.10     -0.32
      0.11     -1.10     -0.32
      0.11     -1.10     -0.32
      0.11     -1.10     -0.32
      0.34     -1.10     -0.32
      0.11     -1.10     -0.32
      0.11     -1.10     -0.32
      0.11     -1.10     -0.56
      0.11     -1.10     -0.56
     -0.13     -1.10     -0.56
      0.11     -1.10     -0.80
      0.11     -1.10     -0.56
      0.11     -1.10     -0.56
      0.11     -1.10     -0.56
      0.11     -1.10     -0.56
      0.11     -1.10     -0.80
     -0.13     -1.10     -0.56
      0.11     -1.10     -0.80
     -0.13     -0.86     -0.80
      0.11     -0.86     -0.80
      0.11     -0.86     -0.80
     -0.13     -0.86     -0.80
     -0.13     -0.86     -0.80
     -0.13     -0.86     -0.80
     -0.13     -0.86     -0.80
     -0.13     -0.62     -0.80
     -0.13     -0.62     -0.80
     -0.13     -0.62     -1.04
     -0.13     -0.62     -1.04
     -0.13     -0.62     -0.80
     -0.13     -0.62     -0.80
     -0.13     -0.38     -1.04
     -0.37     -0.38     -1.04
     -0.13     -0.38     -1.04
     -0.13     -0.38     -1.04
     -0.13     -0.38     -1.04
     -0.37     -0.14     -0.80
     -0.37     -0.14     -0.80
     -0.37     -0.14     -1.04
     -0.37     -0.14     -0.80
     -0.37      0.09     -0.80
     -0.37      0.09     -0.80
     -0.37      0.09     -0.80
     -0.37      0.09     -0.80
     -0.37      0.09     -0.80
     -0.37      0.09     -0.80
     -0.37      0.33     -0.80
     -0.37      0.33     -0.80
     -0.61      0.33     -0.80
     -0.37      0.33     -0.80
     -0.37      0.33     -0.80
     -0.37      0.33     -0.56
     -0.37      0.09     -0.80
     -0.37      0.57     -0.80
     -0.37      0.57     -1.04
     -0.37      0.57     -0.80
     -0.37      0.57     -0.56
     -0.37      0.57     -0.56
     -0.61      0.81     -0.56
     -0.37      0.81     -0.56
     -0.37      0.81     -0.56
     -0.37      0.81     -0.56
     -0.37      0.81     -0.56
     -0.13      0.81     -0.56
     -0.13      0.81     -0.56
     -0.37      1.05     -0.56
     -0.13      1.05     -0.56
     -0.37      1.05     -0.32
     -0.13      1.05     -0.56
     -0.13      1.05     -0.56
     -0.13      1.05     -1.04
     -0.13      1.29     -0.56
     -0.13      1.29     -0.56
     -0.13      1.29     -0.56
     -0.13      1.29     -0.56
     -0.13      1.53     -0.56
      0.11      1.53     -0.56
      0.11      1.53     -0.32
      0.11      1.53     -0.56
     -0.37      1.53     -0.56
      0.11      1.53     -0.32
      0.11      1.77     -0.56
      0.11      1.77     -0.56
      0.11      1.77     -0.56
      0.11      1.77     -0.56
      0.11      1.77     -0.32
      0.11      1.77     -0.32
      0.11      1.77     -0.32
      0.11      1.77     -0.32
      0.34      1.77     -0.32
      0.11      1.77     -0.32
      0.11      1.77     -0.32
      0.34      1.77     -0.32
      0.11      1.77     -0.32
      0.11      1.77     -0.32
      0.11      1.77     -0.32
      0.34      1.77     -0.32
      0.34      1.77     -0.32
      0.34      1.77     -0.32
      0.34      1.77     -0.32
      0.34      1.77     -0.32
      0.34      1.77     -0.32
      0.34      1.77     -0.32
      0.11      1.77     -0.08
      0.34      1.53     -0.08
      0.34      1.53     -0.08
      0.34      1.53     -0.08
      0.34      1.53     -0.08
      0.34      1.53     -0.08
      0.34      1.53     -0.08
      0.34      1.53     -0.08
      0.34      1.53     -0.08
      0.34      1.53     -0.08
      0.34      1.53     -0.08
      0.34      1.29     -0.08
      0.34      1.53     -0.08
      0.34      1.53     -0.08
      0.34      1.29     -0.08
      0.34      1.53     -0.08
      0.34      1.29      0.16
      0.34      1.29     -0.08
      0.34      1.29      0.16
      0.34      1.29     -0.08
      0.34      1.05      0.16
      0.34      1.29      0.16
      0.34      1.29      0.16
      0.11      1.05      0.16
      0.34      1.05      0.16
      0.11      1.05      0.16
      0.11      1.05      0.16
      0.11      1.29      0.16
      0.11      1.05     -0.08
      0.11      1.05      0.16
     -0.37      1.05     -0.08
      0.11      1.05      0.16
     -0.13      1.05      0.16
      0.11      1.05     -0.08
     -0.13      0.81     -0.08
     -0.13      1.05     -0.08
     -0.13      1.05     -0.08
     -0.13      1.05     -0.08
     -0.13      0.81     -0.08
     -0.13      1.05     -0.08
     -0.13      1.05     -0.08
     -0.13      1.05     -0.08
     -0.13      1.05     -0.08
     -0.13      1.05     -0.08
     -0.13      1.05      0.16
     -0.13      1.05     -0.08
     -0.13      1.05      0.16
     -0.13      1.05     -0.08
     -0.13      1.05     -0.08
     -0.13      1.05      0.16
     -0.13      1.05      0.16
     -0.13      1.29      0.16
     -0.37      1.05      0.16
     -0.13      1.29      0.16
     -0.37      1.05      0.16
     -0.37      1.05      0.16
     -0.13      1.29      0.16
     -0.13      1.05      0.16
     -0.37      1.05      0.16
     -0.13      1.05      0.40
     -0.37      1.05      0.40
     -0.13      1.05      0.40
     -0.13      1.05      0.40
     -0.13      1.05      0.40
     -0.37      1.05      0.64
     -0.37      1.05      0.40
     -0.13      0.81      0.40
     -0.13      0.81      0.64
     -0.13      1.05      0.64
     -0.13      0.81      0.64
     -0.37      0.81      0.64
     -0.37      0.81      0.64
     -0.13      0.81      0.64
     -0.37      0.81      0.64
     -0.37      0.81      0.64
     -0.37      0.57      0.64
     -0.13      0.57      0.64
     -0.13      0.57      0.64
     -0.37      0.57      0.64
     -0.13      0.57      0.64
     -0.13      0.33      0.88
     -0.13      0.33      0.88
     -0.13      0.33      0.64
     -0.13      0.09      0.88
     -0.13      0.09      0.64
     -0.37      0.33      0.64
     -0.13      0.33      0.88
     -0.13      0.33      0.88
     -0.13      0.33      0.88
     -0.13      0.09      0.88
     -0.13      0.09      0.88
     -0.13      0.09      0.88
     -0.13      0.09      0.64
     -0.13      0.09      0.88
     -0.13      0.09      0.64
     -0.13     -0.14      0.88
     -0.13      0.09      0.64
      0.11     -0.14      0.64
     -0.13     -0.14      0.64
      0.11     -0.14      0.64
      0.11     -0.14      0.64
     -0.13     -0.14      0.64
     -0.13     -0.14      0.64
      0.11     -0.38      0.40
     -0.13     -0.38      0.40
     -0.13     -0.38      0.16
     -0.13     -0.38      0.16
     -0.13     -0.38      0.16
     -0.13     -0.62      0.16
     -0.13     -0.62     -0.08
      0.11     -0.62     -0.08
      0.11     -0.62     -0.08
     -0.13     -0.62     -0.32
     -0.13     -0.62     -0.32
      0.11     -0.62     -0.32
     -0.13     -0.86     -0.56
      0.11     -0.86     -0.56
     -0.13     -0.86     -0.56
     -0.13     -0.86     -0.80
      0.11     -0.86     -0.80
      0.11     -0.86     -0.80
     -0.13     -0.86     -1.04
     -0.13     -0.86     -1.04
     -0.13     -0.86     -1.04
     -0.13     -0.86     -1.04
     -0.13     -0.86     -1.28
     -0.13     -1.10     -1.28
     -0.13     -0.86     -1.28
     -0.13     -1.10     -1.28
     -0.13     -1.10     -1.28
     -0.13     -1.10     -1.52
      0.11     -1.10     -1.52
     -0.13     -1.10     -1.52
     -0.13     -1.10     -1.52
     -0.13     -1.10     -1.52
     -0.13     -1.10     -1.76
     -0.13     -1.10     -1.52
     -0.13     -1.10     -1.76
     -0.13     -1.10     -1.52
     -0.13     -1.10     -1.52
     -0.13     -1.10     -1.76
     -0.13     -1.10     -1.76
     -0.13     -1.10     -1.76
     -0.13     -1.10     -1.52
      0.11     -1.10     -1.76
     -0.13     -1.10     -1.76
     -0.13     -1.10     -1.76
     -0.13     -1.10     -1.76
     -0.13     -1.10     -1.76
     -0.13     -0.86     -1.76
     -0.13     -0.86     -1.76
     -0.13     -1.10     -1.76
     -0.13     -0.86     -1.76
     -0.13     -0.86     -1.76
      0.11     -0.86     -1.76
     -0.13     -0.86     -1.76
     -0.37     -0.86     -1.76
     -0.13     -0.86     -1.76
     -0.13     -0.86     -1.76
     -0.37     -0.86     -1.76
     -0.13     -0.86     -1.76
     -0.13     -0.86     -1.76
     -0.13     -0.62     -1.52
     -0.13     -0.62     -1.76
     -0.13     -0.62     -1.76
     -0.13     -0.62     -1.52
     -0.13     -0.62     -1.52
     -0.13     -0.62     -1.52
     -0.13     -0.62     -1.52
     -0.13     -0.62     -1.52
     -0.13     -0.38     -1.28
     -0.13     -0.38     -1.28
      0.11     -0.38     -1.28
     -0.13     -0.38     -1.28
     -0.13     -0.38     -1.28
     -0.13     -0.14     -1.28
      0.11     -0.14     -1.28
     -0.13     -0.14     -1.28
      0.11     -0.14     -1.28
      0.11     -0.14     -1.04
      0.11     -0.14     -1.04
      0.11     -0.14     -1.04
      0.11      0.09     -1.04
      0.11      0.09     -0.80
      0.11      0.09     -0.80
      0.34      0.09     -0.80
      0.11      0.09     -0.80
      0.11      0.09     -0.80
      0.11      0.09     -0.80
      0.11      0.09     -0.80
      0.11      0.09     -0.56
      0.34      0.09     -0.56
      0.34      0.09     -0.56
      0.34      0.09     -0.56
      0.34      0.09     -0.32
      0.34      0.09     -0.32
      0.34      0.09     -0.32
      0.34      0.09     -0.32
      0.34      0.09     -0.32
      0.34     -0.14     -0.32
      0.34     -0.14     -0.32
      0.34     -0.14     -0.32
      0.34     -0.14     -0.32
      0.34     -0.14     -0.32
      0.34     -0.14     -0.08
      0.34     -0.14     -0.32
      0.34     -0.38     -0.08
      0.34     -0.38     -0.08
      0.34     -0.38     -0.08
      0.34     -0.38     -0.08
      0.58     -0.38      0.16
      0.34     -0.38      0.16
      0.34     -0.38     -0.08
      0.34     -0.38      0.16
      0.34     -0.38      0.16
      0.34     -0.38      0.16
      0.34     -0.38      0.16
      0.34     -0.38      0.16
      0.34     -0.62      0.16
      0.34     -0.62      0.16
      0.34     -0.38      0.16
      0.34     -0.62      0.16
      0.34     -0.62      0.40
      0.34     -0.38      0.16
      0.34     -0.62      0.16
      0.34     -0.38      0.16
      0.34     -0.38      0.16
      0.34     -0.62      0.16
      0.34     -0.38      0.16
      0.34     -0.62      0.16
      0.34     -0.38      0.16
      0.34     -0.38      0.16
      0.34     -0.38      0.16
      0.34     -0.62      0.16
      0.34     -0.38      0.16
      0.11     -0.38      0.16
      0.11     -0.38      0.16
      0.34     -0.14      0.16
      0.11     -0.14      0.16
      0.11     -0.14      0.16
      0.11     -0.14      0.16
      0.11     -0.14      0.16
      0.11     -0.14      0.16
      0.11     -0.14     -0.08
      0.11      0.09      0.16
      0.11      0.09     -0.08
      0.11      0.09     -0.08
      0.11      0.09     -0.08
      0.11      0.09     -0.08
      0.11      0.09     -0.08
      0.11      0.33     -0.08
      0.11      0.33      0.16
      0.11      0.33      0.16
      0.11      0.33     -0.08
      0.11      0.57      0.16
      0.11      0.33      0.16
     -0.13      0.57      0.16
     -0.13      0.57      0.16
     -0.13      0.57      0.16
      0.11      0.57      0.16
     -0.13      0.81      0.40
     -0.13      0.81      0.16
      0.11      0.81      0.40
     -0.13      0.81      0.40
     -0.13      0.81      0.40
     -0.13      1.05      0.40
     -0.13      0.81      0.40
     -0.13      0.81      0.64
     -0.13      0.81      0.64
     -0.13      1.05      0.64
      0.11      1.05      0.64
     -0.13      1.05      0.64
     -0.13      1.05      0.64
     -0.13      1.05      0.64
     -0.13      1.05      0.88
     -0.13      1.05      0.88
     -0.13      1.05      0.88
     -0.13      1.05      0.88
     -0.13      1.05      0.88
     -0.13      1.05      0.88
     -0.13      1.05      0.88
     -0.13      1.05      1.12
     -0.13      1.05      0.88
     -0.13      1.05      0.88
     -0.13      1.05      1.12
     -0.13      1.05      1.12
     -0.13      1.05      1.12
     -0.13      1.05      1.12
     -0.13      1.05      1.12
     -0.13      1.05      1.12
     -0.13      1.05      1.12
     -0.13      1.05      1.12
     -0.13      1.05      1.12
     -0.13      1.05      1.12
     -0.13      0.81      1.12
     -0.13      1.05      1.12
     -0.13      1.05      1.12
     -0.13      1.05      1.12
     -0.13      1.05      1.12
      0.11      1.05      1.12
     -0.13      1.05      0.88
     -0.13      1.05      0.88
     -0.13      1.05      0.88
     -0.13      1.05      0.88
     -0.13      1.05      0.88
     -0.13      1.05      0.88
     -0.13      1.05      0.88
     -0.13      1.05      0.88
     -0.13      1.05      0.88
     -0.13      1.05      0.64
     -0.13      1.05      0.64
     -0.13      1.05      0.64
     -0.13      1.05      0.64
     -0.13      1.05      0.64
     -0.13      1.05      0.64
     -0.13      1.05      0.64
     -0.13      1.05      0.40
     -0.13      1.05      0.40
     -0.13      0.81      0.40
     -0.13      0.81      0.16
     -0.13      0.81      0.16
     -0.13      0.81     -0.08
     -0.13      0.81      0.16
     -0.13      0.81      0.16
     -0.13      0.81     -0.08
     -0.13      0.81     -0.08
     -0.13      0.57     -0.08
     -0.13      0.57     -0.32
     -0.13      0.57     -0.32
     -0.13      0.57     -0.32
     -0.13      0.57     -0.56
     -0.13      0.57     -0.56
     -0.13      0.57     -0.56
     -0.13      0.33     -0.56
     -0.13      0.33     -0.80
     -0.13      0.33     -0.80
     -0.13      0.33     -0.80
     -0.13      0.33     -0.80
     -0.13      0.33     -1.04
     -0.13      0.33     -1.04
     -0.13      0.33     -1.04
     -0.13      0.33     -1.04
     -0.13      0.33     -1.28
     -0.13      0.33     -1.28
     -0.13      0.09     -1.28
     -0.13      0.09     -1.28
     -0.13      0.09     -1.52
     -0.37      0.33     -1.52
     -0.37      0.09     -1.52
     -0.13      0.33     -1.52
     -0.13      0.09     -1.76
     -0.13      0.09     -1.52
     -0.13      0.09     -1.76
     -0.13      0.09     -2.00
     -0.13     -0.14     -1.76
     -0.13      0.09     -1.76
     -0.13      0.09     -1.76
     -0.13      0.09     -2.00
     -0.13      0.09     -1.76
     -0.13      0.09     -1.76
     -0.13      0.09     -1.76
     -0.13      0.09     -1.76
     -0.13      0.09     -2.00
     -0.13      0.09     -1.76
     -0.13      0.09     -1.76
     -0.13      0.33     -1.76
     -0.13      0.33     -1.76
     -0.13      0.33     -1.76
     -0.13      0.33     -1.76
     -0.13      0.33     -1.76
     -0.13      0.33     -1.76
     -0.13      0.33     -1.76
      0.11      0.57     -1.52
     -0.13      0.33     -1.52
     -0.13      0.33     -1.52
     -0.13      0.57     -1.52
     -0.13      0.57     -1.52
     -0.13      0.57     -1.28
     -0.13      0.57     -1.28
     -0.13      0.57     -1.28
     -0.13      0.57     -1.28
     -0.13      0.57     -1.28
     -0.13      0.57     -1.28
     -0.13      0.81     -1.04
     -0.13      0.81     -1.04
     -0.13      0.57     -1.04
     -0.13      0.81     -1.04
      0.11      0.81     -1.04
     -0.13      0.81     -0.80
     -0.13      0.57     -0.80
     -0.13      0.57     -0.80
      0.11      0.57     -0.80
      0.11      0.57     -0.80
      0.11      0.33     -0.80
      0.11      0.33     -0.80
      0.11      0.57     -0.80
      0.11      0.57     -0.80
      0.11      0.57     -0.80
      0.11      0.57     -0.56
      0.11      0.57     -0.56
      0.11      0.33     -0.56
      0.11      0.33     -0.56
      0.11      0.33     -0.56
      0.11      0.33     -0.56
      0.34      0.33     -0.56
      0.34      0.33     -0.56
      0.34      0.33     -0.32
      0.34      0.33     -0.56
      0.34      0.33     -0.32
      0.34      0.09     -0.32
      0.34      0.09     -0.32
      0.34      0.09     -0.32
      0.34      0.09     -0.32
      0.34      0.09     -0.32
      0.34      0.09     -0.32
      0.34     -0.14     -0.32
      0.34      0.09     -0.32
      0.34      0.09     -0.32
      0.34      0.09     -0.32
      0.34      0.09     -0.32
      0.34     -0.14     -0.32
      0.34     -0.14     -0.32
      0.34     -0.14     -0.32
      0.34     -0.14     -0.32
      0.34     -0.14     -0.32
      0.34     -0.14     -0.32
      0.34     -0.14     -0.32
      0.34     -0.14     -0.32
      0.34     -0.14     -0.32
      0.34     -0.14     -0.32
      0.34     -0.14     -0.32
      0.34     -0.14     -0.32
      0.34     -0.14     -0.56
      0.34     -0.14     -0.56
      0.34     -0.14     -0.56
      0.34     -0.14     -0.56
      0.34     -0.14     -0.56
      0.34     -0.14     -0.56
      0.11     -0.14     -0.56
      0.34     -0.14     -0.80
      0.34     -0.14     -0.80
      0.34     -0.14     -0.80
      0.11     -0.14     -0.56
      0.34     -0.14     -0.80
      0.34      0.09     -0.80
      0.34      0.09     -0.80
      0.34      0.09     -0.80
      0.34      0.09     -0.80
      0.34      0.09     -1.04
      0.34      0.09     -0.80
      0.11      0.09     -0.80
      0.11      0.09     -0.80
      0.11      0.09     -0.80
      0.34      0.09     -0.80
      0.11      0.09     -0.80
      0.11      0.09     -0.80
     -0.13      0.09     -0.80
      0.11      0.09     -0.80
      0.11      0.09     -0.80
      0.11      0.09     -0.80
      0.11      0.09     -0.80
      0.11      0.09     -0.80
      0.11      0.09     -0.80
     -0.13      0.09     -0.80
     -0.13      0.09     -0.80
     -0.13      0.09     -0.80
     -0.13      0.09     -0.56
     -0.13      0.09     -0.80
     -0.13      0.09     -0.80
     -0.13      0.09     -0.80
     -0.13      0.09     -0.80
     -0.13      0.09     -0.56
     -0.13      0.09     -0.56
     -0.37      0.33     -0.56
     -0.13      0.09     -0.56
     -0.13      0.33     -0.56
     -0.13      0.33     -0.56
     -0.37      0.33     -0.56
     -0.37      0.33     -0.56
     -0.13      0.09     -0.32
     -0.37      0.33     -0.56
     -0.13      0.33     -0.32
     -0.13      0.33     -0.56
     -0.37      0.33     -0.32
     -0.37      0.33     -0.32
     -0.37      0.09     -0.32
     -0.37      0.33     -0.32
     -0.37      0.33     -0.32
     -0.37      0.33     -0.32
     -0.37      0.33     -0.32
     -0.13      0.33     -0.08
     -0.37      0.33     -0.32
     -0.61      0.57     -0.08
     -0.37      0.33     -0.08
     -0.37      0.57     -0.08
     -0.37      0.57     -0.08
     -0.37      0.57     -0.08
     -0.37      0.57     -0.08
     -0.37      0.57     -0.08
     -0.37      0.57     -0.08
     -0.37      0.57     -0.08
     -0.37      0.57     -0.08
     -0.37      0.57      0.16
     -0.37      0.57      0.16
     -0.37      0.57     -0.08
     -0.37      0.57      0.16
     -0.37      0.57     -0.08
     -0.37      0.57      0.16
     -0.37      0.33     -0.08
     -0.37      0.57     -0.08
     -0.37      0.57     -0.08
     -0.37      0.33     -0.08
     -0.37      0.33      0.16
     -0.37      0.33     -0.08
     -0.37      0.33     -0.08
     -0.13      0.33      0.16
     -0.37      0.33     -0.08
     -0.37      0.33     -0.08
     -0.13      0.33     -0.08
     -0.13      0.33     -0.08
     -0.13      0.33     -0.08
     -0.13      0.33     -0.08
     -0.13      0.09     -0.08
     -0.13      0.33     -0.08
     -0.13      0.09     -0.08
     -0.13      0.09     -0.32
     -0.13      0.09     -0.08
     -0.13      0.09     -0.08
     -0.13      0.09     -0.32
      0.11      0.09     -0.32
      0.11      0.09     -0.32
     -0.13      0.09     -0.32
     -0.13      0.09     -0.32
     -0.13      0.09     -0.32
      0.11      0.09     -0.32
      0.11     -0.14     -0.32
      0.11      0.09     -0.32
      0.11      0.09     -0.32
      0.11      0.09     -0.56
      0.11      0.09     -0.56
      0.11      0.09     -0.56
      0.11      0.09     -0.56
      0.11      0.09     -0.80
      0.11      0.09     -0.56
      0.11      0.33     -0.56
      0.11      0.33     -0.56
      0.11      0.33     -0.56
      0.11      0.33     -0.80
      0.11      0.33     -0.56
      0.11      0.33     -0.80
      0.11      0.33     -0.80
      0.11      0.33     -0.56
      0.11      0.33     -0.80
      0.11      0.33     -0.80
      0.34      0.33     -0.80
      0.11      0.57     -0.80
      0.11      0.33     -0.80
      0.11      0.57     -0.80
      0.11      0.57     -0.80
      0.34      0.57     -0.80
      0.34      0.57     -0.80
      0.11      0.57     -0.56
      0.34      0.57     -0.80
      0.11      0.57     -0.80
      0.11      0.57     -0.56
      0.11      0.81     -0.56
      0.11      0.81     -0.56
      0.11      0.81     -0.56
      0.11      0.81     -0.56
      0.11      0.81     -0.56
      0.11      0.81     -0.56
      0.34      0.81     -0.56
      0.11      0.81     -0.56
      0.11      0.81     -0.32
      0.11      0.81     -0.32
      0.11      0.81     -0.32
      0.11      0.81     -0.32
      0.11      0.81     -0.32
     -0.13      0.81     -0.32
      0.11      0.81     -0.08
     -0.13      0.81     -0.32
      0.11      0.81     -0.32
      0.11      0.81     -0.08
      0.11      0.81     -0.08
      0.11      0.81     -0.08
      0.11      0.81     -0.08
     -0.13      0.57     -0.08
     -0.13      0.81      0.16
      0.11      0.81     -0.08
      0.11      0.81      0.16
      0.11      0.81      0.16
     -0.13      0.81      0.16
      0.11      0.57      0.16
      0.11      0.57      0.40
     -0.13      0.81      0.16
     -0.13      0.57      0.40
     -0.13      0.57      0.40
     -0.13      0.57      0.40
     -0.13      0.57      0.40
     -0.13      0.57      0.40
     -0.13      0.57      0.64
     -0.13      0.57      0.64
     -0.13      0.33      0.64
     -0.13      0.33      0.64
     -0.13      0.33      0.64
     -0.13      0.33      0.64
     -0.13      0.33      0.64
     -0.13      0.33      0.64
     -0.13      0.33      0.64
     -0.13      0.33      0.64
     -0.13      0.33      0.64
     -0.13      0.33      0.64
     -0.13      0.33      0.88
     -0.13      0.33      0.64
     -0.13      0.33      0.64
     -0.13      0.33      0.64
     -0.13      0.33      0.64
     -0.13      0.33      0.64
     -0.37      0.33      0.64
     -0.13      0.33      0.64
     -0.13      0.33      0.64
     -0.13      0.33      0.64
     -0.37      0.33      0.64
     -0.13      0.33      0.64
     -0.13      0.33      0.64
     -0.13      0.33      0.40
     -0.13      0.33      0.40
     -0.13      0.33      0.40
     -0.13      0.09      0.40
     -0.13      0.09      0.40
     -0.13      0.09      0.40
     -0.13      0.09      0.16
     -0.13      0.09      0.16
     -0.13      0.09      0.16
     -0.13      0.09      0.16
     -0.13      0.09      0.16
     -0.13      0.09      0.16
     -0.13      0.09      0.16
     -0.13      0.09      0.16
     -0.13     -0.14      0.16
     -0.13     -0.14      0.16
     -0.13     -0.14      0.16
     -0.13     -0.14      0.16
     -0.13     -0.14     -0.08
      0.11     -0.14     -0.08
      0.11     -0.14     -0.08
     -0.13     -0.14      0.16
     -0.13     -0.38      0.16
     -0.13     -0.38     -0.08
     -0.13     -0.38      0.16
      0.11     -0.38     -0.08
      0.11     -0.38     -0.08
     -0.13     -0.38     -0.08
      0.11     -0.38     -0.08
      0.11     -0.38     -0.08
      0.11     -0.62     -0.08
      0.11     -0.62     -0.08
      0.11     -0.62     -0.08
      0.11     -0.62     -0.08
      0.11     -0.62     -0.08
      0.11     -0.62     -0.08
      0.34     -0.62     -0.08
      0.11     -0.62     -0.08
      0.11     -0.62     -0.08
      0.11     -0.62     -0.08
      0.11     -0.62     -0.08
      0.11     -0.62     -0.08
      0.11     -0.62     -0.08
      0.11     -0.62     -0.08
      0.34     -0.62     -0.08
      0.11     -0.86     -0.08
      0.34     -0.62     -0.08
      0.34     -0.62     -0.08
      0.34     -0.62     -0.08
      0.34     -0.62     -0.32
      0.34     -0.62     -0.32
      0.34     -0.62     -0.32
      0.34     -0.62     -0.32
      0.34     -0.62     -0.32
      0.11     -0.62     -0.32
      0.11     -0.62     -0.32
      0.11     -0.62     -0.32
      0.34     -0.62     -0.32
      0.34     -0.62     -0.32
      0.34     -0.62     -0.32
