********************************************************************************
                       INSTITUTO DE INGENIERIA, UNAM
                   Coordinacion de Instrumentacion Sismica
  Ciudad Universitaria, Apartado Postal 70-472, Coyoacan 04510, Mexico, D.F.
 Tel.(52-5)622-3414    Fax.(52-5)616-1514    e-mail: isismica@pumas.iingen.unam.mx
********************************************************************************
ARCHIVO ESTANDAR DE ACELERACION:
VERSION DEL FORMATO                    : 2.0
NOMBRE DEL ARCHIVO                     : CORD8509.151
FECHA Y HORA DE CREACION               : Tue Mar 10 16:24:46 1998
REF. CATALOGO ACELEROGRAMAS, SMIS 1995 : REGISTRO No. 495 /PAG. 73


================================================================================
DATOS DE LA ESTACION:
NOMBRE DE LA ESTACION                  : CERRO DE ORO MARGEN DERECHA
CLAVE DE LA ESTACION                   : CORD
LOCALIZACION DE LA ESTACION            : Junto al vertedor de demasias, caseta
                                       : en ladera del cerro, a 50 m de la
                                       : cortina. Oaxaca.
                                       : 
                                       :
COORDENADAS DE LA ESTACION             : 80.550 LAT. N 
                                       : 96.750 LONG. W 
ALTITUD (msnm)                         : 500 
TIPO DE SUELO                          : ROCA
                                       : 
                                       : 
INSTITUCION RESPONSABLE                : INSTITUTO DE INGENIERIA UNAM
                                       :

================================================================================
DATOS DEL ACELEROGRAFO:
MODELO DEL ACELEROGRAFO                : SMA-1
NUMERO DE SERIE DEL ACELEROGRAFO       : 5001
NUMERO DE CANALES                      : 3
ORIENTACION C1-C6 (rumbo;orientacion)  : /LONG/+V/TRAN
ORIENTACION C7-C12 (rumbo;orientacion) :
VEL. DE MUESTREO, C1-C6 (muestras/s)   :
VEL. DE MUESTREO, C7-C12 (muestras/s)  :
ESC. COMPLETA DE SENSORES, C1-C6, (g)  : /1/1/1
ESC. COMPLETA DE SENSORES, C7-C12, (g) :
FREC. NAT. DE SENSORES, C1-C6, (Hz)    : /25.4/25.3/25.4
FREC. NAT. DE SENSORES, C7-C12, (Hz)   :
AMORTIGUAMIENTO DE SENSORES, C1-C6     : /0.6/0.6/0.6
AMORTIGUAMIENTO DE SENSORES, C7-C12    :
INTERVALO DE MUESTREO, C1-C6, (s)      : /0.02/0.02/0.02
INTERVALO DE MUESTREO, C7-C12, (s)     :
UMBRAL DE DISPARO, C1-C6, (Gal)        : /-/10/-
UMBRAL DE DISPARO, C7-C12, (Gal)       :
MEMORIA DE PREEVENTO (s)               : 0
TIEMPO DE POSEVENTO (s)                : 8


================================================================================
DATOS DEL SISMO:
FECHA DEL SISMO [GMT]                  : 1985/09/15
HORA EPICENTRO (GMT)                   : 07:57:54,9
MAGNITUD(ES)                           : /Mb=5.90/Mc=5.80
COORDENADAS DEL EPICENTRO              : 17.938 LAT. N 
                                       : 97.147 LONG. W 
PROFUNDIDAD FOCAL (km)                 : 63 
FUENTES DE LOS DATOS EPICENTRALES      : INSTITUTO DE INGENIERIA UNAM
                                       : 

================================================================================
DATOS DE ESTE REGISTRO:
HORA DE LA PRIMERA MUESTRA (GMT)       :     
EXACTITUD DEL TIEMPO (s)               :     
DURACION DEL REGISTRO (s), C1-C6       : /12.62/12.6/12.6
DURACION DEL REGISTRO (s), C7-C12      :
NUM. TOTAL DE MUESTRAS, C1-C6          : /631/630/630   
NUM. TOTAL DE MUESTRAS, C7-C12         :
ACEL. MAX.(Gal), C1-C6                 : /24.537/-27.373/-25.507 
ACEL. MAX., C1-C6, EN LA MUESTRA       : /31/10/18      
ACEL. MAX.(Gal), C7-C12                :
ACEL. MAX., C7-C12, EN LA MUESTRA      :
UNIDADES DE LOS DATOS                  : Gal (cm/s/s)
FACTOR DE DECIMACION                   : 1
FORMATO DATOS (FORTRAN,10 campos/dato) : 3F10.3


===============================================================================
CALIDAD DEL ACELEROGRAMA:
REGISTRO ANALOGICO AL QUE FALTA UNA PARTE AL INICIO SIN TIEMPO
ABSOLUTO. DIGITALIZACION SEMIAUTOMATICA O MANUAL.

===============================================================================
COMENTARIOS:
  DISPARO CON ARRANCADOR MECANICO
  REGISTRO EN PELICULA FOTOGRAFICA DE 70 mm












===============================================================================
DATOS DE ACELERACION:
---------+---------+---------+---------+---------+---------+---------+---------+
   CANAL-1   CANAL-2   CANAL-3   CANAL-4   CANAL-5   CANAL-6   CANAL-7   CANAL-8
      LONG         V      TRAN
---------+---------+---------+---------+---------+---------+---------+---------+
     7.156     6.030    -8.883
     6.148     1.869     1.745
     6.167     1.943     4.830
     4.059    10.208    -0.068
    -2.884    10.667     0.430
   -12.682    -0.395     5.255
   -17.405    -8.704    10.981
   -14.421   -16.186    12.534
    -0.971   -23.647     8.238
    17.918   -27.373     8.996
    19.693   -24.893     8.925
     7.702   -15.349     3.610
    -3.877    -7.262     0.395
   -10.207     3.649    -6.037
   -10.845    17.607   -12.212
    -6.555    22.125   -17.427
     3.757    24.054   -23.381
    12.256    22.806   -25.507
    12.335    12.631   -20.790
     8.694     5.997    -7.891
    11.718     6.607    -1.058
    12.403    10.750     0.156
    -1.046    13.038     5.686
    -9.626     9.282    14.396
    -8.593    -0.066    16.618
   -13.389   -11.043    11.837
   -17.000   -15.926    12.413
   -11.769   -18.859     8.123
    -0.631   -21.629     1.785
    16.489   -20.879     3.962
    24.537   -18.410     5.966
    10.720    -9.808     9.376
   -10.918     0.615    14.079
   -16.548     8.138     7.655
    -3.983    16.686    -8.776
     5.609    21.465   -19.483
     8.928    16.245   -21.881
    12.259     5.498   -20.160
    11.662    -1.719   -14.732
     3.904    -5.745    -2.431
    -7.766    -8.129    11.946
   -12.249    -6.971    20.356
   -11.978    -1.828    18.868
   -10.761     2.964     8.264
    -9.617    -0.721     4.591
   -13.604    -9.180     3.684
   -11.455   -10.224    -1.555
    -4.504    -5.189    -4.126
    -0.547    -2.234    -5.418
     3.178     1.120    -7.077
     8.078     5.931   -10.283
    17.340     8.266    -9.114
    21.238     8.321    -6.608
    12.783    10.125    -7.423
    -1.835     9.858    -3.111
    -6.720    -3.341     2.878
     2.546   -11.032     3.243
     7.215    -4.122     0.476
     2.461    -1.930     0.878
    -9.144    -2.816     8.324
   -16.366    -3.868    15.209
   -12.634    -3.846    11.339
    -5.461     2.381     2.635
     4.027     5.762     1.058
     7.815     0.424     4.253
     3.680    -4.072     4.557
     1.081    -0.807     2.990
     2.333     1.640    -1.960
     2.680     1.197    -8.059
     1.774     0.434    -9.017
     1.812     3.274    -9.712
     1.047    10.515    -9.953
     1.034    12.121    -7.835
     1.746     7.782    -5.873
    -1.312     1.483    -4.072
    -8.287    -3.959    -2.885
    -9.674    -5.682    -0.807
    -1.471    -4.408    -0.205
     3.578    -1.753     1.519
     1.412    -0.256     8.800
     1.990     2.203    13.220
     5.037     5.454    11.558
     6.173     5.869     7.194
     3.791     3.097     0.539
    -0.208    -0.045    -3.973
    -1.632    -1.790    -3.667
     0.031    -3.654    -2.433
     4.351    -5.150    -3.257
     7.959    -5.510    -4.531
     9.213    -5.441    -5.724
     6.871    -4.210    -4.894
     3.290    -1.769    -1.068
     3.755    -1.380    -0.836
     0.775    -3.112    -1.232
    -7.707    -3.944     2.939
   -10.017    -3.017     7.404
    -5.835    -0.645     7.556
    -3.560     0.820     3.603
    -3.930     0.620     1.059
    -5.477     0.233     0.070
    -7.096    -0.240     0.157
    -5.166     0.164     0.614
    -0.357     1.538    -0.593
     3.059     2.390    -1.750
     4.420     2.231    -2.544
     3.564     1.037    -1.996
     0.901    -1.996    -1.385
    -2.115    -5.594    -0.925
    -3.966    -7.306    -1.680
    -0.677    -4.065    -5.116
     5.716     1.283    -4.933
    10.294     2.740    -2.156
    12.069     1.359    -1.795
     9.035     0.537    -2.311
     2.529     2.234    -3.256
    -1.550     3.161    -3.367
    -3.294    -1.504    -1.724
    -6.497    -6.649     0.880
    -9.473    -6.580     4.500
   -10.893    -4.696     8.249
   -10.965    -4.354    10.837
    -8.860    -4.289     9.781
    -5.686    -3.803     3.636
    -3.303    -2.110    -2.468
    -3.490    -0.383    -2.672
    -3.594     1.877    -0.069
    -0.880     5.080     0.385
     2.645     6.913    -1.136
     6.405     7.413    -1.941
     8.398     7.870    -1.513
     7.734     9.852    -1.386
     7.179    12.394    -1.546
     7.117    13.536    -3.646
     7.212    13.195    -5.709
     7.650    11.495    -4.934
     6.359     7.561    -2.692
     0.364     1.375     0.451
    -6.333    -4.166     1.132
   -10.040    -8.071     2.293
   -12.387   -10.102     3.077
   -11.072   -10.365     2.001
    -8.204    -9.723     1.408
    -6.264    -8.501     1.327
    -1.845    -7.512     1.879
     2.440    -6.952     2.302
     4.024    -5.582     2.025
     3.710    -3.110     2.041
     3.131    -1.416     2.359
     5.371    -0.629     2.372
     7.586     1.175     1.379
     7.978     4.792    -0.211
     7.320     7.624    -2.069
     4.911     8.661    -3.208
     2.569     8.388    -2.300
     0.506     6.730    -1.124
    -1.468     5.197     0.182
    -3.051     4.016     0.264
    -4.492     2.653    -0.336
    -6.049     0.507     1.730
    -7.010    -1.960     3.040
    -6.191    -3.049     1.815
    -5.602    -3.726    -0.784
    -4.582    -4.134    -3.899
    -1.304    -4.325    -4.705
     2.836    -6.216    -3.653
     6.555    -8.107    -2.881
     8.588    -6.955    -2.714
     8.594    -4.518    -1.963
     7.861    -2.449    -0.160
     6.233     0.178     1.388
     2.335     2.221     2.218
    -2.506     0.325     1.340
    -4.261    -2.100    -0.407
    -3.299    -1.638    -0.257
    -2.316    -1.439     0.831
    -0.837    -1.167     1.474
    -0.745     0.328     1.461
    -2.764     1.190     0.629
    -5.047     1.192     0.960
    -6.690     1.121     2.401
    -6.141     1.153     3.144
    -4.292     1.017     3.282
    -3.822     0.895     2.448
    -5.039     0.556     0.656
    -3.982    -0.020    -1.440
     0.313    -0.101    -2.432
     3.629     0.520    -1.863
     5.445     1.113    -1.429
     6.598     1.668    -0.496
     6.872     2.315    -0.532
     6.818     2.907    -2.471
     6.308     3.373    -2.870
     4.810     3.241    -1.541
     3.198     2.806    -0.194
     1.857     2.303     0.433
     0.210     1.408     1.160
    -1.695    -0.089     2.675
    -3.729    -2.478     2.815
    -5.276    -4.769     1.700
    -6.198    -5.831     1.600
    -6.206    -6.172     1.811
    -5.020    -5.799     1.453
    -4.391    -4.471     0.979
    -3.844    -2.776    -0.106
    -2.547    -1.209    -1.396
    -0.884     0.371    -2.241
     1.620     1.475    -2.626
     4.015     1.701    -2.374
     5.577     1.798    -1.461
     5.919     2.322     0.114
     4.683     3.103     1.419
     3.524     4.078     1.148
     2.918     4.541    -1.137
     2.329     4.116    -1.785
     1.751     3.326     0.384
     0.066     2.012     1.183
    -2.098     0.117     0.969
    -2.904    -0.906     0.856
    -3.480    -0.841     0.654
    -4.156    -0.777     0.669
    -3.987    -1.168     0.434
    -3.443    -1.983    -0.381
    -4.453    -2.653    -0.784
    -5.949    -1.930     0.317
    -4.582    -1.138     0.383
    -0.588    -0.924    -0.136
     3.590    -0.651    -2.304
     4.876    -0.442    -5.557
     4.626    -0.167    -4.462
     3.440    -0.371    -1.004
     0.518    -0.470     2.236
     1.610    -1.043     2.899
     4.869    -0.534     1.323
     4.225     1.478     1.301
     1.939     1.254     1.542
     0.639     1.389     1.730
     0.246     2.692     1.989
    -0.264     3.687     2.160
    -1.031     4.202     2.276
    -2.200     3.280     1.913
    -3.539     2.225     1.473
    -2.930     0.902     0.743
    -0.862    -0.647    -0.142
     0.159    -1.632    -0.923
     0.645    -2.548    -1.449
     1.102    -2.859    -1.735
     1.378    -2.074    -2.074
     1.646    -0.740    -2.374
     1.405     0.296    -2.686
     0.622     0.642    -2.980
     0.338     1.118    -3.230
     0.732     0.236    -3.160
    -0.403    -1.876    -2.627
    -0.813    -2.252    -2.155
     0.519    -2.170    -1.442
    -0.395    -2.378     0.019
    -1.024    -1.929     1.445
    -0.563    -1.217     2.531
    -0.404    -0.389     2.916
    -0.045     0.255     2.007
     0.254     0.792     0.965
     0.539     1.160     0.246
     0.070     0.737    -0.021
    -1.117    -0.244     0.699
    -2.530    -0.104     0.650
    -1.318     0.757     0.423
     1.472     1.326     0.900
     1.845     1.941     0.053
     1.890     2.118    -0.766
     2.271     1.486    -1.064
     1.999     0.832    -0.831
     1.120    -0.313     1.055
    -1.483    -1.962     1.954
    -4.322     0.471     1.172
    -2.997    -0.997     0.886
    -0.602    -0.419     1.495
    -0.833    -0.358     2.022
    -0.708    -0.800     1.583
    -0.688    -1.410     0.454
    -1.512    -0.893    -0.626
    -2.033     0.742    -1.419
    -1.640     1.185    -1.823
    -0.775     0.235    -1.016
    -0.073    -0.304    -0.381
     0.436    -0.336    -0.587
     1.998    -0.449    -0.742
     5.293    -0.555    -0.172
     6.220    -0.430     1.710
     4.778    -0.016     3.236
     2.471     0.449     4.374
    -0.102     0.340     3.695
    -0.384    -0.156     0.275
    -0.652    -0.794    -1.361
    -0.260    -0.694    -1.286
     0.244     0.300    -1.167
    -2.362     0.658    -0.946
    -4.251     0.598    -1.051
    -3.492     0.550    -0.737
    -2.115     0.631    -1.012
    -0.257     0.492    -1.986
     1.623     1.069    -2.154
     2.168     1.846    -2.201
     1.825     1.003    -2.251
     1.425     0.808    -1.726
     0.424     0.947    -0.971
    -0.119     0.336    -0.212
     0.025    -0.815     0.494
     0.073    -1.594     1.075
     0.135    -1.106     1.585
     0.186    -0.813     1.862
     0.055    -0.563     1.689
     0.060    -0.205     1.504
    -0.256     0.109     1.591
    -1.270     0.314     1.399
    -2.492     0.024     0.845
    -3.587    -0.133     0.053
    -4.656    -0.264    -0.405
    -4.790    -0.361    -0.242
    -3.622    -0.484     0.077
    -2.213    -0.439     0.059
    -0.693    -0.003    -1.173
     0.410     0.635    -2.653
     0.390     0.601    -3.332
     0.477     0.596    -2.966
     0.605     0.577    -1.577
     1.099     0.586    -0.786
     2.803     0.346    -0.535
     3.812    -0.445    -0.070
     3.347    -1.253     0.244
     2.402    -1.506     0.765
     1.161    -1.334     1.229
     0.537    -0.968     1.730
     0.642    -0.188     2.079
     0.647     0.721     1.916
     0.654     1.459     1.592
     0.674     1.795     1.204
     0.695     1.741     1.615
     0.824     1.683     0.736
     0.926     1.520    -2.043
     1.063     1.274    -2.419
     1.019     0.788    -1.340
     0.334     0.030    -0.591
    -0.425    -0.146    -0.144
    -1.277     0.473    -1.228
    -2.584     0.280    -2.050
    -3.352    -1.259    -1.273
    -2.561    -2.086    -0.553
    -1.060    -1.668    -0.623
     0.105    -1.126    -1.470
     0.769    -0.528    -1.129
     0.359    -0.287     0.852
     0.200    -0.341     1.712
     1.391    -0.315     1.930
     2.222    -0.335     2.539
     2.409    -0.312     2.624
     0.927    -0.310     2.491
    -0.403    -0.078     1.839
     0.862     0.384    -0.009
     2.414     0.438    -1.299
     3.664     0.330    -1.155
     3.638     0.215    -0.804
     2.140     0.079     0.101
     1.265    -0.043     0.740
     0.111    -0.175     0.491
    -1.017    -0.318    -0.016
    -2.089    -0.478    -0.478
    -2.556    -0.527    -0.307
    -1.480    -0.189    -0.008
    -0.438     0.266     0.189
     0.338     0.759     0.365
    -0.291     0.908     0.455
    -2.507     0.137     0.572
    -3.573    -0.449     0.667
    -3.727    -0.169     0.733
    -3.486     0.161     0.723
    -2.969     0.234     0.731
    -2.320     0.036     0.726
    -1.041    -0.161     0.739
     0.124    -0.331     0.742
     0.525    -0.458     0.834
     0.513    -0.477     0.977
     0.504    -0.350     0.699
     0.522     0.118     0.092
     0.506     0.755    -0.211
     0.528     1.171    -0.154
     0.512     1.135    -0.191
     0.582     0.982    -0.406
     0.896     0.892    -1.710
     1.505     0.740    -2.743
     1.681     0.592    -1.626
     1.212     0.364    -0.235
     0.864    -0.117     0.210
     0.359    -0.880     0.197
    -0.513    -1.315     0.137
    -1.558    -1.251     0.176
    -1.923    -1.255     0.139
    -1.315    -1.120     0.087
    -0.737    -0.664    -0.278
    -0.298     0.049    -0.816
     0.094     0.189    -1.387
     0.225    -0.572    -1.638
     0.182    -1.346    -1.483
     0.032    -1.427    -1.349
     0.297    -0.906    -1.042
     0.602    -0.317     0.050
     0.813    -0.037     1.170
     1.072    -0.116     1.374
     1.162    -0.278     1.224
     1.192    -0.303     1.102
     0.828    -0.169     0.870
    -0.414     0.208     0.605
    -1.467     0.590     0.152
    -1.067     0.714    -0.303
     0.008     0.303    -0.861
     0.551    -0.032    -1.417
     0.718    -0.104    -1.177
    -0.091    -0.186    -0.575
    -0.506    -0.244    -0.600
     0.475    -0.316    -0.869
     1.150    -0.442    -1.132
     1.226    -0.402    -1.302
     1.088    -0.145    -1.262
     0.885     0.120    -1.182
     0.480     0.346    -0.886
    -0.682     0.609    -0.478
    -1.278     0.784    -0.100
    -0.884     0.812     0.353
    -0.542     0.806     0.742
    -0.251     0.809     1.180
     0.023     0.809     1.242
     0.095     0.660     0.638
     0.218     0.109     0.052
     0.343    -0.313    -0.346
     0.467    -0.190    -0.568
     0.597     0.105    -0.760
     0.729     0.373    -0.902
     0.909     0.582    -0.641
     1.050     0.694    -0.185
     0.661     0.429     0.211
    -0.061    -0.351     0.432
    -0.703    -0.808     0.441
    -1.198    -0.561     0.469
    -1.074    -0.279     0.497
    -0.803     0.148     0.525
    -0.504     0.703     0.553
    -0.084     1.169     0.581
     0.475     1.722     0.609
     0.300     1.954     0.637
    -1.039     1.529     0.664
    -0.916     0.906     0.756
     0.102     0.597     0.783
    -0.112     0.744     0.813
    -0.271     0.893     0.842
    -0.371     0.871     0.867
    -0.617     0.451     0.910
    -0.784    -0.186     0.984
    -1.046    -0.773     1.143
    -0.966    -1.134     1.270
    -0.131    -1.098     1.358
     0.755    -0.962     1.223
     1.124    -0.949     0.746
     1.090    -0.857     0.317
     1.091    -0.807    -0.154
     0.953    -0.723    -0.352
     0.318    -0.668    -0.027
    -0.664    -0.591     0.564
    -1.075    -0.544     0.586
    -0.935    -0.544    -0.123
    -0.837    -0.537    -0.903
    -0.760    -0.491    -0.795
    -0.488    -0.478    -0.048
    -0.050    -0.495    -0.077
     0.543    -0.492    -0.388
     0.761    -0.573    -0.526
     0.721    -0.681    -0.634
     0.742    -0.793    -0.270
     0.826    -0.795     0.158
     0.923    -0.345     0.538
     1.012     0.274     0.933
     1.023     0.893     1.043
     0.783     0.841     1.053
     0.225     0.013     1.020
    -0.290    -0.858     1.021
    -0.753    -1.169     0.435
    -0.780    -0.509    -1.902
    -0.280     0.210    -3.211
     0.126     0.782    -2.178
     0.254     1.316    -1.262
     0.235     1.056    -0.690
     0.210     0.161    -0.463
     0.188    -0.510    -0.362
     0.163    -0.760    -0.111
     0.155    -0.870    -0.243
     0.134    -0.988    -1.068
     0.123    -0.954    -1.647
     0.105    -0.803    -1.213
     0.090    -0.646    -0.703
     0.078    -0.505    -0.316
     0.056    -0.358    -0.233
     0.052    -0.356    -0.494
    -0.216    -0.266    -0.636
    -0.667    -0.155    -0.710
    -0.881    -0.061    -0.442
    -0.529     0.240    -0.134
    -0.127     0.936     0.172
     0.411     1.608     0.351
     0.579     2.177     0.280
     0.492     2.308     0.235
     1.365     1.903     0.189
     1.877     1.408     0.071
     1.300     1.071     0.003
     0.936     0.725     0.006
     0.622     0.523     0.094
    -0.146     0.450     0.166
    -1.698     0.396    -0.153
    -2.990     0.305    -0.626
    -3.113     0.248    -0.547
    -2.508     0.163    -0.352
    -1.927     0.098    -0.239
    -1.404    -0.130    -0.117
    -1.120    -0.428    -0.012
    -1.033    -0.747     0.081
    -0.972    -1.074    -0.067
    -0.877    -1.381    -0.518
    -0.823    -1.678    -0.752
    -0.668    -1.663    -0.496
    -0.415    -1.195    -0.146
    -0.135    -0.748     0.108
     0.113    -0.335     0.213
     0.371     0.060     0.093
     0.467     0.258     0.050
     0.603     0.347    -0.014
     0.773     0.437    -0.067
     0.907     0.513    -0.120
     1.084     0.511     0.174
     1.030     0.489     1.583
     0.499     0.470     2.652
     0.129     0.408     2.429
     0.469     0.311     2.020
     1.463     0.304     1.432
     1.866     0.219     0.932
     1.328     0.125     0.972
     0.889     0.471     1.317
     0.594     0.058     1.440
     0.456     0.052     1.422
     0.339     0.039     1.036
     0.212     0.031     0.368
     0.233     0.020    -0.220
     0.207     0.010    -0.494
     0.250     0.169    -0.649
     0.476     0.165    -0.746
     0.824     0.169    -0.593
     0.919     0.164    -0.277
     0.472     0.168     0.010
     0.219     0.166     0.211
     0.252     0.164     0.023
     0.242     0.169    -0.410
     0.239     0.159    -0.596
     0.236     0.174    -0.509
     0.225     0.359    -0.517
     0.405     0.390    -0.516
     0.323     0.270    -0.524
     0.103    -0.153    -0.523
    -0.136    -0.697    -0.530
    -0.337    -1.131    -0.533
    -0.555    -1.278    -0.527
    -0.691    -1.184    -0.497
    -0.847    -0.725    -0.369
    -0.851    -0.052    -0.203
    -0.412     0.668    -0.076
     0.240     0.029    -0.180
     0.695    -1.342    -0.567
     0.811    -1.208    -0.962
     0.200    -0.240    -1.167
    -0.332     0.355    -0.914
    -0.645     0.753    -0.614
    -0.931     1.015    -0.298
    -1.109     1.390    -0.006
    -0.892     1.474     0.522
    -0.355     1.103     0.709
     0.302     0.518    -0.246
     0.429    -0.010    -0.734
     0.009    -0.307    -0.617
    -0.423    -0.255    -0.533
    -0.667    -0.221    -0.177
    -0.647    -0.213     0.139
    -0.461    -0.180     0.220
    -0.481    -0.167    -0.005
    -0.693    -0.140    -0.151
    -0.828    -0.141    -0.204
    -0.598    -0.205    -0.311
    -0.504    -0.514    -0.341
    -0.429    -0.841    -0.277
    -0.361    -1.076    -0.110
    -0.373    -1.271     0.037
    -0.403    -1.448     0.173
    -0.410    -1.573     0.286
    -0.424    -1.320     0.390
    -0.230    -0.806     0.421
    -0.187    -0.385     0.518
    -0.709    -0.038     0.601
    -1.170    -0.001     0.619
    -1.013     0.003     0.631
    -0.293     0.186     0.657
     0.384     0.537     0.664
     0.524     0.837     0.694
     0.190     0.901     0.676
    -0.093     0.958     0.603
     0.033     1.164     0.444
     0.486     1.169     0.337
     0.755     1.409     0.054
     0.747     1.563    -0.648
     0.564     1.562    -0.825
     0.328     1.549    -0.267
     0.085     1.568     0.229
    -0.230     1.559     0.612
    -0.206     1.624     0.732
     0.696     1.834     0.705
     2.163     2.063     0.719
     2.988     2.295     0.711
     2.064     2.512     0.723
     1.129     2.735     0.717
     0.645     2.785     0.728
     0.433     2.584     0.721
     0.461     2.255     0.735
     0.497     1.560     0.766
     0.957     0.897     0.983
     1.610     0.501     1.154
     2.240     0.342     0.000
     2.356     0.000     0.000
     2.131     0.000     0.000
     0.000     0.000     0.000
     0.000     0.000     0.000
     0.000     0.000     0.000
