********************************************************************************
                       INSTITUTO DE INGENIERIA, UNAM
                   Coordinacion de Instrumentacion Sismica
  Ciudad Universitaria, Apartado Postal 70-472, Coyoacan 04510, Mexico, D.F.
 Tel.(52-5)622-3414    Fax.(52-5)616-1514    e-mail: isismica@pumas.iingen.unam.mx
**************************************************************************************
ARCHIVO ESTANDAR DE ACELERACION:
VERSION DEL FORMATO                    : 2.0
NOMBRE DEL ARCHIVO                     : COYC8707.051
FECHA Y HORA DE CREACION               : Thu Mar 19 02:27:56 1998
REF. CATALOGO ACELEROGRAMAS, SMIS 1995 : REGISTRO No. 974 /PAG. 113


================================================================================
DATOS DE LA ESTACION:
NOMBRE DE LA ESTACION                  : COYUCA
CLAVE DE LA ESTACION                   : COYC
LOCALIZACION DE LA ESTACION            : ESCUELA PRIMARIA "LIC. ALFREDO V. BONFIL". KILOMETRO
                                       : 30 DE LA CARRETERA ACAPULCO-ZIHUATANEJO Y A 4KM
                                       : DEL ENTRONQUE CON LA CARRETERA. COYUCA, GUERRERO.
                                       : 
                                       : 
COORDENADAS DE LA ESTACION             : 16.997788 LAT. N
                                       : 100.089963 LONG. W
ALTITUD (msnm)                         : 26
TIPO DE SUELO                          : ROCA
                                       : 
                                       : 
INSTITUCION RESPONSABLE                : INSTITUTO DE INGENIERIA UNAM 
                                       : 

================================================================================
DATOS DEL ACELEROGRAFO: 
MODELO DEL ACELEROGRAFO                : DCA-333
NUMERO DE SERIE DEL ACELEROGRAFO       : 110
NUMERO DE CANALES                      : 3
ORIENTACION C1-C6 (rumbo;orientacion)  : /+V/N90E/N00E
ORIENTACION C7-C12 (rumbo;orientacion) :
VEL. DE MUESTREO, C1-C6 (muestras/s)   : /100/100/100
VEL. DE MUESTREO, C7-C12 (muestras/s)  :
ESC. COMPLETA DE SENSORES, C1-C6, (g)  : /2/2/2
ESC. COMPLETA DE SENSORES, C7-C12 (g)  :
FREC. NAT. DE SENSORES, C1-C6, (Hz)    : /29.3/31.5/30.0
FREC. NAT. DE SENSORES, C7-C12 (Hz)    :
AMORTIGUAMIENTO DE SENSORES, C1-C6     : /0.7/0.7/0.7
AMORTIGUAMIENTO DE SENSORES, C7-C12    :
INTERVALO DE MUESTREO, C1-C6 (s)       : /0.01/0.01/0.01
INTERVALO DE MUESTREO, C7-C12 (s)      :
UMBRAL DE DISPARO, C1-C6 (Gal)         : /6/6/6
UMBRAL DE DISPARO, C7-C12 (Gal)        :
MEMORIA DE PREEVENTO (s)               : 4
TIEMPO DE POSEVENTO (s)                : 15


================================================================================
DATOS DEL SISMO:
FECHA DEL SISMO [GMT]                  : 1987/07/05
HORA EPICENTRO (GMT)                   : 05:11:36.6
MAGNITUD(ES)                           : /Mc=3.50
COORDENADAS DEL EPICENTRO              : 17.010 LAT. N 
                                       : 100.113 LONG. W
PROFUNDIDAD FOCAL (km)                 : 21 
FUENTES DE LOS DATOS EPICENTRALES      : INSTITUTO DE INGENIERIA UNAM
                                       : 

================================================================================
DATOS DE ESTE REGISTRO:
HORA DE LA PRIMERA MUESTRA (GMT)       : 05:11:41.27
EXACTITUD DEL TIEMPO (s)               : 0.01
DURACION DEL REGISTRO (s), C1-C6       : /14.35/14.35/14.35                      
DURACION DEL REGISTRO (s), C7-C12      : 
NUM. TOTAL DE MUESTRAS, C1-C6          : /1435/1435/1435                       
NUM. TOTAL DE MUESTRAS, C7-C12         : 
ACEL. MAX.(Gal), C1-C6                 : /-8.34/-12.66/4.93                    
ACEL. MAX., C1-C6, EN LA MUESTRA       : /297/287/290                          
ACEL. MAX.(Gal), C7-C12                : 
ACEL. MAX., C7-C12,EN LA MUESTRA       : 
UNIDADES DE LOS DATOS                  : Gal (cm/s/s)
FACTOR DE DECIMACION                   : 1
FORMATO DATOS (FORTRAN,10 campos/dato) : 3F10.2


================================================================================
CALIDAD DEL ACELEROGRAMA:
REGISTRO DIGITAL COMPLETO CON TIEMPO ABSOLUTO CORRECTO.


===============================================================================
COMENTARIOS:














===============================================================================
DATOS DE ACELERACION:
---------+---------+---------+---------+---------+---------+---------+---------+
   CANAL-1   CANAL-2   CANAL-3
        +V      N90E      N00E
---------+---------+---------+---------+---------+---------+---------+---------+
     -0.69     -0.22      1.10
     -0.69     -0.22      1.10
     -0.69      0.74      0.14
      0.27     -0.22     -0.82
      0.27     -0.22      0.14
     -0.69     -0.22      0.14
      1.23     -0.22      1.10
      0.27     -0.22      1.10
      0.27     -0.22      0.14
      0.27     -0.22     -0.82
      0.27     -0.22     -0.82
     -0.69      0.74      0.14
     -0.69      0.74      0.14
     -0.69     -0.22      0.14
      0.27      0.74      0.14
      0.27     -0.22      0.14
      0.27     -0.22      0.14
     -0.69     -0.22      0.14
      0.27     -0.22      0.14
      0.27     -0.22      0.14
      0.27     -0.22      0.14
     -0.69     -0.22      0.14
     -0.69     -0.22      0.14
      0.27     -0.22      0.14
     -0.69      0.74     -0.82
     -0.69      0.74     -0.82
      1.23      0.74      1.10
      0.27     -0.22      1.10
     -0.69     -0.22     -0.82
     -0.69     -0.22     -0.82
     -1.64      0.74      0.14
      0.27      0.74      0.14
      0.27      0.74     -0.82
      0.27     -0.22      0.14
      0.27     -0.22      0.14
      0.27     -0.22      0.14
      0.27      0.74      0.14
     -0.69      0.74      0.14
      0.27     -0.22     -0.82
      1.23     -0.22      0.14
     -0.69      0.74      1.10
     -0.69      0.74     -0.82
      1.23      0.74     -0.82
     -1.64     -0.22      0.14
     -1.64     -0.22      0.14
      1.23     -0.22     -0.82
      1.23     -0.22      0.14
      0.27     -0.22     -0.82
     -0.69     -0.22      0.14
      0.27      0.74      0.14
     -0.69      0.74      0.14
     -0.69      0.74     -0.82
      1.23      0.74      0.14
      0.27     -0.22      1.10
     -0.69     -0.22     -0.82
     -0.69     -0.22      0.14
      0.27     -0.22      0.14
      0.27     -0.22     -0.82
      0.27      0.74     -0.82
      0.27     -0.22      1.10
      1.23     -0.22      0.14
      0.27      0.74      0.14
     -0.69     -0.22      0.14
      0.27     -0.22      0.14
      0.27     -0.22     -0.82
      0.27     -0.22      0.14
     -0.69      0.74      0.14
     -0.69     -0.22      0.14
      0.27      0.74      0.14
     -0.69     -0.22      0.14
      0.27     -0.22     -0.82
      1.23     -0.22      0.14
      0.27     -0.22      0.14
     -0.69     -0.22      0.14
      0.27     -0.22      0.14
      0.27      0.74      0.14
      0.27     -0.22     -0.82
     -1.64     -0.22     -0.82
     -0.69     -0.22      1.10
      1.23     -0.22      1.10
      0.27     -0.22     -0.82
      0.27     -0.22     -0.82
     -0.69     -0.22      0.14
      0.27     -0.22      0.14
      0.27     -0.22     -0.82
      0.27     -0.22      0.14
      0.27     -0.22      0.14
      0.27      0.74     -0.82
      0.27     -0.22     -0.82
     -0.69      0.74      0.14
      0.27     -0.22      0.14
      0.27     -0.22      0.14
      0.27     -0.22      0.14
     -0.69     -0.22      0.14
      0.27     -0.22      0.14
      1.23     -0.22      0.14
     -0.69     -0.22      0.14
     -0.69     -0.22     -0.82
      0.27      0.74      0.14
      0.27      0.74      0.14
      0.27     -0.22      0.14
      0.27     -0.22      0.14
     -0.69     -0.22      0.14
     -0.69     -0.22      0.14
     -0.69     -0.22     -0.82
      0.27     -0.22      0.14
      0.27     -0.22      0.14
     -0.69      0.74      0.14
      0.27      0.74     -0.82
      0.27     -0.22      0.14
      0.27     -0.22      0.14
     -0.69     -0.22      0.14
      0.27     -0.22      0.14
      0.27     -0.22      0.14
      0.27      0.74      1.10
     -1.64      0.74     -0.82
      0.27     -0.22     -0.82
      1.23     -0.22      0.14
     -0.69     -0.22     -0.82
      0.27     -0.22     -0.82
      0.27     -0.22     -0.82
      0.27     -0.22      0.14
      0.27      0.74      0.14
      0.27     -0.22      0.14
      0.27     -0.22      0.14
      0.27     -0.22      0.14
      0.27     -0.22      0.14
      0.27     -0.22      0.14
      0.27     -0.22      0.14
     -0.69     -0.22      0.14
     -0.69     -0.22      0.14
      0.27     -0.22      0.14
      0.27     -0.22     -0.82
      0.27     -0.22     -0.82
     -0.69     -0.22      0.14
      0.27      0.74      1.10
      0.27     -0.22      0.14
     -0.69     -0.22      0.14
     -0.69     -0.22     -0.82
      0.27     -0.22      0.14
      0.27      0.74      0.14
     -0.69     -0.22      0.14
      0.27     -0.22      0.14
      1.23     -0.22      0.14
      0.27     -0.22      0.14
     -0.69     -0.22      0.14
     -0.69      0.74      0.14
      0.27     -0.22      0.14
      1.23     -0.22      0.14
      0.27     -0.22      0.14
     -0.69     -0.22      0.14
      0.27      0.74      0.14
      0.27     -0.22      0.14
     -1.64     -0.22      0.14
      0.27      0.74      0.14
      1.23     -0.22      0.14
      1.23     -0.22      0.14
      0.27     -0.22      0.14
     -0.69     -0.22      0.14
     -0.69     -0.22      0.14
      0.27     -0.22     -0.82
     -0.69      0.74     -0.82
     -0.69      0.74      0.14
      1.23     -0.22      0.14
      1.23     -0.22      0.14
      0.27     -0.22      0.14
     -0.69      0.74      0.14
      0.27     -0.22      0.14
      0.27     -0.22      0.14
     -0.69     -0.22      0.14
     -1.64     -0.22     -0.82
      0.27     -0.22      0.14
      1.23     -0.22      0.14
      0.27     -0.22      0.14
     -0.69      0.74      0.14
      0.27     -0.22      0.14
      0.27     -0.22      0.14
     -0.69     -0.22      0.14
      0.27     -0.22      0.14
      0.27     -0.22      0.14
     -0.69     -0.22      0.14
      0.27      0.74      0.14
     -0.69     -0.22     -0.82
      0.27     -0.22     -0.82
      0.27     -0.22      0.14
     -0.69     -0.22      0.14
      0.27     -0.22      0.14
      0.27     -0.22      0.14
     -0.69     -0.22      0.14
      0.27     -0.22      0.14
      0.27     -0.22      0.14
      0.27     -0.22      0.14
      0.27     -0.22     -0.82
     -0.69     -0.22      0.14
     -0.69     -0.22      0.14
      0.27      0.74      0.14
     -0.69      0.74      0.14
      0.27     -0.22      0.14
      1.23     -0.22      0.14
      0.27     -0.22      0.14
      0.27      0.74      0.14
     -0.69     -0.22      0.14
     -0.69     -0.22      0.14
     -0.69     -0.22      0.14
      0.27      0.74      0.14
      0.27     -0.22      0.14
      1.23     -0.22     -0.82
      0.27     -0.22      0.14
     -0.69     -0.22      1.10
     -0.69      0.74      0.14
      0.27      0.74      0.14
     -0.69      0.74      0.14
      0.27      0.74      0.14
      1.23     -0.22      0.14
      1.23     -0.22      1.10
     -0.69     -0.22      0.14
     -0.69     -0.22     -0.82
     -0.69      0.74      0.14
      0.27     -0.22      0.14
     -0.69      0.74      0.14
     -0.69     -0.22      0.14
      1.23      0.74      1.10
      1.23     -0.22      0.14
      0.27     -0.22     -0.82
     -0.69     -0.22     -0.82
     -1.64     -0.22      0.14
      0.27      0.74      1.10
      0.27     -0.22      0.14
     -0.69     -0.22      0.14
      0.27     -0.22      0.14
      0.27     -0.22      0.14
      0.27     -0.22      0.14
      0.27      0.74      0.14
     -0.69      0.74      0.14
     -0.69     -0.22      0.14
      0.27     -0.22      0.14
      0.27     -0.22      0.14
      0.27     -0.22      0.14
     -0.69     -0.22     -0.82
     -0.69     -0.22      0.14
     -0.69      0.74      0.14
      0.27      0.74      0.14
      1.23     -0.22      0.14
      1.23     -0.22      0.14
     -0.69     -0.22      0.14
     -0.69     -0.22      0.14
     -0.69      0.74      0.14
      0.27      0.74     -0.82
      0.27      0.74     -0.82
      1.23     -0.22      0.14
      1.23     -0.22      1.10
     -0.69     -0.22      0.14
      0.27     -0.22      0.14
     -0.69      0.74      0.14
     -1.64      0.74     -0.82
     -0.69     -0.22     -0.82
      0.27     -0.22      0.14
      0.27     -0.22      0.14
      0.27      0.74      0.14
      0.27      0.74      0.14
     -0.69     -0.22     -0.82
      0.27     -0.22      0.14
      0.27     -0.22      0.14
      0.27      0.74      0.14
     -0.69     -0.22     -0.82
      0.27     -0.22      0.14
      0.27     -0.22      1.10
     -0.69     -0.22      0.14
     -0.69     -0.22     -0.82
      1.23      0.74      0.14
      1.23     -0.22      0.14
     -0.69     -0.22     -0.82
     -0.69     -0.22      0.14
      0.27      0.74      0.14
      1.23     -0.22      1.10
      1.23     -0.22      0.14
     -0.69     -0.22     -0.82
     -0.69     -0.22     -0.82
     -0.69      0.74      0.14
      0.27      0.74      0.14
     -0.69      1.69     -0.82
     -0.69      1.69      0.14
      0.27      2.65      0.14
     -0.69      3.61      0.14
      1.23      3.61     -2.73
      3.14     -0.22     -1.77
      3.14     -9.79     -0.82
      0.27    -12.66     -0.82
     -1.64     -5.96      1.10
     -4.52      0.74      3.97
     -2.60      1.69      4.93
      0.27      1.69      1.10
      1.23      2.65     -1.77
      2.18      1.69     -2.73
      5.06     -0.22     -1.77
      3.14     -1.18     -0.82
     -4.52      3.61     -0.82
     -8.34      9.35      0.14
     -5.47      4.57      2.05
     -0.69     -2.13      3.01
      2.18     -4.05      1.10
      3.14     -2.13     -1.77
      5.06     -3.09     -1.77
      3.14     -3.09      1.10
     -2.60      3.61      3.01
     -5.47      5.52     -0.82
     -2.60      0.74     -1.77
     -0.69     -0.22      0.14
      2.18     -1.18      0.14
      4.10     -2.13     -1.77
      2.18     -1.18     -0.82
     -1.64     -0.22     -1.77
     -2.60     -0.22     -0.82
     -2.60      0.74      2.05
     -1.64      2.65      2.05
      1.23      1.69     -0.82
      3.14      0.74     -2.73
      1.23      0.74      0.14
     -1.64      0.74      3.01
     -2.60     -1.18      3.01
     -0.69     -1.18      1.10
     -2.60     -0.22     -0.82
     -1.64      0.74     -0.82
      2.18     -0.22     -0.82
      3.14     -0.22     -0.82
      0.27      0.74      0.14
     -1.64      0.74     -0.82
     -0.69     -0.22     -0.82
     -0.69     -0.22      1.10
     -1.64      1.69      1.10
     -0.69      0.74     -0.82
      0.27     -0.22      0.14
      1.23     -1.18     -0.82
      1.23     -1.18     -0.82
     -0.69      0.74     -0.82
     -0.69      1.69      1.10
      0.27      0.74      0.14
      0.27     -0.22      0.14
      0.27     -0.22      1.10
      0.27     -1.18     -0.82
      0.27     -1.18     -2.73
     -0.69     -1.18     -2.73
     -2.60     -0.22     -0.82
     -1.64      2.65      1.10
      0.27      0.74      3.01
      0.27     -1.18      2.05
      0.27      0.74      0.14
      0.27      0.74     -1.77
      0.27      0.74     -0.82
      0.27     -0.22     -0.82
      1.23     -0.22     -0.82
     -0.69     -1.18     -0.82
     -0.69     -1.18      0.14
     -0.69      0.74      1.10
      1.23      0.74     -0.82
      0.27      0.74     -0.82
     -0.69      0.74      1.10
     -1.64      0.74     -0.82
      0.27     -1.18     -0.82
      0.27     -1.18     -0.82
      1.23      0.74      1.10
     -0.69      0.74      1.10
     -0.69     -0.22      0.14
     -0.69     -0.22     -0.82
     -0.69      0.74     -0.82
     -0.69      0.74     -0.82
      1.23     -0.22     -0.82
      1.23     -2.13      1.10
      0.27     -0.22      2.05
     -0.69      1.69      0.14
     -1.64      2.65     -0.82
     -1.64      2.65     -0.82
      1.23      0.74      0.14
      1.23     -1.18      0.14
      1.23     -1.18      0.14
      0.27     -2.13      0.14
     -0.69     -2.13      0.14
     -1.64     -0.22      0.14
     -1.64      1.69      0.14
      0.27      1.69      0.14
      2.18     -0.22     -0.82
      1.23     -0.22     -1.77
     -0.69      0.74     -1.77
     -0.69      0.74      1.10
     -0.69     -0.22      2.05
     -0.69     -1.18      1.10
     -0.69     -0.22     -0.82
      0.27     -0.22     -1.77
      1.23      0.74      0.14
      0.27      1.69      1.10
      0.27      0.74      0.14
     -0.69     -0.22     -0.82
     -0.69      0.74      0.14
     -0.69     -0.22      1.10
      0.27     -1.18      0.14
      0.27     -0.22      0.14
      0.27     -0.22      0.14
      0.27      0.74      0.14
      1.23      0.74     -0.82
      0.27     -0.22     -0.82
     -1.64     -0.22     -0.82
     -1.64      0.74      0.14
     -1.64     -0.22      1.10
     -0.69     -0.22      1.10
      0.27      0.74      0.14
      1.23      0.74     -0.82
      1.23     -0.22     -0.82
      1.23     -0.22     -0.82
      0.27     -0.22     -0.82
     -0.69      0.74      0.14
     -0.69     -0.22      1.10
      0.27     -0.22      1.10
      0.27     -0.22      1.10
      0.27     -0.22     -0.82
      0.27     -0.22     -2.73
     -0.69      0.74     -0.82
     -0.69      0.74      0.14
      0.27      0.74      0.14
      0.27      0.74      0.14
     -0.69     -0.22      0.14
     -0.69     -0.22      0.14
      0.27     -0.22      0.14
      0.27     -0.22      0.14
      0.27     -0.22      0.14
     -0.69      0.74     -0.82
      0.27      0.74     -0.82
     -0.69     -0.22     -0.82
     -1.64     -0.22      0.14
     -0.69      0.74      0.14
      0.27      0.74      0.14
      0.27     -0.22      1.10
      0.27     -0.22      0.14
      1.23     -0.22     -0.82
      1.23     -0.22     -0.82
     -0.69     -0.22     -0.82
     -0.69     -0.22     -0.82
     -0.69     -0.22      0.14
      0.27     -0.22      1.10
      0.27     -0.22      0.14
      1.23     -0.22     -0.82
      1.23     -0.22      0.14
     -0.69     -0.22      0.14
     -1.64      1.69      0.14
     -1.64      1.69      0.14
      0.27      0.74      0.14
      0.27     -0.22      0.14
      1.23     -0.22      0.14
      0.27     -0.22     -0.82
      0.27     -1.18      0.14
     -0.69     -0.22      0.14
     -1.64      0.74      0.14
     -0.69      0.74      1.10
      0.27      0.74      1.10
      1.23     -0.22      0.14
      0.27     -0.22     -0.82
      0.27     -0.22     -0.82
      0.27      0.74     -0.82
     -0.69      0.74     -0.82
     -0.69      0.74      0.14
      0.27     -1.18      0.14
     -0.69     -0.22      1.10
     -0.69      0.74      1.10
      0.27      0.74      0.14
      1.23     -0.22     -0.82
      0.27     -0.22     -0.82
      0.27     -0.22     -0.82
     -0.69     -0.22     -0.82
      0.27     -0.22      0.14
      0.27     -0.22      1.10
     -0.69      0.74      0.14
     -0.69      0.74      0.14
      0.27      0.74      0.14
      0.27      0.74      0.14
      0.27     -0.22      0.14
      0.27     -0.22      1.10
      0.27     -1.18      1.10
     -0.69     -0.22      0.14
     -0.69      0.74     -0.82
      0.27      0.74     -0.82
      0.27     -0.22     -0.82
      0.27     -0.22      0.14
     -0.69      0.74     -0.82
     -0.69      0.74      0.14
     -0.69      0.74      0.14
      0.27     -0.22      0.14
      0.27     -0.22      0.14
      0.27     -0.22      0.14
      1.23     -0.22     -0.82
      1.23     -0.22     -0.82
      0.27     -0.22      0.14
     -0.69      0.74      0.14
     -0.69      0.74      0.14
     -0.69     -0.22      0.14
     -0.69     -0.22      0.14
      0.27     -0.22      0.14
      0.27      0.74     -0.82
      0.27      0.74     -0.82
     -0.69     -0.22      0.14
      0.27     -0.22      0.14
      0.27      0.74     -0.82
      0.27      0.74      0.14
      0.27     -0.22      0.14
      0.27     -0.22      0.14
      0.27     -0.22      0.14
     -0.69      0.74      0.14
      0.27     -0.22      0.14
     -0.69     -0.22      0.14
     -0.69     -0.22     -0.82
      0.27      0.74     -0.82
     -0.69      0.74     -0.82
     -0.69      0.74      0.14
     -0.69      0.74      0.14
     -0.69      0.74      0.14
      0.27     -0.22      0.14
      0.27     -0.22      0.14
      0.27     -0.22      1.10
      0.27     -0.22      0.14
      0.27     -0.22     -0.82
      0.27     -0.22     -0.82
     -0.69     -0.22     -0.82
     -0.69      0.74      0.14
     -0.69      0.74      0.14
     -0.69      0.74      0.14
      0.27      0.74     -0.82
      0.27     -0.22      0.14
      0.27     -0.22     -0.82
      0.27     -0.22     -0.82
     -0.69     -0.22     -0.82
      0.27     -0.22      0.14
      0.27     -0.22      0.14
     -0.69      0.74      0.14
      0.27      0.74      0.14
      0.27      0.74      0.14
      0.27     -0.22      0.14
      0.27     -0.22     -0.82
     -0.69      0.74      0.14
      0.27     -0.22      0.14
      0.27     -0.22      0.14
      0.27     -0.22     -0.82
      0.27     -0.22     -0.82
      0.27     -0.22     -0.82
      0.27     -0.22     -0.82
     -0.69     -0.22      0.14
      0.27     -0.22      0.14
     -0.69      0.74      0.14
     -0.69      0.74     -0.82
      0.27     -0.22      0.14
      1.23     -0.22      0.14
      1.23     -0.22     -0.82
     -0.69     -0.22      0.14
     -0.69     -0.22      0.14
     -0.69     -0.22      0.14
     -0.69     -0.22      0.14
     -0.69     -0.22      0.14
      0.27      0.74      0.14
      0.27      0.74      0.14
      1.23     -0.22      0.14
      1.23     -0.22      0.14
      0.27     -0.22      0.14
     -0.69      0.74     -0.82
     -0.69     -0.22      0.14
     -0.69     -0.22      0.14
      0.27     -0.22      0.14
      0.27     -0.22      0.14
      0.27     -0.22     -0.82
      0.27     -0.22      0.14
      0.27     -0.22      0.14
      0.27     -0.22      0.14
      0.27     -0.22      0.14
     -0.69     -0.22      0.14
     -0.69     -0.22      0.14
     -0.69      0.74      0.14
      0.27      0.74      0.14
      0.27     -0.22      0.14
      0.27     -0.22      0.14
     -0.69     -0.22     -0.82
      0.27     -0.22      0.14
      0.27      0.74      0.14
      0.27     -0.22      0.14
      0.27     -0.22      0.14
     -0.69     -0.22      0.14
      0.27      0.74      0.14
      0.27     -0.22     -0.82
     -0.69     -0.22     -0.82
     -0.69     -0.22      0.14
     -0.69     -0.22      0.14
      0.27     -0.22      0.14
      0.27     -0.22     -0.82
      0.27     -0.22     -0.82
      0.27     -0.22      0.14
      0.27     -0.22      0.14
      0.27     -0.22      0.14
     -0.69      0.74      0.14
     -0.69      0.74      0.14
     -0.69      0.74      0.14
      0.27      0.74      1.10
      0.27     -0.22      0.14
     -0.69     -0.22     -0.82
      0.27     -0.22      0.14
      0.27     -0.22      0.14
      0.27     -0.22      0.14
      0.27     -0.22     -0.82
     -0.69      0.74     -0.82
     -0.69     -0.22     -0.82
     -0.69     -0.22      0.14
      0.27      0.74      1.10
      1.23     -0.22      0.14
      1.23     -0.22      0.14
      0.27     -0.22     -0.82
     -0.69      0.74     -0.82
     -0.69      0.74     -1.77
      0.27     -0.22      0.14
     -0.69     -0.22      0.14
     -0.69      0.74      0.14
      0.27      0.74      0.14
      0.27      0.74      0.14
      0.27     -0.22      0.14
      0.27     -0.22      1.10
      0.27     -0.22      0.14
      0.27     -0.22     -0.82
     -0.69     -0.22     -0.82
     -0.69     -0.22      0.14
      0.27      0.74      0.14
      0.27      0.74     -0.82
      0.27     -0.22     -0.82
      0.27     -0.22      0.14
      0.27     -0.22      0.14
      0.27     -0.22      0.14
     -0.69     -0.22      0.14
     -0.69     -0.22      0.14
      0.27      0.74      0.14
      0.27      0.74      0.14
      0.27     -0.22      0.14
     -0.69     -0.22      0.14
      0.27     -0.22     -0.82
      0.27      0.74     -0.82
     -0.69     -0.22     -0.82
      0.27     -0.22      0.14
      0.27     -0.22      0.14
      1.23     -0.22      1.10
      0.27     -0.22      0.14
      0.27     -0.22      0.14
      0.27     -0.22      0.14
     -0.69      0.74      0.14
     -0.69      0.74     -0.82
     -0.69      0.74     -0.82
      0.27     -0.22     -0.82
      0.27     -0.22      0.14
      0.27     -0.22      0.14
      0.27     -0.22      0.14
      0.27     -0.22      1.10
      0.27     -0.22      0.14
     -0.69     -0.22      0.14
     -0.69      0.74     -0.82
     -0.69     -0.22      0.14
      0.27     -0.22      0.14
      0.27      0.74     -0.82
      0.27     -0.22      0.14
      0.27     -0.22      0.14
      0.27     -0.22      0.14
      0.27     -0.22      0.14
     -0.69     -0.22      0.14
      0.27     -0.22      0.14
      0.27      0.74      0.14
      0.27     -0.22      0.14
      0.27     -0.22      0.14
      0.27     -0.22      0.14
      0.27     -0.22      0.14
     -0.69     -0.22     -0.82
     -0.69     -0.22      0.14
      0.27     -0.22      0.14
      0.27     -0.22      0.14
      0.27     -0.22      0.14
      0.27     -0.22     -0.82
      0.27     -0.22     -0.82
     -0.69     -0.22     -0.82
      0.27      0.74      0.14
     -0.69      0.74      0.14
      0.27     -0.22      0.14
      0.27     -0.22      0.14
     -0.69     -0.22      0.14
     -0.69      0.74      0.14
      0.27      0.74      0.14
      0.27     -0.22      0.14
      0.27     -0.22      0.14
      0.27     -0.22     -0.82
      0.27     -0.22     -0.82
      0.27     -0.22     -0.82
      0.27     -0.22     -0.82
     -0.69     -0.22      0.14
      0.27     -0.22      0.14
      0.27     -0.22      1.10
      0.27     -0.22      1.10
      0.27     -0.22      0.14
      0.27      0.74      0.14
     -0.69     -0.22      0.14
      0.27     -0.22     -0.82
     -0.69     -0.22      0.14
      0.27     -0.22      0.14
      0.27     -0.22      0.14
      0.27     -0.22     -0.82
     -0.69      0.74     -0.82
      0.27      0.74      0.14
      0.27     -0.22      0.14
      0.27     -0.22      0.14
      0.27     -0.22      0.14
      0.27     -0.22      0.14
     -0.69     -0.22      0.14
     -0.69     -0.22      0.14
     -0.69     -0.22      0.14
      0.27     -0.22     -0.82
      0.27     -0.22      0.14
      0.27     -0.22      0.14
      0.27     -0.22     -0.82
     -0.69      0.74      0.14
     -0.69      0.74      0.14
     -0.69     -0.22      0.14
     -0.69     -0.22      0.14
      0.27     -0.22      0.14
      0.27     -0.22     -0.82
      0.27     -0.22      0.14
      0.27     -0.22      0.14
      0.27     -0.22      0.14
      0.27     -0.22      0.14
      0.27     -0.22      0.14
     -0.69     -0.22      0.14
      0.27     -0.22      0.14
      0.27     -0.22     -0.82
      0.27     -0.22      0.14
     -0.69      0.74      0.14
     -0.69      0.74      0.14
      0.27      0.74      0.14
      0.27     -0.22      0.14
      0.27     -0.22      0.14
      0.27      0.74      0.14
      0.27     -0.22      0.14
      0.27     -0.22      0.14
     -0.69     -0.22      0.14
     -0.69      0.74      0.14
      0.27      0.74      0.14
      0.27     -0.22      0.14
      0.27     -0.22      0.14
      0.27     -0.22      0.14
      0.27     -0.22     -0.82
     -0.69     -0.22     -0.82
     -0.69     -0.22     -0.82
     -0.69     -0.22      0.14
      0.27     -0.22      0.14
      0.27     -0.22      0.14
      0.27     -0.22      0.14
      0.27     -0.22      0.14
      0.27     -0.22      0.14
      0.27     -0.22      0.14
     -0.69     -0.22     -1.77
     -0.69     -0.22     -0.82
      0.27     -0.22      0.14
      0.27      0.74      0.14
      0.27     -0.22      0.14
      0.27     -0.22     -0.82
      0.27     -0.22      0.14
      0.27     -0.22      0.14
      0.27     -0.22      0.14
      0.27     -0.22      0.14
      0.27     -0.22      0.14
     -0.69      0.74      0.14
      0.27     -0.22      0.14
      0.27     -0.22      0.14
      0.27      0.74      0.14
     -0.69     -0.22     -0.82
     -0.69      0.74      0.14
      0.27     -0.22      0.14
      0.27     -0.22      0.14
     -0.69     -0.22      0.14
      0.27     -0.22      0.14
      0.27     -0.22      0.14
      0.27     -0.22      0.14
      0.27     -0.22      0.14
      0.27     -0.22      0.14
     -0.69     -0.22      0.14
      0.27     -0.22      0.14
      0.27     -0.22      0.14
      0.27     -0.22      0.14
      0.27     -0.22     -0.82
      0.27     -0.22      0.14
      0.27     -0.22      0.14
     -0.69     -0.22      0.14
      0.27     -0.22     -0.82
      0.27     -0.22     -0.82
      0.27     -0.22      0.14
      0.27     -0.22      0.14
      0.27     -0.22      0.14
      0.27     -0.22      0.14
     -0.69     -0.22      0.14
     -0.69     -0.22      0.14
     -0.69     -0.22      0.14
      0.27     -0.22      0.14
      0.27     -0.22      0.14
      0.27     -0.22      0.14
      0.27     -0.22      0.14
     -0.69     -0.22      0.14
      0.27     -0.22      0.14
      0.27     -0.22      0.14
      0.27     -0.22      0.14
     -0.69     -0.22      0.14
      0.27     -0.22      0.14
     -0.69     -0.22      0.14
      0.27      0.74      0.14
      0.27      0.74      0.14
     -0.69      0.74      0.14
      0.27     -0.22      0.14
      0.27     -0.22      0.14
      0.27     -0.22      0.14
      0.27     -0.22      0.14
     -0.69     -1.18      0.14
     -0.69     -0.22      0.14
     -0.69     -0.22      0.14
     -0.69     -0.22      0.14
      0.27     -0.22      0.14
      0.27     -0.22      0.14
      0.27     -0.22      0.14
      0.27     -0.22      0.14
     -0.69     -0.22      0.14
     -0.69     -0.22      0.14
     -0.69     -0.22      0.14
      0.27     -0.22      0.14
      0.27     -0.22      0.14
      0.27     -0.22      0.14
     -0.69     -0.22      0.14
      0.27     -0.22      0.14
      0.27     -0.22      0.14
      0.27     -0.22      0.14
     -0.69     -0.22      0.14
      0.27     -0.22      0.14
      0.27     -0.22      0.14
      0.27     -0.22      0.14
     -0.69     -0.22      0.14
     -0.69      0.74      0.14
      0.27      0.74      0.14
     -0.69     -0.22      0.14
     -0.69     -0.22      0.14
      0.27     -0.22      0.14
      0.27     -0.22      0.14
     -0.69     -0.22      0.14
      0.27     -0.22      0.14
      0.27     -0.22      0.14
      0.27      0.74      0.14
      0.27      0.74      0.14
      0.27     -0.22      0.14
      0.27     -0.22      0.14
      0.27      0.74      0.14
      0.27     -0.22      0.14
      0.27     -0.22      0.14
      0.27     -0.22      0.14
      0.27     -0.22      0.14
     -0.69     -0.22      0.14
     -0.69     -0.22      0.14
      0.27      0.74      0.14
      0.27      0.74      0.14
      0.27     -0.22      0.14
      0.27     -0.22      0.14
      0.27     -0.22      0.14
     -0.69     -0.22      0.14
     -0.69     -0.22      0.14
      0.27     -0.22      0.14
      0.27     -0.22      0.14
      0.27      0.74     -0.82
      0.27      0.74      0.14
      0.27     -0.22      0.14
      0.27     -0.22     -0.82
      0.27     -0.22      0.14
      0.27     -0.22      0.14
      0.27     -0.22      0.14
      0.27     -0.22      0.14
      0.27     -0.22      0.14
      0.27     -0.22      0.14
      0.27      0.74      0.14
      0.27     -0.22      0.14
     -0.69     -0.22      0.14
      0.27     -0.22      0.14
      0.27     -0.22      0.14
      0.27     -0.22      0.14
      0.27     -0.22      0.14
      0.27     -0.22      0.14
      0.27     -0.22      0.14
      0.27     -0.22      0.14
      0.27     -0.22      0.14
      0.27     -0.22      0.14
      0.27     -0.22     -0.82
      0.27      0.74      0.14
      0.27     -0.22      0.14
      0.27     -0.22      0.14
     -0.69     -0.22      0.14
      0.27     -0.22      0.14
      0.27     -0.22      0.14
      0.27     -0.22      0.14
      0.27     -0.22     -0.82
      0.27     -0.22      0.14
      0.27     -0.22      0.14
     -0.69     -0.22      0.14
      0.27     -0.22      0.14
      0.27     -0.22      0.14
      0.27     -0.22      0.14
      0.27     -0.22      0.14
      0.27     -0.22      0.14
      0.27     -0.22      0.14
      0.27     -0.22      0.14
      0.27     -0.22     -0.82
      0.27     -0.22      0.14
      0.27     -0.22      0.14
      0.27      0.74      0.14
     -0.69     -0.22      0.14
      0.27     -0.22      0.14
     -0.69     -0.22      0.14
     -0.69     -0.22      0.14
      0.27     -0.22      0.14
      0.27     -0.22      0.14
      0.27     -0.22      0.14
      0.27     -0.22      0.14
      0.27     -0.22      0.14
      0.27     -0.22      0.14
      0.27     -0.22      0.14
      0.27     -0.22      0.14
      0.27     -0.22      0.14
     -0.69     -0.22      0.14
     -0.69     -0.22      0.14
     -0.69     -0.22      0.14
      0.27     -0.22      0.14
      0.27     -0.22      0.14
      0.27     -0.22      0.14
      0.27     -0.22      0.14
      0.27     -0.22      0.14
      0.27     -0.22      0.14
     -0.69     -0.22      0.14
      0.27     -0.22      0.14
      0.27     -0.22      0.14
      0.27     -0.22      0.14
      0.27     -0.22      0.14
      0.27     -0.22      0.14
      0.27     -0.22      0.14
      0.27     -0.22      0.14
      0.27     -0.22      0.14
      0.27     -0.22      0.14
      0.27     -0.22      0.14
      0.27     -0.22      0.14
      0.27     -0.22      0.14
      0.27     -0.22      0.14
      0.27     -0.22      0.14
      0.27     -0.22      0.14
      0.27     -0.22      0.14
      0.27      0.74      0.14
      0.27     -0.22      0.14
      0.27     -0.22      0.14
      0.27     -0.22      0.14
      0.27     -0.22      0.14
      0.27     -0.22      0.14
      0.27     -0.22      0.14
      0.27     -0.22      0.14
      0.27     -0.22      0.14
      0.27     -0.22      0.14
      0.27     -0.22      0.14
      0.27     -0.22      0.14
      0.27     -0.22      0.14
     -0.69     -0.22      0.14
      0.27      0.74      0.14
      0.27     -0.22      0.14
      0.27     -0.22      0.14
      0.27     -0.22      0.14
     -0.69     -0.22      0.14
      0.27     -0.22      0.14
      0.27     -0.22      0.14
     -0.69     -0.22      0.14
      0.27     -0.22      0.14
      0.27     -0.22      0.14
      0.27     -0.22      0.14
      0.27     -0.22      0.14
      0.27     -0.22      0.14
      0.27     -0.22      0.14
      0.27     -0.22      0.14
      0.27     -0.22      0.14
      0.27     -0.22      0.14
      0.27     -0.22      0.14
      0.27     -0.22      0.14
      0.27     -0.22      0.14
      0.27     -0.22      0.14
      0.27     -0.22      0.14
     -0.69     -0.22      0.14
      0.27     -0.22      0.14
      0.27     -0.22     -0.82
      0.27     -0.22     -1.77
      0.27     -0.22     -0.82
      0.27     -0.22      0.14
      0.27     -0.22      0.14
      0.27      0.74      0.14
      0.27     -0.22      0.14
      0.27      0.74      0.14
      0.27     -0.22      0.14
     -0.69     -0.22      0.14
      0.27     -0.22      0.14
      0.27      0.74      0.14
      0.27     -0.22     -0.82
      0.27     -0.22      0.14
      0.27     -0.22      0.14
      0.27     -0.22     -0.82
      0.27     -0.22      0.14
      0.27     -0.22      0.14
      0.27     -0.22      0.14
      0.27     -0.22      0.14
      0.27     -0.22      0.14
      0.27     -0.22      0.14
      0.27     -0.22      0.14
      0.27     -0.22      0.14
      0.27     -0.22      0.14
      0.27      0.74      0.14
     -0.69     -0.22      0.14
      0.27     -0.22      0.14
      0.27     -0.22      0.14
      0.27     -0.22     -0.82
      0.27     -0.22      0.14
     -0.69     -0.22      0.14
     -0.69     -0.22      0.14
      0.27      0.74      0.14
      0.27     -0.22      0.14
      0.27     -0.22      0.14
      0.27     -0.22      0.14
      0.27     -0.22      0.14
      0.27     -0.22      0.14
      0.27     -0.22     -0.82
      0.27     -0.22     -0.82
      0.27     -0.22      0.14
      0.27     -0.22      0.14
      0.27     -0.22      0.14
      0.27     -0.22      0.14
      0.27      0.74      0.14
      0.27     -0.22      0.14
      0.27     -0.22      0.14
      0.27     -0.22      0.14
      0.27     -0.22     -0.82
      0.27     -0.22     -0.82
      0.27     -0.22      0.14
      0.27     -0.22      0.14
      0.27     -0.22     -0.82
      0.27     -0.22      0.14
      0.27     -0.22      0.14
      0.27     -0.22      0.14
      0.27     -0.22      0.14
      0.27     -0.22      0.14
      0.27     -0.22      0.14
      0.27     -0.22      0.14
      0.27      0.74      0.14
      0.27     -0.22      0.14
      0.27     -0.22      0.14
      0.27     -0.22      0.14
      0.27     -0.22      0.14
      0.27     -0.22      0.14
     -0.69     -0.22      0.14
      0.27     -0.22      0.14
      0.27     -0.22      0.14
      0.27     -0.22      0.14
      0.27     -0.22      0.14
      0.27      0.74     -0.82
      0.27     -0.22      0.14
      0.27     -0.22      0.14
      0.27     -0.22      0.14
      0.27     -0.22      0.14
      0.27     -0.22      0.14
     -0.69     -0.22      0.14
      0.27     -0.22      0.14
      0.27     -0.22      0.14
      0.27     -0.22      0.14
      0.27     -0.22      0.14
      0.27     -0.22      0.14
      0.27     -0.22      0.14
      0.27     -0.22      0.14
     -0.69     -0.22      0.14
      0.27     -0.22      0.14
      0.27     -0.22      0.14
      0.27     -0.22      0.14
      0.27     -0.22      0.14
      0.27     -0.22     -0.82
      0.27      0.74      0.14
      0.27     -0.22      0.14
      0.27     -0.22      0.14
      0.27     -0.22      0.14
      0.27     -0.22      0.14
      0.27     -0.22      0.14
      0.27     -0.22      0.14
      0.27     -0.22      0.14
      0.27     -0.22      0.14
      0.27     -0.22      0.14
      0.27     -0.22      0.14
      0.27     -0.22      0.14
      0.27     -0.22      0.14
      0.27     -0.22      0.14
      0.27     -0.22      0.14
     -0.69     -0.22      0.14
     -0.69     -0.22      0.14
      0.27     -0.22      0.14
      0.27     -0.22      0.14
      0.27     -0.22      0.14
      0.27     -0.22      0.14
      0.27     -0.22      0.14
     -0.69     -0.22      0.14
      0.27     -0.22      0.14
      0.27     -0.22      0.14
      0.27     -0.22      0.14
      0.27     -0.22     -0.82
      0.27     -0.22      0.14
      0.27     -0.22      0.14
     -0.69     -0.22      0.14
      0.27     -0.22      0.14
     -0.69     -0.22      0.14
     -0.69     -0.22      0.14
      0.27     -0.22      0.14
      0.27     -0.22      0.14
     -0.69     -0.22      0.14
      0.27     -0.22      0.14
      0.27     -0.22      0.14
      0.27     -0.22      0.14
      0.27     -0.22      0.14
     -0.69     -0.22      0.14
      0.27     -0.22     -0.82
     -0.69     -0.22     -0.82
      0.27     -0.22      0.14
      0.27     -0.22      0.14
      0.27     -0.22      0.14
     -0.69     -0.22      0.14
     -0.69     -0.22      0.14
     -0.69     -0.22      0.14
      0.27     -0.22     -1.77
      0.27     -0.22      0.14
      0.27     -0.22      0.14
      0.27     -0.22      0.14
     -0.69      0.74      0.14
     -0.69     -0.22      0.14
      0.27      0.74      0.14
      0.27     -0.22      0.14
      0.27     -0.22      0.14
      0.27     -0.22      0.14
      0.27     -0.22      0.14
      0.27     -0.22      0.14
      0.27     -0.22      0.14
      0.27     -0.22      0.14
      0.27     -0.22      0.14
      0.27     -0.22      0.14
      0.27     -0.22      0.14
      0.27     -0.22      0.14
      0.27     -0.22      0.14
      0.27     -0.22      0.14
      0.27     -0.22      0.14
      0.27     -0.22      0.14
      0.27     -0.22      0.14
      0.27     -0.22      0.14
      0.27     -0.22      0.14
      0.27     -0.22      0.14
      0.27     -0.22      0.14
     -0.69      0.74      0.14
     -0.69     -0.22      0.14
      0.27     -0.22      0.14
      0.27     -0.22      0.14
      0.27     -0.22      0.14
      0.27     -0.22      0.14
      0.27     -0.22      0.14
      0.27     -0.22      0.14
     -0.69     -0.22      0.14
     -0.69     -0.22      0.14
      0.27     -0.22      0.14
      0.27     -0.22      0.14
      0.27     -0.22      0.14
      0.27     -0.22      0.14
      0.27     -0.22      0.14
      0.27     -0.22      0.14
      0.27     -0.22      0.14
      0.27     -0.22      0.14
     -0.69     -0.22      0.14
     -0.69     -0.22      0.14
      0.27      0.74      0.14
      0.27     -0.22      0.14
      0.27     -0.22      0.14
     -0.69     -0.22      0.14
     -0.69     -0.22      0.14
      0.27     -0.22      0.14
      0.27     -0.22      0.14
      0.27     -0.22      0.14
      0.27     -0.22      0.14
      0.27     -0.22      0.14
      0.27     -0.22      0.14
      0.27     -0.22      0.14
      0.27     -0.22      0.14
      0.27     -0.22      0.14
     -0.69     -0.22      0.14
      0.27     -0.22      0.14
      0.27     -0.22      0.14
      0.27     -0.22     -0.82
      0.27     -0.22      0.14
     -0.69     -0.22      0.14
      0.27     -0.22      0.14
     -0.69     -0.22     -0.82
      0.27     -0.22      0.14
      0.27     -0.22      0.14
      0.27     -0.22      0.14
     -0.69     -0.22      0.14
      0.27     -0.22      0.14
      0.27     -0.22      0.14
     -0.69     -0.22      0.14
     -0.69      0.74      0.14
      0.27     -0.22      0.14
      0.27     -0.22      0.14
      0.27     -0.22      0.14
      0.27     -0.22      0.14
     -0.69     -0.22     -0.82
      0.27     -0.22      0.14
      0.27     -0.22      0.14
      0.27     -0.22      0.14
      0.27     -0.22      0.14
     -0.69     -0.22      0.14
      0.27     -0.22      0.14
      0.27     -0.22     -0.82
      0.27     -0.22      0.14
      0.27     -0.22      0.14
      0.27     -0.22      0.14
      0.27     -0.22      0.14
      0.27     -0.22      0.14
     -0.69     -0.22      0.14
      0.27     -0.22      0.14
      0.27     -0.22      0.14
     -0.69     -0.22      0.14
      0.27     -0.22      0.14
      0.27     -0.22      0.14
      0.27     -0.22      0.14
      0.27     -0.22      0.14
      0.27     -0.22      0.14
     -0.69     -0.22      0.14
      0.27     -0.22      0.14
     -0.69     -0.22      0.14
      0.27     -0.22      0.14
      0.27     -0.22      0.14
      0.27     -0.22      0.14
      0.27     -0.22      0.14
      0.27     -0.22      0.14
      0.27     -0.22      0.14
      0.27     -0.22      0.14
     -0.69     -0.22      0.14
      0.27     -0.22     -0.82
      0.27     -0.22      0.14
      0.27     -0.22      0.14
      0.27     -0.22      0.14
      0.27     -0.22      0.14
      0.27     -0.22      0.14
      0.27     -0.22      0.14
      0.27     -0.22      0.14
      0.27     -0.22      0.14
      0.27     -0.22      0.14
      0.27     -0.22      0.14
      0.27     -0.22      0.14
      0.27     -0.22      0.14
      0.27     -0.22      0.14
      0.27     -0.22      0.14
      0.27     -0.22     -0.82
      0.27     -0.22      0.14
      0.27     -0.22      0.14
     -0.69     -0.22      0.14
     -0.69     -0.22      0.14
      0.27     -0.22      0.14
      0.27     -0.22      0.14
      0.27     -0.22      0.14
      0.27     -0.22      0.14
      0.27     -0.22      0.14
      0.27      0.74      0.14
      0.27     -0.22      0.14
      0.27     -0.22      0.14
      0.27     -0.22      0.14
      0.27     -0.22      0.14
      0.27      0.74      0.14
     -0.69     -0.22      0.14
      0.27     -0.22      0.14
      0.27     -0.22      0.14
      0.27     -0.22      0.14
      0.27     -0.22      0.14
      0.27     -0.22      0.14
      0.27     -0.22     -0.82
      0.27     -0.22      0.14
      0.27     -0.22     -0.82
      0.27     -0.22      0.14
      0.27     -0.22      0.14
      0.27     -0.22      0.14
      0.27     -0.22      0.14
      0.27     -0.22      0.14
      0.27     -0.22      0.14
      0.27     -0.22      0.14
      0.27     -0.22      0.14
      0.27     -0.22      0.14
      0.27     -0.22      0.14
      0.27     -0.22      0.14
      0.27     -0.22      0.14
      0.27     -0.22      0.14
      0.27     -0.22      0.14
     -0.69      0.74      0.14
      0.27     -0.22      0.14
      0.27     -0.22      0.14
      0.27     -0.22      0.14
      0.27     -0.22      0.14
      0.27      0.74      0.14
      0.27     -0.22      0.14
      0.27     -0.22      0.14
      0.27     -0.22     -0.82
      0.27     -0.22      0.14
      0.27     -0.22      0.14
      0.27     -0.22      0.14
      0.27     -0.22     -0.82
     -0.69     -0.22      0.14
      0.27     -0.22      0.14
      0.27     -0.22      0.14
     -0.69     -0.22      0.14
      0.27     -0.22      0.14
      0.27     -0.22      0.14
      0.27     -0.22      0.14
      0.27     -0.22      0.14
      0.27     -0.22      0.14
      0.27     -0.22      0.14
      0.27     -0.22      0.14
      0.27     -0.22      0.14
      0.27     -0.22      0.14
      0.27     -0.22      0.14
      0.27     -0.22      0.14
     -0.69     -0.22      0.14
      0.27     -0.22     -0.82
     -0.69     -0.22      0.14
      0.27     -0.22      0.14
     -0.69     -0.22      0.14
      0.27     -0.22      0.14
      0.27      0.74      0.14
      0.27     -0.22      0.14
      0.27     -0.22      0.14
      0.27     -0.22      0.14
      0.27     -0.22      0.14
      0.27     -0.22     -0.82
      0.27     -0.22     -0.82
      0.27     -0.22      0.14
      0.27     -0.22      0.14
      0.27     -0.22     -0.82
      0.27     -0.22      0.14
      0.27     -0.22      0.14
      0.27     -0.22      0.14
      0.27     -0.22      0.14
      0.27     -0.22      0.14
      0.27     -0.22      0.14
      0.27     -0.22      0.14
      0.27     -0.22      0.14
      0.27     -0.22      0.14
      0.27     -0.22      0.14
      0.27     -0.22      0.14
      0.27     -0.22      0.14
      0.27     -0.22      0.14
      0.27     -0.22      0.14
      0.27     -0.22      0.14
      0.27      0.74      0.14
      0.27     -0.22      0.14
      0.27     -0.22      0.14
      0.27     -0.22      0.14
      0.27     -0.22      0.14
      0.27     -0.22     -0.82
      0.27     -0.22     -0.82
     -0.69     -0.22     -0.82
     -0.69     -0.22     -0.82
      0.27     -0.22      0.14
      0.27     -0.22      0.14
      0.27     -0.22      0.14
      0.27     -0.22      0.14
      0.27     -0.22      0.14
      0.27     -0.22      0.14
      0.27     -0.22      0.14
      0.27     -0.22      0.14
     -0.69     -0.22      0.14
     -0.69     -0.22      0.14
     -0.69     -0.22      0.14
     -0.69     -0.22      0.14
      0.27     -0.22      0.14
      0.27     -0.22      0.14
      0.27      0.74      0.14
      0.27     -0.22      0.14
      0.27     -0.22      0.14
      0.27     -0.22      0.14
      0.27     -0.22      0.14
      0.27     -0.22      0.14
      0.27     -0.22      0.14
      0.27      0.74      0.14
      0.27     -0.22      0.14
     -0.69     -0.22      0.14
      0.27     -0.22      0.14
      0.27     -0.22      0.14
      0.27     -0.22      0.14
      0.27     -0.22      0.14
      0.27     -0.22      0.14
      0.27     -0.22      0.14
      0.27     -0.22      0.14
      0.27     -0.22      0.14
     -0.69     -0.22      0.14
      0.27     -0.22      0.14
      0.27     -0.22      0.14
      0.27     -0.22      0.14
      0.27     -0.22      0.14
      0.27     -0.22      0.14
      0.27     -0.22      0.14
      0.27     -0.22      0.14
      0.27     -0.22      0.14
      0.27     -0.22     -0.82
     -0.69     -0.22      0.14
     -0.69     -0.22      0.14
      0.27     -0.22      0.14
      0.27     -0.22      0.14
      0.27     -0.22      0.14
      0.27     -0.22      0.14
      0.27     -0.22      0.14
      0.27     -0.22      0.14
      0.27     -0.22      0.14
      0.27     -0.22      0.14
      0.27     -0.22      0.14
      0.27     -0.22      0.14
      0.27     -0.22      0.14
      0.27     -0.22      0.14
      0.27     -0.22      0.14
      0.27     -0.22      0.14
     -0.69     -0.22      0.14
      0.27     -0.22      0.14
     -0.69     -0.22      0.14
      0.27     -0.22      0.14
      0.27     -0.22      0.14
      0.27     -0.22      0.14
      0.27     -0.22      0.14
      0.27     -0.22      0.14
      0.27     -0.22      0.14
      0.27     -0.22      0.14
      0.27     -0.22      0.14
      0.27     -0.22     -0.82
      0.27     -0.22      0.14
      0.27     -0.22      0.14
