********************************************************************************
                       INSTITUTO DE INGENIERIA, UNAM
                   Coordinacion de Instrumentacion Sismica
  Ciudad Universitaria, Apartado Postal 70-472, Coyoacan 04510, Mexico, D.F.
 Tel.(52-5)622-3414    Fax.(52-5)616-1514    e-mail: isismica@pumas.iingen.unam.mx
**************************************************************************************
ARCHIVO ESTANDAR DE ACELERACION:
VERSION DEL FORMATO                    : 2.0
NOMBRE DEL ARCHIVO                     : COYC9404.151
FECHA Y HORA DE CREACION               : Thu Feb 22 10:14:51 1996
REF. CATALOGO ACELEROGRAMAS, SMIS 1995 : REGISTRO NO.      /PAG.    


================================================================================
DATOS DE LA ESTACION:
NOMBRE DE LA ESTACION                  : COYUCA
CLAVE DE LA ESTACION                   : COYC
LOCALIZACION DE LA ESTACION            : ESCUELA PRIMARIA "LIC. ALFREDO V. BONFIL". KILOMETRO
                                       : 30 DE LA CARRETERA ACAPULCO-ZIHUATANEJO Y A 4KM
                                       : DEL ENTRONQUE CON LA CARRETERA. COYUCA, GUERRERO.
                                       : 
                                       : 
COORDENADAS DE LA ESTACION             : 16.997788 LAT. N
                                       : 100.089963 LONG. W
ALTITUD (msnm)                         : 26
TIPO DE SUELO                          : ROCA
                                       : 
                                       : 
INSTITUCION RESPONSABLE                : INSTITUTO DE INGENIERIA UNAM 
                                       : 

================================================================================
DATOS DEL ACELEROGRAFO: 
MODELO DEL ACELEROGRAFO                : DCA-333
NUMERO DE SERIE DEL ACELEROGRAFO       : 110
NUMERO DE CANALES                      : 3
ORIENTACION C1-C6 (rumbo;orientacion)  : /V/N90E/N00E
ORIENTACION C7-C12 (rumbo;orientacion) :
VEL. DE MUESTREO, C1-C6 (muestras/s)   : /100/100/100
VEL. DE MUESTREO, C7-C12 (muestras/s)  :
ESC. COMPLETA DE SENSORES, C1-C6, (g)  : /2/2/2
ESC. COMPLETA DE SENSORES, C7-C12 (g)  :
FREC. NAT. DE SENSORES, C1-C6, (Hz)    : /29.0/31.5/30.0
FREC. NAT. DE SENSORES, C7-C12 (Hz)    :
AMORTIGUAMIENTO DE SENSORES, C1-C6     : /0.7/0.7/0.7
AMORTIGUAMIENTO DE SENSORES, C7-C12    :
INTERVALO DE MUESTREO, C1-C6 (s)       : /0.01/0.01/0.01
INTERVALO DE MUESTREO, C7-C12 (s)      :
UMBRAL DE DISPARO, C1-C6 (Gal)         : /6/6/6
UMBRAL DE DISPARO, C7-C12 (Gal)        :
MEMORIA DE PREEVENTO (s)               : 4
TIEMPO DE POSEVENTO (s)                : 15


================================================================================
DATOS DEL SISMO:
FECHA DEL SISMO [GMT]                  : 1994/04/15
HORA EPICENTRO (GMT)                   : 04:48:18.5 
MAGNITUD(ES)                           : /Mb=4.00/Mc=4.70
COORDENADAS DEL EPICENTRO              : 16.740 LAT. N 
                                       : 99.630 LONG. W 
PROFUNDIDAD FOCAL (km)                 : < 5
FUENTES DE LOS DATOS EPICENTRALES      : SSN
                                       : INSTITUTO DE GEOFISICA, UNAM

================================================================================
DATOS DE ESTE REGISTRO:
HORA DE LA PRIMERA MUESTRA (GMT)       : 04:48:34.36
EXACTITUD DEL TIEMPO (s)               : 0.01
DURACION DEL REGISTRO (s), C1-C6       : /14.00/14.00/14.00                      
DURACION DEL REGISTRO (s), C7-C12      : 
NUM. TOTAL DE MUESTRAS, C1-C6          : /1400/1400/1400                       
NUM. TOTAL DE MUESTRAS, C7-C12         : 
ACEL. MAX.(Gal), C1-C6                 : /-7.15/-16.29/11.71                   
ACEL. MAX., C1-C6, EN LA MUESTRA       : /253/217/275                          
ACEL. MAX.(Gal), C7-C12                : 
ACEL. MAX., C7-C12,EN LA MUESTRA       : 
UNIDADES DE LOS DATOS                  : Gal (cm/s/s)
FACTOR DE DECIMACION                   : 1
FORMATO DATOS (FORTRAN,10 campos/dato) : 3F10.2


================================================================================
CALIDAD DEL ACELEROGRAMA:
REGISTRO DIGITAL COMPLETO, CON TIEMPO ABSOLUTO CORRECTO.


===============================================================================
COMENTARIOS:














===============================================================================
DATOS DE ACELERACION:
---------+---------+---------+---------+---------+---------+---------+---------+
   CANAL-1   CANAL-2   CANAL-3
         V      N90E      N00E
---------+---------+---------+---------+---------+---------+---------+---------+
     -0.45     -0.02      0.23
     -0.45      0.94      0.23
     -0.45      1.89      0.23
      0.51      0.94     -0.73
      0.51      0.94      0.23
     -0.45     -0.02      0.23
     -0.45     -0.02      0.23
      0.51     -0.98      0.23
      0.51     -0.98     -0.73
      0.51     -0.98     -0.73
      0.51     -0.98      0.23
     -0.45     -0.02      0.23
     -0.45     -0.02      0.23
      0.51      0.94      0.23
      0.51      0.94      0.23
     -0.45      0.94     -0.73
      0.51      0.94      0.23
      0.51     -0.02      0.23
     -0.45     -0.02      0.23
      0.51     -0.02      0.23
      0.51     -0.02      0.23
      0.51     -0.98      0.23
     -0.45     -0.02     -0.73
     -0.45     -0.02     -0.73
     -0.45     -0.02     -0.73
     -0.45      0.94      0.23
      0.51      0.94      0.23
      0.51      0.94      0.23
      0.51     -0.02      0.23
      0.51     -0.02      0.23
     -0.45     -0.02      0.23
     -1.41     -0.98     -0.73
     -0.45     -0.98      0.23
     -0.45     -0.02      0.23
      0.51     -0.98      0.23
      0.51     -0.02     -0.73
      0.51     -0.02     -0.73
      0.51     -0.02     -0.73
     -0.45     -0.02     -0.73
     -1.41      0.94      0.23
     -0.45     -0.02      0.23
      0.51     -0.02      0.23
      0.51     -0.98      0.23
      0.51     -0.02      0.23
     -0.45     -0.02      0.23
      0.51     -0.02      0.23
     -0.45     -0.02      0.23
     -0.45      0.94      0.23
     -0.45     -0.02      0.23
     -0.45     -0.02      0.23
      0.51     -0.02      0.23
      0.51     -0.98     -0.73
      0.51     -0.02     -0.73
      0.51     -0.02      0.23
      0.51     -0.02      0.23
      0.51     -0.02      0.23
     -0.45     -0.02      0.23
     -0.45     -0.02     -0.73
     -0.45     -0.02     -0.73
     -0.45     -0.02     -0.73
      0.51     -0.02     -0.73
     -0.45     -0.02      0.23
      0.51     -0.02      1.19
      0.51     -0.02      0.23
     -0.45      0.94      0.23
     -0.45     -0.02     -0.73
      0.51     -0.02     -0.73
      0.51     -0.02      0.23
     -0.45     -0.02      0.23
     -0.45     -0.02      0.23
      0.51     -0.02      0.23
      0.51     -0.02      0.23
     -0.45     -0.02      0.23
     -0.45     -0.02     -0.73
      0.51     -0.02     -0.73
      0.51     -0.02     -0.73
      0.51     -0.02     -0.73
     -0.45     -0.02     -0.73
     -0.45     -0.02      0.23
     -0.45     -0.02      0.23
     -0.45     -0.02      0.23
     -0.45     -0.98     -0.73
     -0.45     -0.98     -0.73
     -0.45     -0.02      0.23
      0.51     -0.02      0.23
      1.46     -0.02      1.19
      1.46     -0.02      1.19
      1.46     -0.02      1.19
      0.51     -0.02      0.23
     -0.45     -0.02      0.23
     -0.45     -0.02     -0.73
     -0.45     -0.02      0.23
     -0.45     -0.02     -0.73
     -0.45     -0.02      0.23
      0.51      0.94      0.23
      1.46      0.94     -0.73
      0.51      1.89     -0.73
     -1.41      1.89     -0.73
     -1.41      1.89      0.23
     -1.41     -0.02      1.19
     -0.45     -0.98      1.19
     -0.45     -1.93      1.19
      0.51     -2.89      1.19
      0.51     -1.93      0.23
      0.51     -1.93     -0.73
      0.51     -0.98     -2.64
      0.51     -0.98     -2.64
     -0.45     -0.02     -0.73
     -0.45     -0.02      0.23
      0.51     -0.02      1.19
      0.51      0.94      1.19
      1.46      0.94      0.23
      1.46      0.94      1.19
      1.46      1.89      1.19
      0.51      1.89      1.19
      0.51      0.94      0.23
      0.51      1.89     -0.73
     -0.45      1.89     -1.68
     -0.45      1.89     -1.68
     -2.36      0.94     -0.73
     -2.36      0.94      0.23
     -2.36     -0.98      1.19
     -0.45     -1.93      2.14
     -0.45     -2.89      3.10
     -0.45     -2.89      2.14
      1.46     -1.93      1.19
      0.51     -1.93      0.23
     -0.45     -0.98     -0.73
     -2.36     -0.02     -1.68
     -2.36     -0.02     -2.64
     -1.41     -0.02     -2.64
     -0.45     -0.02     -3.60
      0.51     -0.02     -3.60
      0.51     -0.98     -2.64
     -0.45     -0.98     -0.73
      0.51     -0.02      1.19
      1.46     -0.02      3.10
      2.42      0.94      4.06
      2.42      2.85      4.06
      2.42      3.81      1.19
      1.46      3.81     -0.73
      0.51      2.85     -2.64
     -2.36     -0.02     -3.60
     -3.32     -0.98     -2.64
     -2.36     -1.93     -1.68
     -1.41     -1.93     -0.73
     -0.45     -1.93      0.23
      0.51     -2.89      2.14
      1.46     -2.89      3.10
      0.51     -1.93      3.10
      1.46     -0.98      3.10
      0.51     -0.98      2.14
      0.51     -0.02      1.19
     -0.45      1.89     -0.73
     -0.45      3.81     -2.64
      0.51      3.81     -4.56
      0.51      2.85     -5.51
     -0.45      0.94     -3.60
     -1.41     -0.98     -0.73
     -1.41     -2.89      1.19
     -1.41     -2.89      2.14
      0.51     -1.93      2.14
      2.42     -1.93      3.10
      2.42     -0.98      4.06
      1.46      0.94      3.10
     -0.45      3.81      0.23
     -0.45      3.81     -0.73
     -1.41      1.89     -1.68
     -1.41      1.89     -2.64
     -1.41      0.94     -3.60
     -1.41     -0.02     -2.64
      0.51     -2.89     -0.73
      1.46     -3.85      0.23
      2.42     -2.89      1.19
      2.42     -0.98      2.14
     -0.45      0.94      2.14
     -1.41      1.89      2.14
     -1.41      1.89      3.10
     -0.45      1.89      4.06
      0.51      1.89      2.14
      1.46      0.94      0.23
      0.51     -0.02      0.23
      0.51     -0.02     -0.73
      1.46     -0.98     -1.68
      1.46     -1.93     -3.60
      0.51     -2.89     -5.51
     -3.32     -2.89     -5.51
     -4.28     -0.98     -2.64
     -3.32      0.94      0.23
     -1.41      1.89      1.19
     -0.45      0.94      0.23
      1.46      0.94      1.19
      2.42     -0.02      2.14
      2.42     -0.98      1.19
      3.38     -0.98      0.23
      1.46     -0.98     -0.73
     -0.45     -1.93     -0.73
     -2.36     -0.98      1.19
     -2.36      1.89      3.10
     -0.45      1.89      2.14
      0.51      0.94      2.14
      0.51     -0.02      2.14
     -0.45     -0.98      2.14
     -1.41     -0.02      2.14
     -1.41     -0.02      0.23
     -0.45      0.94     -0.73
      1.46      1.89     -1.68
      3.38      2.85     -2.64
      3.38      3.81     -2.64
      1.46      6.68     -2.64
     -1.41      8.59     -2.64
     -3.32      7.64      0.23
     -3.32      3.81      1.19
     -3.32     -1.93      0.23
     -2.36     -7.68     -1.68
      0.51    -12.46     -3.60
      3.38    -15.33     -5.51
      4.34    -16.29     -7.43
      2.42    -11.50     -7.43
     -1.41     -6.72     -4.56
     -3.32     -0.02     -0.73
     -2.36      6.68      2.14
     -1.41     10.51      4.06
      0.51     12.42      5.02
      0.51     11.46      5.02
      1.46      8.59      5.02
      0.51      5.72      6.93
     -0.45      0.94      6.93
      1.46     -3.85      5.02
      1.46     -5.76      3.10
      1.46     -6.72      0.23
      0.51     -4.81     -2.64
      1.46     -4.81     -0.73
      1.46     -5.76      1.19
      0.51     -5.76      2.14
     -1.41     -2.89      1.19
     -3.32      4.77      0.23
     -5.24      8.59     -1.68
     -4.28      8.59     -2.64
     -3.32      4.77     -3.60
     -3.32      0.94     -4.56
     -2.36     -0.98     -4.56
     -0.45     -1.93     -3.60
      0.51     -0.02     -2.64
      0.51      1.89     -2.64
      1.46      0.94     -1.68
      3.38     -0.98     -1.68
      5.29     -4.81     -1.68
      5.29     -5.76     -0.73
      6.25     -6.72     -1.68
      5.29     -5.76     -2.64
      0.51     -2.89     -2.64
     -5.24      1.89      0.23
     -7.15      6.68      4.06
     -6.19      8.59      6.93
     -3.32      9.55      8.84
     -1.41      8.59      8.84
      1.46      2.85      6.93
      3.38     -4.81      3.10
      2.42    -10.55      0.23
      0.51    -13.42     -3.60
     -0.45    -11.50     -5.51
     -1.41     -4.81     -5.51
     -1.41      1.89     -3.60
     -0.45      6.68     -2.64
     -0.45      9.55     -0.73
     -1.41     12.42     -0.73
     -2.36     11.46     -2.64
     -1.41      8.59     -2.64
     -1.41      1.89     -3.60
      0.51     -6.72     -5.51
      3.38    -13.42     -5.51
      4.34    -16.29     -1.68
      3.38    -15.33      5.02
      2.42     -9.59     10.76
     -1.41     -1.93     11.71
     -2.36      6.68      7.89
     -2.36     13.38      3.10
      0.51     16.25     -1.68
      2.42     11.46     -4.56
      2.42      4.77     -6.47
     -1.41     -4.81     -6.47
     -4.28     -8.63     -4.56
     -4.28    -10.55     -0.73
     -1.41    -10.55      3.10
      0.51     -7.68      5.02
      0.51     -0.98      3.10
      0.51      3.81      0.23
      0.51      5.72     -0.73
      2.42      4.77      0.23
      4.34      3.81      0.23
      3.38      3.81     -0.73
     -0.45      3.81     -2.64
     -3.32      3.81     -3.60
     -3.32      0.94     -4.56
     -3.32     -1.93     -2.64
     -2.36     -4.81     -0.73
     -2.36     -4.81      1.19
     -1.41     -1.93      3.10
      0.51      0.94      4.06
      2.42      0.94      5.02
      2.42     -0.02      3.10
      2.42     -0.98      2.14
      1.46     -0.98      1.19
      0.51     -0.98      0.23
     -0.45     -0.02      0.23
     -0.45     -0.02     -1.68
      0.51     -0.02     -2.64
      0.51     -0.02     -4.56
      0.51     -0.02     -5.51
     -0.45     -0.02     -4.56
     -0.45      0.94     -0.73
     -1.41      1.89      1.19
     -1.41      2.85      3.10
     -1.41      2.85      3.10
     -0.45     -1.93      3.10
      1.46     -4.81      3.10
      1.46     -6.72      1.19
      1.46     -5.76     -0.73
     -0.45     -2.89     -1.68
     -2.36      2.85     -1.68
     -1.41      6.68     -0.73
     -0.45      5.72      0.23
     -0.45      2.85     -0.73
     -0.45      1.89      0.23
      0.51     -0.02      0.23
      1.46     -1.93     -0.73
      2.42     -1.93     -0.73
      1.46     -1.93     -1.68
     -0.45     -0.02     -1.68
     -1.41      0.94     -0.73
     -1.41      0.94     -0.73
     -1.41     -0.02      0.23
     -1.41     -0.02      1.19
     -0.45     -0.02      1.19
     -0.45     -0.98      1.19
     -0.45     -1.93      2.14
     -1.41     -0.98      2.14
      1.46     -0.98      1.19
      2.42     -0.98     -0.73
      3.38     -0.02     -0.73
      1.46     -0.02     -1.68
     -0.45      1.89     -2.64
     -3.32      2.85     -1.68
     -3.32      1.89     -0.73
     -1.41     -0.02      1.19
      0.51     -1.93      2.14
      2.42     -3.85      1.19
      2.42     -2.89      0.23
      0.51     -0.98     -0.73
      0.51      1.89     -0.73
     -1.41      2.85     -0.73
     -1.41      3.81     -1.68
     -0.45      3.81     -1.68
      0.51     -0.02     -0.73
      2.42     -2.89     -0.73
      1.46     -1.93      0.23
      0.51     -1.93      0.23
     -1.41     -0.98      0.23
     -2.36     -0.02     -0.73
     -1.41      1.89      0.23
     -0.45      0.94     -0.73
     -0.45     -0.02     -0.73
      0.51     -1.93      0.23
      0.51     -2.89      1.19
     -0.45     -0.98      0.23
     -1.41      0.94      0.23
     -1.41      2.85      1.19
      0.51      1.89      1.19
      0.51      0.94      1.19
      0.51      0.94      1.19
      1.46     -0.02     -0.73
      2.42     -1.93     -0.73
      1.46     -2.89     -0.73
      0.51     -2.89     -0.73
     -0.45     -2.89     -0.73
     -1.41     -0.98     -1.68
     -2.36      0.94     -0.73
     -0.45      2.85      1.19
      1.46      2.85      2.14
      1.46      2.85      1.19
      0.51      0.94     -0.73
     -0.45     -0.02     -1.68
     -0.45     -1.93     -0.73
     -0.45     -1.93      0.23
     -0.45     -1.93      0.23
     -0.45     -0.98     -0.73
     -1.41     -0.02     -0.73
     -1.41      0.94     -0.73
     -1.41      1.89     -0.73
     -1.41      2.85      0.23
     -0.45      2.85      1.19
     -0.45      1.89      1.19
      0.51     -0.02      1.19
      0.51     -0.98      0.23
      0.51     -2.89      0.23
      0.51     -3.85     -0.73
      1.46     -3.85     -0.73
      1.46     -1.93     -0.73
      0.51     -0.02      0.23
     -0.45      1.89      0.23
     -0.45      1.89     -0.73
     -0.45      1.89     -1.68
      0.51      1.89     -0.73
     -0.45      0.94      0.23
      1.46     -0.02      1.19
      1.46     -0.02      2.14
      0.51      0.94      1.19
     -0.45      0.94     -0.73
     -0.45      0.94     -1.68
      0.51     -0.02     -1.68
      0.51      0.94     -1.68
      0.51     -0.02     -0.73
     -0.45     -0.02      0.23
     -1.41     -0.98      1.19
     -1.41     -0.98      1.19
     -1.41     -0.98      0.23
     -0.45     -0.98     -0.73
      0.51     -0.98      0.23
      0.51     -0.98      0.23
     -0.45     -0.98      0.23
     -0.45     -0.98     -0.73
     -0.45     -0.02     -1.68
     -0.45     -0.02     -1.68
     -0.45      0.94     -1.68
     -0.45      2.85     -0.73
     -0.45      2.85      1.19
      0.51      1.89      1.19
      0.51     -0.98      1.19
      0.51     -1.93      0.23
      0.51     -1.93     -0.73
      1.46     -0.98     -0.73
      1.46     -0.98     -0.73
      0.51     -0.98     -0.73
     -0.45     -0.98     -0.73
     -1.41     -0.02      0.23
     -1.41      0.94      1.19
     -0.45      1.89      1.19
      0.51     -0.02      1.19
      0.51     -0.02      0.23
     -0.45     -0.02     -0.73
     -0.45     -0.02     -0.73
     -0.45     -0.02     -0.73
     -0.45     -0.02     -0.73
     -0.45     -0.02      0.23
      0.51     -0.98      1.19
     -0.45     -0.02      0.23
     -0.45     -0.02     -1.68
      0.51     -0.02     -1.68
     -0.45      0.94     -1.68
      0.51     -0.02     -0.73
      0.51     -0.02     -0.73
      0.51     -0.02      0.23
      0.51     -0.02      0.23
     -0.45     -0.02     -0.73
     -0.45     -0.02      1.19
     -0.45     -0.98      1.19
     -0.45     -0.02      1.19
      0.51     -0.02      0.23
      0.51     -0.02      0.23
      0.51     -0.98     -0.73
      0.51     -0.02     -0.73
      0.51     -0.02     -1.68
      0.51      0.94     -1.68
     -0.45      0.94     -1.68
     -1.41      0.94     -0.73
     -1.41      0.94      0.23
     -1.41      1.89      1.19
     -1.41      0.94      1.19
      0.51     -0.02      0.23
      0.51     -0.98      0.23
      1.46     -1.93      1.19
      1.46     -1.93      2.14
      0.51     -1.93      1.19
      0.51     -0.98      0.23
      0.51     -0.98     -1.68
      0.51     -0.02     -1.68
      0.51      0.94     -2.64
      0.51      0.94     -1.68
      0.51      0.94     -0.73
     -0.45     -0.02      0.23
     -1.41     -0.02      0.23
     -1.41     -0.02      1.19
     -0.45     -0.98      1.19
      1.46     -0.98      1.19
      1.46     -0.02      1.19
      0.51      0.94      0.23
     -0.45      0.94      0.23
     -0.45      0.94     -0.73
     -1.41     -0.02     -0.73
     -1.41     -0.02      0.23
     -0.45     -0.02      0.23
     -0.45     -0.02     -0.73
     -0.45      0.94     -0.73
      0.51      1.89     -1.68
      0.51      0.94     -0.73
      0.51      0.94     -0.73
      0.51     -0.02      0.23
     -1.41     -0.98      0.23
     -0.45     -1.93      0.23
      0.51     -1.93      1.19
      1.46     -0.98      1.19
      1.46     -0.98      1.19
      1.46     -0.98      1.19
      0.51     -0.02      0.23
      0.51      0.94      1.19
     -0.45      0.94      1.19
     -0.45      1.89     -0.73
     -1.41      1.89     -1.68
     -0.45     -0.02     -0.73
      0.51     -0.98      0.23
     -0.45     -0.98      0.23
     -0.45     -1.93     -0.73
     -0.45     -0.98      0.23
     -0.45     -0.02      0.23
      0.51      0.94      0.23
      0.51      0.94      0.23
     -0.45      0.94      0.23
     -0.45     -0.02      0.23
     -0.45      0.94      0.23
      0.51      0.94      1.19
     -0.45     -0.02      0.23
      0.51     -0.98     -0.73
      0.51     -0.98     -0.73
      0.51     -0.02     -0.73
      0.51     -0.02     -0.73
     -0.45     -0.02      0.23
     -1.41     -0.98      0.23
     -0.45     -0.98      0.23
     -0.45     -0.02      0.23
     -0.45     -0.02      1.19
      0.51     -0.02      1.19
      0.51     -0.02      0.23
      0.51     -0.02     -0.73
      0.51     -0.02     -1.68
     -0.45     -0.02     -2.64
     -0.45     -0.02     -2.64
     -1.41      0.94     -1.68
     -1.41      1.89      0.23
     -2.36      1.89      0.23
     -0.45      0.94      1.19
      0.51     -0.02      2.14
      0.51     -0.02      2.14
      0.51     -0.02      2.14
      0.51     -0.02      2.14
     -0.45     -0.02      1.19
     -0.45     -0.98     -0.73
     -0.45     -0.98     -1.68
      0.51     -0.98     -2.64
     -0.45     -0.98     -2.64
      0.51     -0.02     -1.68
      0.51     -0.02     -0.73
      0.51      0.94      0.23
     -0.45      0.94      1.19
     -0.45     -0.02      1.19
      0.51     -0.98      0.23
      0.51     -0.02      0.23
      0.51      0.94     -0.73
      0.51      0.94      0.23
     -0.45      0.94      0.23
     -0.45     -0.02      0.23
     -0.45     -0.02     -0.73
     -0.45     -0.02     -1.68
     -0.45     -0.02     -0.73
     -0.45     -0.02      0.23
      0.51     -0.98      1.19
      0.51     -0.98      1.19
     -0.45     -0.98      1.19
     -0.45     -0.02      1.19
     -0.45     -0.98      0.23
     -0.45     -0.02      1.19
     -0.45     -0.02      0.23
      0.51      0.94     -0.73
      0.51      0.94     -1.68
     -0.45     -0.02     -1.68
     -1.41     -0.02     -0.73
     -0.45     -0.02      1.19
      0.51     -0.02      1.19
      0.51     -0.02      0.23
      1.46     -0.02     -0.73
      1.46     -0.02     -0.73
      0.51     -0.02     -0.73
      0.51     -0.02     -0.73
     -0.45      0.94      0.23
     -1.41      0.94      0.23
     -1.41     -0.02      1.19
     -0.45     -0.02      0.23
     -0.45     -0.02     -0.73
      0.51     -0.02     -0.73
      0.51     -0.02     -0.73
      0.51     -0.98      0.23
      0.51     -1.93      1.19
     -0.45     -0.98      0.23
     -0.45     -0.98     -0.73
      0.51     -0.98     -0.73
      0.51     -0.02     -0.73
     -0.45     -0.02     -0.73
     -1.41     -0.02      0.23
     -0.45     -0.02      0.23
     -0.45     -0.02      0.23
      0.51     -0.02     -0.73
      0.51     -0.02      0.23
      0.51      0.94      0.23
     -0.45      1.89      0.23
     -1.41      0.94      0.23
     -0.45     -0.02      0.23
      0.51     -0.98      0.23
      0.51     -0.98      0.23
      0.51     -0.02     -0.73
     -0.45     -0.02     -0.73
     -0.45      0.94      0.23
     -0.45      0.94      0.23
     -0.45     -0.02      0.23
      0.51     -0.02      0.23
      0.51     -0.98     -0.73
      0.51     -0.98     -0.73
     -1.41     -0.02      0.23
     -0.45     -0.98      0.23
     -0.45     -0.98     -0.73
      0.51     -1.93     -0.73
      0.51     -1.93      0.23
      0.51     -0.98      1.19
      0.51     -0.02      1.19
      0.51     -0.02      0.23
     -0.45      1.89      0.23
     -0.45      2.85     -0.73
     -0.45      2.85      0.23
     -0.45      1.89      0.23
     -0.45      0.94      0.23
     -0.45     -0.02      0.23
     -0.45     -0.02      0.23
     -0.45     -1.93     -0.73
      0.51     -1.93     -0.73
      0.51     -2.89      0.23
      0.51     -1.93      1.19
     -0.45     -0.98      1.19
     -0.45     -0.02      1.19
     -0.45      0.94      1.19
     -0.45      1.89     -0.73
     -0.45      1.89     -0.73
     -0.45      0.94     -1.68
     -0.45     -0.02     -1.68
      0.51     -0.98     -1.68
      0.51     -0.98     -1.68
      0.51     -0.98     -0.73
      0.51     -0.98     -0.73
      0.51     -0.02      0.23
      0.51      0.94      0.23
      0.51      0.94      0.23
      0.51     -0.98      1.19
      0.51     -0.98      1.19
      0.51     -0.02      1.19
      0.51     -1.93      0.23
     -0.45     -0.02     -0.73
     -0.45     -0.02     -0.73
     -1.41      0.94     -0.73
     -0.45      0.94     -0.73
      0.51     -0.02      0.23
      0.51     -0.02      1.19
      0.51     -0.02      0.23
      0.51     -0.02      1.19
     -0.45     -0.02      0.23
     -0.45     -0.02      0.23
     -0.45     -0.98     -0.73
     -0.45     -0.98      0.23
     -0.45     -0.02      0.23
     -0.45      0.94      0.23
     -0.45      1.89     -0.73
      0.51      0.94     -0.73
     -0.45     -0.02     -0.73
     -0.45     -0.02     -0.73
      0.51     -0.98     -0.73
      0.51     -0.02     -0.73
      0.51     -0.02      0.23
      0.51      0.94      0.23
      0.51      0.94      0.23
     -0.45     -0.02     -0.73
     -1.41     -0.02     -1.68
     -0.45     -0.98     -0.73
     -0.45     -0.02     -1.68
     -0.45     -0.98     -0.73
      0.51     -0.02      0.23
     -0.45     -0.02      0.23
     -0.45      0.94      0.23
     -0.45      0.94      0.23
     -0.45      0.94      0.23
     -0.45      1.89      0.23
     -0.45      0.94      0.23
     -0.45     -0.02      0.23
     -0.45     -0.98      0.23
     -0.45     -0.98      1.19
      0.51     -0.98      1.19
      0.51     -0.98      0.23
      0.51     -0.02     -0.73
      0.51      0.94     -1.68
      0.51     -0.02     -0.73
      0.51     -0.02      0.23
      0.51     -0.98      1.19
     -0.45     -0.02      1.19
     -0.45     -0.02      0.23
     -0.45     -0.02     -0.73
      0.51     -0.02     -0.73
      0.51      0.94     -0.73
      0.51     -0.02     -1.68
      0.51     -0.98     -1.68
     -0.45     -0.02     -0.73
     -0.45     -0.02      0.23
      0.51     -0.02      1.19
      0.51     -0.98      1.19
      0.51     -0.98      0.23
      0.51     -0.98      0.23
     -0.45     -0.98      0.23
     -0.45     -0.02      0.23
     -0.45      0.94     -0.73
     -0.45      1.89     -0.73
     -0.45      1.89     -0.73
     -0.45      1.89     -0.73
     -0.45      0.94     -0.73
     -0.45     -0.02     -0.73
      0.51     -0.02     -0.73
     -0.45     -0.98     -0.73
      0.51     -0.98      0.23
      0.51     -0.02      0.23
      0.51     -0.02      0.23
      0.51     -0.98     -0.73
      0.51     -0.02     -0.73
     -0.45      0.94     -0.73
     -0.45      0.94      0.23
     -0.45     -0.02      1.19
     -0.45     -0.02      0.23
     -0.45     -0.02      0.23
     -1.41     -0.98      0.23
      0.51     -0.98      0.23
      0.51     -0.98      0.23
     -0.45     -0.98     -0.73
     -1.41     -0.02     -0.73
     -0.45      0.94      0.23
     -0.45      0.94      0.23
     -0.45     -0.02      0.23
      0.51     -0.98      0.23
      0.51     -0.02      0.23
     -0.45      0.94      1.19
     -0.45      0.94      0.23
     -0.45     -0.02     -0.73
     -0.45     -0.02     -0.73
     -0.45     -0.02     -1.68
     -0.45     -0.02     -0.73
     -0.45      0.94     -0.73
     -0.45     -0.02     -0.73
      0.51     -0.02      0.23
     -0.45     -0.02      0.23
     -0.45     -0.02      1.19
      0.51     -0.02      1.19
     -0.45      0.94      0.23
     -0.45      0.94     -0.73
     -0.45      0.94     -0.73
     -0.45      0.94     -0.73
     -0.45     -0.02     -0.73
     -0.45     -0.02      0.23
     -0.45     -0.02      0.23
     -0.45     -0.02      0.23
     -0.45      0.94      0.23
      0.51     -0.02      0.23
     -0.45     -0.98      0.23
      0.51     -0.98      0.23
      0.51     -0.98      0.23
      0.51     -0.98      0.23
      0.51     -0.98      0.23
      0.51     -0.98      0.23
      0.51     -0.98      0.23
     -0.45     -0.02     -0.73
     -0.45     -0.02     -0.73
      0.51     -0.02     -0.73
      0.51      0.94     -0.73
     -0.45      0.94      0.23
     -0.45     -0.02      0.23
     -0.45     -0.02      0.23
     -0.45     -0.02     -0.73
     -0.45      0.94     -0.73
     -0.45     -0.02      0.23
     -0.45     -0.02      0.23
      0.51     -0.02      1.19
      0.51     -0.98      1.19
      0.51     -0.98      1.19
      0.51     -0.02     -0.73
     -0.45     -0.98      0.23
      0.51     -0.02     -0.73
     -0.45      0.94     -0.73
     -0.45      0.94     -0.73
      0.51     -0.02     -0.73
     -0.45     -0.02     -0.73
      0.51      0.94     -0.73
     -0.45      0.94      0.23
     -0.45      0.94     -0.73
     -0.45     -0.02      0.23
      0.51     -0.98      0.23
      0.51     -0.02      0.23
      0.51     -0.02      0.23
      0.51     -0.02     -1.68
     -0.45     -0.98     -0.73
     -0.45     -0.98      0.23
      0.51     -0.98      0.23
      0.51     -0.02      0.23
     -0.45     -0.02      0.23
     -0.45     -0.02      0.23
      0.51     -0.98      0.23
      0.51      0.94      0.23
      0.51      0.94      0.23
      0.51      0.94     -0.73
     -0.45     -0.02     -1.68
      0.51     -0.02      0.23
      0.51      0.94      0.23
      0.51     -0.02      0.23
      0.51     -0.98     -0.73
     -0.45     -0.02     -0.73
     -0.45     -0.02     -0.73
      0.51     -0.02     -0.73
     -0.45     -0.02      0.23
      0.51     -0.02      0.23
     -0.45     -0.02      0.23
     -0.45     -0.02      0.23
     -0.45     -0.02      0.23
     -0.45     -0.02      0.23
      0.51     -0.02      0.23
      0.51     -0.02     -0.73
     -0.45     -0.02     -0.73
     -0.45      0.94     -0.73
     -0.45      0.94     -0.73
      0.51     -0.02     -0.73
     -0.45     -0.02     -0.73
     -0.45     -0.98      0.23
     -0.45     -0.02      0.23
      0.51     -0.98      0.23
      0.51     -0.98      0.23
     -0.45     -0.98      0.23
     -0.45     -0.98     -0.73
     -0.45     -0.02     -0.73
     -0.45      0.94     -1.68
      0.51      0.94     -0.73
      0.51      0.94     -0.73
      0.51     -0.02     -0.73
      0.51     -0.02      0.23
     -0.45     -0.02      0.23
     -0.45     -0.02      0.23
     -0.45     -0.02      0.23
      0.51     -0.02      0.23
     -0.45     -0.02      0.23
     -0.45     -0.02      0.23
      0.51     -0.02      0.23
      0.51     -0.02      0.23
      0.51     -0.02     -0.73
     -0.45     -0.02      0.23
     -0.45     -0.02      0.23
     -0.45     -0.02      0.23
     -0.45     -0.02     -0.73
      0.51     -0.98     -0.73
      0.51     -0.02     -0.73
      0.51     -0.02      0.23
      0.51     -0.02      0.23
     -0.45     -0.02      0.23
     -0.45     -0.02      0.23
     -0.45     -0.02      0.23
     -0.45     -0.02      0.23
     -0.45     -0.02      0.23
      0.51     -0.02     -0.73
      0.51     -0.02     -0.73
      0.51     -0.02     -0.73
     -0.45     -0.02     -0.73
     -0.45     -0.02     -0.73
     -0.45     -0.02      0.23
     -0.45     -0.98      0.23
     -0.45     -1.93      0.23
      0.51     -0.02      0.23
      0.51     -0.02     -0.73
      0.51     -0.02      0.23
      0.51     -0.02      0.23
     -0.45     -0.02      0.23
     -0.45     -0.02      0.23
     -1.41      0.94      0.23
     -0.45      0.94      0.23
     -0.45     -0.98     -0.73
     -0.45     -0.02      0.23
     -0.45     -0.02     -0.73
     -0.45     -0.02     -0.73
     -0.45     -0.02     -0.73
     -0.45      0.94     -0.73
     -0.45     -0.02      0.23
     -0.45     -0.98      0.23
      0.51     -0.98      0.23
      0.51     -0.98      0.23
      0.51     -0.98     -0.73
     -0.45     -0.02      0.23
     -0.45     -0.02      0.23
     -0.45     -0.02      0.23
     -0.45     -0.02      0.23
     -0.45     -0.02      0.23
     -0.45     -0.02      0.23
     -0.45     -0.02      0.23
     -0.45     -0.02     -0.73
      0.51     -0.02     -0.73
     -0.45      0.94     -0.73
     -0.45      0.94      0.23
     -0.45      0.94      0.23
     -0.45     -0.02      0.23
      0.51     -0.02      1.19
      0.51     -0.02      0.23
      0.51     -0.98      0.23
      0.51     -0.98      0.23
      0.51     -0.98      0.23
      0.51     -0.02      0.23
      0.51     -0.02      0.23
      0.51     -0.02      0.23
      0.51     -0.02      0.23
     -0.45      0.94     -0.73
      0.51      0.94     -0.73
     -0.45      0.94     -0.73
      0.51     -0.02     -0.73
     -0.45     -0.02     -0.73
     -0.45     -0.02     -0.73
     -0.45     -0.02      0.23
     -0.45     -0.98      1.19
      0.51     -0.98      0.23
      0.51     -0.02      0.23
      0.51     -0.02      0.23
      0.51     -0.02      0.23
      0.51     -0.02      0.23
      0.51     -0.02      0.23
     -0.45     -0.02      0.23
     -0.45     -0.02      0.23
     -0.45     -0.02      0.23
     -0.45      0.94      0.23
     -0.45     -0.02      0.23
      0.51     -0.02      0.23
      0.51     -0.02     -0.73
      0.51     -0.02     -0.73
     -0.45     -0.02     -0.73
     -0.45     -0.02      0.23
      0.51     -0.02     -0.73
     -0.45     -0.02      0.23
      0.51     -0.02      0.23
      0.51     -0.02      0.23
      0.51      0.94      0.23
      0.51      0.94     -0.73
     -0.45     -0.02     -0.73
     -0.45     -0.02     -0.73
     -0.45     -0.02     -0.73
     -0.45     -0.02     -0.73
     -0.45     -0.02      0.23
      0.51     -0.02      0.23
     -0.45     -0.02      0.23
      0.51     -0.02      0.23
      0.51     -0.98      0.23
     -0.45     -0.02      0.23
      0.51     -0.02      0.23
      0.51      0.94      0.23
      0.51      0.94      0.23
      0.51     -0.02     -0.73
      0.51     -0.02     -0.73
      0.51     -0.02     -0.73
      0.51     -0.02     -0.73
     -0.45      0.94     -0.73
     -0.45      0.94      0.23
     -1.41     -0.02      0.23
     -0.45     -0.02      0.23
      0.51     -0.98      0.23
      0.51     -0.98      1.19
      0.51     -0.02      1.19
      0.51     -0.02      0.23
     -0.45      0.94      0.23
     -0.45      0.94     -0.73
     -0.45      0.94     -0.73
     -0.45     -0.02     -0.73
     -0.45     -0.02     -0.73
      0.51     -0.02     -0.73
      0.51     -0.02      0.23
      0.51     -0.02      1.19
      0.51     -0.98      0.23
      0.51     -0.02      0.23
      0.51     -0.02      0.23
      0.51      0.94      0.23
      0.51     -0.02      0.23
     -0.45     -0.02      0.23
      0.51     -0.02     -0.73
     -0.45     -0.02     -0.73
     -0.45     -0.02     -0.73
     -0.45     -0.02      0.23
     -0.45     -0.02      0.23
     -0.45     -0.02      0.23
     -0.45     -0.02      0.23
      0.51     -0.02      0.23
      0.51     -0.98      0.23
     -0.45     -0.98      0.23
      0.51     -0.02     -0.73
     -0.45     -0.02     -0.73
     -0.45     -0.02     -0.73
      0.51     -0.02     -0.73
      0.51     -0.02     -0.73
     -0.45     -0.02     -0.73
     -0.45     -0.02      0.23
      0.51     -0.02      0.23
      0.51     -0.02      0.23
      0.51     -0.02      0.23
      0.51     -0.02      0.23
     -0.45     -0.02      0.23
     -0.45     -0.02      0.23
     -0.45      0.94     -0.73
     -0.45     -0.02      0.23
      0.51     -0.02      0.23
      0.51     -0.02     -0.73
      0.51     -0.02      0.23
     -0.45     -0.02     -0.73
     -0.45     -0.02      0.23
     -0.45     -0.02     -0.73
     -0.45     -0.98     -0.73
     -0.45     -0.02     -0.73
      0.51     -0.02     -0.73
      0.51     -0.02     -0.73
      0.51     -0.02      0.23
     -0.45     -0.02      0.23
     -0.45     -0.02      0.23
      0.51     -0.02      0.23
     -0.45     -0.02      0.23
      0.51     -0.02      0.23
      0.51     -0.02      0.23
     -0.45     -0.02      0.23
     -0.45     -0.02      0.23
     -0.45     -0.02      0.23
      0.51     -0.02     -0.73
      0.51     -0.02     -0.73
      0.51     -0.98     -0.73
      0.51     -0.02      0.23
     -0.45     -0.02      0.23
     -0.45     -0.02      0.23
     -0.45      0.94      0.23
     -0.45      0.94      0.23
      0.51     -0.02      0.23
      0.51     -0.02      0.23
      0.51     -0.02      0.23
     -0.45     -0.02     -0.73
     -0.45     -0.02      0.23
     -0.45     -0.02      0.23
     -0.45     -0.02      0.23
      0.51     -0.02      0.23
      0.51     -0.02      0.23
      0.51     -0.98      0.23
      0.51     -0.02     -0.73
      0.51     -0.02     -0.73
     -0.45     -0.02     -0.73
     -0.45     -0.02     -0.73
     -0.45     -0.02      0.23
      0.51     -0.02     -0.73
      0.51     -0.02      0.23
     -0.45     -0.02      0.23
      0.51     -0.02      0.23
      0.51     -0.98      0.23
      0.51     -0.02      1.19
     -0.45     -0.02     -0.73
     -0.45     -0.02      0.23
     -0.45     -0.02      0.23
     -0.45     -0.02     -0.73
      0.51     -0.02     -0.73
      0.51     -0.02      0.23
     -0.45      0.94      0.23
     -0.45     -0.02      0.23
     -0.45     -0.02      0.23
     -0.45     -0.98      0.23
      0.51     -0.98      0.23
     -0.45     -0.98     -0.73
      0.51     -0.02     -0.73
      0.51     -0.02     -0.73
     -0.45     -0.02     -0.73
     -0.45     -0.02      0.23
     -0.45      0.94     -0.73
      0.51      0.94      0.23
      0.51     -0.02      0.23
      0.51     -0.02      0.23
     -0.45     -0.02      0.23
     -0.45      0.94      0.23
     -0.45     -0.02      0.23
     -0.45     -0.98      0.23
     -0.45     -0.98      0.23
     -0.45     -0.02      0.23
     -0.45     -0.02      0.23
     -0.45     -0.02      0.23
      0.51     -0.02      0.23
      0.51     -0.02     -0.73
     -0.45     -0.02     -0.73
     -0.45     -0.02      0.23
     -0.45     -0.02      0.23
      0.51     -0.02      0.23
      0.51     -0.02      0.23
      0.51     -0.02      0.23
     -0.45     -0.02      0.23
     -0.45     -0.02     -0.73
      0.51     -0.02      0.23
     -0.45     -0.02      0.23
     -0.45     -0.02     -0.73
     -0.45     -0.02      0.23
      0.51     -0.98      0.23
      0.51     -0.02     -0.73
      0.51     -0.02     -0.73
     -0.45     -0.02      0.23
     -0.45     -0.02      0.23
     -0.45      0.94      0.23
      0.51      0.94      0.23
     -0.45     -0.02      0.23
      0.51     -0.02      0.23
      0.51     -0.02      0.23
     -0.45     -0.02      0.23
      0.51     -0.02     -0.73
      0.51     -0.02     -1.68
      0.51     -0.02      0.23
      0.51     -0.02      0.23
      0.51     -0.98      0.23
      0.51     -0.02      0.23
     -0.45     -0.02      0.23
      0.51     -0.02      0.23
      0.51     -0.02      0.23
     -0.45     -0.02      0.23
     -0.45     -0.02      0.23
     -0.45     -0.02      0.23
     -0.45     -0.02      0.23
     -0.45     -0.02      0.23
      0.51     -0.02      0.23
     -0.45     -0.02      0.23
      0.51     -0.98      0.23
      0.51     -0.02      0.23
     -0.45     -0.02      0.23
     -0.45     -0.02     -0.73
     -0.45     -0.98     -0.73
     -1.41     -0.02     -0.73
     -0.45      0.94      0.23
     -0.45     -0.02      0.23
      0.51     -0.02      0.23
     -0.45     -0.02      0.23
     -0.45     -0.02      0.23
      0.51     -0.02      0.23
     -0.45     -0.02     -0.73
     -0.45     -0.02     -0.73
     -0.45     -0.02     -0.73
      0.51     -0.02     -0.73
     -0.45     -0.02     -0.73
     -0.45     -0.02      0.23
     -0.45     -0.02      0.23
     -0.45     -0.02      0.23
     -0.45     -0.02      0.23
     -0.45     -0.02      0.23
      0.51     -0.02     -0.73
      0.51     -0.02     -0.73
     -0.45     -0.02      0.23
     -0.45     -0.02      0.23
      0.51     -0.02      0.23
      0.51     -0.02     -0.73
     -0.45     -0.02     -0.73
     -0.45     -0.02     -0.73
     -0.45     -0.02      0.23
      0.51     -0.02      0.23
      0.51     -0.02      0.23
     -0.45     -0.02      0.23
      0.51     -0.02      0.23
      0.51     -0.98     -0.73
      0.51     -0.02      0.23
      0.51     -0.02      0.23
      0.51     -0.02      0.23
      0.51      0.94      0.23
     -0.45     -0.02      0.23
     -0.45     -0.02      0.23
      0.51     -0.02      0.23
      0.51     -0.02      0.23
     -0.45     -0.02      0.23
     -0.45     -0.02      0.23
      0.51     -0.02      0.23
      0.51     -0.02      0.23
      0.51     -0.02     -0.73
     -0.45     -0.02      0.23
     -0.45     -0.02      0.23
     -0.45     -0.02      0.23
     -0.45     -0.02      0.23
     -0.45     -0.02      0.23
      0.51     -0.02      0.23
     -0.45     -0.02      0.23
      0.51     -0.02      0.23
      0.51     -0.02     -0.73
      0.51     -0.02     -0.73
      0.51     -0.02     -0.73
     -0.45     -0.02     -0.73
     -0.45     -0.02      0.23
     -0.45     -0.02      0.23
      0.51     -0.02      0.23
     -0.45     -0.02      0.23
      0.51     -0.02      0.23
      0.51     -0.02      0.23
      0.51     -0.02      0.23
      0.51     -0.98      0.23
     -0.45     -0.02      0.23
     -0.45     -0.02     -0.73
     -0.45     -0.02      0.23
     -0.45     -0.02     -0.73
     -0.45     -0.02     -0.73
      0.51     -0.02     -0.73
      0.51     -0.02     -0.73
     -0.45     -0.02     -0.73
     -0.45     -0.02      0.23
     -0.45     -0.02      0.23
     -0.45     -0.98      0.23
     -0.45     -0.02      0.23
     -0.45     -0.02      0.23
      0.51     -0.02      0.23
     -0.45     -0.02      0.23
     -0.45     -0.02      0.23
     -0.45     -0.02      0.23
     -0.45      0.94      0.23
     -0.45     -0.02      0.23
     -0.45     -0.02      0.23
      0.51     -0.02      0.23
      0.51     -0.98      0.23
     -0.45     -0.02      0.23
     -0.45     -0.02      0.23
      0.51     -0.02      0.23
      0.51     -0.02      0.23
      0.51     -0.02      0.23
     -0.45     -0.02     -0.73
      0.51     -0.98      0.23
     -0.45     -0.02      0.23
     -0.45      0.94      0.23
     -0.45      0.94      0.23
     -0.45      0.94     -0.73
     -0.45     -0.02     -0.73
      0.51     -0.02     -0.73
      0.51     -0.02     -0.73
      0.51     -0.02      0.23
      0.51     -0.02      0.23
     -0.45     -0.02      0.23
     -0.45     -0.02      1.19
     -0.45     -0.02      0.23
      0.51     -0.02      0.23
      0.51     -0.02      0.23
      0.51     -0.98      0.23
      0.51     -0.02      0.23
      0.51     -0.02     -0.73
      0.51     -0.02     -0.73
     -0.45     -0.02     -0.73
     -0.45     -0.02      0.23
     -0.45     -0.02     -0.73
     -0.45      0.94      0.23
      0.51     -0.02      0.23
     -0.45     -0.02      0.23
     -0.45     -0.02      0.23
      0.51     -0.98      0.23
     -0.45     -0.02      0.23
      0.51     -0.98     -0.73
     -0.45     -0.02      0.23
      0.51     -0.02      0.23
      0.51     -0.02      0.23
      0.51     -0.02      0.23
      0.51     -0.02      0.23
      0.51     -0.98      0.23
     -0.45     -0.02      0.23
     -0.45     -0.02      0.23
     -0.45     -0.02      0.23
     -0.45     -0.98     -0.73
     -0.45     -0.02     -0.73
      0.51     -0.02      0.23
      0.51     -0.02      0.23
     -0.45     -0.02      0.23
      0.51     -0.02      0.23
     -0.45     -0.02      0.23
     -0.45     -0.02      0.23
     -0.45     -0.02     -0.73
      0.51     -0.02      0.23
      0.51     -0.02      0.23
     -0.45     -0.02     -0.73
      0.51     -0.02     -0.73
      0.51     -0.02      0.23
     -0.45     -0.02     -0.73
     -0.45      0.94      0.23
     -0.45     -0.02      0.23
     -0.45     -0.02      0.23
      0.51     -0.02      0.23
      0.51     -0.02      0.23
     -0.45     -0.02      0.23
     -0.45     -0.02      0.23
     -0.45     -0.02      0.23
      0.51     -0.02      0.23
      0.51     -0.02      0.23
      0.51     -0.02      0.23
     -0.45     -0.02      0.23
     -0.45     -0.02      0.23
      0.51     -0.02      0.23
     -0.45     -0.02      0.23
     -0.45     -0.02      0.23
     -0.45     -0.98      0.23
      0.51     -0.02      0.23
     -0.45     -0.02      0.23
      0.51     -0.02      0.23
      0.51      0.94      0.23
     -0.45      0.94      0.23
     -0.45     -0.02      0.23
     -0.45     -0.02      0.23
     -0.45     -0.02      0.23
      0.51     -0.98      0.23
      0.51     -0.02      0.23
     -0.45     -0.02      0.23
     -0.45     -0.02      0.23
     -0.45     -0.02      0.23
     -0.45     -0.02      0.23
     -0.45     -0.02      0.23
     -0.45      0.94      0.23
     -0.45     -0.02     -0.73
      0.51     -0.02     -0.73
      0.51     -0.02     -0.73
     -0.45     -0.02     -0.73
      0.51     -0.02      0.23
     -0.45     -0.02     -0.73
      0.51     -0.02      0.23
      0.51     -0.02      0.23
     -0.45     -0.02      0.23
     -0.45     -0.02      0.23
      0.51     -0.02      0.23
      0.51     -0.02      0.23
     -0.45     -0.02     -0.73
      0.51     -0.02      0.23
     -0.45     -0.02     -0.73
     -0.45     -0.02     -0.73
      0.51     -0.02     -0.73
      0.51     -0.02     -0.73
      0.51     -0.02     -0.73
     -0.45     -0.02      0.23
     -0.45     -0.02      0.23
      0.51     -0.02      0.23
      0.51     -0.02      0.23
      0.51     -0.02      0.23
     -0.45     -0.02      0.23
     -0.45     -0.02      0.23
      0.51     -0.02      0.23
     -0.45     -0.02      0.23
     -0.45     -0.02      0.23
     -0.45     -0.02      0.23
     -0.45     -0.02      0.23
     -0.45      0.94      0.23
      0.51      0.94      0.23
      0.51     -0.02      0.23
      0.51     -0.02      0.23
      0.51     -0.02      0.23
     -0.45     -0.02     -0.73
     -0.45     -0.02     -0.73
      0.51     -0.02      0.23
      0.51     -0.02      0.23
      0.51     -0.02      0.23
      0.51     -0.02      0.23
      0.51     -0.02      0.23
     -0.45     -0.02      0.23
     -0.45     -0.02      0.23
     -0.45      0.94      0.23
     -0.45     -0.02      0.23
     -0.45     -0.02      0.23
     -0.45     -0.02     -0.73
     -0.45     -0.02     -0.73
     -0.45     -0.02     -0.73
     -0.45     -0.02      0.23
      0.51     -0.02      0.23
      0.51     -0.02      0.23
     -0.45     -0.02      0.23
      0.51     -0.02      0.23
     -0.45     -0.02      0.23
     -0.45     -0.02      0.23
     -0.45     -0.02      0.23
     -0.45     -0.02      0.23
     -0.45     -0.02      0.23
      0.51     -0.02      0.23
     -0.45     -0.02     -0.73
     -0.45     -0.02      0.23
      0.51     -0.02     -0.73
      0.51     -0.02      0.23
      0.51     -0.02      0.23
     -0.45     -0.02      0.23
     -0.45     -0.02      0.23
     -0.45     -0.02      0.23
      0.51     -0.02     -0.73
      0.51     -0.02     -0.73
      0.51     -0.02     -0.73
     -0.45     -0.02      0.23
      0.51     -0.02      0.23
      0.51     -0.02      0.23
      0.51     -0.02     -0.73
     -0.45     -0.02     -0.73
     -0.45     -0.02      0.23
     -0.45     -0.02      0.23
      0.51     -0.02      0.23
      0.51     -0.02      0.23
     -0.45     -0.02      0.23
     -0.45     -0.02      0.23
     -0.45      0.94      0.23
     -0.45     -0.02      0.23
      0.51     -0.02     -0.73
     -0.45     -0.02      0.23
     -0.45     -0.02      0.23
     -0.45     -0.02      0.23
      0.51     -0.02      0.23
     -0.45     -0.02      0.23
     -0.45     -0.02      0.23
