********************************************************************************
                       INSTITUTO DE INGENIERIA, UNAM
                   Coordinacion de Instrumentacion Sismica
  Ciudad Universitaria, Apartado Postal 70-472, Coyoacan 04510, Mexico, D.F.
 Tel.(52-5)622-3414    Fax.(52-5)616-1514    e-mail: isismica@pumas.iingen.unam.mx
**************************************************************************************
ARCHIVO ESTANDAR DE ACELERACION:
VERSION DEL FORMATO                    : 2.0
NOMBRE DEL ARCHIVO                     : COYC8805.281
FECHA Y HORA DE CREACION               : Tue Mar 24 01:38:21 1998
REF. CATALOGO ACELEROGRAMAS, SMIS 1995 : REGISTRO No. 1201 /PAG. 132


================================================================================
DATOS DE LA ESTACION:
NOMBRE DE LA ESTACION                  : COYUCA
CLAVE DE LA ESTACION                   : COYC
LOCALIZACION DE LA ESTACION            : ESCUELA PRIMARIA "LIC. ALFREDO V. BONFIL". KILOMETRO
                                       : 30 DE LA CARRETERA ACAPULCO-ZIHUATANEJO Y A 4KM
                                       : DEL ENTRONQUE CON LA CARRETERA. COYUCA, GUERRERO.
                                       : 
                                       : 
COORDENADAS DE LA ESTACION             : 16.997788 LAT. N
                                       : 100.089963 LONG. W
ALTITUD (msnm)                         : 26
TIPO DE SUELO                          : ROCA
                                       : 
                                       : 
INSTITUCION RESPONSABLE                : INSTITUTO DE INGENIERIA UNAM 
                                       : 

================================================================================
DATOS DEL ACELEROGRAFO: 
MODELO DEL ACELEROGRAFO                : DCA-333
NUMERO DE SERIE DEL ACELEROGRAFO       : 110
NUMERO DE CANALES                      : 3
ORIENTACION C1-C6 (rumbo;orientacion)  : /+V/N90E/N00E
ORIENTACION C7-C12 (rumbo;orientacion) :
VEL. DE MUESTREO, C1-C6 (muestras/s)   : /100/100/100
VEL. DE MUESTREO, C7-C12 (muestras/s)  :
ESC. COMPLETA DE SENSORES, C1-C6, (g)  : /2/2/2
ESC. COMPLETA DE SENSORES, C7-C12 (g)  :
FREC. NAT. DE SENSORES, C1-C6, (Hz)    : /29.3/31.5/30.0
FREC. NAT. DE SENSORES, C7-C12 (Hz)    :
AMORTIGUAMIENTO DE SENSORES, C1-C6     : /0.7/0.7/0.7
AMORTIGUAMIENTO DE SENSORES, C7-C12    :
INTERVALO DE MUESTREO, C1-C6 (s)       : /0.01/0.01/0.01
INTERVALO DE MUESTREO, C7-C12 (s)      :
UMBRAL DE DISPARO, C1-C6 (Gal)         : /6/6/6
UMBRAL DE DISPARO, C7-C12 (Gal)        :
MEMORIA DE PREEVENTO (s)               : 4
TIEMPO DE POSEVENTO (s)                : 15


================================================================================
DATOS DEL SISMO:
FECHA DEL SISMO [GMT]                  : 1988/05/28
HORA EPICENTRO (GMT)                   : 21:43:46.7
MAGNITUD(ES)                           : /Mc=3.50
COORDENADAS DEL EPICENTRO              : 16.959 LAT. N 
                                       : 100.027 LONG. W
PROFUNDIDAD FOCAL (km)                 : 14 
FUENTES DE LOS DATOS EPICENTRALES      : INSTITUTO DE INGENIERIA UNAM
                                       : 

================================================================================
DATOS DE ESTE REGISTRO:
HORA DE LA PRIMERA MUESTRA (GMT)       : 21:43:47.22
EXACTITUD DEL TIEMPO (s)               : 0.01
DURACION DEL REGISTRO (s), C1-C6       : /15.08/15.08/15.08                      
DURACION DEL REGISTRO (s), C7-C12      : 
NUM. TOTAL DE MUESTRAS, C1-C6          : /1508/1508/1508                       
NUM. TOTAL DE MUESTRAS, C7-C12         : 
ACEL. MAX.(Gal), C1-C6                 : /-9.49/23.02/-12.50                   
ACEL. MAX., C1-C6, EN LA MUESTRA       : /335/336/341                          
ACEL. MAX.(Gal), C7-C12                : 
ACEL. MAX., C7-C12,EN LA MUESTRA       : 
UNIDADES DE LOS DATOS                  : Gal (cm/s/s)
FACTOR DE DECIMACION                   : 1
FORMATO DATOS (FORTRAN,10 campos/dato) : 3F10.2


================================================================================
CALIDAD DEL ACELEROGRAMA:
REGISTRO DIGITAL COMPLETO CON TIEMPO ABSOLUTO CORRECTO.


===============================================================================
COMENTARIOS:














===============================================================================
DATOS DE ACELERACION:
---------+---------+---------+---------+---------+---------+---------+---------+
   CANAL-1   CANAL-2   CANAL-3
        +V      N90E      N00E
---------+---------+---------+---------+---------+---------+---------+---------+
      0.08      0.05     -0.06
      0.08      0.05     -0.06
      0.08      0.05     -0.06
      0.08      0.05     -0.06
      0.08      0.05     -0.06
      0.08      0.05      0.90
      0.08      0.05     -0.06
      0.08      0.05     -0.06
      0.08      0.05     -0.06
      0.08      0.05     -0.06
      0.08      0.05     -0.06
      0.08      0.05     -0.06
      0.08      0.05     -0.06
      0.08      0.05     -0.06
      0.08      0.05     -0.06
     -0.88      0.05     -0.06
      0.08      0.05     -0.06
      0.08     -0.91     -0.06
      0.08      0.05     -0.06
      0.08      0.05     -0.06
      0.08      0.05     -0.06
      0.08      0.05     -0.06
      0.08      0.05     -0.06
      0.08      0.05     -0.06
      0.08      0.05     -0.06
      0.08      0.05     -0.06
      0.08      0.05     -0.06
     -0.88      0.05     -0.06
      0.08     -0.91     -0.06
      0.08      0.05     -0.06
      0.08      0.05     -0.06
      0.08      0.05     -0.06
      0.08      0.05     -1.02
      0.08      0.05     -0.06
      0.08      0.05     -0.06
      0.08      0.05     -0.06
      0.08     -0.91     -0.06
      0.08      0.05     -0.06
      0.08      0.05     -0.06
      0.08      0.05     -0.06
     -0.88      0.05      0.90
      0.08      0.05     -0.06
      0.08      0.05     -0.06
      0.08      0.05     -0.06
      0.08      0.05     -0.06
      0.08      0.05     -0.06
      0.08      0.05     -0.06
      0.08      0.05     -0.06
      0.08      0.05     -0.06
      0.08      0.05     -0.06
      0.08      0.05     -0.06
      0.08      0.05     -0.06
      0.08      0.05     -0.06
      0.08      0.05     -0.06
      0.08      0.05     -0.06
      0.08      0.05     -0.06
      0.08      0.05     -0.06
      0.08      0.05     -0.06
      0.08      0.05     -0.06
      0.08      0.05     -0.06
      0.08      0.05     -0.06
      0.08      0.05     -0.06
      0.08      0.05     -0.06
      0.08      0.05     -0.06
      0.08      0.05     -0.06
      0.08      0.05     -0.06
      0.08      0.05     -0.06
      0.08      0.05     -0.06
      0.08      0.05     -0.06
      0.08      0.05     -0.06
      0.08      0.05     -0.06
      0.08      0.05     -0.06
      0.08      0.05     -0.06
     -0.88      0.05     -0.06
      0.08      0.05     -0.06
      0.08      0.05     -0.06
      0.08      0.05     -0.06
      0.08      0.05     -0.06
      0.08      0.05     -0.06
      0.08      0.05      0.90
      0.08      0.05     -0.06
      0.08      0.05     -0.06
      0.08      0.05     -0.06
      0.08      0.05     -0.06
      0.08      0.05     -0.06
      0.08      0.05     -0.06
     -1.83      0.05     -0.06
      0.08      0.05     -0.06
      0.08      0.05     -0.06
      0.08      0.05     -0.06
      0.08      0.05     -0.06
      0.08      0.05     -0.06
      0.08      0.05     -0.06
      0.08      0.05     -0.06
      0.08      0.05     -0.06
      0.08      0.05     -0.06
      0.08      0.05     -0.06
      0.08      0.05     -0.06
      0.08      0.05     -0.06
      0.08      0.05     -0.06
      0.08      0.05     -0.06
      0.08      0.05     -0.06
      0.08      0.05     -0.06
      0.08      0.05     -0.06
      0.08     -0.91     -0.06
      0.08      0.05     -0.06
      0.08      0.05     -0.06
      0.08      0.05     -0.06
      0.08      0.05     -0.06
      0.08      0.05     -0.06
      0.08      0.05     -0.06
      0.08      0.05     -0.06
      0.08      0.05     -0.06
      0.08      0.05     -0.06
      0.08      0.05      0.90
      0.08      0.05     -0.06
      0.08      0.05     -0.06
      0.08      0.05     -0.06
      0.08      0.05     -0.06
      0.08      0.05     -0.06
      0.08      0.05     -0.06
      0.08      0.05     -0.06
      0.08      0.05     -0.06
      0.08      0.05     -0.06
      0.08      0.05     -0.06
      0.08      0.05     -0.06
      0.08      0.05     -0.06
      0.08      0.05     -0.06
      0.08      0.05     -0.06
     -0.88      0.05     -0.06
      0.08      0.05     -0.06
      0.08      0.05     -0.06
      0.08      0.05     -0.06
     -0.88      0.05     -0.06
      0.08      0.05     -0.06
      0.08      0.05     -0.06
      0.08      0.05     -0.06
      0.08      0.05     -0.06
      0.08      0.05     -0.06
      0.08      0.05     -0.06
     -0.88     -0.91     -0.06
      0.08      0.05     -0.06
      0.08      0.05     -0.06
      0.08      0.05     -0.06
      0.08      0.05     -0.06
      0.08      0.05      0.90
      0.08     -0.91      0.90
      0.08      0.05     -0.06
      0.08      0.05     -0.06
      0.08      0.05     -0.06
     -0.88     -0.91     -0.06
      0.08      0.05     -0.06
      0.08      0.05      0.90
      0.08      0.05     -0.06
      0.08      0.05     -0.06
      0.08      0.05     -0.06
      0.08      0.05     -0.06
      0.08      0.05     -0.06
      0.08      0.05     -0.06
      0.08      0.05     -0.06
      0.08      0.05     -0.06
      0.08      0.05     -0.06
      0.08      0.05     -0.06
      0.08      0.05     -0.06
      0.08      0.05      0.90
      0.08      0.05     -0.06
     -0.88      0.05     -0.06
     -2.79      0.05     -0.06
      0.08      1.01     -0.06
      1.99      0.05     -0.06
      1.04      0.05     -0.06
      1.04      0.05     -0.06
      2.95      0.05     -0.06
      1.99     -0.91      0.90
     -0.88     -0.91     -1.02
     -0.88     -0.91     -0.06
     -0.88     -0.91     -0.06
     -1.83     -0.91      0.90
     -4.71      1.01     -0.06
      0.08      0.05     -0.06
      1.04      1.01      0.90
      1.04      1.01     -0.06
      0.08      1.96     -1.02
      1.04      1.01      0.90
      1.99      0.05      1.85
      0.08     -0.91      0.90
     -0.88     -1.86     -0.06
      0.08     -1.86     -1.02
     -0.88     -0.91     -1.02
     -0.88     -0.91     -1.02
     -0.88      1.01      0.90
     -0.88      1.01     -0.06
      1.99      0.05     -1.02
     -0.88      1.01     -0.06
      0.08      0.05      0.90
      1.04      1.01     -0.06
     -1.83      0.05      0.90
     -1.83     -0.91      1.85
      0.08     -0.91     -0.06
      0.08      0.05     -0.06
      1.04      0.05     -0.06
     -0.88     -0.91     -0.06
     -2.79      0.05     -0.06
      1.04      1.01      0.90
      0.08      0.05     -0.06
      1.04      0.05     -0.06
      0.08      0.05     -0.06
     -0.88      0.05     -0.06
      0.08     -0.91     -0.06
      1.99      0.05     -0.06
      0.08      1.01     -0.06
     -1.83      0.05     -1.02
     -0.88      0.05      0.90
     -0.88     -1.86      1.85
     -0.88      0.05     -0.06
      1.04      0.05     -0.06
      0.08      0.05     -0.06
     -1.83      0.05     -0.06
     -0.88      1.01      0.90
      1.04      1.01      0.90
      1.04      0.05     -1.02
      1.99      1.01     -0.06
     -0.88      0.05      0.90
     -0.88     -0.91     -0.06
      1.99     -1.86     -1.02
     -0.88      0.05     -0.06
     -2.79     -0.91     -1.02
      1.99     -0.91     -0.06
     -1.83      1.96      1.85
     -1.83      1.01     -0.06
      2.95      0.05     -1.02
      1.99      1.01      1.85
      0.08     -0.91     -1.02
      0.08      0.05     -1.02
     -4.71      1.01      1.85
      0.08     -0.91     -0.06
      2.95     -0.91     -1.02
     -1.83      1.01      0.90
      1.99     -0.91     -1.02
      1.99     -0.91     -0.06
     -0.88      1.01      1.85
     -0.88      0.05     -1.02
     -2.79     -0.91     -1.97
     -1.83      0.05      0.90
      0.08     -0.91      0.90
      1.04      0.05      0.90
      1.99      0.05      0.90
      1.99     -0.91     -1.97
      1.04      1.01     -0.06
     -2.79      1.01     -0.06
     -1.83      0.05     -0.06
     -1.83      0.05      0.90
     -1.83      1.01      0.90
     -0.88      0.05     -0.06
      1.04      1.01     -0.06
      1.99     -0.91      0.90
      2.95     -1.86      0.90
     -0.88      1.01     -0.06
      1.04     -0.91     -0.06
     -1.83     -0.91      0.90
     -5.66      0.05     -0.06
      0.08      0.05     -1.02
      1.99     -0.91     -0.06
      1.04      0.05     -0.06
      0.08      1.96     -0.06
      0.08      0.05     -0.06
      1.99     -0.91      0.90
     -1.83      1.96      0.90
     -2.79      0.05     -0.06
     -0.88     -0.91      0.90
      1.04     -0.91      1.85
      1.99     -0.91     -0.06
      1.04      0.05     -1.02
      0.08     -0.91     -1.02
      1.99      1.01      0.90
      0.08      1.01     -0.06
     -3.75      1.01      0.90
     -3.75      1.01     -0.06
     -0.88     -0.91     -1.02
      2.95     -0.91      0.90
      1.99      0.05     -0.06
      1.04     -0.91     -1.02
     -2.79     -0.91      0.90
      0.08      1.01      1.85
      0.08      1.01     -1.02
     -1.83     -0.91     -1.97
      0.08      1.01      1.85
      0.08      0.05      1.85
     -1.83      0.05      0.90
      1.04      1.96     -0.06
      2.95      0.05     -1.97
      1.04     -1.86     -1.02
     -1.83      0.05      1.85
     -2.79      1.96      0.90
      1.04     -0.91     -0.06
      1.04     -3.78     -1.02
     -0.88     -0.91     -0.06
     -1.83      0.05     -0.06
     -3.75      1.01     -0.06
      0.08      2.92      0.90
      5.82     -0.91     -0.06
     -2.79      1.01     -0.06
     -1.83      1.01      0.90
      1.04      1.01      0.90
      1.04      0.05      0.90
      1.99     -1.86     -1.02
     -1.83     -1.86     -1.02
     -3.75     -3.78     -0.06
     -0.88      0.05      0.90
      0.08      2.92     -0.06
      1.99      0.05     -1.02
      1.04      0.05     -0.06
     -5.66      1.01      0.90
     -0.88      1.01     -0.06
      5.82      1.96     -0.06
      0.08     -0.91     -0.06
     -2.79     -0.91     -0.06
     -1.83      0.05      0.90
      0.08     -0.91      1.85
      1.99      0.05     -0.06
      2.95     -0.91     -1.02
     -2.79      0.05     -0.06
      1.99      0.05      1.85
      1.99      1.01      1.85
     -5.66      1.96     -1.97
     -1.83      1.96     -2.93
      1.99      0.05     -1.02
     -2.79     -0.91     -0.06
      0.08      0.05      1.85
      1.04      0.05      1.85
      1.99     -6.65      1.85
      7.74    -17.18      1.85
      3.91    -18.13      1.85
     -2.79     -4.74     -1.97
     -4.71     12.49     -6.76
     -9.49     20.15     -1.02
     -0.88     23.02      4.73
      5.82      2.92      4.73
      0.08     -4.74      8.55
     -5.66     10.58     10.47
     -6.62     17.28      1.85
      5.82      7.71    -12.50
      3.91    -14.31    -11.54
      2.95    -12.39     -7.72
      0.08    -18.13     -6.76
     -3.75     -4.74     -2.93
      1.04     -0.91     -4.85
     -0.88    -10.48     -1.02
      1.99     -1.86     -2.93
     -1.83     10.58     -0.06
     -5.66     19.19      5.68
      5.82      1.01      4.73
      1.99     -4.74      5.68
     -3.75      7.71     -1.97
     -1.83      3.88    -10.59
     -1.83      0.05     -1.02
     -0.88     -4.74     11.42
      4.87     -8.56      4.73
      8.69     -8.56     -4.85
     -0.88     -5.69     -3.89
     -6.62     -0.91     -3.89
     -2.79      4.84      1.85
      1.99     14.41      3.77
      0.08      3.88      2.81
     -2.79     -4.74      2.81
      0.08     -5.69     -1.02
     -0.88      0.05      0.90
      0.08      7.71      1.85
      1.04     -0.91     -2.93
     -0.88     -3.78     -2.93
     -2.79     -1.86     -0.06
      6.78      1.01     -1.97
      6.78      1.01      0.90
     -4.71      2.92      3.77
     -6.62      1.01      0.90
     -9.49      0.05      1.85
     -2.79     -0.91      2.81
      5.82     -3.78     -3.89
      6.78      0.05     -2.93
      1.04     -1.86     -2.93
     -2.79      0.05     -6.76
     -5.66      4.84     -4.85
     -1.83      1.01     -0.06
      3.91     -7.61      2.81
      2.95     -2.82      1.85
     -2.79      7.71      0.90
     -1.83      9.62      0.90
      3.91      0.05      2.81
      2.95     -7.61      6.64
     -0.88     -4.74      4.73
     -1.83     -5.69      1.85
     -0.88     -4.74      1.85
     -1.83      0.05      2.81
      0.08      3.88     -1.97
      2.95      5.79     -6.76
      0.08      7.71     -7.72
     -4.71      8.66     -4.85
     -2.79      2.92     -1.97
      1.99     -1.86     -3.89
      1.99     -2.82     -2.93
     -2.79     -5.69      1.85
     -0.88     -6.65      1.85
      3.91     -7.61      2.81
      1.99     -5.69      5.68
      1.99      2.92      2.81
      1.04     10.58     -1.02
     -3.75      6.75     -0.06
     -3.75      2.92     -0.06
     -3.75      1.96     -3.89
      1.04     -0.91     -1.97
      1.99     -2.82      1.85
     -3.75      0.05      1.85
      0.08      1.01      0.90
      3.91     -1.86      0.90
      0.08     -3.78     -0.06
      1.99     -2.82     -0.06
     -0.88      0.05     -0.06
     -1.83      1.01      0.90
     -0.88      1.96      1.85
     -1.83      1.96      1.85
      0.08      1.96      1.85
      4.87     -2.82     -2.93
      2.95     -0.91     -3.89
     -2.79      1.01     -0.06
     -2.79      1.96     -1.02
     -1.83      3.88     -1.97
      0.08     -0.91      0.90
     -0.88     -1.86      1.85
     -1.83      0.05      0.90
      1.04     -0.91     -1.02
      2.95      1.01     -0.06
      1.04      0.05      2.81
      1.04     -2.82      1.85
      0.08     -2.82     -0.06
     -0.88     -0.91      0.90
     -2.79      0.05     -0.06
     -3.75      2.92     -2.93
     -2.79      5.79     -1.02
      1.04      1.01      0.90
      0.08     -1.86     -0.06
      1.04      0.05      0.90
      1.04      1.01     -1.02
      1.04     -0.91     -0.06
      1.04     -0.91      0.90
      0.08     -2.82      1.85
      0.08     -4.74     -0.06
      1.04     -2.82     -0.06
     -1.83      1.96     -0.06
      0.08      1.96     -1.02
      1.99      0.05     -1.02
     -0.88      2.92     -0.06
     -2.79      5.79     -0.06
     -0.88      2.92      0.90
      0.08      0.05      1.85
      0.08     -1.86      0.90
      1.04     -0.91     -1.02
      1.04     -1.86     -0.06
      0.08     -3.78      0.90
     -1.83     -0.91     -0.06
     -2.79     -0.91     -1.02
     -0.88     -1.86     -1.02
      0.08     -1.86     -1.02
      0.08      2.92      0.90
      1.04      3.88     -0.06
      1.04      2.92     -1.02
     -0.88      0.05      0.90
      0.08     -2.82      1.85
     -0.88     -0.91      1.85
     -1.83     -1.86     -0.06
     -0.88     -1.86     -1.97
      1.04     -2.82      0.90
      0.08     -2.82      1.85
     -0.88      0.05     -0.06
      0.08      3.88     -1.02
      0.08      3.88      0.90
     -0.88      3.88      0.90
     -1.83      2.92     -1.02
      1.04      0.05     -0.06
      1.04     -1.86     -0.06
     -0.88     -0.91     -1.97
     -0.88      0.05     -1.02
      0.08     -2.82      0.90
      1.04      0.05     -0.06
      1.04      0.05     -1.97
      1.04     -3.78     -1.02
      0.08     -3.78     -0.06
     -2.79      1.96      1.85
     -0.88      3.88      1.85
      1.99      1.01      0.90
      0.08      0.05      0.90
     -0.88      1.01      0.90
      0.08      1.01     -1.02
      0.08     -0.91     -1.02
      0.08      1.01     -1.02
      0.08      0.05      0.90
     -0.88     -1.86      0.90
     -0.88     -0.91      0.90
     -0.88      1.01     -0.06
     -0.88      1.96     -1.02
      0.08      0.05     -1.02
     -0.88     -0.91     -1.02
      1.04     -0.91     -0.06
      0.08     -0.91     -0.06
     -2.79      1.01     -1.02
      1.04      1.01     -0.06
      1.99     -1.86      1.85
      0.08     -1.86      1.85
      1.04     -0.91     -0.06
      0.08      0.05     -1.02
     -0.88      0.05     -0.06
      0.08      1.96      0.90
     -0.88      1.01      0.90
      0.08     -0.91      1.85
      0.08     -1.86      1.85
     -0.88      1.01     -0.06
      0.08      0.05     -1.02
      2.95     -1.86     -1.02
      0.08      0.05      0.90
     -0.88      1.01      0.90
      0.08      0.05      0.90
     -0.88      0.05      0.90
     -1.83      1.01     -1.02
      0.08      1.01     -0.06
      1.99     -1.86      0.90
      1.99     -2.82     -0.06
     -2.79     -0.91     -0.06
     -2.79      1.01     -0.06
      0.08      1.96      1.85
      1.04      0.05      0.90
      0.08     -1.86     -0.06
      1.04     -0.91     -1.02
     -0.88      0.05     -0.06
      0.08      1.01     -1.02
      0.08      1.01     -1.97
      0.08      1.01     -0.06
      0.08      0.05     -0.06
     -0.88      1.01      0.90
     -1.83      0.05      1.85
      0.08     -0.91      1.85
      0.08     -0.91      0.90
      1.04     -0.91     -0.06
      0.08      0.05     -0.06
     -1.83      1.01     -1.02
     -0.88      0.05     -1.02
      0.08     -0.91      0.90
      0.08     -0.91      0.90
      0.08      1.01     -0.06
     -0.88      1.01     -1.02
     -0.88      0.05     -1.02
      1.04     -1.86     -0.06
     -0.88      1.01     -0.06
     -0.88      1.01     -0.06
      1.04      0.05     -0.06
      1.04     -1.86     -0.06
      0.08     -0.91      0.90
      0.08      0.05      1.85
     -0.88      0.05      1.85
     -0.88      0.05      0.90
     -0.88      0.05     -0.06
     -0.88      1.01      0.90
     -0.88      1.01      0.90
      0.08      1.01      0.90
      0.08      0.05     -1.02
      1.04     -0.91     -1.97
      0.08     -1.86     -1.02
     -1.83     -0.91     -0.06
     -0.88      1.01     -1.02
     -0.88      1.96      0.90
     -0.88      1.01      1.85
      0.08     -1.86      0.90
      1.04     -1.86     -0.06
      0.08      0.05     -1.02
      0.08      1.01     -1.02
      0.08      0.05     -0.06
     -0.88      0.05      0.90
     -0.88      1.01      0.90
      0.08      1.01      0.90
      0.08      0.05      1.85
      0.08     -1.86      1.85
      1.04     -0.91      0.90
     -0.88      0.05     -1.02
      0.08      0.05     -1.02
      0.08      0.05     -1.02
      0.08     -1.86     -0.06
      0.08     -1.86     -1.02
      0.08      1.01     -1.02
     -0.88      1.96     -0.06
     -0.88      2.92      1.85
     -0.88      1.96      1.85
     -0.88      1.01      0.90
      0.08     -0.91      0.90
      0.08     -1.86     -0.06
      0.08     -0.91     -0.06
      1.04     -0.91     -1.02
      1.04     -1.86     -1.02
     -0.88     -1.86     -0.06
     -0.88      1.01     -0.06
      0.08      1.01     -1.02
     -0.88      0.05     -0.06
      0.08      1.01      0.90
      1.04      1.96      0.90
      0.08      2.92     -0.06
      0.08      0.05     -0.06
     -0.88     -1.86      0.90
     -1.83      0.05      0.90
     -0.88     -0.91     -0.06
      0.08     -0.91     -1.02
      0.08     -0.91     -1.02
      1.04     -1.86     -0.06
      0.08     -0.91      0.90
      0.08      0.05      1.85
      0.08      1.96      1.85
     -0.88      1.96      1.85
     -0.88      0.05      0.90
      0.08      1.01     -0.06
      0.08      1.96      0.90
      0.08     -0.91     -1.02
      1.04     -3.78     -1.02
      1.04     -2.82      0.90
     -0.88     -0.91     -0.06
     -0.88      0.05     -1.97
     -0.88      1.01     -1.02
      1.04     -0.91      0.90
      0.08      1.01     -0.06
     -1.83      1.96     -0.06
     -0.88      1.01      1.85
      0.08      1.01      1.85
      0.08      0.05     -0.06
     -0.88     -0.91     -1.02
      0.08     -0.91     -0.06
      0.08      0.05     -0.06
     -1.83     -0.91     -0.06
     -0.88      0.05      0.90
      0.08      1.96      0.90
      1.04      1.01     -0.06
      1.04     -0.91     -0.06
      1.04     -1.86     -1.02
     -0.88      0.05     -0.06
      0.08      0.05      0.90
      0.08     -0.91     -0.06
     -0.88      1.01     -1.02
     -0.88      1.01     -1.02
      0.08      1.01      0.90
      1.04      1.01      0.90
     -0.88      0.05     -0.06
     -0.88      0.05     -0.06
     -0.88      0.05      0.90
      0.08     -0.91      1.85
      0.08     -1.86      0.90
      0.08     -0.91     -1.02
      0.08     -1.86     -2.93
      0.08     -0.91     -1.02
      0.08      0.05      0.90
     -0.88      1.01     -0.06
      0.08      1.96     -0.06
      0.08      1.96     -0.06
     -0.88      0.05     -0.06
     -0.88      1.01     -0.06
      0.08     -0.91     -0.06
      0.08     -0.91     -0.06
     -0.88      0.05     -0.06
     -0.88     -0.91     -1.02
      1.04      0.05     -1.02
      1.04      0.05     -1.02
      0.08      0.05      0.90
     -0.88     -0.91      1.85
     -0.88      0.05      1.85
      0.08      1.96      1.85
      0.08      1.96      0.90
     -0.88      0.05      0.90
      0.08      0.05     -0.06
     -0.88      0.05     -1.02
     -0.88     -1.86     -1.02
      0.08     -1.86     -1.02
      0.08     -1.86     -1.02
      1.04     -0.91      0.90
      0.08      0.05      0.90
     -0.88      0.05      0.90
      0.08      0.05      0.90
      0.08      0.05      0.90
     -0.88      1.01      1.85
     -0.88      1.96      0.90
      0.08      1.01      0.90
      1.04      1.01      0.90
      1.04     -0.91     -0.06
      0.08     -1.86     -1.97
      0.08     -1.86     -1.02
      0.08     -0.91     -0.06
      0.08     -0.91     -0.06
      1.04      0.05     -0.06
     -0.88      1.01     -0.06
     -0.88      1.96     -0.06
     -0.88      1.01      0.90
     -0.88      0.05      0.90
      0.08     -0.91     -0.06
      1.04      0.05      0.90
     -0.88      1.01      1.85
      0.08      0.05      0.90
      0.08     -1.86     -0.06
     -1.83     -1.86     -0.06
     -1.83      0.05     -0.06
      0.08      0.05     -1.02
      0.08      0.05     -1.02
      0.08      1.01     -0.06
     -0.88      1.96     -1.02
      0.08      0.05     -0.06
      1.04     -0.91      0.90
      0.08     -1.86      0.90
      0.08     -0.91      0.90
      0.08      0.05     -0.06
      0.08      0.05     -0.06
      0.08     -0.91      0.90
      0.08     -0.91      0.90
      0.08      1.01     -0.06
      0.08      1.96     -0.06
      1.04      0.05      0.90
      0.08     -1.86     -0.06
      1.04     -0.91     -0.06
      0.08      1.01     -0.06
     -0.88      0.05     -0.06
     -0.88     -0.91      0.90
     -0.88     -0.91      0.90
     -0.88      0.05      0.90
      0.08      0.05      0.90
      1.04     -0.91     -0.06
      0.08      1.01     -1.02
      0.08      1.01     -1.97
     -0.88      0.05     -1.02
      0.08     -0.91      0.90
     -0.88      0.05      0.90
     -0.88      1.01      1.85
      1.04      0.05      0.90
      1.04      0.05      0.90
     -0.88      0.05     -0.06
     -0.88      1.01     -1.02
      0.08      0.05     -0.06
      0.08     -1.86      0.90
     -0.88      0.05     -0.06
     -0.88      1.01     -0.06
      0.08      0.05     -0.06
      1.04      0.05     -0.06
      0.08      0.05      0.90
     -0.88      1.01     -0.06
     -0.88      0.05     -1.02
      0.08     -1.86     -0.06
      0.08     -1.86      0.90
     -0.88      1.01      0.90
      0.08      1.01     -0.06
      0.08      0.05     -1.02
     -0.88      0.05      0.90
     -0.88      1.96      0.90
      0.08      0.05      0.90
      1.04      0.05      0.90
      1.04      0.05      0.90
     -0.88      0.05     -0.06
      0.08     -0.91     -1.97
      0.08      0.05     -1.02
      0.08      0.05     -0.06
      0.08     -0.91      1.85
      0.08     -0.91      1.85
      0.08      1.01     -0.06
      0.08      0.05     -1.02
      0.08     -0.91     -0.06
     -0.88      1.01      0.90
     -0.88      2.92     -0.06
     -0.88      1.96     -0.06
      0.08      0.05      0.90
      0.08      1.01      0.90
      0.08      0.05      0.90
      0.08     -0.91     -0.06
     -0.88     -0.91     -0.06
     -0.88     -0.91     -0.06
      1.04     -1.86     -0.06
      1.04     -0.91     -0.06
      0.08     -0.91      0.90
     -0.88      0.05     -0.06
     -0.88      1.96     -0.06
     -0.88      1.96      0.90
     -0.88      1.01      0.90
      1.04     -0.91     -0.06
      1.04     -1.86     -1.02
      0.08     -0.91     -0.06
     -0.88      0.05     -0.06
     -1.83      1.01     -0.06
     -0.88      1.01     -0.06
     -0.88      1.01      0.90
      0.08      0.05      0.90
      1.04     -0.91      1.85
      1.04     -0.91      0.90
      0.08      0.05      0.90
      0.08      0.05     -0.06
      0.08      0.05     -1.02
     -0.88      0.05     -1.02
     -0.88      0.05     -1.02
      0.08      0.05     -0.06
      0.08      1.01     -0.06
      0.08      1.01     -1.02
     -0.88      0.05     -1.02
     -0.88      0.05      0.90
      0.08      1.01      0.90
     -0.88      1.01     -0.06
     -0.88      0.05      0.90
      0.08     -1.86      0.90
      1.04     -0.91      0.90
      1.04      0.05     -0.06
      0.08     -0.91     -0.06
     -0.88     -0.91     -1.02
     -0.88      0.05     -1.02
     -0.88      1.01     -0.06
      0.08      0.05     -0.06
      1.04      0.05     -0.06
      1.04      1.01      0.90
      0.08      1.01      0.90
     -0.88     -0.91      0.90
     -0.88     -0.91      0.90
      0.08     -0.91     -0.06
     -0.88      1.01     -0.06
      0.08      1.96      0.90
      0.08      1.01     -0.06
      1.04     -0.91     -1.02
      0.08     -0.91     -1.02
      0.08     -0.91     -0.06
     -0.88     -0.91      0.90
     -0.88     -0.91      0.90
     -0.88      1.01      0.90
     -0.88      1.01     -0.06
      0.08      1.01     -0.06
      0.08      1.01     -0.06
      0.08      0.05     -0.06
      0.08     -0.91     -0.06
     -0.88      0.05      0.90
      0.08      0.05     -0.06
      0.08      0.05     -1.02
      0.08     -0.91     -0.06
      0.08     -1.86      0.90
      0.08     -0.91      0.90
      1.04      1.01     -0.06
      0.08      1.01     -0.06
     -0.88      0.05      0.90
     -0.88      0.05      0.90
      0.08      0.05     -0.06
      0.08      0.05     -0.06
     -0.88      0.05     -0.06
      0.08      1.01     -0.06
      0.08      0.05      0.90
      0.08     -0.91     -0.06
      0.08     -0.91     -0.06
      0.08     -0.91     -0.06
      0.08     -0.91     -1.02
      0.08      0.05     -0.06
     -0.88      1.01     -0.06
     -0.88      1.01     -0.06
     -0.88      1.01     -0.06
     -0.88      1.96      0.90
      0.08      1.01      0.90
      1.04      0.05      0.90
      0.08     -0.91      0.90
      0.08     -0.91     -0.06
      1.04     -0.91     -0.06
     -0.88     -0.91     -1.02
     -1.83      0.05     -0.06
     -0.88      0.05      0.90
      1.04     -0.91     -0.06
      1.04     -0.91     -0.06
      0.08      1.01     -1.97
      0.08      1.01     -1.02
      0.08      0.05     -0.06
      0.08      0.05      0.90
     -0.88      1.01     -0.06
     -0.88      1.01     -0.06
     -0.88      1.01     -0.06
     -0.88      0.05      0.90
      0.08     -0.91      0.90
      0.08     -0.91      0.90
      0.08      0.05      0.90
      0.08      0.05      0.90
      0.08     -0.91     -0.06
      0.08     -0.91     -0.06
      0.08     -0.91     -0.06
      0.08      0.05     -1.02
      0.08     -1.86     -0.06
     -0.88     -0.91     -0.06
     -0.88      0.05     -0.06
      0.08      1.01     -0.06
     -0.88      1.01      0.90
     -0.88      1.01      0.90
     -0.88      1.96     -0.06
      0.08      1.96     -0.06
      0.08      1.01     -0.06
      0.08      0.05     -0.06
      0.08      0.05     -1.02
      1.04     -0.91     -0.06
     -0.88     -0.91     -0.06
      0.08     -0.91     -0.06
      0.08     -0.91     -0.06
      1.04     -0.91     -1.02
      1.04     -1.86     -0.06
     -0.88      0.05     -0.06
     -0.88      1.01      0.90
      0.08      1.01      0.90
      0.08      1.01      0.90
      0.08      0.05      0.90
      0.08      0.05      0.90
      0.08     -0.91      0.90
      0.08      0.05     -0.06
     -0.88      1.01     -0.06
     -0.88      0.05     -0.06
      0.08      0.05     -0.06
      0.08     -0.91     -1.02
      0.08      0.05     -0.06
      0.08      0.05      0.90
      0.08      0.05     -0.06
      0.08      0.05     -1.02
     -0.88      0.05     -1.02
     -0.88     -0.91     -1.02
      0.08     -0.91      0.90
      0.08     -0.91      1.85
     -0.88     -0.91      0.90
      0.08     -0.91     -0.06
     -0.88      1.01     -0.06
      0.08      1.01      0.90
     -0.88      1.01     -0.06
      0.08     -0.91     -0.06
      0.08     -0.91     -0.06
      0.08      0.05      0.90
      0.08      0.05     -0.06
      0.08      0.05     -0.06
      0.08     -0.91     -0.06
     -0.88     -0.91     -0.06
      0.08      0.05     -0.06
      0.08      0.05     -0.06
      0.08      0.05     -0.06
      0.08      1.01      0.90
     -0.88      1.01      0.90
      0.08      0.05      0.90
      0.08     -0.91      0.90
      0.08      0.05     -0.06
      0.08      0.05     -1.02
      0.08      0.05     -1.02
      0.08     -0.91      0.90
      0.08      0.05     -0.06
     -0.88      0.05     -1.02
      0.08      0.05     -0.06
     -0.88      0.05     -0.06
     -0.88      0.05     -0.06
      0.08      1.01     -0.06
      0.08      0.05      0.90
      0.08      0.05      0.90
      0.08      0.05      0.90
      0.08     -0.91      0.90
     -0.88     -0.91      0.90
     -0.88      0.05     -0.06
      0.08      1.01     -0.06
      0.08      0.05     -1.02
      0.08      0.05     -0.06
      0.08      0.05     -0.06
      0.08     -0.91     -0.06
      0.08     -0.91     -0.06
      0.08     -0.91      0.90
      0.08      0.05      0.90
      1.04      0.05     -0.06
      0.08      0.05     -0.06
     -0.88      1.01     -0.06
     -0.88      1.01     -0.06
      0.08      0.05      0.90
      0.08      0.05      0.90
      0.08      0.05      0.90
     -0.88      0.05     -0.06
      0.08      0.05     -0.06
      0.08      0.05     -0.06
      0.08     -0.91     -0.06
      0.08     -0.91     -0.06
     -0.88      0.05     -0.06
     -0.88      0.05     -0.06
     -0.88      0.05      0.90
      0.08      0.05      0.90
     -0.88      1.01     -0.06
     -0.88      1.01     -1.02
      1.04      0.05     -0.06
      0.08     -0.91     -0.06
     -0.88      0.05     -0.06
     -0.88      0.05     -0.06
     -0.88      0.05     -0.06
     -0.88      0.05     -0.06
      0.08      0.05      0.90
      0.08      1.01      0.90
      0.08      0.05     -0.06
      0.08     -0.91     -0.06
      0.08     -0.91      0.90
     -0.88      0.05     -0.06
      0.08      1.01     -0.06
      0.08      0.05     -0.06
      0.08      0.05      0.90
     -0.88      0.05     -0.06
     -0.88      0.05     -0.06
      0.08     -0.91      0.90
      0.08     -0.91      0.90
      0.08      0.05     -0.06
      0.08      1.01     -0.06
     -0.88      0.05     -1.02
      0.08      0.05     -0.06
      0.08      0.05     -0.06
     -0.88      0.05      0.90
     -0.88      0.05      0.90
      0.08     -0.91      0.90
     -0.88      0.05      0.90
      0.08      0.05      0.90
      0.08      0.05     -1.02
      0.08     -0.91     -0.06
      0.08      0.05     -0.06
     -0.88      1.01     -0.06
     -0.88      1.01     -0.06
     -0.88      0.05     -0.06
     -0.88     -0.91      0.90
      0.08     -0.91      0.90
      0.08      0.05      0.90
      0.08      0.05      0.90
      0.08      0.05     -0.06
      0.08      0.05     -0.06
      0.08      0.05     -0.06
      0.08      0.05     -0.06
     -0.88      0.05     -0.06
      0.08      0.05     -0.06
      0.08      0.05     -0.06
      0.08     -0.91      0.90
      0.08      0.05      0.90
      0.08      0.05     -0.06
      1.04      0.05      0.90
      0.08     -0.91      0.90
     -0.88      0.05     -0.06
     -0.88      1.01     -0.06
      0.08      1.01      0.90
      0.08     -0.91     -0.06
      0.08     -0.91     -1.02
      0.08      0.05     -1.02
     -0.88      0.05     -0.06
      0.08      0.05      0.90
      0.08      0.05      0.90
      0.08      0.05     -0.06
      0.08     -0.91     -0.06
      0.08     -0.91      0.90
      0.08      0.05      0.90
      0.08      0.05     -0.06
      0.08      0.05     -0.06
     -0.88      0.05     -0.06
     -0.88      0.05     -0.06
      0.08      0.05     -0.06
      0.08      0.05      0.90
     -0.88      0.05      0.90
     -0.88      0.05     -0.06
      0.08      0.05      0.90
      0.08      0.05      0.90
      0.08      0.05     -0.06
      0.08      0.05     -0.06
      0.08      0.05     -0.06
      0.08     -0.91     -0.06
      0.08      0.05     -0.06
      0.08      0.05     -0.06
      0.08      0.05     -0.06
     -0.88      0.05     -0.06
      0.08      0.05     -0.06
     -0.88      1.01     -0.06
     -0.88      1.01     -0.06
      0.08      0.05      0.90
      0.08      0.05      0.90
      0.08      0.05      0.90
      1.04      0.05     -0.06
      0.08      0.05     -0.06
      0.08      0.05     -0.06
     -0.88      0.05     -0.06
     -0.88      0.05     -0.06
     -0.88      0.05     -0.06
     -0.88      0.05     -0.06
     -0.88      0.05     -0.06
      0.08      0.05      0.90
      0.08      0.05      0.90
      0.08      0.05      0.90
      0.08     -0.91     -0.06
      0.08     -0.91      0.90
     -0.88      0.05      0.90
      0.08     -0.91     -0.06
      0.08      0.05     -0.06
      0.08      0.05     -0.06
      0.08      1.01     -0.06
      0.08      0.05     -0.06
      0.08      0.05      0.90
      0.08      0.05     -0.06
      0.08      0.05     -0.06
      0.08      0.05     -0.06
      0.08     -0.91      0.90
      0.08      0.05     -0.06
     -0.88      0.05     -0.06
      0.08      0.05     -0.06
      0.08      0.05     -0.06
      0.08      0.05     -0.06
      0.08      0.05     -0.06
      0.08     -0.91     -0.06
      0.08     -0.91     -0.06
     -0.88      0.05     -0.06
     -0.88      0.05     -0.06
      0.08     -0.91     -0.06
      0.08      0.05     -0.06
      0.08      0.05     -0.06
      0.08      0.05     -0.06
      0.08      0.05     -0.06
      0.08      0.05     -0.06
     -0.88      0.05     -0.06
      0.08      0.05     -0.06
      0.08      0.05      0.90
     -0.88      0.05      0.90
      0.08      1.01      0.90
      0.08      0.05      0.90
      0.08      0.05     -0.06
      0.08      0.05     -0.06
      0.08     -0.91     -0.06
     -0.88     -0.91     -0.06
      0.08     -0.91     -0.06
      0.08      0.05     -0.06
      0.08      0.05     -0.06
      0.08      1.01     -0.06
      0.08      0.05     -0.06
      0.08      0.05     -1.02
      0.08      0.05     -0.06
     -0.88      0.05      0.90
      0.08      0.05      0.90
      0.08     -0.91      0.90
      0.08      0.05      0.90
      0.08      0.05     -0.06
      0.08      0.05     -0.06
      0.08     -0.91     -0.06
      0.08     -0.91     -0.06
      0.08      0.05     -0.06
     -0.88      0.05     -0.06
     -0.88      1.01     -0.06
     -0.88      1.01      0.90
      0.08      0.05     -0.06
      0.08      0.05     -0.06
      0.08      0.05     -0.06
      0.08      0.05     -0.06
      0.08     -0.91     -0.06
      0.08      0.05     -0.06
      0.08      0.05     -0.06
     -0.88      0.05     -1.02
     -0.88      0.05     -0.06
      0.08      0.05      0.90
      0.08      0.05      0.90
      0.08      0.05     -0.06
      0.08      0.05     -0.06
      0.08      0.05     -0.06
      0.08      0.05     -0.06
      0.08      0.05     -0.06
      0.08     -0.91     -0.06
      0.08     -0.91     -0.06
      0.08      0.05     -0.06
      0.08      0.05     -0.06
      0.08      1.01     -0.06
      0.08      1.01     -0.06
      0.08      0.05     -0.06
      0.08     -0.91     -0.06
      0.08     -0.91      0.90
      0.08     -0.91     -0.06
     -0.88      0.05     -0.06
     -0.88      0.05     -0.06
      0.08      0.05     -0.06
      0.08     -0.91     -0.06
     -0.88      1.01     -0.06
     -0.88      1.01      0.90
      0.08      0.05      0.90
      0.08      0.05      0.90
      0.08     -0.91     -0.06
      0.08      0.05     -0.06
      0.08      0.05     -0.06
      0.08     -0.91     -0.06
      0.08     -0.91      0.90
      0.08     -0.91     -0.06
      0.08     -0.91     -0.06
      0.08      0.05     -0.06
      0.08      0.05     -0.06
      0.08      1.01     -0.06
      0.08      0.05     -0.06
      0.08      0.05     -0.06
     -0.88      1.01     -0.06
     -0.88      1.01      0.90
      0.08      0.05      0.90
      0.08      0.05     -0.06
      0.08      0.05     -0.06
      0.08      0.05     -0.06
      0.08      0.05     -0.06
      1.04      0.05     -0.06
      0.08      0.05     -0.06
      0.08     -0.91      0.90
     -0.88      0.05     -0.06
     -0.88      0.05     -0.06
      0.08      0.05     -0.06
      0.08      0.05     -0.06
     -0.88      0.05     -0.06
     -0.88      1.01     -0.06
      0.08      1.01     -0.06
      0.08      0.05     -0.06
     -0.88      0.05     -0.06
      0.08      0.05     -0.06
      0.08      0.05     -0.06
      0.08      0.05     -0.06
      0.08     -0.91     -0.06
      0.08     -0.91     -0.06
     -0.88      0.05     -0.06
     -0.88      0.05     -0.06
      0.08      0.05     -0.06
      0.08      0.05     -0.06
      0.08      0.05     -0.06
      0.08      0.05     -0.06
      0.08      0.05     -0.06
     -0.88      0.05     -0.06
     -0.88      0.05     -0.06
      0.08      0.05     -0.06
     -0.88      0.05     -0.06
      0.08     -0.91      0.90
      0.08     -0.91     -0.06
      0.08      0.05      0.90
      0.08      0.05     -0.06
      0.08      0.05     -0.06
      0.08      0.05     -0.06
     -0.88      0.05      0.90
      0.08      0.05     -0.06
      0.08      0.05     -0.06
      0.08     -0.91     -0.06
      0.08      0.05     -0.06
     -0.88      0.05     -0.06
      0.08      0.05      0.90
      0.08      0.05     -0.06
      0.08     -0.91     -1.02
      0.08      0.05     -0.06
      0.08      0.05     -0.06
      0.08      0.05     -0.06
      0.08      1.01     -0.06
      0.08      0.05     -0.06
      0.08      0.05     -0.06
      0.08      0.05     -0.06
      0.08      0.05     -0.06
      0.08      0.05     -0.06
     -0.88      0.05      0.90
     -0.88      0.05      0.90
     -0.88      0.05      0.90
      0.08      0.05      0.90
      0.08      0.05     -0.06
     -0.88      0.05     -0.06
      0.08      0.05     -0.06
      0.08      0.05     -0.06
      0.08      1.01     -0.06
     -0.88      0.05     -0.06
      0.08      0.05     -0.06
      0.08      0.05     -0.06
      0.08      0.05      0.90
      0.08      0.05      0.90
      0.08      0.05     -0.06
      0.08      0.05     -1.02
      0.08      0.05     -0.06
      0.08      0.05     -0.06
      0.08      0.05     -0.06
      0.08      0.05     -0.06
      0.08      0.05     -0.06
      0.08      0.05     -0.06
     -0.88      0.05     -0.06
      0.08      0.05     -0.06
      0.08      0.05     -0.06
      0.08      0.05     -0.06
      0.08      0.05     -0.06
      0.08      0.05      0.90
      0.08      0.05      0.90
     -0.88      0.05      0.90
      0.08      0.05     -0.06
      0.08      0.05     -0.06
      0.08      1.01     -0.06
     -0.88      0.05     -0.06
      0.08      0.05     -0.06
     -0.88      0.05     -0.06
      0.08      0.05     -0.06
      0.08     -0.91     -0.06
      0.08      0.05     -0.06
      0.08      0.05     -0.06
      0.08      0.05     -0.06
      0.08      0.05      0.90
      0.08      0.05      0.90
      0.08      0.05      0.90
      0.08      0.05     -0.06
      0.08      0.05      0.90
      0.08      0.05     -0.06
      0.08      0.05     -0.06
      0.08      0.05     -0.06
     -0.88      0.05     -0.06
      0.08      0.05     -0.06
      0.08      0.05     -0.06
      0.08      0.05     -0.06
      0.08      0.05     -0.06
     -0.88      0.05      0.90
      0.08      0.05     -0.06
      0.08      0.05     -0.06
     -0.88      0.05     -0.06
      0.08      0.05     -0.06
      0.08      0.05     -0.06
      0.08      0.05     -0.06
      0.08      0.05     -0.06
      0.08      0.05      0.90
     -0.88      0.05      0.90
     -0.88      0.05      0.90
      0.08      0.05     -0.06
      0.08      0.05     -1.02
      0.08      0.05     -0.06
      0.08      0.05     -0.06
      0.08      0.05     -0.06
      0.08      0.05     -0.06
      0.08      0.05     -1.02
      0.08      0.05     -0.06
      0.08      0.05     -0.06
      0.08      0.05     -0.06
      0.08      0.05     -0.06
      0.08      0.05     -0.06
     -0.88      1.01     -0.06
      0.08      0.05     -0.06
      0.08     -0.91      0.90
     -0.88      0.05      0.90
      0.08      0.05      0.90
      0.08      0.05     -0.06
      0.08      0.05     -0.06
      0.08      0.05     -0.06
      0.08      0.05     -0.06
      0.08      0.05     -0.06
      0.08      0.05     -0.06
     -0.88      0.05     -0.06
     -0.88      0.05     -0.06
      0.08      0.05     -0.06
      0.08      0.05     -0.06
      0.08      0.05     -0.06
     -0.88      0.05     -0.06
      0.08      0.05      0.90
      0.08      0.05      0.90
      0.08      0.05     -0.06
      0.08      0.05     -0.06
      0.08      0.05     -0.06
      0.08      0.05     -0.06
      0.08      0.05     -0.06
      0.08      0.05     -0.06
      0.08      0.05     -0.06
     -0.88      0.05     -0.06
      0.08      0.05     -0.06
      0.08      0.05      0.90
      0.08      0.05     -0.06
     -0.88      0.05     -0.06
      0.08      0.05     -0.06
     -0.88      0.05     -0.06
     -0.88      0.05     -0.06
      0.08     -0.91     -0.06
      0.08      0.05     -0.06
      0.08      0.05      0.90
      0.08      0.05     -0.06
      0.08      0.05     -0.06
      0.08     -0.91     -0.06
      0.08      0.05     -1.02
     -0.88      0.05     -0.06
     -0.88      0.05     -0.06
      0.08      0.05      0.90
      0.08      0.05      0.90
      0.08      0.05     -0.06
      0.08      0.05     -0.06
      0.08     -0.91     -0.06
      0.08      0.05     -0.06
      0.08      0.05     -0.06
     -0.88      0.05      0.90
     -0.88      0.05      0.90
      0.08      0.05      0.90
      0.08      0.05     -0.06
      0.08      0.05      0.90
      0.08      0.05      0.90
      0.08      0.05      0.90
      0.08      0.05     -0.06
      0.08      0.05     -0.06
      0.08      0.05     -0.06
      0.08      0.05     -0.06
      0.08      0.05     -0.06
      0.08      0.05     -0.06
      0.08     -0.91      0.90
      0.08      0.05      0.90
      0.08      0.05     -0.06
     -0.88      0.05     -0.06
     -0.88      0.05     -0.06
      0.08      0.05     -0.06
      0.08      0.05     -0.06
      0.08      0.05     -0.06
      0.08      0.05     -0.06
     -0.88      0.05     -0.06
     -0.88      0.05      0.90
      0.08      0.05      0.90
      0.08      0.05      0.90
      0.08      0.05     -0.06
      0.08      0.05     -0.06
      0.08      0.05     -0.06
      0.08      0.05     -0.06
      0.08      0.05     -0.06
     -0.88      0.05     -0.06
      0.08      0.05     -0.06
      0.08      0.05     -0.06
      0.08      0.05     -0.06
      0.08      0.05     -0.06
      0.08      0.05     -0.06
      0.08      0.05     -0.06
      0.08     -0.91     -0.06
      0.08      0.05     -0.06
     -0.88      0.05      0.90
     -0.88      0.05     -0.06
      0.08      0.05     -0.06
      0.08      0.05     -0.06
      0.08      0.05     -0.06
      0.08      0.05     -0.06
      0.08      0.05      0.90
     -0.88      0.05     -0.06
      0.08      0.05     -0.06
      0.08      0.05     -0.06
      0.08      0.05     -0.06
      0.08      0.05     -0.06
      0.08      0.05     -0.06
      0.08      0.05     -0.06
     -0.88      0.05     -0.06
     -0.88      0.05     -0.06
     -0.88      0.05      0.90
      0.08      0.05      0.90
      0.08      0.05     -0.06
      0.08      0.05     -0.06
     -0.88      0.05     -0.06
     -0.88      0.05     -0.06
      0.08      0.05     -0.06
      0.08      0.05     -0.06
      0.08      0.05     -0.06
      0.08      0.05     -0.06
      0.08      0.05     -0.06
      0.08      0.05     -0.06
      0.08      0.05     -0.06
      0.08      0.05     -0.06
      0.08      0.05     -0.06
      0.08      0.05      0.90
      0.08      0.05     -0.06
      0.08      0.05     -0.06
      0.08     -0.91     -0.06
     -0.88      0.05     -0.06
      0.08      0.05     -0.06
      0.08     -0.91     -0.06
      0.08      0.05     -0.06
      0.08      0.05     -0.06
      0.08     -0.91     -0.06
      0.08      0.05      0.90
      0.08      0.05     -0.06
     -0.88      0.05     -0.06
     -0.88      0.05     -0.06
      0.08      0.05     -0.06
      0.08      0.05     -0.06
      0.08      0.05      0.90
      0.08      0.05     -0.06
      0.08      0.05     -0.06
      0.08      0.05     -0.06
      0.08      0.05     -0.06
      0.08      0.05     -0.06
      0.08      0.05     -0.06
     -0.88      0.05     -0.06
      0.08     -0.91      0.90
      0.08      0.05      0.90
      0.08      0.05     -0.06
      0.08      0.05     -0.06
      0.08      0.05     -0.06
      0.08      0.05     -0.06
      0.08      0.05      0.90
      0.08      0.05     -0.06
     -0.88     -0.91     -0.06
     -0.88      0.05     -0.06
      0.08      0.05     -0.06
      0.08      0.05     -0.06
      0.08      0.05     -0.06
      0.08      0.05     -0.06
      0.08      0.05      0.90
      0.08      1.01      0.90
      0.08      1.01      0.90
      0.08      0.05      0.90
      0.08      0.05     -0.06
      0.08      0.05     -0.06
      0.08      0.05     -0.06
      0.08      0.05     -0.06
      0.08      0.05      0.90
      0.08      0.05     -0.06
      0.08      0.05     -0.06
     -0.88      0.05      0.90
      0.08      0.05     -0.06
      0.08      0.05     -0.06
      0.08      0.05     -0.06
     -0.88      0.05     -0.06
      0.08      0.05     -0.06
      0.08      0.05     -0.06
      0.08      0.05     -0.06
      0.08      0.05     -0.06
     -0.88      0.05     -0.06
      0.08      0.05      0.90
     -0.88      1.01      0.90
     -0.88      0.05      0.90
      0.08      0.05     -0.06
      0.08      0.05     -0.06
      0.08      0.05     -0.06
      0.08      0.05     -0.06
      0.08      0.05     -0.06
      0.08     -0.91     -0.06
     -0.88      0.05      0.90
      0.08      0.05      0.90
      0.08      0.05      0.90
