********************************************************************************
                       INSTITUTO DE INGENIERIA, UNAM
                   Coordinacion de Instrumentacion Sismica
  Ciudad Universitaria, Apartado Postal 70-472, Coyoacan 04510, Mexico, D.F.
 Tel.(52-5)622-3414    Fax.(52-5)616-1514    e-mail: isismica@pumas.iingen.unam.mx
********************************************************************************
ARCHIVO ESTANDAR DE ACELERACION:
VERSION DEL FORMATO                    : 2.0
NOMBRE DEL ARCHIVO                     : CU017407.121
FECHA Y HORA DE CREACION               : Wed Mar  4 10:55:14 1998
REF. CATALOGO ACELEROGRAMAS, SMIS 1995 : REGISTRO No. 64 /PAG. 36


================================================================================
DATOS DE LA ESTACION:
NOMBRE DE LA ESTACION                  : IDEI LABORATORIO INSTRUMENTACION SISMICA
CLAVE DE LA ESTACION                   : CU01
LOCALIZACION DE LA ESTACION            : LABORATORIO DE INSTRUMENTACIÃ“N SISMICA, EDIFICIO
                                       : PRINCIPAL,PLANTA BAJA, IDEI, UNAM, CU. 
                                       : 
                                       : 
                                       : 
COORDENADAS DE LA ESTACION             : 19.33 LAT. N
                                       : 99.183 LONG. W
ALTITUD (msnm)                         : 2240
TIPO DE SUELO                          : ROCA BASALTICA
                                       : 
                                       : 
INSTITUCION RESPONSABLE                : INSTITUTO DE INGENIERIA UNAM 
                                       : 

================================================================================
DATOS DEL ACELEROGRAFO:
MODELO DEL ACELEROGRAFO                : AR-240
NUMERO DE SERIE DEL ACELEROGRAFO       : 0191
NUMERO DE CANALES                      : 3
ORIENTACION C1-C6 (rumbo;orientacion)  : /N--S/+V/E--W
ORIENTACION C7-C12 (rumbo;orientacion) :
VEL. DE MUESTREO, C1-C6 (muestras/s)   : /--/--/--
VEL. DE MUESTREO, C7-C12 (muestras/s)  :
ESC. COMPLETA DE SENSORES, C1-C6, (g)  : /1/1/1
ESC. COMPLETA DE SENSORES, C7-C12, (g) :
FREC. NAT. DE SENSORES, C1-C6, (Hz)    : /19.0/18.7/19.6
FREC. NAT. DE SENSORES, C7-C12, (Hz)   :
AMORTIGUAMIENTO DE SENSORES, C1-C6     : /0.6/0.6/0.6
AMORTIGUAMIENTO DE SENSORES, C7-C12    :
INTERVALO DE MUESTREO, C1-C6, (s)      : /0.01/0.01/0.01
INTERVALO DE MUESTREO, C7-C12, (s)     :
UMBRAL DE DISPARO, C1-C6, (Gal)       *: /--/10/--
UMBRAL DE DISPARO, C7-C12, (Gal)       :
MEMORIA DE PREEVENTO (s)               : 0
TIEMPO DE POSEVENTO (s)                : 8


================================================================================
DATOS DEL SISMO:
FECHA DEL SISMO [GMT]                  : 1974/07/12
HORA EPICENTRO (GMT)                   : 14:38:26.0
MAGNITUD(ES)                           : /Mc=3.50
COORDENADAS DEL EPICENTRO              : 19.291 LAT. N 
                                       : 99.200 LONG. W 
PROFUNDIDAD FOCAL (km)                 : < 5
FUENTES DE LOS DATOS EPICENTRALES      : INSTITUTO DE INGENIERIA UNAM
                                       : 

================================================================================
DATOS DE ESTE REGISTRO:
HORA DE LA PRIMERA MUESTRA (GMT)       : --:--:--.-
EXACTITUD DEL TIEMPO (s)               : --     
DURACION DEL REGISTRO (s), C1-C6       : /8.93/8.91/8.9
DURACION DEL REGISTRO (s), C7-C12      :
NUM. TOTAL DE MUESTRAS, C1-C6          : /893/891/890   
NUM. TOTAL DE MUESTRAS, C7-C12         :
ACEL. MAX.(Gal), C1-C6                 : /48.970/-16.782/31.449  
ACEL. MAX., C1-C6, EN LA MUESTRA       : /10/68/51      
ACEL. MAX.(Gal), C7-C12                :
ACEL. MAX., C7-C12, EN LA MUESTRA      :
UNIDADES DE LOS DATOS                  : Gal (cm/s/s)
FACTOR DE DECIMACION                   : 1
FORMATO DATOS (FORTRAN,10 campos/dato) : 3F10.3


===============================================================================
CALIDAD DEL ACELEROGRAMA:
REGISTRO ANALOGICO AL QUE FALTA UNA PARTE AL INICIO SIN TIEMPO
ABSOLUTO. DIGITALIZACION SEMIAUTOMATICA O MANUAL.

===============================================================================
COMENTARIOS:

          * Disparo por arrancador mecánico
            Registro en papel fotográfico











===============================================================================
DATOS DE ACELERACION:
---------+---------+---------+---------+---------+---------+---------+---------+
   CANAL-1   CANAL-2   CANAL-3   CANAL-4   CANAL-5   CANAL-6   CANAL-7   CANAL-8
      N--S        +V      E--W
---------+---------+---------+---------+---------+---------+---------+---------+
   -20.222   -14.685   -31.136
   -36.889     8.186   -18.561
   -36.193     8.000   -15.373
   -36.304     7.711    -9.365
   -31.991     2.277    -5.278
   -21.209    -7.241     0.083
    12.993   -10.612     4.535
    32.482    -4.198     6.218
    48.057     2.628     6.023
    48.970     9.430     4.552
    43.802    11.438     3.626
    31.272     9.969    -1.021
     0.335     7.475     1.916
   -10.218     3.618     9.937
   -16.326     0.233    10.403
   -19.394    -5.860     9.016
   -18.896    -7.545     4.752
   -16.805    -7.865    -0.041
   -10.761    -7.669    -4.239
    -7.152    -4.240    -9.413
     5.072    -0.456   -10.825
    14.662     3.414    -8.506
    14.599     2.706    -7.759
    12.791     0.241    -2.937
    10.975    -3.869    11.850
    10.273    -8.324    20.365
    10.365    -8.753    19.503
    12.702    -5.517    19.754
    11.347    -1.878    13.489
    -5.649    -0.290    -2.728
   -17.357    -0.716   -12.296
   -15.565    -1.108   -10.111
   -18.549     1.330    -7.145
   -14.855    -0.384    -3.704
    -4.532    -1.845    -5.082
    -1.861    -2.672    -7.033
    -2.630    -2.145    -4.659
    -4.523    -0.429    -4.186
    -8.658    -1.832     0.052
    -6.736     2.150    -2.722
     2.980     3.194     2.668
    13.965     9.726    11.312
    18.482     5.311    -8.299
    17.200    -4.275   -20.701
    13.298    11.513   -22.638
   -13.179    15.070   -20.128
   -18.710    15.393    -8.370
     6.411    13.823    -0.374
     7.527     0.920    14.007
     9.656    -2.290    23.951
     9.782    -4.888    31.449
     0.598    -3.005    21.838
     1.581    -2.656    -2.949
    -1.265    -4.656    -6.321
     1.854    -6.970    -7.538
     4.272    -8.410    -7.831
     4.012    -5.306    -4.883
    -1.923    -4.870    -7.662
   -15.398    -3.600    -4.595
   -18.886    -2.630     4.954
   -20.997     0.785    11.553
   -14.661     4.530     8.737
    -2.310     9.224     2.000
     5.872    12.534    -7.431
    14.968    12.011    -9.746
    15.731     3.126    -3.061
    13.608   -13.751     0.850
    11.157   -16.782     4.692
     2.664   -14.103     8.439
    -6.178    -6.401     9.855
   -11.263     5.077    10.862
   -13.988     8.051     8.672
   -15.624     8.434     3.639
   -11.791     7.964     1.095
    -0.314     9.195    -0.471
     6.477     7.364     0.737
     5.306     1.765    -1.883
     6.259    -8.025    -9.802
     1.613   -13.261   -11.384
    -7.672    -9.773   -10.806
    -9.983    -7.500    -7.781
    -5.883    -3.284    -2.422
     3.026    -0.031    -1.404
    19.276     0.376    -2.048
    30.154    -1.238    -1.498
    24.123     1.620    -2.942
    16.413     2.764     2.090
    -0.843    -1.051    11.126
   -22.378    -0.148    10.274
   -20.813    -0.159    10.393
   -18.606     6.060     7.926
   -11.393     9.090     2.957
     4.739     6.720     4.081
     7.501     1.829     4.908
    11.418   -11.702     3.006
     5.132   -10.517    -6.767
    -9.555    -3.236   -14.143
    -9.697     1.212   -14.583
   -10.569     6.059   -13.499
    -8.699     2.463    -8.891
    -2.279    -1.628     1.076
     3.233    -4.243     8.580
     9.573     0.463     7.561
     9.079     8.463    10.780
     5.205     7.531     5.574
     1.148     1.250    -7.714
     0.558    -4.144    -9.150
     4.391    -5.543    -3.091
     7.952    -6.362     6.557
    14.542    -5.677    10.656
    14.198    -3.332     9.140
     1.108    -1.526     5.964
   -13.915     0.752     1.236
   -24.027     2.428    -2.509
   -24.958     5.081    -7.899
   -15.775     7.433   -14.139
     1.138     4.685   -15.984
    12.544     2.923   -11.590
    18.748     4.028    -5.862
    18.924     0.905     5.701
     0.697    -2.739    14.925
   -11.068    -7.115    12.420
   -12.605    -7.663     5.305
    -9.057    -0.624    -2.787
     3.971     1.285    -5.482
     7.027    -0.781    -4.537
     5.851    -0.990     1.605
    -1.724    -1.304     7.772
   -10.158    -1.399     6.257
    -9.481    -0.131     4.737
    -8.760     1.285     1.411
    -0.669     4.099    -3.987
     6.586     8.023    -6.637
     7.422     6.509    -7.710
     5.502     3.230    -6.437
     2.697    -1.877    -0.750
     1.298   -10.999     1.098
    -1.371    -8.923     0.339
    -3.069    -0.852     1.212
    -4.903    -0.447     1.509
    -3.652     1.307     3.477
    -2.525     0.661     1.872
    -3.218    -3.673     1.440
    -2.391    -3.260    -1.650
    -0.194    -2.115    -7.104
     5.254    -0.708    -6.640
     7.825     0.167    -4.798
     7.806     2.709    -0.719
     7.173     4.069     1.395
     2.586     1.994     3.542
    -1.279     0.530     4.605
    -1.234    -3.498     5.200
    -0.355    -3.240     5.731
     0.866     0.951     6.450
     2.425     3.853     6.658
     1.734     5.246    -2.965
    -0.093     2.798    -7.512
    -1.470    -0.392    -6.976
    -2.797    -2.052    -2.291
    -2.869    -0.022     3.482
    -2.419     0.660     1.158
    -1.435     0.204    -2.482
     0.463     0.723    -7.865
     3.978     1.037    -8.700
     9.913     3.464    -7.154
    13.803     2.460     2.399
    13.974     0.486    11.687
    10.740    -0.919    13.235
     2.388    -3.799    14.654
    -3.499    -4.374     5.395
    -4.677    -2.894    -5.117
    -4.575    -0.957   -12.836
    -2.349     1.476   -12.977
    -3.992     4.401   -14.035
    -9.432     4.035    -7.368
   -12.932     2.129    13.909
   -16.064    -0.482    13.909
   -15.209    -2.942    10.406
    -8.239    -1.273     6.545
    -0.015     0.264    -4.591
     8.446     2.374    -9.679
    14.083     4.662   -14.605
    13.639     3.523   -11.101
    10.997     1.085    -5.463
     4.948    -1.423     0.370
    -2.985    -3.927     6.613
    -5.989    -5.045     6.342
    -6.309    -4.597     4.680
    -5.388    -3.296     2.859
    -3.931    -0.932     1.168
    -2.031    -0.806    -0.944
     1.788    -0.768    -0.784
     4.349    -0.044     0.649
     5.485    -0.843     1.700
     5.663     0.063     3.013
     3.233    -0.346     2.606
    -0.074     2.371     0.135
    -2.893     5.205    -3.214
    -6.137     0.304    -2.957
    -8.237    -2.009    -0.590
    -8.468    -2.299     0.913
    -8.247    -3.154     3.071
    -5.153    -1.936     4.313
     0.315    -1.410     4.417
     5.237    -0.001     3.152
     8.754     0.774     2.038
     8.747    -0.656     0.215
     6.385    -0.740    -2.547
     4.906     1.216    -1.494
     3.046     2.893    -0.183
     1.066     3.732     1.345
    -0.961     2.918     2.962
    -3.253     1.323     2.775
    -3.723    -0.757     2.559
    -3.317    -3.049    -0.565
    -2.045    -0.585    -1.873
     0.061     4.040    -4.132
     1.094     5.172    -6.997
     1.448     1.702    -4.086
     1.834    -0.572     0.855
     1.791    -0.079     5.418
     1.345    -3.845     5.168
     0.985    -5.021     3.662
    -2.354    -2.627     3.521
    -5.415    -2.238     2.997
    -4.482    -0.839     3.278
    -4.958     0.294     2.862
    -5.790     0.617     2.342
    -5.232     0.370     0.651
    -4.743     0.145    -1.872
    -2.975    -0.336    -4.415
    -0.018    -0.111    -6.850
     4.482     1.171    -8.707
     8.560     2.237    -8.844
     9.520     3.584    -8.771
    10.034     2.390    -8.354
     9.379     0.713    -3.665
     6.699    -0.658     0.760
     4.551    -2.396     5.687
    -0.367    -5.115    10.579
    -3.857    -6.953     9.114
    -2.861    -3.604     4.497
    -3.202    -1.402     0.715
    -1.644     1.992    -0.765
    -0.104     7.110    -1.020
    -0.817     8.248    -1.405
    -1.396     6.678    -1.846
    -3.291     2.671    -2.797
    -4.391    -0.517    -3.911
    -4.035    -3.919    -4.759
    -2.462    -4.638    -3.722
     0.130    -2.826    -0.941
     2.838    -2.456     2.604
     4.936     0.566     4.766
     5.846     1.663     4.773
     3.723     0.338     4.399
    -1.513     0.103     2.627
    -4.330    -0.233    -0.100
    -5.812    -0.010    -3.061
    -6.351    -0.415    -5.104
    -5.058    -1.695    -4.502
    -4.442    -2.519    -2.579
    -3.251    -3.321     1.602
    -2.835    -2.820     5.134
    -2.301     0.415     5.169
    -0.483     2.098     3.768
     1.066     4.855     0.585
     3.346     7.783    -1.287
     4.471     5.456    -1.254
     4.058     2.875    -0.294
     3.724    -1.609     2.091
     2.484    -4.942     3.145
     0.821    -2.968     3.249
     1.564    -0.945     0.589
     3.783    -0.623    -2.416
     3.861    -1.934    -1.597
     1.721    -3.414    -1.868
    -2.174    -5.210    -0.268
    -4.879    -3.850     3.210
    -4.794    -1.056     3.605
    -4.264     2.560     3.938
    -1.482     7.877     2.479
     2.440     6.565    -0.809
     6.075     3.778    -3.321
     7.918     1.448    -5.240
     7.690    -2.707    -4.258
     6.304    -3.949    -2.576
     0.538    -2.493    -0.911
    -2.859    -0.448     0.936
    -3.360     0.035     2.170
    -4.771     1.362     3.817
    -4.822     2.444     3.568
    -6.739     1.519     2.017
    -8.442     0.258    -0.758
    -8.672    -0.700    -4.061
    -5.370     0.062    -6.087
    -2.149     1.608    -7.759
     0.279     1.681    -7.418
     8.298    -0.280    -6.171
    11.571    -1.601    -0.828
     9.094    -3.049     5.230
     4.421    -3.256     4.636
    -2.970    -0.913     4.391
    -7.789     0.529     4.076
    -9.905     0.719     2.558
    -8.968     0.472     1.872
    -5.693    -0.072     0.501
    -0.228    -1.122     1.214
     4.338    -0.405     1.495
     5.994     0.726     0.581
     5.300     2.068    -0.946
     1.837     4.303    -4.480
    -0.776     3.444    -6.319
    -1.880     2.011    -6.537
    -1.249     1.371    -5.000
     0.940    -0.511    -0.769
     4.114    -3.013     2.819
     5.611    -4.101     5.072
     4.925    -2.759     6.008
     3.839    -1.399     3.900
     0.518    -1.337     0.930
    -2.001     0.037    -0.462
    -4.024     1.350    -1.353
    -5.290     0.322    -2.294
    -4.448    -0.842    -2.144
    -3.571    -1.570    -1.754
    -2.477    -0.748    -1.443
    -1.220     0.277    -0.954
     0.619     1.781    -0.566
     2.428     2.173     0.416
     3.370    -0.331     1.274
     3.195    -1.351     2.162
     3.448    -2.512     2.832
     1.693    -3.323     2.731
    -1.177    -3.940     2.956
    -1.424    -1.948     2.685
    -0.512     2.916     1.990
     2.916     3.819     1.038
     5.313     3.888    -0.378
     5.128     2.515    -1.880
     3.835     0.434    -2.807
     1.761    -0.126    -4.118
    -1.757    -1.639    -4.895
    -5.452    -2.076    -3.644
    -4.944    -1.358    -1.903
    -4.934    -0.583     2.187
    -4.431    -0.271     6.041
    -2.325     1.114     6.291
    -0.542     2.090     5.614
     1.624     0.567     3.586
     2.966    -0.405     0.040
     4.727    -1.046    -3.327
     4.657    -0.450    -5.308
     3.730     0.851    -4.975
     2.502    -0.371    -3.574
    -0.181    -1.492    -2.117
    -1.896    -2.234    -0.497
    -1.945    -2.258    -0.133
    -1.325    -0.111    -0.800
     0.650     0.952    -1.792
     4.311     2.600    -2.191
     4.392     3.938    -1.918
     4.162     2.837    -0.283
     2.560     2.528     4.819
    -2.824     1.740     7.359
    -5.504     0.312     7.301
    -7.310    -0.243     5.655
    -6.827    -0.226     0.948
    -5.698    -0.147    -1.187
    -5.369    -0.245    -3.849
    -2.706    -0.056    -6.540
    -0.635     0.130    -6.625
     2.417     0.307    -6.051
     4.573     0.590    -4.160
     4.922     0.676    -2.607
     5.228    -0.544    -0.724
     4.875    -2.795     1.111
     3.675    -4.432     2.891
     0.697    -3.684     4.255
    -1.548    -1.226     4.334
    -4.103     0.109     4.923
    -6.226     1.739     5.068
    -6.491     3.125     4.506
    -6.374     2.426     3.215
    -4.109     1.913     1.378
    -1.402     1.533    -0.559
     2.229     0.890    -2.469
     5.245     0.463    -4.512
     5.264    -0.207    -5.737
     4.238    -1.035    -5.417
     2.083    -1.815    -3.058
     0.361    -1.896     3.470
    -0.366    -1.902     7.174
    -0.470    -1.880     6.169
     0.631    -1.391     6.224
     1.707    -1.023     5.911
     1.250     0.537     3.942
    -0.642     2.092    -0.901
    -3.401     1.052    -2.153
    -4.813     0.264    -2.751
    -4.889     0.028    -6.088
    -4.666    -0.980    -3.882
    -2.890     0.020    -5.036
    -1.850     1.047    -3.289
     1.903     2.186     3.836
     6.495     3.040     3.071
     6.685     0.680     3.387
     7.043    -0.329     3.620
     4.679    -1.837     1.328
     1.103    -3.838    -0.605
     0.211    -2.525    -3.376
    -0.746    -1.795    -3.200
    -1.174    -1.520    -3.752
    -0.951    -0.748    -4.049
    -0.690    -0.298    -3.692
    -0.469    -0.114    -4.139
    -0.165     0.345    -3.276
     0.133     1.019    -2.968
     0.425     2.251    -1.898
     0.720     3.722    -1.323
     0.965     2.688     0.011
     1.195     1.491     3.843
     1.355     0.815     5.605
    -0.320    -0.834     5.992
    -3.338    -1.630     5.995
    -3.931    -1.614     5.999
    -4.075    -1.647     5.006
    -3.401    -1.736     1.401
    -1.695    -1.315    -1.776
    -0.329    -0.954    -4.039
     0.627    -0.665    -7.104
     0.180    -0.296    -8.906
    -0.198    -0.005    -8.836
    -1.375     0.544    -8.413
    -2.238     0.849    -5.544
    -2.264     1.010    -1.312
    -0.894     0.758     2.895
     1.969     0.620     6.645
     3.063     0.675     6.933
     4.158     0.698     6.757
     4.127     0.915     5.947
     3.626     0.904     3.037
     2.503     1.355    -0.250
    -1.651     1.480    -2.425
    -3.829     1.544    -2.220
    -3.805     1.360    -2.161
    -3.693     0.783    -1.652
    -1.989     0.172    -0.882
     0.382    -2.196    -0.426
     2.599    -3.420     0.430
     4.257    -3.490     0.887
     4.271    -3.372     1.687
     3.981    -1.558     2.017
     3.416    -0.755     2.876
     2.441     0.383     3.737
     1.821     2.168     3.575
     0.950     2.482     3.500
     0.694     2.336     2.160
     0.109     1.504     0.645
    -1.556     0.327    -0.117
    -2.955    -1.105    -1.285
    -3.507    -2.623    -2.212
    -4.175    -1.831    -2.474
    -4.251     0.472    -2.397
    -2.267     1.423    -2.394
    -1.129     2.509    -2.296
     0.119     3.016    -1.251
     1.419     1.673    -0.441
     1.196     0.841     0.196
     1.465    -0.513     0.583
     1.266    -1.713     0.186
     0.748    -1.645     0.001
     0.366    -1.819     0.385
    -0.173    -1.822     1.307
    -0.289    -1.707     2.061
    -0.476    -1.631     3.577
    -0.570    -1.508     3.808
    -0.703    -1.265     1.809
    -0.780    -1.019     0.404
    -0.723    -0.644    -1.116
    -0.677     0.182    -2.750
    -0.632     0.751    -3.858
    -0.622     1.646    -3.966
    -0.581     2.369    -4.710
    -0.558     2.290    -5.416
    -0.536     2.355    -4.530
    -0.494     1.517    -3.786
    -0.494     0.369    -2.531
    -0.440    -0.400    -1.151
    -0.449    -1.389     0.501
    -0.208    -1.394     2.132
     0.255    -0.918     3.889
     0.671    -0.572     5.347
     1.109     0.397     5.268
     1.264     1.181     4.946
     1.338     0.810     3.844
     1.432     0.199     2.536
     1.474    -0.800     0.942
     1.561    -1.991    -0.594
     1.572    -1.331    -1.663
     2.062    -0.515    -2.594
     2.663     0.592    -2.585
     3.391     1.929    -2.721
     3.939     1.106    -2.262
     2.439     0.852    -1.700
     0.315     1.018    -1.243
    -1.546     0.626    -0.471
    -4.028     0.404     0.248
    -4.708    -0.334     1.045
    -3.801    -0.558     1.825
    -2.459    -0.769     2.865
     0.091    -0.818     3.211
     2.216    -1.185     3.170
     3.068    -1.474     2.242
     3.104    -0.561     0.874
     2.292    -0.010    -0.185
     0.036     1.113    -1.202
    -2.827     2.230    -1.646
    -4.203     2.749    -2.100
    -4.489     3.080    -1.763
    -3.680     2.416    -1.949
    -1.864     1.625    -1.872
     0.425     0.748    -1.300
     2.845    -0.325    -0.207
     3.624    -1.479     2.209
     2.911    -2.453     2.693
     1.851    -3.553     3.428
     0.527    -4.044     3.919
    -1.594    -2.748     3.397
    -3.757    -1.217     2.898
    -4.032    -0.292     1.290
    -2.777     0.763     0.294
    -1.387     2.188    -1.244
    -0.317     1.962    -1.744
     1.193     0.542    -2.931
     2.336    -0.100    -5.208
     2.270    -0.475    -3.896
     2.383     0.085    -2.795
     2.274     0.586    -2.398
     1.256     0.427    -1.257
     0.107     0.634    -0.584
    -0.839     0.537     0.196
    -2.375     0.454     0.880
    -3.107     0.371     1.294
    -2.280    -0.422     0.963
    -1.800    -1.124     0.518
    -1.311    -1.849     0.391
    -0.870    -2.423     0.071
    -0.851    -1.928     0.208
    -0.776    -1.492    -0.118
    -0.711    -1.096    -1.594
     0.037    -0.461    -2.160
     1.096     0.013    -2.067
     2.128     0.605    -2.166
     3.108     1.118    -1.894
     2.994     1.543    -1.498
     2.474     1.595    -0.470
     2.499     1.773     1.111
     1.450     1.892     2.248
    -0.617     1.509     2.122
    -2.645     1.283     1.859
    -3.878     0.940     1.845
    -4.169     0.508     0.848
    -3.549     0.024    -0.034
    -1.020    -0.348    -0.572
     1.193    -0.350    -0.742
     1.821    -0.357    -0.392
     2.265    -0.485     0.012
     2.549    -0.381     0.682
     2.737    -0.551     1.637
     2.652    -1.235     2.378
     2.529    -1.881     2.064
     2.557    -2.446     1.859
     1.886    -2.104     1.733
     0.506    -1.047     1.312
    -0.706    -0.276     1.193
    -2.434     0.193     0.517
    -3.521     0.755    -0.092
    -3.116     1.282    -0.905
    -2.760     1.380    -1.466
    -1.662     1.516    -1.084
    -0.350     1.623    -0.932
     0.387     1.657    -0.607
     0.540     1.475     0.032
     0.542     1.333     1.055
     0.803     0.890     1.794
     0.683     0.449     1.819
     0.863     0.106     1.875
     0.828    -1.184     2.017
     0.362    -1.229     1.679
     0.018    -1.957     1.072
    -0.449    -3.319     0.415
    -0.682    -1.678    -1.347
    -0.477    -0.342    -2.810
    -0.308     0.199    -4.333
    -0.191     0.679    -5.603
     0.093     0.496    -4.920
    -0.487     0.626    -4.090
    -1.348     0.463    -2.395
    -1.560     0.276    -0.934
    -1.748     0.071     1.174
    -2.054    -0.100     3.988
    -1.783    -0.018     3.959
    -0.958    -0.071     4.064
    -0.121    -0.170     3.948
     1.033    -0.495     2.512
     2.107    -0.595     1.145
     3.290    -0.468    -1.325
     4.359    -0.449    -2.962
     4.327    -0.328    -3.133
     3.807    -0.288    -3.288
     2.939    -0.092    -3.096
     1.600     0.324    -2.464
    -0.188     0.755    -2.169
    -2.004     1.109    -1.645
    -2.629     1.054     0.098
    -2.418     0.972     1.454
    -2.136     0.873     1.583
    -1.735     0.566     1.980
    -1.326     0.336     2.344
    -0.884     0.071     2.255
    -0.494    -0.209     2.207
    -0.476    -0.467     1.966
    -0.467    -0.616     1.892
    -0.413    -0.677     1.399
    -0.504    -0.772     0.472
    -0.611    -0.844    -0.398
    -0.717    -0.947    -1.778
    -0.316    -1.084    -2.403
     0.788    -0.888    -2.268
     1.611    -0.112    -2.113
     1.865     0.505    -1.404
     1.682     1.173    -0.676
     1.621     1.917    -0.152
     1.425     1.795     0.471
     0.763     1.455     0.743
     0.316     1.126     0.543
    -0.339     0.657     0.666
    -1.039     0.206     1.060
    -1.886    -0.270     1.407
    -2.519    -0.740     1.639
    -1.913    -1.945     1.538
    -1.326    -2.308     1.435
    -0.561    -0.769     1.394
     0.181     0.100     1.100
     0.489     0.079     0.727
     1.064     0.215     0.325
     0.905     0.218    -0.078
     0.409     0.196    -0.473
    -0.043     0.152    -0.953
    -0.522     0.114    -1.488
    -0.270     0.079    -2.038
     0.143     0.061    -2.525
     0.194     0.073    -2.420
     0.097     0.053    -1.628
     0.046     0.071    -0.933
     0.034     0.056    -0.220
     0.021     0.067     0.674
     0.051     0.062     1.156
     0.030     0.061     1.974
     0.132     0.055     2.405
     0.126     0.038     1.595
     0.152     0.051     0.941
     0.179     0.028     0.569
     0.250     0.040    -0.102
     0.646     0.015    -0.610
     0.829     0.016    -1.196
     0.653     0.006    -1.825
     0.433    -0.012    -2.067
     0.380    -0.003    -2.496
     0.717    -0.062    -2.174
     1.135    -0.040    -1.125
     1.257    -0.084     0.075
     1.101    -0.063     1.148
     0.482    -0.097     1.049
    -0.491    -0.096     1.015
    -1.439    -0.099     0.169
    -2.728    -0.104    -0.807
    -2.951     0.207    -0.395
    -2.077     0.304    -0.225
    -1.266     0.597     0.073
    -0.300     0.696     0.276
     0.248    -0.065     0.413
     0.709    -0.914     0.548
     1.239    -1.410     0.545
     1.682    -1.174     0.594
     2.136    -1.029     0.724
     2.094    -0.955     1.363
     1.919    -0.649     1.851
     1.819    -0.533     2.420
     1.149    -0.286     2.812
     0.143    -0.116     1.894
    -0.604     0.035     0.405
    -1.344     0.225    -0.576
    -1.959     0.376    -2.297
    -2.347     0.571    -3.862
    -2.435     0.697    -3.380
    -2.216     0.806    -2.946
    -1.957     0.886    -2.289
    -1.737     1.001    -1.076
    -1.534     1.013    -0.148
    -1.231     1.038     0.991
    -1.095     0.843     2.030
    -0.670     0.321     2.529
    -0.652     0.182     2.605
    -0.124     0.366     2.619
     1.586     0.424     2.003
     2.293     0.326     1.146
     2.399     0.259     0.520
     2.954     0.173     0.083
     2.853     0.095    -0.222
     0.917     0.010    -0.705
    -0.596    -0.085    -0.842
    -0.724    -0.054    -1.056
    -1.130    -0.050    -1.061
    -1.166    -0.034    -0.612
    -1.160    -0.006    -0.240
    -0.965     0.004     0.178
    -0.642     0.047     0.519
    -0.474     0.041     0.914
    -0.125     0.129     0.837
     0.070     0.061     0.089
     0.302    -0.326    -0.608
     0.472    -0.684    -1.204
     0.677    -1.009    -2.004
     0.770    -1.453    -2.557
     0.823    -1.650    -2.152
     0.920    -1.624    -1.437
     0.949    -1.435    -0.916
     1.046    -0.935     0.013
     1.164    -0.476     0.671
     1.345     0.007     0.768
     1.380     0.452     0.907
     1.281     0.516     1.030
     1.181     0.663     0.910
     0.895     0.826     0.330
     0.247     0.782    -0.117
    -0.249     0.680    -0.772
    -0.875     0.538    -1.397
    -1.426     0.437    -1.333
    -1.024     0.316    -1.286
    -0.901     0.278    -1.132
    -0.709     0.235    -1.043
    -0.425     0.143    -0.602
    -0.240     0.155     0.141
     0.045    -0.046     0.932
     0.094    -0.263     1.648
     0.331    -0.602     2.497
    -0.136    -0.783     3.244
    -1.104    -0.178     2.322
    -2.064     0.283     1.257
    -2.492     0.424    -0.165
    -1.620     0.478    -0.508
    -1.076     0.505     0.903
    -0.604     0.521     1.214
     0.158     0.218     1.574
     0.544     0.006     0.758
     0.878    -0.209    -0.555
     1.131    -0.490    -1.126
     1.441    -0.643    -1.939
     1.335    -0.554    -2.175
     0.834    -0.274    -2.277
     0.484    -0.101    -1.587
    -0.445     0.189    -0.966
    -1.363     0.417    -0.359
    -1.407     0.684     0.286
    -1.344     0.856     0.233
    -1.304     0.809     0.429
    -0.977     0.869     0.457
    -0.610     0.831     0.551
    -0.337     0.858     0.605
     0.065     0.804     0.710
     0.375     0.848     1.049
     0.785     0.790     1.797
     0.929     0.019     2.333
     0.546    -0.733     1.459
     0.304    -1.403     0.830
    -0.039    -2.080     0.173
     0.054    -2.742    -0.912
     0.631    -2.527    -1.323
     1.097    -1.035    -1.375
     1.590     0.082    -1.387
     1.456     0.589    -1.429
     1.356     0.629    -1.382
     1.315     0.681    -1.375
     1.109     0.786    -1.034
     1.035     0.661    -0.119
     0.750     0.771     0.602
     0.560     0.654     0.611
     0.311     0.736     0.244
    -0.111     0.670     0.009
    -0.427     0.693    -0.100
    -0.803     0.719    -0.223
    -0.976     0.103    -0.286
    -0.916    -0.290    -0.233
    -0.890    -1.027    -0.196
    -0.854    -1.377    -0.163
    -0.781    -1.134    -0.103
    -0.729    -0.466    -0.068
    -0.649    -0.316    -0.018
    -0.573    -1.076    -0.003
    -0.482    -0.412     0.020
    -0.460    -0.186     0.181
    -0.450    -0.434     0.789
    -0.463    -0.186     1.360
    -0.436    -0.318     1.636
    -0.147     0.115     1.703
     0.102     0.328     1.268
     0.333     0.357     0.592
     0.637     0.425    -0.204
     0.820     0.386    -0.838
     0.730     0.466    -1.005
     0.663     0.360    -1.170
     0.607     0.343    -1.392
     0.477     0.237    -1.482
     0.399     0.186    -1.302
     0.277     0.183    -0.979
     0.187     0.164    -0.691
     0.075     0.127    -0.363
    -0.027     0.039    -0.023
    -0.046     0.031     0.283
    -0.118    -0.071     0.632
    -0.158    -0.071     0.924
    -0.246    -0.075     0.951
    -0.487    -0.058     0.893
    -1.436    -0.136     0.862
    -2.097    -0.572     0.785
    -1.763    -0.834     0.721
    -1.586    -0.601     0.657
    -1.370    -0.051     0.583
    -0.957     0.323     0.546
    -0.622     0.690     0.467
    -0.194     0.994     0.399
     0.150     0.812     0.332
     0.574     0.696     0.304
     1.066     0.596     0.308
     1.581     0.401     0.263
     2.076     0.299     0.292
     2.052     0.134     0.209
     1.697     0.013    -0.091
     1.388    -0.121    -0.379
     1.034    -0.325    -0.644
     0.716    -0.537    -0.721
     0.479    -0.751    -0.732
     0.220    -0.966    -0.781
    -0.028    -0.950    -0.777
    -0.271    -0.622    -0.798
    -0.326    -0.400    -0.811
    -0.298    -0.106    -0.545
    -0.292     0.185    -0.011
    -0.317     0.237     0.497
    -0.291     0.266     0.506
    -0.252     0.289     0.059
    -0.227     0.285    -0.300
    -0.186     0.258    -0.714
    -0.164     0.199    -1.074
    -0.120     0.160    -1.470
    -0.173     0.102    -1.820
    -0.602     0.054    -1.428
    -0.928     0.002    -0.943
    -0.861    -0.054    -0.465
    -0.790    -0.124    -0.027
    -0.683    -0.214     0.139
    -0.300    -0.279     0.379
     0.082    -0.313     0.651
     0.516    -0.298     1.260
     0.902    -0.315     1.802
     0.714    -0.303     2.365
     0.133    -0.306     2.631
    -0.289    -0.246     2.054
    -0.535     0.200     1.693
    -0.697     0.498     1.187
    -0.921     0.874     0.332
    -0.863     1.242    -0.461
    -0.218     0.961    -1.282
     0.242     0.625    -1.297
     0.502     0.269    -0.731
     0.772    -0.127    -0.271
     1.085    -0.576    -0.004
     1.283    -0.835     0.067
     0.460    -0.661    -0.007
    -0.502    -0.595    -0.197
    -0.467    -0.451    -0.374
    -0.263    -0.223    -0.579
    -0.007    -0.038    -0.727
     0.130     0.169    -0.805
     0.145     0.213    -0.879
     0.075     0.249    -0.967
    -0.467     0.310    -1.024
    -0.778     0.317    -1.032
    -0.866     0.322     0.000
    -0.993     0.000     0.000
    -0.995     0.000     0.000
     0.000     0.000     0.000
     0.000     0.000     0.000
