********************************************************************************
                       INSTITUTO DE INGENIERIA, UNAM
                   Coordinacion de Instrumentacion Sismica
  Ciudad Universitaria, Apartado Postal 70-472, Coyoacan 04510, Mexico, D.F.
 Tel.(52-5)622-3414    Fax.(52-5)616-1514    e-mail: isismica@pumas.iingen.unam.mx
********************************************************************************
ARCHIVO ESTANDAR DE ACELERACION:
VERSION DEL FORMATO                    : 2.0
NOMBRE DEL ARCHIVO                     : CUIP8509.211
FECHA Y HORA DE CREACION               : Tue Apr 21 13:59:20 1998
REF. CATALOGO ACELEROGRAMAS, SMIS 1995 : REGISTRO No. 574 /PAG. 79


================================================================================
DATOS DE LA ESTACION:
NOMBRE DE LA ESTACION                  : IDEI PATIO
CLAVE DE LA ESTACION                   : CUIP
LOCALIZACION DE LA ESTACION            : Jardin junto al laboratorio de
                                       : Mecanica de Suelos, Instituto de
                                       : Ingenieria, UNAM, Ciuda
                                       : Universitaria, Mexico D.F.
                                       : 
COORDENADAS DE LA ESTACION             : 19.330 LAT. N 
                                       : 99.183 LONG. W 
ALTITUD (msnm)                         : 2240
TIPO DE SUELO                          : ROCA
                                       : 
                                       : 
INSTITUCION RESPONSABLE                : INSTITUTO DE INGENIERIA UNAM
                                       :

================================================================================
DATOS DEL ACELEROGRAFO:
MODELO DEL ACELEROGRAFO                : DCA-310
NUMERO DE SERIE DEL ACELEROGRAFO       : 154; SSA-302/288
NUMERO DE CANALES                      : 3
ORIENTACION C1-C6 (rumbo;orientacion)  : /+V/N90W/S00E
ORIENTACION C7-C12 (rumbo;orientacion) :
VEL. DE MUESTREO, C1-C6 (muestras/s)   : /100/100/100
VEL. DE MUESTREO, C7-C12 (muestras/s)  :
ESC. COMPLETA DE SENSORES, C1-C6, (g)  : /1/1/1
ESC. COMPLETA DE SENSORES, C7-C12, (g) :
FREC. NAT. DE SENSORES, C1-C6, (Hz)    : /31/30/30.2
FREC. NAT. DE SENSORES, C7-C12, (Hz)   :
AMORTIGUAMIENTO DE SENSORES, C1-C6     : /0.64/0.76/0.69
AMORTIGUAMIENTO DE SENSORES, C7-C12    :
INTERVALO DE MUESTREO, C1-C6, (s)      : /0.02/0.02/0.02
INTERVALO DE MUESTREO, C7-C12, (s)     :
UMBRAL DE DISPARO, C1-C6, (Gal)        : /6/6/6
UMBRAL DE DISPARO, C7-C12, (Gal)       :
MEMORIA DE PREEVENTO (s)               : 2.56
TIEMPO DE POSEVENTO (s)                : 15


================================================================================
DATOS DEL SISMO:
FECHA DEL SISMO [GMT]                  : 1985/09/21
HORA EPICENTRO (GMT)                   : 01:37:18,4
MAGNITUD(ES)                           : /Mb=6.30/Ms=7.60/Mc=7.50
COORDENADAS DEL EPICENTRO              : 18.021 LAT. N 
                                       : 101.479 LONG. W
PROFUNDIDAD FOCAL (km)                 : 15 
FUENTES DE LOS DATOS EPICENTRALES      : INSTITUTO DE INGENIERIA UNAM
                                       : 

================================================================================
DATOS DE ESTE REGISTRO:
HORA DE LA PRIMERA MUESTRA (GMT)       : 01:38:56
EXACTITUD DEL TIEMPO (s)               : 1.00
DURACION DEL REGISTRO (s), C1-C6       : /29.1/29.1/29.1
DURACION DEL REGISTRO (s), C7-C12      :
NUM. TOTAL DE MUESTRAS, C1-C6          : /1455/1455/1455
NUM. TOTAL DE MUESTRAS, C7-C12         :
ACEL. MAX.(Gal), C1-C6                 : /-8.052/-12.997/14.757  
ACEL. MAX., C1-C6, EN LA MUESTRA       : /803/766/109   
ACEL. MAX.(Gal), C7-C12                :
ACEL. MAX., C7-C12, EN LA MUESTRA      :
UNIDADES DE LOS DATOS                  : Gal (cm/s/s)
FACTOR DE DECIMACION                   : 2
FORMATO DATOS (FORTRAN,10 campos/dato) : 3F10.3


===============================================================================
CALIDAD DEL ACELEROGRAMA:
REGISTRO DIGITAL COMPLETO CON TIEMPO ABSOLUTO CORRECTO.


===============================================================================
COMENTARIOS:

EQUIPO CON SENSORES EXTERNOS












===============================================================================
DATOS DE ACELERACION:
---------+---------+---------+---------+---------+---------+---------+---------+
   CANAL-1   CANAL-2   CANAL-3   CANAL-4   CANAL-5   CANAL-6   CANAL-7   CANAL-8
         V      N90W      S00E
---------+---------+---------+---------+---------+---------+---------+---------+
     0.825    -1.939    -3.116
     1.948    -2.909    -2.372
     2.477    -3.694    -2.043
     2.787    -4.522    -2.075
     2.685    -5.636    -2.082
     2.077    -5.488    -2.104
     1.508    -4.689    -2.050
     0.768    -3.758    -2.267
     1.336    -2.752    -2.832
     1.031    -2.553    -4.044
     0.316    -2.376    -4.635
     0.735    -1.972    -4.946
     0.008    -0.951    -5.516
    -0.786     0.795    -4.988
    -0.726     1.644    -4.116
    -0.540     0.979    -2.444
    -0.084    -0.238    -0.616
     0.658    -0.958     0.170
     1.441    -1.566     0.390
     2.068    -1.546     0.595
     2.164    -0.572     0.707
     1.886     0.589     0.671
     1.498     1.202     1.376
     0.829     1.351     1.348
     0.634     1.549     0.448
     0.242     1.045    -0.300
    -0.384     0.577    -0.900
    -0.789     0.826    -1.277
    -1.117     1.072    -1.744
    -0.364     0.664    -1.500
     0.589     0.828    -1.109
     0.911     2.194    -1.168
     0.769     3.564    -1.030
     0.306     5.192    -0.502
     0.387     5.357     0.034
     0.369     4.754     0.740
     0.493     3.835     2.403
     0.943     2.148     3.733
     0.857     1.535     4.826
     0.921     1.020     6.116
     0.740     1.586     6.221
     0.535     2.705     5.376
     0.774     3.116     3.562
     0.440     4.054     1.714
     0.332     3.520     0.028
     0.616     2.002    -1.395
     1.006     0.964    -1.428
     1.548    -0.653    -1.847
     1.122    -1.819    -2.233
     0.497    -2.320    -1.500
     0.950    -2.613    -1.101
     0.870    -2.889    -0.169
     0.490    -3.807     1.729
     1.137    -4.165     2.604
     1.502    -3.997     3.741
     1.457    -3.278     4.771
     1.470    -2.296     4.163
     1.449    -1.083     4.224
     1.485     0.023     3.937
     1.445    -0.171     2.996
     1.398    -0.919     2.327
     0.797    -1.595     1.374
     0.585    -0.908     0.113
     0.908    -0.707    -0.938
     0.351    -0.974    -1.016
    -0.063    -0.846    -1.470
     0.008    -1.628    -2.061
     0.129    -1.773    -2.511
     0.660    -2.089    -3.164
     1.205    -2.233    -4.494
     1.550    -2.880    -6.086
     1.573    -3.450    -5.912
     1.613    -2.400    -5.709
     2.246    -1.750    -4.996
     2.443    -0.913    -3.401
     2.023    -0.478    -2.706
     1.908    -0.620    -2.280
     1.400    -0.437    -2.725
     0.871     0.215    -3.590
     0.401     1.016    -4.435
    -0.110     0.960    -5.658
    -0.685     0.749    -6.092
    -1.672     0.200    -5.719
    -2.041    -0.982    -5.496
    -2.755    -1.614    -4.969
    -3.446    -1.735    -3.764
    -3.721    -2.081    -3.048
    -4.422    -2.078    -2.204
    -4.497    -2.055    -1.136
    -3.957    -2.159    -1.017
    -2.711    -2.988    -0.663
    -2.237    -4.189     0.167
    -2.472    -4.074     0.743
    -2.288    -4.032     0.854
    -2.459    -3.810     0.470
    -2.289    -2.830     0.290
    -2.561    -2.453    -0.179
    -2.609    -2.582    -0.521
    -1.827    -2.356     0.298
    -1.795    -1.921     1.289
    -2.018    -1.057     2.324
    -2.585     0.323     3.292
    -3.707     1.238     4.542
    -4.426     1.645     6.675
    -4.214     2.493     8.754
    -3.686     4.845    11.495
    -3.001     7.157    13.966
    -2.281     9.403    14.679
    -2.128    11.149    14.757
    -1.855    11.244    14.241
    -1.597    11.201    13.609
    -1.244    10.273    13.237
    -0.533     9.203    12.199
    -0.348     9.132    10.433
    -0.206     9.797     9.229
    -0.605    10.604     7.748
    -1.210    10.712     5.699
    -0.785    10.980     5.193
    -0.745    11.048     4.355
    -0.800     9.856     4.062
    -0.885     8.255     4.530
    -1.325     6.809     3.905
    -1.396     5.126     4.108
    -1.803     3.299     3.790
    -1.666     1.699     3.700
    -1.067     0.658     3.540
    -0.498     0.104     2.605
     0.618     0.744     2.488
     1.319     0.865     1.494
     1.420    -0.107     1.019
     1.865    -0.990     0.427
     2.369    -2.806    -0.174
     2.191    -3.680     0.839
     2.340    -3.912     0.569
     1.959    -3.692     0.121
     1.363    -2.527    -0.048
     1.642    -1.677    -1.359
     1.176    -1.677    -2.848
     0.570    -3.528    -4.454
     0.390    -5.552    -5.595
     0.929    -7.576    -6.098
     1.223    -9.159    -6.480
     0.862    -9.572    -7.236
     1.325    -9.619    -7.810
     1.322    -8.557    -7.237
     1.275    -7.454    -6.658
     1.214    -6.413    -6.360
     0.623    -5.043    -6.506
     0.045    -4.889    -7.229
    -0.906    -5.422    -8.413
    -1.246    -5.129    -9.845
    -1.186    -4.961   -10.677
    -1.196    -5.252   -10.854
    -1.286    -5.419   -10.380
    -1.862    -5.178   -10.567
    -2.204    -5.881   -10.878
    -2.196    -7.290   -10.278
    -2.014    -6.813    -9.507
    -1.653    -6.845    -7.923
    -1.600    -7.250    -6.523
    -1.740    -6.574    -5.492
    -1.472    -5.958    -4.038
    -1.201    -5.164    -3.250
    -0.833    -5.221    -2.808
    -0.032    -5.274    -2.439
     0.493    -5.217    -2.518
     0.151    -5.137    -2.629
    -0.004    -4.676    -3.354
     0.118    -4.605    -3.873
    -0.689    -4.079    -2.689
    -0.574    -3.378    -1.629
    -0.063    -2.166    -0.584
    -0.057     0.164     0.807
     0.442     2.372     0.951
     0.328     3.649     1.126
     0.410     3.690     1.428
     0.322     3.195     1.625
     0.778     2.602     1.656
     2.210     2.539     0.872
     3.386     3.764     0.834
     4.478     5.380     0.983
     4.282     6.631     0.831
     3.580     6.904     0.960
     2.412     6.992     0.841
     1.259     7.281     0.923
     1.448     6.714     0.992
     2.235     6.298     1.558
     3.038     6.384     2.090
     3.864     6.373     2.750
     4.988     6.489     4.253
     4.815     7.215     4.188
     4.298     7.982     3.918
     4.403     7.598     3.208
     4.390     5.491     1.615
     4.264     2.556     0.638
     3.865    -0.116    -0.909
     3.994    -2.940    -1.462
     4.704    -5.484    -1.523
     5.384    -7.773    -0.798
     4.505    -9.318     0.790
     3.140    -8.545     1.929
     2.578    -6.133     4.064
     1.840    -2.994     6.065
     1.846    -0.361     8.048
     2.080     0.628     9.795
     2.513     0.241    10.687
     3.019    -1.000    11.254
     2.862    -2.528    10.526
     2.840    -3.933     9.339
     2.106    -4.497     8.615
     1.312    -3.593     8.002
     1.401    -1.974     7.942
     1.510    -0.349     8.113
     2.101     1.569     7.929
     2.310     2.816     8.245
     1.911     3.400     8.210
     1.628     4.950     7.384
     0.535     5.481     6.304
    -1.268     5.001     4.652
    -2.817     4.885     3.463
    -3.227     4.634     3.184
    -2.775     5.098     3.119
    -1.834     5.058     2.581
    -1.021     5.064     1.767
    -2.054     4.697    -0.021
    -3.286     3.413    -2.510
    -3.912     3.557    -3.751
    -4.639     3.688    -5.411
    -4.597     4.245    -6.246
    -4.443     4.258    -6.045
    -3.802     2.717    -6.824
    -3.001     1.608    -7.205
    -3.055     0.232    -8.924
    -3.349    -0.659   -10.920
    -4.250    -0.922   -12.462
    -4.679    -0.808   -14.014
    -4.517    -0.201   -13.809
    -4.631     0.259   -13.502
    -4.390     0.795   -12.330
    -4.078     1.268   -10.690
    -3.903     1.579    -9.271
    -3.479     0.705    -8.066
    -2.844    -0.624    -8.201
    -2.714    -0.829    -7.448
    -2.932     0.074    -6.448
    -2.604     1.500    -5.024
    -2.482     2.396    -2.503
    -2.779     2.667    -0.673
    -3.016     2.542     0.379
    -3.172     1.847     0.193
    -2.734     0.925     0.204
    -1.976     0.624     0.064
    -1.177     0.632    -0.104
    -0.702     0.696     0.816
    -1.016     0.389     0.694
    -1.169    -0.528     0.831
    -0.866    -1.033     1.365
    -0.473    -1.370     2.282
     0.393    -1.219     4.160
     1.665    -0.670     4.839
     1.886     0.114     4.414
     1.247     1.531     3.471
     0.761     2.588     3.115
     0.386     3.091     3.204
     0.533     2.376     3.186
     0.994     0.321     3.194
     0.808    -1.572     3.320
     0.503    -1.888     3.627
     1.110    -0.880     3.126
     1.354    -0.234     3.330
     0.790     0.510     3.735
     0.104     0.264     4.104
    -0.510    -1.081     5.469
     0.159    -2.717     5.664
     1.205    -5.398     4.976
     1.549    -6.750     4.663
     2.261    -7.380     4.681
     3.239    -6.719     4.695
     4.169    -4.193     4.587
     4.379    -2.762     3.471
     3.742    -1.676     0.949
     3.196    -1.872    -0.975
     2.031    -2.396    -2.167
     1.647    -2.490    -2.985
     2.439    -3.443    -2.610
     2.541    -3.030    -2.541
     2.103    -1.974    -3.629
     1.321    -1.182    -4.817
     0.575    -1.764    -6.218
    -0.212    -3.877    -6.907
    -0.658    -5.285    -7.056
    -0.547    -6.851    -8.262
    -0.560    -7.912    -9.618
    -0.589    -7.738    -9.572
    -0.516    -6.840    -8.434
    -0.732    -5.341    -7.148
    -0.934    -3.626    -5.037
    -0.566    -1.765    -3.557
    -0.507    -0.280    -3.879
    -0.710     1.107    -4.634
    -1.200     1.759    -5.336
    -1.626     1.637    -5.213
    -1.439     0.571    -4.130
    -0.772    -1.026    -2.237
     0.038    -1.851    -1.001
    -0.171    -2.706    -1.612
    -0.601    -2.304    -2.420
    -0.570    -1.250    -3.038
    -0.647     0.390    -3.118
    -1.254     3.987    -2.653
    -1.450     6.748    -1.622
    -1.043     8.211     0.182
    -1.016     8.176     1.040
    -1.315     5.985     1.144
    -2.246     3.218     0.470
    -2.610     1.359    -0.518
    -2.677     1.174    -0.776
    -2.968     2.216    -0.526
    -2.301     4.461     0.667
    -1.067     6.759     1.443
     0.291     8.090     2.279
     1.213     8.575     3.100
     1.348     8.051     1.883
     0.825     7.148    -0.168
     0.143     5.960    -2.134
    -0.742     5.483    -2.880
    -0.997     5.977    -1.369
    -0.723     6.749     0.779
    -1.762     7.412     2.761
    -1.987     7.451     4.793
    -1.481     7.068     6.622
    -1.315     6.323     8.017
    -0.424     6.297     8.335
    -0.672     6.426     7.265
    -0.840     6.044     5.926
     0.162     4.861     4.886
     0.643     2.326     4.184
     1.109    -0.426     4.441
     1.764    -3.281     4.949
     2.650    -5.649     5.669
     3.048    -7.152     6.238
     2.942    -6.420     5.692
     2.883    -4.660     4.937
     2.390    -4.085     4.128
     2.616    -3.517     3.457
     2.989    -3.938     2.484
     3.115    -3.877     1.677
     3.374    -3.235     1.960
     2.830    -2.697     2.756
     2.161    -1.816     4.371
     1.181    -2.001     5.771
     0.236    -2.051     6.682
    -0.038    -2.816     7.721
     0.053    -3.403     8.561
     0.563    -3.130     9.163
     0.436    -3.334    10.576
     0.754    -3.038    13.029
     1.415    -2.897    14.141
     0.860    -3.212    14.537
     0.268    -3.474    14.659
    -0.131    -3.580    13.352
    -0.592    -3.256    11.553
    -0.244    -2.204     8.921
     0.561    -1.210     6.570
     0.631    -0.167     4.359
     1.135     0.282     1.643
     1.324    -0.841     0.302
     0.254    -2.044    -1.306
    -0.274    -3.542    -3.382
    -1.370    -4.830    -5.366
    -2.066    -5.157    -6.996
    -2.268    -5.030    -7.294
    -2.940    -5.639    -7.697
    -2.614    -7.674    -7.476
    -3.237    -9.896    -6.952
    -4.022   -10.944    -6.032
    -3.190    -9.669    -4.011
    -2.195    -6.944    -2.673
    -1.164    -3.679    -2.120
    -0.051    -0.475    -3.057
     1.378     1.793    -4.508
     2.017     2.572    -5.629
     1.436     2.136    -6.990
     1.540     1.757    -8.021
     1.374     1.209    -8.535
     1.088     1.752    -7.970
     1.556     3.051    -7.234
     1.491     3.651    -6.267
     1.532     4.400    -5.566
     1.456     4.094    -6.299
     1.691     3.069    -6.625
     1.895     2.610    -6.850
     1.766     2.013    -7.821
     2.561     0.805    -8.156
     2.576    -0.596    -7.946
     2.476    -1.588    -7.295
     2.432    -2.215    -6.302
     1.824    -1.212    -5.938
     1.251     0.676    -5.214
     0.403     1.502    -4.389
     0.653     1.748    -3.445
     1.070     1.772    -1.654
     1.274     1.909    -0.515
     2.224     3.452     1.045
     2.600     5.664     3.357
     2.607     6.338     5.795
     3.113     5.827     8.156
     2.752     3.947     9.182
     1.961     1.578     9.420
     1.872     0.157     8.342
     1.516    -1.217     6.100
     1.284    -2.191     3.373
    -0.013    -3.184     0.450
    -1.671    -3.839    -1.961
    -1.350    -3.087    -4.531
    -0.808    -2.115    -6.791
    -0.415    -1.978    -8.886
    -0.457    -2.375   -10.055
    -0.355    -2.333    -9.372
    -0.032    -1.409    -7.664
    -0.519    -0.089    -5.533
    -0.554     1.137    -3.593
    -1.372     2.275    -1.781
    -2.816     2.837    -1.349
    -3.696     3.156    -2.056
    -3.762     3.930    -3.612
    -2.526     4.833    -5.641
    -0.971     5.843    -6.088
     0.192     6.062    -6.004
    -0.105     6.199    -4.807
    -0.592     6.224    -2.432
    -1.266     4.398    -1.077
    -2.023     2.497    -0.474
    -2.219     0.849    -0.632
    -2.932    -0.867    -1.397
    -2.179    -2.038    -2.241
    -1.270    -3.176    -2.642
    -0.642    -3.780    -2.511
    -0.146    -3.722    -2.467
    -1.222    -2.901    -1.440
    -2.582    -2.379     0.656
    -4.189    -2.736     2.736
    -4.564    -3.247     4.403
    -4.301    -4.563     5.223
    -3.484    -5.536     5.611
    -1.401    -4.814     6.154
    -0.092    -3.450     6.367
     0.854    -1.438     5.782
     1.638     0.305     5.400
     1.424     0.303     5.435
     1.096    -0.041     5.593
     1.754    -0.411     5.980
     1.918    -1.095     6.000
     1.567    -1.110     5.790
     1.334    -0.192     5.311
     1.196     0.243     4.722
     1.370     0.091     4.450
     1.183     0.192     4.258
     1.402     0.050     3.820
     0.677     0.435     3.323
    -0.847     1.331     3.776
    -1.804     2.800     4.601
    -2.405     4.158     5.326
    -1.870     4.374     5.980
    -1.233     4.360     6.022
    -0.999     4.581     5.750
    -0.887     5.664     5.186
    -1.044     6.554     3.789
    -0.802     6.863     1.997
    -0.593     6.601     1.057
    -0.857     5.481     0.067
    -0.219     4.377    -0.544
     0.750     2.907     0.229
     1.186     2.335     1.433
     1.460     2.815     2.594
     0.741     2.843     2.301
    -0.310     2.630     2.019
    -1.442     2.170     2.349
    -2.716     1.557     1.639
    -3.066     1.389     0.550
    -2.934     1.772    -0.161
    -3.290     1.942    -0.214
    -4.119     2.265    -0.758
    -4.622     2.097    -1.123
    -4.282     0.751    -1.355
    -4.152    -0.432    -2.417
    -4.237    -0.999    -3.470
    -3.129    -1.452    -4.044
    -1.462    -2.817    -3.322
    -0.297    -3.660    -1.956
     0.177    -3.472     0.231
     0.515    -3.559     2.705
     0.507    -3.349     4.499
     0.694    -3.027     5.599
     1.581    -2.827     5.404
     1.348    -2.449     5.300
     0.832    -1.398     4.580
     0.180     0.355     3.949
    -0.492     2.137     4.173
     0.229     2.798     3.086
     1.305     2.636     1.983
     2.027     1.532     1.089
     1.977    -0.698    -0.152
     1.943    -1.691    -1.579
     1.841    -2.551    -3.341
     1.287    -3.704    -5.258
     0.797    -4.415    -7.273
     0.500    -5.059    -8.556
     1.109    -5.377   -10.492
     1.568    -5.968   -12.294
     2.113    -5.558   -12.222
     2.337    -5.494   -11.649
     1.911    -5.744   -10.059
     1.795    -6.496    -7.809
     1.489    -8.597    -6.109
     2.081    -9.033    -4.379
     2.420    -9.450    -2.720
     2.557    -9.625    -1.587
     2.677    -8.386    -0.131
     1.755    -6.664     1.193
     1.065    -4.818     1.391
     0.102    -2.786     1.396
    -0.968     0.533     1.325
    -1.707     2.809     1.267
    -1.371     4.025     0.391
    -0.579     4.656    -0.896
    -0.578     4.063    -1.594
    -0.946     3.198    -3.309
    -1.639     2.041    -4.984
    -1.831     1.240    -5.101
    -2.231     0.779    -4.320
    -2.760     0.249    -3.228
    -2.504    -0.079    -1.312
    -2.000    -0.086     1.038
    -1.508    -0.059     3.260
    -0.961     0.163     5.302
    -0.671     1.211     6.130
    -0.381     2.321     5.964
     0.331     3.179     4.078
     0.278     4.368     1.555
    -0.285     4.753    -0.630
    -0.028     4.770    -3.641
     0.330     5.221    -5.741
     0.408     5.213    -6.172
     1.098     4.945    -5.402
     1.928     3.647    -4.189
     2.527     1.635    -2.649
     2.635     0.306    -1.514
     2.445    -0.495    -1.556
     2.738    -0.783    -1.000
     2.830     0.149    -0.512
     2.699     1.512    -0.032
     2.890     2.850     0.238
     3.278     4.568    -0.010
     3.320     5.486     1.176
     4.090     5.471     1.887
     4.534     4.217     2.113
     3.490     1.915     2.729
     2.084    -0.569     2.158
     0.409    -3.035     1.433
    -0.779    -4.577     0.510
    -2.000    -4.717    -0.372
    -2.371    -4.084     0.251
    -2.307    -3.611     1.629
    -2.099    -3.203     2.722
    -1.115    -3.526     3.469
    -0.549    -4.328     4.062
     0.385    -4.191     4.032
     0.679    -3.431     2.982
     0.855    -2.600     1.976
     0.978    -2.148     1.818
     0.939    -2.401     1.466
     1.559    -2.873     0.637
     1.882    -3.430     0.032
     1.772    -3.543    -0.213
     1.309    -2.288    -0.413
     1.296    -0.642    -0.434
     0.498     1.566     0.435
     0.008     3.732     0.925
    -0.083     4.509     0.450
    -0.881     4.705    -0.737
    -0.380     4.252    -3.163
    -0.382     4.413    -5.042
    -0.350     4.930    -5.251
     0.043     5.596    -4.219
    -0.617     6.267    -2.788
    -0.929     5.776    -0.981
    -1.075     5.567     0.589
    -1.462     4.248     0.984
    -1.490     2.524     1.204
    -1.434     2.151     0.453
    -1.516     1.828    -0.405
    -1.426     1.818    -1.220
    -1.568     1.893    -2.165
    -1.184     1.711    -1.638
    -0.508     1.211    -0.811
    -0.331     0.684    -0.078
     0.048     0.171     0.658
     0.686    -0.020     1.461
     0.877     0.221     1.965
     0.425    -0.087     2.606
     0.371    -0.202     3.351
    -0.252    -0.122     3.336
    -0.406    -0.972     2.971
    -0.346    -1.713     2.089
    -0.970    -2.683     1.431
    -0.726    -4.441     0.330
    -0.930    -5.353    -0.985
    -0.571    -5.615    -1.546
    -0.686    -5.591    -2.513
    -0.918    -5.575    -3.401
    -0.028    -5.075    -2.868
     0.054    -2.992    -2.213
     0.280    -0.727    -1.735
    -0.241     1.451    -0.658
    -0.684     2.781    -0.498
    -0.782     2.941    -0.087
    -0.924     3.038     0.494
    -0.009     2.639     1.041
     0.609     1.844     1.920
     0.663     1.356     1.659
     0.293     1.801     1.010
    -0.553     2.515    -0.082
    -1.262     2.694    -0.512
    -2.153     2.996     0.558
    -3.251     2.840     1.733
    -3.128     1.647     2.433
    -2.520     1.081     3.116
    -2.155     1.769     3.001
    -2.453     2.966     2.448
    -3.161     4.516     2.642
    -2.719     5.779     2.423
    -2.724     6.168     2.788
    -2.647     5.636     2.551
    -2.082     4.075     1.864
    -1.479     1.700     2.314
    -0.574    -0.248     2.614
    -0.119    -1.610     3.590
     0.264    -3.191     4.758
     0.222    -4.508     5.372
     0.381    -5.410     5.268
     0.571    -5.529     4.391
     0.223    -5.272     2.839
     0.115    -5.490     1.550
     0.374    -5.177     1.169
     0.513    -5.025     0.672
     0.208    -5.371     0.026
     0.012    -5.380    -0.753
    -0.434    -5.357    -0.498
    -1.154    -5.315    -0.240
    -2.033    -5.405    -0.666
    -2.382    -5.025    -1.025
    -2.365    -4.207    -2.743
    -2.113    -3.310    -4.725
    -1.438    -2.070    -5.986
    -1.869    -0.754    -6.907
    -1.921     0.195    -6.907
    -1.968     0.436    -5.526
    -2.335     0.672    -3.539
    -1.825     0.804    -2.194
    -1.815     0.634    -1.152
    -0.871     0.742     0.585
     0.954     0.724     2.437
     1.805     0.822     3.933
     2.073     1.569     5.187
     2.247     2.385     5.496
     2.511     3.353     5.322
     2.617     5.208     4.631
     2.444     6.572     3.867
     2.957     6.753     3.779
     4.208     6.839     3.146
     4.645     6.471     2.193
     4.331     5.748     1.885
     4.307     5.613     1.833
     5.056     4.902     1.144
     4.981     3.290     0.137
     4.536     1.831    -1.091
     5.158     0.196    -2.406
     4.927    -1.831    -3.319
     4.969    -3.577    -3.553
     3.819    -4.398    -3.819
     1.940    -4.873    -4.605
     2.365    -5.219    -4.529
     1.979    -5.162    -4.385
     2.063    -5.153    -3.831
     2.405    -5.149    -3.721
     2.036    -5.026    -4.440
     2.371    -4.379    -3.815
     1.936    -3.209    -3.295
     1.939    -1.630    -2.639
     1.986    -0.246    -1.657
     2.077     0.803    -0.325
     2.393     2.388     1.371
     1.897     3.712     2.924
     1.933     4.836     4.784
     1.962     6.225     5.263
     1.909     7.151     4.689
     1.967     7.443     4.030
     2.013     7.448     3.041
     2.621     7.294     1.817
     2.804     6.877     0.496
     2.257     7.055    -0.471
     1.856     7.464    -0.343
     1.921     7.449     0.203
     1.770     7.415    -0.070
     1.363     7.516    -0.612
     1.412     7.034    -2.155
     1.289     5.531    -4.406
     0.774     3.847    -5.815
     0.136     1.955    -6.420
    -0.864     0.705    -6.438
    -1.931     0.327    -6.030
    -2.785    -0.057    -5.244
    -3.440    -0.017    -4.610
    -4.417    -0.232    -4.222
    -5.242    -1.319    -3.312
    -5.124    -2.174    -2.116
    -5.160    -2.775    -1.293
    -4.906    -3.567     0.298
    -3.959    -3.364     2.354
    -3.313    -3.068     3.515
    -2.407    -3.615     4.495
    -2.053    -4.288     4.584
    -1.908    -5.027     4.272
    -0.916    -5.035     3.837
    -0.504    -4.890     2.508
     0.035    -5.040     2.025
     0.265    -4.648     1.736
    -0.167    -3.746     1.857
    -0.287    -2.274     2.350
    -0.662    -0.614     2.391
    -0.741     0.501     2.860
    -1.412     1.064     2.734
    -2.220     1.024     3.090
    -2.256     0.330     3.811
    -2.665     0.220     4.144
    -2.529     0.556     4.667
    -1.948     0.909     4.666
    -1.588     1.521     5.409
    -1.595     0.749     6.146
    -1.632    -0.918     6.110
    -1.577    -2.357     5.848
    -1.767    -3.749     5.018
    -2.249    -4.625     4.689
    -2.579    -4.933     2.878
    -2.017    -4.890     0.758
    -2.414    -4.884     1.470
    -3.074    -4.898     2.123
    -3.365    -4.893     2.525
    -4.017    -4.869     2.779
    -3.788    -4.915     2.358
    -4.090    -4.847     2.126
    -3.932    -5.261     0.985
    -2.983    -6.520    -0.779
    -3.147    -6.967    -2.720
    -3.021    -6.822    -4.675
    -2.458    -7.031    -5.996
    -1.879    -7.348    -6.790
    -0.472    -7.526    -7.150
     1.203    -8.006    -6.976
     2.427    -8.596    -7.373
     3.542    -9.121    -7.892
     4.426   -10.110    -7.712
     5.669   -10.470    -7.840
     6.614   -11.417    -7.592
     6.327   -12.997    -7.398
     6.782   -12.904    -7.583
     7.251   -12.682    -7.434
     7.096   -11.919    -7.682
     7.369    -9.774    -7.767
     7.669    -8.420    -6.638
     7.788    -6.618    -5.878
     7.476    -4.467    -5.800
     7.269    -3.409    -5.392
     6.580    -1.907    -5.300
     5.229    -0.252    -5.060
     4.673     1.660    -5.555
     3.569     2.911    -5.899
     2.180     3.550    -5.445
     1.732     4.926    -5.846
     0.364     5.189    -4.925
    -1.216     5.499    -3.818
    -1.860     6.192    -3.596
    -2.496     6.271    -2.810
    -2.606     5.833    -2.839
    -2.454     5.449    -2.806
    -2.572     6.273    -2.054
    -2.473     6.925    -0.985
    -2.642     6.990     0.814
    -3.138     6.720     2.652
    -3.765     6.645     4.198
    -4.826     6.601     5.484
    -5.544     6.029     6.431
    -5.507     5.415     6.531
    -5.423     4.506     6.044
    -5.532     3.854     5.372
    -5.419     2.925     4.649
    -5.500     1.817     4.620
    -5.449     0.928     4.852
    -5.763     0.052     5.324
    -7.288     0.450     5.897
    -7.938     1.559     6.382
    -8.052     3.238     6.803
    -7.193     4.959     6.712
    -5.434     5.243     6.656
    -5.115     5.079     5.784
    -5.197     4.371     4.520
    -5.171     3.487     3.774
    -5.040     3.098     2.393
    -4.536     3.665     1.491
    -3.649     5.609     1.248
    -2.549     7.134     1.206
    -1.835     8.670     1.340
    -1.900     9.859     1.198
    -1.578     9.730     1.485
    -1.030     9.645     1.592
    -1.181     9.688     1.348
    -1.044     9.535     1.099
    -1.140     9.096     1.001
    -0.644     8.507     1.093
     0.526     8.190     1.156
     1.455     8.163     1.815
     2.261     8.180     1.805
     2.230     8.323     1.191
     2.386     8.801     1.479
     3.706     9.253     1.927
     4.843     8.850     2.510
     5.529     7.960     2.987
     6.212     6.687     3.600
     6.512     5.536     4.782
     7.286     4.766     5.390
     7.158     3.496     5.336
     6.696     3.159     4.352
     6.285     3.060     3.244
     4.531     2.558     2.172
     4.328     1.750     0.840
     4.685     0.554     0.637
     4.267    -0.127     0.433
     4.274    -0.948     0.266
     4.356    -1.528     0.608
     4.042    -1.852     0.860
     3.320    -1.949     0.710
     2.991    -2.483    -0.502
     2.101    -2.618    -1.440
     1.093    -1.782    -2.583
     0.868    -1.770    -3.731
     0.758    -2.124    -3.337
     0.887    -2.809    -2.199
     0.802    -3.024    -0.605
     0.883    -3.591     0.888
     0.793    -4.473     2.444
     0.384    -4.329     3.674
     0.326    -4.224     4.069
    -0.393    -3.678     4.491
    -1.188    -3.285     4.417
    -1.917    -3.340     4.478
    -2.584    -3.426     4.146
    -2.895    -3.971     3.091
    -3.665    -4.542     2.016
    -4.378    -4.679     0.454
    -5.008    -4.519    -1.035
    -5.076    -5.165    -2.493
    -4.944    -6.808    -3.045
    -5.037    -8.173    -3.244
    -4.940    -9.259    -3.407
    -4.907    -9.824    -3.224
    -4.199    -9.252    -3.219
    -3.369    -8.585    -2.424
    -2.532    -7.601    -1.660
    -1.058    -6.699    -0.938
     0.446    -5.913    -0.348
     1.057    -4.650     0.219
     1.255    -4.084     1.137
     1.449    -3.190     1.558
     1.239    -2.154     1.947
     1.553    -1.761     1.993
     1.684    -1.262     1.899
     1.693    -1.676     1.994
     2.177    -2.440     1.778
     2.023    -2.430     1.419
     1.606    -2.347     1.542
     1.667    -2.414     1.831
     1.562    -2.367     0.994
     1.186    -2.620    -0.814
     1.241    -3.619    -3.291
     1.332    -4.546    -5.778
     1.846    -4.897    -7.361
     2.147    -4.769    -8.470
     1.752    -4.153    -9.058
     1.752    -3.013    -9.146
     1.632    -1.523    -8.721
     1.095    -0.748    -7.904
     0.730    -0.083    -7.226
     0.689     0.614    -6.661
    -0.060     0.748    -6.997
    -0.560     1.048    -6.959
    -0.217     1.366    -6.593
     0.143     2.317    -7.351
     0.907     3.523    -7.453
     1.552     4.992    -7.006
     1.791     7.070    -6.294
     2.021     8.222    -5.413
     2.350     8.706    -4.713
     2.371     8.171    -3.921
     2.369     6.846    -3.232
     2.355     5.469    -2.416
     2.467     3.678    -1.924
     2.127     1.971    -1.395
     1.549     0.325    -1.098
     1.701    -0.762    -0.810
     0.830    -1.569    -0.133
     0.452    -1.895     0.071
     0.242    -1.424     0.508
    -0.446    -1.502     1.105
    -0.329    -1.156     1.349
    -1.036    -0.413     1.574
    -1.118    -0.331     1.864
    -0.933     0.141     1.919
    -1.064     0.449     1.999
    -0.921    -0.134     2.375
    -1.111    -0.452     2.560
    -0.885    -0.505     2.872
    -1.052    -0.510     3.087
    -0.664    -0.648     3.567
    -0.245    -1.009     4.782
    -0.917    -0.984     5.157
    -1.162    -0.764     5.229
    -1.370     0.252     5.791
    -1.650     1.196     6.096
    -1.974     1.742     6.119
    -2.091     2.700     5.891
    -2.530     2.992     5.522
    -2.681     3.167     4.725
    -1.724     3.441     4.323
    -1.254     3.810     4.094
    -0.695     4.174     3.120
    -0.370     3.465     2.743
    -0.435     2.578     2.587
    -1.245     2.022     1.373
    -2.263     1.028    -0.018
    -2.057     0.747    -1.142
    -2.515     1.248    -2.721
    -2.919     1.343    -4.070
    -2.761     2.047    -5.008
    -2.848     2.739    -5.103
    -2.829     3.092    -4.827
    -2.694     3.799    -5.061
    -2.221     4.770    -4.726
    -1.608     5.374    -4.706
    -1.324     5.082    -4.768
    -1.047     5.577    -4.735
    -0.131     5.894    -4.507
     0.375     5.255    -3.702
     0.964     4.727    -3.620
     1.740     3.679    -3.193
     1.857     2.478    -2.906
     2.247     1.108    -3.346
     2.212    -0.397    -2.949
     1.612    -1.187    -1.975
     1.489    -2.008    -0.708
     1.651    -3.169     1.342
     1.200    -3.899     3.111
     0.584    -4.609     3.972
     0.194    -5.135     5.018
    -0.271    -5.032     5.653
    -0.039    -5.107     5.729
     0.392    -5.058     5.371
     0.925    -5.081     4.768
     1.497    -5.101     5.141
     2.073    -5.401     5.297
     2.995    -6.911     5.639
     3.293    -6.534     6.224
     3.499    -4.978     6.064
     3.710    -4.660     6.081
     3.479    -3.440     5.297
     3.909    -2.415     4.601
     4.432    -2.916     4.287
     3.963    -3.499     3.568
     3.379    -3.846     3.343
     3.148    -4.030     3.284
     2.980    -3.401     4.168
     2.663    -2.259     4.496
     2.578    -0.737     4.183
     2.758     0.506     4.482
     2.430     0.401     3.767
     2.343     0.420     2.904
     2.234     0.377     2.214
     1.921     0.690     1.236
     1.748     2.210     0.185
     1.401     2.898    -0.529
     1.322     3.009    -0.417
     0.845     3.240     0.470
     0.170     2.665     1.807
    -0.764     2.246     2.705
    -1.875     2.534     2.838
    -2.764     3.036     2.183
    -3.779     4.206     1.187
    -4.106     4.675    -0.015
    -4.101     4.396    -1.153
    -4.036     3.906    -1.795
    -4.001     2.777    -1.821
    -3.303     2.010    -1.788
    -2.487     1.196    -1.870
    -2.330     0.435    -1.790
    -1.594    -0.441    -2.162
    -1.637    -1.403    -3.010
    -1.802    -1.818    -3.558
    -0.888    -2.361    -3.014
    -0.506    -2.833    -2.566
    -0.712    -2.586    -2.579
    -0.834    -2.270    -2.960
    -0.596    -2.113    -3.469
    -0.444    -1.680    -3.486
    -0.638    -1.962    -4.141
    -0.356    -2.154    -4.200
    -0.219    -2.580    -3.435
    -0.376    -2.965    -3.395
    -0.195    -2.421    -3.464
    -0.702    -2.332    -3.204
    -1.059    -1.733    -3.170
    -1.286    -1.469    -3.220
    -1.821    -1.328    -3.232
    -1.704    -1.304    -3.075
    -1.999    -1.695    -2.703
    -2.320    -1.097    -2.840
    -2.470    -0.405    -3.434
    -2.636     1.072    -3.643
    -2.441     2.693    -3.384
    -2.615     4.140    -3.962
    -2.236     5.512    -4.099
    -1.494     5.673    -3.918
    -1.439     5.896    -4.162
    -0.884     6.047    -3.926
    -0.462     5.733    -4.295
    -0.433     5.554    -4.162
     0.147     5.002    -3.511
     0.614     3.766    -2.539
     1.152     2.265    -1.782
     1.584     0.827    -1.461
     2.079     0.147    -0.318
     2.323     0.039    -0.078
     2.239    -0.438     0.454
     3.070    -0.999     1.422
     3.551    -1.468     1.870
     3.432    -2.076     2.805
     3.369    -3.106     2.884
     2.868    -3.900     2.701
     2.425    -3.850     2.914
     2.285    -3.776     2.267
     1.784    -3.960     1.376
     1.692    -4.398     0.913
     1.724    -5.048     0.342
     0.718    -5.244     0.150
    -0.417    -4.702     0.610
    -1.192    -4.223     1.330
    -1.827    -3.583     2.188
    -2.542    -2.788     2.855
    -2.451    -2.308     3.591
    -2.029    -1.843     4.050
    -1.748    -1.847     4.252
    -0.883    -1.731     5.177
    -0.513    -1.333     5.602
    -0.570    -1.336     5.573
    -0.598    -1.426     6.242
    -0.242    -1.398     6.350
     0.344    -1.525     6.211
     0.654    -2.009     6.187
     0.607    -2.463     5.499
     0.225    -2.140     4.423
     0.025    -1.251     3.272
    -0.534    -0.708     2.489
    -1.491     0.299     1.831
    -1.663     1.058     0.903
    -1.196     1.372    -0.124
    -0.863     2.094    -0.999
    -0.680     2.245    -1.547
    -0.343     2.540    -1.788
     0.444     2.511    -2.004
     0.784     2.016    -1.998
     1.018     2.074    -1.456
     1.269     2.012    -1.194
     0.933     2.065    -1.561
     0.688     2.101    -1.683
     0.416     2.052    -1.704
     0.183     2.180    -2.508
    -0.204     1.797    -3.348
    -0.039     0.849    -4.102
     0.339    -0.276    -4.483
     0.497    -1.241    -3.758
     0.694    -1.580    -3.486
     0.541    -1.334    -3.222
     0.787    -0.992    -2.459
     1.079    -1.045    -2.184
     1.157    -0.795    -2.108
     0.800     0.365    -2.494
     0.754     1.721    -3.319
     0.685     2.778    -4.144
     0.345     3.615    -4.677
     0.692     3.778    -4.782
     0.146     2.822    -4.425
    -0.145     2.475    -3.640
     0.247     2.609    -3.148
     0.140     2.590    -2.633
     0.214     2.778    -2.002
     0.233     1.575    -1.469
     0.274     0.504    -0.444
     0.298     0.283     0.386
     0.243     0.406     0.784
     0.273     1.734     1.380
     0.038     2.728     2.151
    -0.354     3.620     3.623
    -0.769     4.012     4.971
    -0.798     3.366     5.210
    -0.811     2.936     5.261
    -1.311     2.256     4.953
    -1.311     1.980     4.120
    -1.433     1.821     3.529
    -1.678     1.464     3.219
    -1.301     1.330     3.124
    -1.315     0.822     3.404
    -1.273     0.199     3.587
    -1.448    -0.663     3.874
    -1.843    -0.875     3.767
    -1.854    -0.523     3.256
    -1.897    -0.388     3.499
    -1.838    -0.236     2.906
    -1.952    -0.634     1.954
    -2.003    -1.498     1.450
    -2.544    -2.793     0.552
    -2.776    -3.847     0.116
    -2.541    -4.061     0.251
    -2.685    -4.415     0.790
    -1.834    -5.104     1.288
    -1.204    -5.011     1.624
    -0.717    -4.766     1.682
     0.134    -5.195     1.766
     0.845    -4.826     2.012
     1.431    -4.138     1.827
     1.060    -3.811     2.279
     1.106    -3.081     3.293
     1.239    -2.500     3.449
     0.989    -2.015     3.158
     1.331    -1.219     2.819
     1.296    -0.517     1.846
     1.030    -0.010     0.813
     1.063    -0.349    -0.023
     1.088    -1.032    -0.678
     0.959    -1.260    -1.037
     1.079    -1.582    -1.757
     1.423    -1.729    -2.509
     1.385    -2.324    -3.084
     1.585    -3.307    -3.434
     1.780    -4.273    -3.249
     1.463    -5.320    -2.719
     1.478    -5.647    -2.388
     1.476    -5.572    -2.379
     1.273    -5.592    -2.340
     1.040    -5.273    -2.057
     0.910    -3.753    -1.028
     0.981    -2.260    -0.369
     0.600    -1.024    -0.559
    -0.120     0.544    -1.070
    -0.787     0.998    -2.059
    -0.873     1.409    -2.341
    -0.783     2.100    -2.566
    -0.879     2.459    -2.765
    -0.692     2.999    -2.509
    -0.464     3.496    -2.881
    -0.346     4.095    -2.947
    -0.540     4.573    -2.824
    -0.527     5.062    -3.065
    -0.176     5.384    -3.557
    -0.052     5.415    -4.286
    -0.130     5.298    -5.125
    -0.068     4.749    -6.036
     0.228     4.423    -6.381
     0.477     4.280    -6.273
     0.792     4.236    -5.803
     0.934     3.949    -5.179
     1.196     3.993    -4.956
     1.334     4.283    -4.930
     1.124     3.109    -4.896
     0.730     2.234    -4.704
     0.047     1.473    -4.055
    -0.158     0.625    -3.181
    -0.399     0.702    -2.122
    -0.458     0.371    -0.955
    -0.399     0.193     0.328
    -0.574    -0.165     1.372
    -0.508    -0.960     1.867
    -0.769    -1.632     2.856
    -0.845    -2.441     3.130
    -0.762    -3.031     3.630
    -0.827    -3.161     4.644
    -0.803    -2.926     3.231
    -0.808    -2.587     2.896
    -0.816    -1.950     4.170
    -0.620    -1.677     4.015
    -0.498    -1.198     3.468
    -0.767    -0.082     3.083
    -0.871     0.704     3.109
    -0.851     1.596     3.070
    -0.816     2.860     3.243
    -0.809     4.041     3.413
    -0.729     4.554     2.386
    -0.505     4.854     1.624
    -0.251     4.978     1.634
     0.082     4.889     1.665
     0.335     4.960     1.662
     0.437     4.887     1.660
     0.152     4.986     1.776
    -0.094     4.649     2.378
    -0.168     3.904     3.651
     0.168     3.855     4.754
     0.788     4.047     5.198
     0.986     3.585     5.036
     1.242     2.874     4.551
     1.581     2.007     4.081
     1.599     0.861     3.862
     1.426    -0.159     4.206
     1.229    -0.903     4.069
     1.438    -1.479     3.401
     1.625    -1.831     2.937
     1.450    -1.567     2.073
     1.636    -1.488     1.813
     1.182    -1.659     2.062
     0.636    -2.198     1.377
     0.646    -3.156     0.409
     0.140    -3.607    -0.590
    -0.298    -4.000    -1.367
    -0.719    -3.845    -2.036
    -0.528    -2.889    -2.753
     0.215    -1.842    -2.959
     0.413    -1.358    -3.400
     0.636    -0.710    -3.989
     1.158    -0.158    -4.181
     1.605    -0.507    -3.714
     2.065    -0.764    -3.247
     2.280    -1.575    -3.122
     2.103    -1.890    -2.672
     2.457    -1.428    -2.743
     2.433    -1.525    -2.630
     1.942    -1.674    -2.391
     2.000    -1.900    -2.771
     1.904    -1.889    -2.850
     2.015    -1.883    -3.528
     2.013    -1.983    -4.468
     1.947    -1.751    -4.760
     1.826    -1.352    -4.723
     1.367    -1.013    -4.677
     1.467    -0.971    -4.579
     1.280    -1.181    -3.740
     1.160    -1.389    -3.138
     1.283    -0.806    -2.992
     1.181     0.191    -2.697
     1.146     0.466    -2.467
     0.426     0.618    -2.200
    -0.335     1.300    -1.980
    -0.866     2.193    -1.913
    -0.883     2.499    -2.025
    -0.598     2.918    -1.799
    -1.312     4.110    -1.664
    -2.088     4.588    -1.700
    -2.252     4.451    -1.454
    -2.831     3.848    -1.011
    -3.370     2.960    -0.414
    -2.994     2.440    -0.228
    -3.194     1.334    -0.044
    -3.448     0.603    -0.285
    -2.737     0.440    -0.285
    -2.173     0.086     0.237
    -1.947     0.086     0.096
    -1.522     0.236     0.434
    -0.999     0.550     1.097
    -1.334     0.660     1.369
    -1.460     0.486     1.406
    -1.425    -0.112     1.556
    -2.109    -0.986     1.828
    -2.403    -1.403     2.136
    -2.676    -1.936     2.419
    -3.041    -2.299     2.733
    -3.384    -2.375     3.393
    -3.654    -2.237     3.615
    -3.430    -1.808     3.865
    -3.634    -1.149     3.999
    -3.457    -0.349     3.944
    -3.110    -0.439     3.869
    -3.606    -0.326     3.714
    -3.628     0.023     4.360
    -3.903    -0.355     4.662
    -4.438    -0.317     5.108
    -4.019    -0.318     5.488
    -3.611    -0.537     5.690
    -3.750    -0.910     6.463
    -3.344    -1.177     6.019
    -2.833    -0.856     6.153
    -2.784    -0.901     6.323
    -1.996    -0.538     5.413
    -1.486     0.173     4.728
    -1.113    -0.054     3.321
    -0.815    -0.894     2.434
    -0.816    -1.194     1.064
    -0.136    -0.712    -0.652
     0.038    -0.871    -1.162
     0.303    -1.326    -1.539
     0.528    -1.486    -1.643
     0.810    -1.881    -1.922
     1.594    -2.324    -2.031
     1.699    -2.003    -1.866
     2.036    -1.137    -1.022
     2.114    -0.432     0.252
     2.093     0.410     0.823
     2.318     0.708     1.659
     2.474     0.379     2.154
     2.737     0.538     1.889
     2.811     0.161     1.555
     3.197    -0.939     0.727
     3.096    -0.666    -0.278
     2.888     0.040    -0.497
     2.543     0.056    -0.318
     2.252    -0.262    -0.436
     3.177    -0.835    -0.449
     3.683    -0.483    -0.433
     3.673     0.362    -0.835
     4.027     1.232    -0.822
     4.191     1.603    -1.126
     4.157     1.902    -1.669
     4.354     2.366    -1.487
     3.835     1.548    -1.930
     3.471     1.090    -2.440
     3.371     1.162    -2.742
     2.685     1.065    -2.737
     2.612     1.402    -2.233
     2.533     1.277    -2.311
     2.554     1.058    -2.412
     2.426     1.428    -2.823
     2.276     1.426    -3.430
     2.418     0.774    -4.044
     2.330     0.240    -4.983
     2.260    -0.413    -5.338
     1.727    -0.941    -5.441
     1.315    -0.402    -4.764
     0.963     0.536    -2.972
     0.933     0.851    -1.419
     0.797     1.276     0.060
     0.574     1.751     1.574
     1.267     1.278     2.379
     1.378     0.649     2.816
     1.507    -0.279     3.408
     1.916    -0.989     3.084
     1.971    -0.744     2.438
     2.315    -0.986     2.595
     2.393    -0.976     2.212
     2.385    -0.467     1.628
     2.375    -0.335     1.317
     2.395    -0.018     0.470
     2.258    -0.126    -0.363
     1.847    -0.543    -0.853
     1.882    -0.842    -1.328
     1.892    -1.738    -1.773
     1.902    -2.400    -2.379
     1.761    -2.700    -3.463
     1.377    -2.911    -4.550
     1.269    -3.052    -5.071
     0.985    -3.352    -5.645
     0.626    -2.868    -6.117
     0.633    -2.484    -5.846
     0.642    -2.369    -5.677
     0.409    -1.886    -5.878
     0.026    -1.288    -5.905
    -0.591    -1.105    -5.036
    -1.200    -1.200    -3.941
    -1.730    -0.544    -3.885
    -2.302    -0.229    -3.740
    -2.970     0.131    -2.908
    -3.837     0.565    -1.847
    -4.469     0.409    -1.083
    -4.578    -0.107    -0.417
    -4.724    -0.891     0.584
    -5.089    -1.089     1.682
    -5.104    -1.673     2.725
    -5.030    -2.485     2.800
    -5.094    -2.754     3.337
    -5.040    -2.612     4.402
    -5.076    -2.687     4.557
    -4.938    -2.705     5.045
    -4.420    -2.329     5.592
    -4.043    -2.696     5.818
    -3.513    -2.573     5.140
    -3.058    -2.339     4.648
    -2.657    -2.691     4.684
    -2.309    -2.810     3.923
    -2.529    -3.170     3.927
    -2.201    -3.251     4.416
    -2.045    -3.074     4.979
    -1.805    -2.564     4.830
    -1.088    -1.687     4.717
    -0.910    -0.801     5.521
    -0.624     0.065     5.455
    -0.312     0.703     5.443
     0.548     1.257     4.556
     0.817     1.511     2.897
     0.788     1.617     2.084
     1.319     1.268     1.352
     1.223     0.911     0.854
     1.378     1.088     0.502
     1.065     1.231     0.264
     0.768     1.435    -0.315
     0.800     1.408    -1.213
     0.327     2.297    -1.709
    -0.033     3.054    -2.108
    -0.709     3.348    -2.665
    -1.043     4.709    -3.479
    -1.055     5.130    -4.031
    -1.107     5.313    -4.076
    -1.130     5.663    -4.041
    -1.644     5.326    -3.928
    -2.088     5.033    -3.352
    -1.883     4.431    -2.986
    -1.721     3.575    -3.042
    -2.032     3.183    -3.165
    -2.135     3.606    -3.613
    -1.881     3.641    -3.528
    -1.443     3.568    -3.554
    -0.822     3.544    -3.271
    -0.327     3.151    -2.424
    -0.011     2.990    -2.407
     0.583     2.420    -1.839
     0.880     1.988    -1.488
     1.063     1.421    -1.287
     1.522     0.494    -0.566
     1.422     0.521    -0.352
     1.614     0.431     0.027
     1.944     0.086     0.380
     2.179     0.024     1.262
     2.536    -0.001     1.994
     2.658     0.061     2.101
     2.779    -0.102     2.541
     2.549    -0.404     2.347
     2.465    -0.936     1.783
     2.588    -1.360     1.238
     2.407    -1.534     0.535
     2.056    -1.756     0.221
     1.406    -1.485     0.247
     0.672    -1.155    -0.160
     0.508    -0.769    -0.370
     0.408    -0.399    -0.198
    -0.001    -0.626    -0.318
    -0.015    -0.790     0.150
    -0.073    -0.704     0.489
     0.120    -0.829     0.498
     0.354    -0.836     1.153
    -0.037    -0.587     1.701
    -0.092    -0.817     2.120
     0.057    -0.896     2.715
     0.025    -0.686     2.906
     0.000     0.000     0.000
     0.000     0.000     0.000
     0.000     0.000     0.000
