********************************************************************************
                       INSTITUTO DE INGENIERIA, UNAM
                   Coordinacion de Instrumentacion Sismica
  Ciudad Universitaria, Apartado Postal 70-472, Coyoacan 04510, Mexico, D.F.
 Tel.(52-5)622-3414    Fax.(52-5)616-1514    e-mail: isismica@pumas.iingen.unam.mx
********************************************************************************
ARCHIVO ESTANDAR DE ACELERACION:
VERSION DEL FORMATO                    : 2.0
NOMBRE DEL ARCHIVO                     : GUAC8510.291
FECHA Y HORA DE CREACION               : Tue Apr 21 12:13:28 1998
REF. CATALOGO ACELEROGRAMAS, SMIS 1995 : REGISTRO No. 642 /PAG. 85


================================================================================
DATOS DE LA ESTACION:
NOMBRE DE LA ESTACION                  : GUACAMAYAS
CLAVE DE LA ESTACION                   : GUAC
LOCALIZACION DE LA ESTACION            : Campamento SARH Guacamayas, cerca de
                                       : Lazaro Cardenas. Michoacan.
                                       :
                                       :
                                       :
COORDENADAS DE LA ESTACION             : 18.025 LAT. N 
                                       : 102.204 LONG. W
ALTITUD (msnm)                         : 25  
TIPO DE SUELO                          : ARCILLA COMPACTA
                                       : 
                                       : 
INSTITUCION RESPONSABLE                : INSTITUTO DE INGENIERIA UNAM
                                       :

================================================================================
DATOS DEL ACELEROGRAFO:
MODELO DEL ACELEROGRAFO                : DCA-310
NUMERO DE SERIE DEL ACELEROGRAFO       : 137; SSA-302/289
NUMERO DE CANALES                      : 3
ORIENTACION C1-C6 (rumbo;orientacion)  : /+V/N90W/S00E
ORIENTACION C7-C12 (rumbo;orientacion) :
VEL. DE MUESTREO, C1-C6 (muestras/s)   : /100/100/100
VEL. DE MUESTREO, C7-C12 (muestras/s)  :
ESC. COMPLETA DE SENSORES, C1-C6, (g)  : /1/1/1
ESC. COMPLETA DE SENSORES, C7-C12, (g) :
FREC. NAT. DE SENSORES, C1-C6, (Hz)    : /32.3/30.8/31.2
FREC. NAT. DE SENSORES, C7-C12, (Hz)   :
AMORTIGUAMIENTO DE SENSORES, C1-C6     : /0.73/0.65/0.69
AMORTIGUAMIENTO DE SENSORES, C7-C12    :
INTERVALO DE MUESTREO, C1-C6, (s)      : /0.01/0.01/0.01
INTERVALO DE MUESTREO, C7-C12, (s)     :
UMBRAL DE DISPARO, C1-C6, (Gal)        : /7/7/7
UMBRAL DE DISPARO, C7-C12, (Gal)       :
MEMORIA DE PREEVENTO (s)               : 2.56
TIEMPO DE POSEVENTO (s)                : 15


================================================================================
DATOS DEL SISMO:
FECHA DEL SISMO [GMT]                  : 1985/10/29
HORA EPICENTRO (GMT)                   : 15:02:26
MAGNITUD(ES)                           : /Mb=5.6/Ms=5.4/Mc=5.1
COORDENADAS DEL EPICENTRO              : 17.583 LAT. N 
                                       : 102.636 LONG. W 
PROFUNDIDAD FOCAL (km)                 : 20
FUENTES DE LOS DATOS EPICENTRALES      : INSTITUTO DE INGENIERIA UNAM
                                       : 

================================================================================
DATOS DE ESTE REGISTRO:
HORA DE LA PRIMERA MUESTRA (GMT)       : 14:59:45
EXACTITUD DEL TIEMPO (s)               : 1.0 
DURACION DEL REGISTRO (s), C1-C6       : /27.15/27.15/27.2
DURACION DEL REGISTRO (s), C7-C12      :
NUM. TOTAL DE MUESTRAS, C1-C6          : /2715/2715/2715
NUM. TOTAL DE MUESTRAS, C7-C12         :
ACEL. MAX.(Gal), C1-C6                 : /13.044/-40.075/-34.488 
ACEL. MAX., C1-C6, EN LA MUESTRA       : /193/893/896   
ACEL. MAX.(Gal), C7-C12                :
ACEL. MAX., C7-C12, EN LA MUESTRA      :
UNIDADES DE LOS DATOS                  : Gal (cm/s/s)
FACTOR DE DECIMACION                   : 1
FORMATO DATOS (FORTRAN,10 campos/dato) : 3F10.3


===============================================================================
CALIDAD DEL ACELEROGRAMA:

REGISTRO DIGITAL COMPLETO CON TIEMPO ABSOLUTO CORRECTO

===============================================================================
COMENTARIOS:

EQUIPO CON SENSORES EXTERNOS












===============================================================================
DATOS DE ACELERACION:
---------+---------+---------+---------+---------+---------+---------+---------+
   CANAL-1   CANAL-2   CANAL-3   CANAL-4   CANAL-5   CANAL-6   CANAL-7   CANAL-8
         V      N90W      S00E
---------+---------+---------+---------+---------+---------+---------+---------+
     0.443     1.959    -0.497
     0.877     1.987    -0.887
     0.847     2.176     0.174
     0.513     2.190     2.193
     0.313     3.951     3.480
     0.309     3.610     3.476
     0.367     1.304     3.050
     0.915     0.777     2.897
     1.156     1.240     0.847
     1.062    -0.400    -0.680
     0.485    -2.692    -0.640
    -2.185    -2.355    -0.604
    -3.114    -2.322    -0.218
    -0.516    -2.957    -0.777
    -0.972    -2.511    -0.432
    -3.629    -2.315    -0.082
    -3.444    -2.342    -0.681
    -2.833    -2.024    -0.592
    -2.927    -2.133     0.429
    -3.220    -2.345     2.422
    -2.881    -2.688     3.735
    -0.798    -2.237     3.708
     0.894     0.317     0.900
     1.171     1.358    -0.993
     0.756     0.864    -0.626
     2.358     1.190    -2.589
     4.472     1.170    -4.267
     4.024     1.122    -3.733
     3.828     1.186    -1.912
     4.064     1.112    -0.468
     4.437     1.182    -0.261
     4.223     1.125    -0.360
     2.269     1.156    -0.663
     0.395     1.455    -0.594
    -1.840     1.660    -0.592
    -3.877     1.683    -0.612
    -4.894     1.287    -0.581
    -4.982     1.158    -0.611
    -3.103     1.381    -0.930
    -0.390     1.127    -1.141
     1.109     1.420    -1.114
     2.396     1.982    -1.077
     4.708     1.281    -0.454
     4.969    -0.731    -0.649
     2.311    -2.088    -0.556
     0.519    -2.513     0.036
     0.771    -2.910    -0.142
     0.259    -2.618    -0.065
    -2.738    -2.596    -0.464
    -4.528    -2.650    -0.632
    -3.551    -2.317    -0.261
    -3.422    -2.087    -0.412
    -3.055    -1.849    -0.961
    -0.500    -2.169    -1.184
     0.919    -2.759    -0.718
     0.825    -3.198    -0.603
     0.888    -2.863    -0.554
     0.793    -1.975    -0.644
     1.178    -2.488    -0.904
     1.065    -2.654    -0.492
     1.095    -0.254    -0.336
     2.630     1.085    -0.313
     2.260     0.860    -0.063
     0.912     1.434    -0.767
     0.724     1.334    -1.215
     0.325     1.049    -0.394
     0.270     1.386    -0.377
     0.440     1.032    -0.625
     0.876     0.485    -0.270
     1.233     0.603    -0.399
     0.722     0.857    -0.625
    -1.825     1.746    -0.646
    -5.951     3.648    -0.876
    -7.182     5.088    -1.234
    -5.056     5.108    -0.993
    -2.714     5.056    -0.884
    -3.112     4.785    -0.080
    -3.180     2.369     1.848
    -0.604     0.818     1.269
     0.531     1.008    -0.502
     0.812     1.405     0.020
     0.476     1.247     1.839
     0.469    -1.375     3.258
     0.255    -2.696     3.176
    -1.656    -2.166     1.111
    -1.065    -2.499    -0.785
     1.299    -2.777    -0.628
     3.326    -2.078    -0.261
     5.238     0.141    -0.735
     6.779     0.955    -1.180
     5.957     0.464    -1.105
     1.709     1.144    -1.088
    -1.891     1.293    -1.104
    -3.100     0.975    -0.406
    -3.518     1.329    -0.015
    -2.977     1.533    -0.081
    -2.533     1.533    -0.453
    -2.577     1.480    -0.614
    -0.751     1.225     0.056
    -1.156     0.939     0.195
    -3.461     1.013    -0.180
    -3.370     1.290    -0.731
    -2.738    -0.586    -0.541
    -0.054    -2.589     0.370
     3.579    -2.269     0.097
     6.913    -2.259    -0.137
     8.166    -2.588    -0.065
     5.880    -2.799    -0.141
     4.632    -2.493    -0.350
     4.691    -2.525    -0.741
     4.043    -3.142    -0.114
     2.077    -2.708    -0.536
     0.373    -2.522    -0.462
    -1.176    -2.525     1.619
    -3.127    -2.559     1.026
    -5.321    -2.544    -0.390
    -7.080    -2.550    -0.023
    -6.897    -1.965    -0.462
    -7.005     0.359    -0.621
    -5.289     1.646     1.483
    -2.781     1.477     3.654
    -3.364     1.685     3.464
    -3.540     1.416     1.350
     1.036     0.491    -0.141
     7.104     1.029     0.148
     6.205     1.165     0.204
     2.287    -1.228    -0.203
     3.061    -3.169    -0.343
     6.859    -2.253    -0.687
     9.239     0.692    -0.868
     9.595     1.512    -0.810
     9.192     0.596    -0.516
     5.861     1.174    -0.227
     1.393     1.794    -0.050
    -1.685     1.276    -0.036
    -4.922     0.830    -0.799
    -7.266     0.884    -0.429
    -7.332     1.748     2.005
    -7.285     3.475     3.938
    -6.630     2.979     4.306
    -4.032     1.474     4.190
    -2.735     0.893     3.841
    -2.984     0.958     1.595
    -3.034     2.842    -0.604
    -3.262     2.636    -0.277
    -3.910     0.481    -0.056
    -3.675    -0.918    -0.709
    -0.769    -2.707    -1.191
     3.623    -2.739    -0.687
     6.906    -2.885    -0.896
     8.375    -5.135    -3.108
     7.985    -4.758    -4.711
     6.176    -3.321    -4.561
     4.451    -2.981    -1.881
     1.970    -0.901    -0.144
    -1.934    -0.553     0.066
    -6.146    -3.123     2.981
    -7.508    -3.213     3.846
    -4.586    -0.797     0.758
    -2.232     1.122    -1.009
    -0.366     3.553    -0.793
     1.092     5.319    -0.859
     0.433     4.499    -0.057
     1.151     4.514     1.930
     0.993     5.158     0.944
     0.416     3.203    -1.306
     2.677     0.879    -1.003
     2.480     1.039    -0.449
     0.757     1.260    -0.228
     1.313     1.342    -0.994
     0.955     3.614    -2.737
     0.756     5.661    -1.774
     3.180     4.902    -0.566
     5.193     2.340    -0.112
     4.402     0.418     2.346
    -0.301    -1.375     3.128
    -5.818    -2.692     0.980
    -6.759    -2.575    -0.724
    -7.124    -3.021    -0.850
    -9.402    -3.386    -0.826
    -8.289    -3.476    -0.069
    -3.999    -3.885     2.317
    -2.602    -3.400     3.851
    -5.191    -2.669     3.067
    -4.883    -3.080     0.585
    -2.984    -2.984    -0.885
    -3.468    -2.189    -0.853
    -1.083    -2.230    -0.749
     3.975    -2.353    -0.488
     7.186    -2.514    -0.527
     8.919    -1.096    -0.540
    11.577     1.431    -0.509
    13.044     3.877    -0.550
    12.527     7.651    -0.157
    12.143     9.250    -0.020
     9.594     9.251    -0.318
     3.595    11.007     1.747
    -3.915     9.998     3.370
    -7.584     6.375     0.832
    -7.305     5.451    -0.181
    -4.794     5.108     0.186
    -0.124     2.755    -0.347
     1.092     0.853     1.408
     0.430     0.576     3.844
    -1.279     0.679     5.747
    -3.743    -1.446     7.787
    -3.765    -5.547     7.390
    -5.347    -7.443     5.551
    -4.881    -7.104     4.119
    -1.130    -6.769     1.478
     0.669    -6.882    -0.795
     2.671    -6.806    -3.273
     4.331    -4.777    -4.522
     4.313    -3.024    -4.001
     4.831    -2.794    -4.650
     7.522    -2.535    -2.435
     8.707    -3.544    -0.599
     3.668    -5.720    -0.386
    -1.847    -7.740     0.120
    -3.384    -7.320    -2.771
    -3.352    -4.384    -4.009
    -3.513    -2.240    -3.471
    -4.159    -0.817    -4.197
    -3.652     1.223    -3.897
    -3.209     3.577    -3.116
    -3.542     5.142    -2.916
    -3.833     4.885    -3.070
    -3.453     2.735    -3.964
    -0.473     0.797    -4.719
     1.932     0.507    -2.056
     3.328     0.632    -0.082
     5.037     0.594    -0.185
     5.053     0.918     2.109
     4.632     1.446     3.906
     2.022     1.639     3.456
     0.064     3.123     3.179
     0.814     4.588     3.277
    -1.773     4.961     1.158
    -3.615     4.811    -0.992
    -3.004     2.163    -1.115
    -3.645     0.546    -0.641
    -3.501    -0.654    -0.817
    -2.973    -3.085    -3.070
    -3.613    -3.205    -2.245
    -3.258    -2.896    -0.048
    -0.525    -2.898     0.088
    -1.454    -2.626     2.710
    -3.941    -0.563     4.363
    -0.799     1.130     3.310
     1.957     1.101     2.904
     2.994     3.222     3.011
     4.758     3.002     2.976
     4.784     1.086     3.376
     4.645     1.272     3.493
     4.757     1.078     1.181
     4.325     0.720    -0.726
     4.819    -0.932    -0.138
     4.926    -3.082    -0.365
     2.846    -3.216    -2.191
    -1.352    -3.523    -3.611
    -5.363    -5.816    -3.181
    -7.220    -8.080    -1.260
    -9.890    -7.671    -0.292
   -12.236    -4.674    -0.809
   -11.553    -2.598    -0.751
    -8.475    -1.101    -0.069
    -4.315     2.681    -0.006
    -2.654     5.015     0.035
    -1.281     5.105    -0.029
     2.682     5.081    -0.678
     7.013     4.734    -1.078
     9.165     4.523    -1.033
     8.649     2.741    -0.615
     6.257     1.004    -0.176
     3.981     1.024     0.104
     4.154     1.337    -0.065
     2.618     3.418     0.048
     0.558     4.775    -0.044
     0.923     2.448    -0.325
     1.223     0.462     2.165
     0.861     0.504     4.176
    -3.349     0.555     4.418
    -7.635     0.229     3.810
    -7.723     0.630     1.088
    -7.571     1.100    -0.047
    -7.294    -0.738     0.263
    -4.877    -2.526    -0.113
    -2.678    -2.768    -0.636
    -0.939    -3.327    -0.121
     2.563    -3.468     0.654
     4.910    -3.486     0.134
     7.125    -3.429    -0.045
     9.053    -3.487    -0.689
     8.338    -3.728    -1.106
     6.003    -3.426    -1.000
     2.193    -2.845    -3.065
     0.254    -0.880    -4.262
    -2.076     0.855    -2.000
    -3.946     2.924    -0.377
    -1.135     5.192    -0.844
     1.067     4.754    -0.675
     1.289     4.824    -0.182
     0.511     4.764    -0.249
    -2.311     4.512    -0.629
    -4.262     4.537    -0.782
    -3.451     2.130    -0.800
    -3.369     0.226    -0.059
    -3.246    -1.874     2.333
    -0.968    -3.773     3.850
     0.799    -3.761     3.438
     0.983    -3.697     1.467
     0.620    -3.414    -0.473
     2.527    -3.765    -0.625
     4.810    -3.686    -0.494
     5.074    -3.123    -0.225
     2.710    -2.607    -0.273
    -1.851    -2.721    -0.617
    -3.208    -2.993    -0.147
    -3.060    -0.839    -0.011
    -4.038     1.117    -0.016
    -3.142     3.211    -0.360
    -0.349     5.412    -0.604
     0.973     5.043    -0.140
     0.675     4.452    -0.736
     0.984     5.166    -0.695
     0.633     5.016    -0.928
     0.994     2.668    -3.346
     1.537     0.710    -4.619
     1.131    -1.040    -4.222
     1.202    -2.742    -4.006
    -1.256    -3.035    -4.034
    -4.087    -2.642    -1.995
    -3.219    -0.595    -0.457
    -0.604     1.083    -0.457
     0.729     0.819     2.458
     0.446     1.085     3.747
     1.058     1.685     3.808
     1.254     1.200     6.371
     0.888     0.785     7.767
     0.991     1.054     7.454
     0.613     1.408     5.085
     3.196     1.260     3.620
     5.026     0.753     3.643
     2.617     0.507     0.301
     0.874    -1.241    -3.420
    -1.208    -3.257    -4.407
    -3.750    -5.354    -6.669
    -4.182    -7.822    -9.197
    -3.385    -7.449    -8.696
    -5.101    -7.400    -8.958
    -7.105    -7.464    -8.332
    -4.972    -4.078    -4.992
    -3.169    -0.319    -2.775
    -0.495     0.863    -1.675
     3.790     1.140    -0.563
     5.354     3.492     1.903
     5.291     4.499     4.189
     4.945     2.239     4.325
     4.698     0.850     4.462
     4.455     1.070     7.162
     4.499     0.800     8.100
     4.199     0.225     4.953
     4.259     0.670     2.981
     4.566     0.847     0.725
     2.050     0.567    -1.245
    -2.248     0.880    -1.180
    -5.722     1.140    -0.988
    -6.988     0.488    -0.510
    -7.106     0.619     0.473
    -7.180     3.589     2.374
    -7.020     5.405     1.428
    -6.576     4.813    -0.496
    -4.686     4.245    -0.685
    -2.510     2.577    -1.229
    -0.603     1.385    -0.379
     3.280     1.630    -0.008
     7.644     0.979    -0.431
     9.723     0.559    -0.963
     9.357     0.582    -3.511
     7.084    -1.766    -5.250
     4.985    -3.430    -4.770
     2.458    -2.818    -4.273
    -2.235    -3.212    -4.300
    -6.324    -3.394    -4.423
    -7.425    -3.705    -3.909
    -6.933    -3.896    -1.552
    -6.007    -3.292     0.088
    -4.358    -2.781    -0.814
    -2.930    -0.474    -0.780
    -0.381     1.751    -0.610
     1.359     3.475    -0.581
     0.860     5.166     1.765
     2.894     4.880     3.847
     4.707     2.778     6.071
     3.992     1.418     8.094
     4.122     3.422     7.260
     4.387     5.204     5.099
     4.330     4.852     3.493
     4.072     2.835     3.304
     1.949     1.073     3.364
     0.609     0.845     3.760
     0.839    -1.835     3.526
     0.547    -3.325     1.380
     0.338    -3.444     0.026
    -1.813    -6.000     0.132
    -3.697    -7.639     1.773
    -3.743    -7.028     3.225
    -5.398    -4.700     1.118
    -7.553    -3.067    -0.812
    -6.777    -0.915    -0.268
    -4.168     1.559    -2.203
    -2.582     1.178    -4.642
    -0.388     0.556    -4.078
     1.412     0.415    -3.839
     3.353     0.688    -4.561
     4.848    -0.496    -4.634
     4.425    -2.712    -4.327
     4.018    -2.840    -4.750
     2.061    -2.879    -3.866
     0.616    -2.753    -0.954
    -1.262    -2.878     0.168
    -3.167    -2.449    -0.199
    -3.230    -0.230    -0.071
    -2.706     1.220    -0.216
    -0.223     3.009    -0.748
     1.234     5.047    -0.950
     2.677     7.072    -0.223
     4.798     8.727     2.252
     4.700     8.162     4.327
     4.623     8.792     3.810
     4.718     8.707     3.198
     2.446     5.992     3.435
     0.945     4.482     3.250
     0.451     1.959     3.117
    -1.360    -1.288     3.041
    -0.807    -2.886     1.456
    -1.463    -2.767    -0.659
    -3.703    -2.826    -1.034
    -3.049    -5.451    -0.872
    -0.328    -7.039    -0.626
     1.770    -7.402    -0.271
     0.859    -7.816    -0.192
     0.585    -7.815    -0.057
    -0.827    -6.826    -0.276
    -3.279    -4.095    -0.030
    -3.414    -2.462    -0.965
    -3.327    -0.685    -2.468
    -2.753     1.015    -2.103
    -0.693     0.750    -3.242
     3.378     0.719    -5.052
     5.041     0.481    -4.257
     4.658     0.160    -1.817
     5.576     0.901    -0.317
     4.795     1.569    -0.356
     1.902     1.548    -0.773
    -2.049     0.862    -1.268
    -4.020    -1.332    -0.814
    -3.552    -3.054    -0.633
    -3.319    -2.408    -0.652
    -3.324    -0.134    -0.676
    -2.731     1.256    -0.996
    -0.142     1.308    -0.548
     1.495     3.956    -0.076
     0.515     5.824     2.188
     1.027     5.520     3.971
     1.130     4.932     3.882
    -1.507     2.338     3.149
    -3.492     0.778     0.398
    -3.069    -1.098    -0.650
    -0.390    -3.303    -0.112
     1.795    -3.288    -0.527
     1.722    -2.587    -0.698
     1.309    -0.378    -0.353
     1.148     1.349    -0.113
    -1.026     1.297    -0.523
    -2.613     0.719    -0.701
     0.014     0.195    -0.348
     1.113     0.604    -0.115
     0.283     0.829    -0.856
     0.692     1.392    -1.245
     1.233     3.381    -1.185
     1.717     4.774    -0.831
     1.034     5.160     1.723
     0.827     4.725     3.463
     0.580     2.453     3.717
     0.314     0.768     3.858
     0.685     1.075     3.512
    -1.227     1.047     3.260
    -2.923    -0.723     1.004
    -2.662    -2.465    -0.506
    -2.320    -2.773     1.878
    -2.417    -3.269     3.718
    -2.677    -2.873     3.617
    -3.264    -2.055     3.251
    -3.433    -3.085     3.359
    -2.811    -3.479     2.965
    -2.322    -3.151     0.455
    -0.595    -2.861    -0.989
     1.134    -0.559    -0.323
     1.441     1.410    -0.137
     1.609     1.053    -0.501
     1.593     0.818    -1.054
     0.955     1.111    -1.214
     0.492     1.093    -1.167
     1.166     0.788    -0.507
     1.338     1.438    -0.404
     1.332     1.327    -2.413
     1.570    -1.644    -4.023
     1.582    -2.823    -3.958
     1.202    -2.136    -1.563
    -1.369    -2.986     0.208
    -3.347    -3.535     0.142
    -3.225    -2.448     2.087
    -3.248    -0.350     3.687
    -2.595     1.131     2.954
    -0.342     1.117     0.820
     1.329     0.812    -0.785
     1.021     0.585    -0.356
     0.996     0.864    -0.459
     1.334     2.995    -0.377
     1.210     4.555    -0.098
     1.007     2.947    -0.864
     0.943     1.301    -0.536
     1.051     1.393    -0.117
     0.626     1.306    -0.451
     0.803     1.105    -1.074
     1.264     0.814    -2.844
     0.968     0.557    -4.232
     0.639     0.665    -3.508
     0.744    -0.643    -1.410
     0.695    -2.036    -0.092
    -1.091    -2.252    -0.121
    -2.846    -2.339    -0.473
    -2.562    -2.444    -0.711
    -0.723    -1.726    -0.629
     1.263     0.156    -1.012
     1.572     0.427    -0.823
     1.075     0.432     1.705
     0.645     1.492     3.523
     0.616     1.436     3.364
     1.026     1.310     3.726
     1.163     1.465     3.533
     0.900     0.999     3.004
    -0.013    -0.857     2.798
     0.486    -2.409     0.858
     0.672    -2.062    -0.732
    -1.458    -0.365    -0.684
    -1.041     1.421    -0.639
     0.611     0.837    -0.633
     0.410     0.293    -0.645
     0.353     1.318    -0.617
     0.398     1.062     0.007
     0.655     0.334     0.158
     1.217     0.638    -0.896
     1.405     0.081    -1.149
     1.349    -1.644    -0.871
     1.068    -2.490    -0.505
     0.787    -2.658    -0.376
     0.563    -2.304    -0.002
     0.278    -1.765     1.808
     0.654    -0.983     1.187
     1.168     0.674    -0.422
     1.075     0.936    -0.422
     0.789     0.636    -0.682
     0.211     0.927    -0.949
     0.347     0.900    -1.147
     0.585     1.202    -0.474
     0.578     1.128     0.006
     0.846     1.176    -0.156
     0.796     0.827    -0.735
     1.117     0.345    -1.239
     1.014     1.281    -0.736
     0.485     1.127     0.074
    -1.596     0.295     2.501
    -3.221     0.396     3.645
    -1.503     0.412     3.385
    -2.033     0.391     3.096
    -4.047     1.308     0.800
    -3.401     1.407    -0.618
    -1.407    -0.941    -1.062
     0.330    -2.315    -0.376
     0.909    -2.403    -0.450
     0.740    -2.913    -2.196
     0.791    -3.155    -2.076
     3.126    -3.361    -2.156
     4.521    -3.371    -1.689
     2.138    -3.314    -1.956
     0.772    -3.377    -3.715
     0.972    -3.015    -3.220
     0.707    -2.541    -1.776
     0.739    -1.687    -0.528
     0.135     0.190    -0.908
    -0.041     1.058    -0.762
     0.570     0.907     1.789
    -1.623     1.201     3.210
    -3.900     1.149     3.280
    -3.820     1.458     3.439
    -3.769     1.094     3.797
    -3.781    -0.893     3.924
    -3.167    -2.622     4.312
    -0.605    -2.621     3.754
     1.321    -0.532     1.403
     0.956     0.867    -0.532
     0.688     0.668    -0.940
     0.407     0.936    -0.476
     0.484     0.915    -0.619
     0.447     0.591    -0.158
     0.184     0.984    -0.098
    -0.099     1.152    -2.969
    -0.314     1.193    -4.694
     0.292     1.117    -3.913
     0.811     0.886    -4.495
     0.390     0.893    -4.813
    -1.607     0.898    -2.201
    -1.261     0.919    -0.074
     0.773     0.572     0.030
     0.136     1.003    -0.041
     0.246     1.414    -0.040
     0.178     1.464    -0.389
    -0.363     3.110    -0.900
     0.305     2.898    -0.432
     0.483     1.136     0.061
     0.485     1.141    -0.713
     0.429     0.832    -1.114
     2.597     1.207    -0.695
     4.504     3.503    -0.179
     4.559     5.131     0.041
     4.715     4.924    -0.072
     2.363     3.090     0.019
     0.051     1.120    -0.083
    -2.192    -0.097    -0.304
    -4.144    -1.288    -0.613
    -3.462    -2.283    -0.147
    -2.961    -2.387     1.981
    -0.925    -2.360     3.587
     0.761    -2.962     3.838
     0.775    -2.528     3.709
     0.733    -2.370     3.092
    -1.968    -4.685     1.299
    -3.825    -6.682    -0.081
    -3.844    -6.934    -0.020
    -4.041    -6.867    -0.393
    -3.729    -6.584    -0.823
    -3.157    -6.311    -0.456
    -0.884    -6.104     0.152
     0.794    -4.319    -0.756
     0.190    -3.237    -2.995
     0.283    -2.731    -4.337
     1.114    -0.278    -3.930
     1.328     1.121    -1.749
     0.922     2.921    -0.151
     0.167     5.232     0.119
     0.527     5.724    -0.366
     1.146     5.337    -0.826
     0.077     5.077    -0.418
     0.352     7.197    -0.205
     1.103     8.848    -0.237
     0.774     9.235    -0.259
     0.475     9.071     0.115
    -1.243     6.511    -0.073
    -1.498     4.542    -0.227
    -1.519     2.833     0.034
    -2.866     0.784    -1.624
    -1.248     0.558    -3.377
     0.658     0.891    -2.884
     0.845     1.145    -1.095
     2.670     0.826     0.350
     4.311    -0.927     1.936
     2.032    -2.624     3.323
     0.579    -3.012     2.975
     1.424    -3.444     1.396
     0.438    -5.490    -0.031
     0.612    -6.827    -0.016
     1.485    -6.683     0.025
     0.432    -6.932     0.012
    -0.223    -5.129     0.043
    -0.176    -2.831     0.332
    -0.093    -2.861     2.252
     0.743    -2.620     3.195
     0.921    -2.069     3.398
    -1.785    -0.411     3.200
    -3.408     1.055     1.040
    -3.082    -0.046    -0.584
    -2.851    -0.190    -0.807
    -0.404     0.420    -0.386
     0.820     0.594     0.144
     0.464     0.907     0.006
     2.432     1.371     0.050
     2.492     3.711     0.025
     0.344     5.286    -0.637
     1.037     5.102    -1.024
     1.185     5.062    -1.000
    -1.154     5.063    -0.255
    -1.340     5.090    -0.271
    -1.644     2.970    -2.095
    -2.950     0.489    -3.232
    -2.814    -0.981    -3.561
    -3.333    -2.668    -3.782
    -3.872    -2.744    -4.018
    -3.736    -2.391    -4.609
    -3.176    -3.035    -4.727
    -1.176    -3.228    -4.735
     0.556    -3.480    -3.690
     1.134    -5.227    -0.802
     1.628    -4.867     0.608
     1.200    -2.690    -0.075
     0.726    -2.058    -0.198
     1.069    -0.172    -0.270
     1.345     1.261    -0.143
     3.387     1.051     1.705
     5.368     1.026     3.766
     4.781     0.770     4.137
     2.428     1.348     2.088
     0.523     1.591    -0.541
     0.505     0.922    -0.779
    -1.767     0.782    -0.428
    -4.641     0.750     0.200
    -4.110     0.801     2.620
    -3.302     1.061     4.420
    -3.368     1.309     6.313
    -2.801     0.990     8.198
    -2.297    -1.342     8.052
    -2.668    -2.942     6.091
    -2.612    -3.359     3.794
    -2.614    -5.829     4.083
    -2.899    -7.500     4.630
    -3.139    -6.933     4.510
    -2.793    -4.662     4.602
     0.126    -2.706     4.124
     3.466    -2.992     4.115
     4.383    -3.287     3.572
     4.183    -3.533     3.659
     4.485    -3.206     3.370
     2.946    -2.679     1.401
     0.573    -2.752    -0.071
     0.082    -3.055    -1.925
    -1.584    -2.688    -4.223
    -3.008    -0.748    -6.904
    -2.801     1.322    -9.840
    -2.459     4.155   -11.430
    -0.470     5.167   -12.714
     1.289     4.392   -15.475
     1.262     5.097   -16.909
     1.568     4.932   -16.214
     1.768     5.021   -16.124
     1.478     6.996   -14.657
     2.993     9.025   -11.450
     4.502     8.709    -9.552
     4.283     8.442    -8.061
     4.268    11.114    -5.615
     4.593    12.957    -3.860
     5.100    12.754    -1.894
     5.057    10.630     0.171
     4.733     8.420     2.101
     4.524     6.647     6.168
     4.840     4.671     7.978
     4.803     4.394     7.775
     2.157     2.667    10.474
     1.137     1.294    12.376
     1.602     1.097    12.026
     1.276    -1.952    13.714
     1.048    -4.166    15.974
    -1.297    -5.511    16.121
    -2.624    -7.657    17.972
    -2.432    -7.824    19.643
    -2.697    -7.280    19.497
    -2.341    -6.707    19.282
    -0.358    -4.204    16.581
     3.496    -2.299    15.677
     4.832    -2.841    15.292
     4.683    -2.834    12.402
     4.853    -2.806    10.612
     4.620    -4.901     7.141
     4.298    -5.064     3.476
     2.322    -3.122    -0.815
     0.603    -2.432    -6.872
    -0.917    -0.869   -11.270
    -2.321     0.953   -15.240
    -2.751     3.246   -16.846
    -2.848     5.522   -18.803
    -2.322     4.809   -22.907
    -2.323     4.405   -24.948
    -2.670     4.920   -27.094
    -2.294     5.246   -28.833
    -0.282     5.386   -27.507
     1.108     5.153   -25.228
     0.656     4.829   -23.992
     0.907     2.580   -24.248
     1.540    -0.541   -24.241
     3.425    -2.140   -21.298
     5.522    -2.966   -17.734
     5.427    -5.256   -13.807
     5.722    -7.634    -8.817
     5.669    -8.030    -5.212
     5.042    -7.183    -0.850
     4.941    -4.568     3.688
     2.463    -0.170     7.193
     1.305     3.651    10.438
     1.284     5.172    12.250
    -1.123     6.608    13.862
    -2.640     7.193    16.013
    -4.939     5.429    17.933
    -6.909     4.720    20.277
    -6.593     4.639    22.551
    -4.779     4.836    24.026
    -2.523     4.933    26.723
    -3.656     2.169    27.854
    -5.391    -1.033    27.262
    -6.175    -3.290    27.445
    -7.034    -6.022    24.924
    -7.343    -9.405    21.143
    -7.386   -13.502    17.640
    -6.707   -15.722    13.208
    -7.161   -15.724     8.296
    -7.062   -15.906     4.693
    -4.142   -15.938     2.948
    -2.616   -15.869     1.070
    -2.473   -15.648    -0.766
    -0.020   -15.056    -3.016
     1.747   -15.190    -4.694
     1.337   -15.426    -6.135
    -0.860   -15.135    -8.934
    -5.629   -15.169   -11.007
    -9.418   -12.831   -12.035
   -11.537    -8.599   -12.108
   -11.330    -6.897   -12.323
    -8.761    -4.840   -12.323
    -6.491    -0.590    -9.636
    -4.209     3.410    -8.370
    -2.628     4.799    -8.448
    -0.742     5.173    -5.686
     1.122     7.079    -4.304
     1.260     6.780    -3.857
     1.342     7.165    -1.887
     1.162     9.029    -0.486
     0.766     8.540     1.721
     1.811     8.563     3.916
     4.193     9.150     5.939
     5.907    11.061     7.861
     5.315    13.104     7.676
     4.484    15.090     7.736
     4.350    19.714     8.308
     2.252    23.286     8.446
     0.945    24.545    10.434
     1.313    24.567    11.607
    -0.658    24.277     9.535
    -2.749    21.987     7.841
    -2.393    18.588     4.982
    -0.390    17.079     0.797
     1.038    14.372    -0.996
     1.444    12.590    -3.426
     1.274    10.127    -6.830
     1.377     6.039   -10.689
     3.591     4.808   -15.091
     5.072     2.451   -16.640
     5.064     0.248   -17.033
     5.078    -1.496   -17.049
     7.073    -5.197   -16.818
     9.091    -6.993   -16.501
     6.738    -7.563   -14.002
     4.458    -8.064   -12.295
     2.146    -7.936    -9.950
    -1.235    -8.012    -5.414
    -2.744    -9.669    -1.737
    -4.546   -11.185     1.996
    -6.530   -11.254     4.154
    -6.842   -13.248     3.877
    -4.694   -14.954     4.316
    -2.450   -14.997     6.321
    -3.025   -14.734     7.355
    -3.901   -12.664     7.817
    -3.146   -11.080    10.790
    -3.049    -8.848    14.119
    -4.712    -4.758    15.739
    -4.561    -2.631    15.396
    -2.486    -1.309    15.074
    -0.227     0.536    17.797
     3.531     2.813    19.369
     6.961     5.063    16.958
     9.041     5.329    15.663
     8.692     7.265    15.557
     6.051    11.293    12.459
     4.472    12.677    10.843
     2.557    12.575    13.436
     0.991    10.145    15.128
     1.069     4.012    12.722
     1.225    -3.527     8.428
     0.789   -12.140     4.981
    -1.377   -20.380    -1.421
    -3.145   -28.636    -9.774
    -4.899   -36.575   -16.096
    -7.485   -40.024   -21.568
    -8.012   -40.075   -25.528
    -7.568   -39.453   -29.551
    -6.816   -34.040   -33.110
    -4.532   -21.713   -34.488
    -0.623    -8.220   -33.991
     3.778     3.590   -29.458
     7.675    13.644   -23.285
    11.419    19.560   -17.725
    12.840    20.758   -12.022
    12.569    20.184    -6.502
    12.900    18.563    -3.998
    11.011    14.725    -6.407
     7.069    10.466    -8.390
     2.585     5.841    -8.829
    -1.810     4.001    -8.197
    -3.851     6.768    -5.287
    -5.742    11.005    -3.549
    -7.789    17.323    -1.632
    -7.449    24.068    -0.441
    -7.211    29.815    -0.905
    -6.647    32.843    -0.884
    -4.417    32.292    -2.806
    -3.064    30.156    -3.777
    -0.876    26.609    -4.313
     1.258    24.082    -6.929
     2.795    19.700    -8.404
     6.750    13.691    -7.796
     8.837    12.002    -5.378
    10.780    10.169    -3.852
    12.484     6.551    -1.909
     9.613     4.733     2.232
     8.016     2.093     6.169
     5.850    -2.278    10.302
     1.658    -5.773    14.151
    -2.128    -7.766    16.070
    -6.129    -9.852    15.177
    -8.143   -13.156    12.656
   -10.118   -14.766     8.442
    -9.795   -15.375     2.688
    -6.963   -18.122    -0.876
    -4.180   -19.150    -3.216
     1.774   -18.488    -5.307
     6.872   -19.392    -3.854
     8.511   -20.097     0.826
    10.728   -19.484     6.159
    12.709   -19.533    10.627
    10.081   -21.805    14.044
     3.841   -23.191    17.753
    -1.929   -23.332    20.954
    -5.708   -22.992    23.500
    -7.954   -20.764    26.123
   -10.241   -17.386    25.816
   -11.522   -10.977    23.743
   -11.153    -5.088    22.634
    -9.051    -1.232    20.369
    -7.173     3.552    19.453
    -7.024     5.193    19.612
    -6.895     6.416    17.021
    -7.136     8.154    14.757
    -5.431     5.984    10.628
    -3.372     2.583     4.754
    -1.041     0.711     0.418
     2.859     0.696    -6.988
     4.368     2.955   -14.951
     6.959     8.936   -19.991
     9.450    15.181   -23.380
    10.802    19.570   -24.684
    12.032    22.855   -24.354
     9.812    22.198   -23.790
     8.132    19.965   -24.232
     6.300    15.992   -24.693
     2.301    10.287   -24.004
    -1.994     6.483   -21.322
    -4.022     1.878   -17.988
    -3.638    -1.445   -16.275
    -5.761    -0.454   -16.679
    -7.312     1.360   -16.571
    -7.286     3.532   -16.036
    -7.385     6.783   -16.809
    -5.495     8.207   -14.260
    -3.090     6.477   -10.179
    -0.885     2.872    -4.973
     0.518    -1.917     1.992
     0.340    -5.692     7.189
    -1.725    -7.877    12.557
    -3.926    -9.751    15.696
    -5.199   -11.518    15.119
    -5.134   -11.845    12.605
    -1.297    -9.518    11.817
     2.918    -7.335    12.380
     6.803    -5.215    11.797
    11.203    -2.821    13.815
    12.485    -2.976    15.669
    12.372    -3.643    17.927
    12.276    -3.205    22.502
    10.310    -3.064    27.077
     6.032    -2.435    30.875
    -0.311    -0.601    29.656
    -5.912     0.599    23.752
    -8.123     0.767    17.126
    -9.631     0.966     9.858
   -11.796     0.713     1.776
   -12.214     0.967    -4.030
   -11.717     3.519    -7.048
   -11.348     7.085    -6.170
    -9.493     8.387    -2.176
    -7.134     7.954    -0.537
    -5.160     8.507    -0.280
    -1.205     8.765    -2.864
     1.161     8.394    -8.458
     0.773     8.526   -14.503
     2.887     8.391   -21.596
     4.705     8.540   -27.453
     6.677     8.392   -32.149
    11.018     6.274   -32.946
    12.907     2.533   -29.550
    12.229    -0.924   -25.581
    10.391    -3.319   -19.962
     5.983    -6.146   -15.521
    -0.481    -7.667   -12.072
    -5.918    -7.052    -5.852
    -9.739    -6.980     0.983
   -12.275    -7.369     6.819
   -11.965    -7.787    13.254
    -9.352    -8.107    18.668
    -6.898    -8.001    19.674
    -4.563    -7.777    19.728
    -0.724    -5.534    19.661
     1.122    -1.330    17.437
     2.520     1.246    17.868
     6.325     3.253    18.985
     8.321     4.583    16.781
    10.431     1.994    13.254
    12.278    -2.520     6.561
    10.454    -6.461    -2.543
     8.885    -8.262   -10.396
     8.540    -9.445   -15.919
     5.464   -10.650   -16.807
     2.210    -9.145   -14.103
     0.894    -7.618   -11.993
    -1.757    -7.227    -9.514
    -3.591    -6.980    -5.593
    -4.886    -7.044    -4.053
    -6.820    -7.569    -4.602
    -6.984    -7.804    -2.354
    -6.841    -4.984    -0.226
    -7.201    -0.853    -0.320
    -7.098     2.887     1.960
    -6.859     6.941     3.945
    -6.889    10.612     4.358
    -5.133    12.756     3.789
    -3.196    12.445     1.227
    -2.713    10.581    -0.325
    -0.679     8.481    -2.562
     0.886     8.211    -4.648
     0.879     8.742    -4.589
     1.511     8.747    -4.585
     2.775    10.405    -4.854
     4.343    12.414    -4.786
     4.731    13.094    -4.193
     2.650    12.948    -4.354
     0.451    14.431    -2.352
     0.584    16.088     1.637
     0.715    14.100     6.074
    -1.358    12.271    12.417
    -2.984    10.009    15.466
    -3.154     5.492    15.592
    -3.634     2.163    16.049
    -3.831    -2.012    15.935
    -3.304    -8.388    15.352
    -2.980   -14.417    13.012
    -3.694   -17.903     9.573
    -3.472   -19.184     7.948
    -1.397   -19.308     7.864
     0.473   -17.013     6.139
     2.970   -14.563     4.398
     5.251   -12.755     4.502
     7.205    -9.192     4.363
     9.194    -6.987     3.945
     8.413    -7.569     2.998
     5.657    -7.712    -0.727
     3.749    -7.266    -6.913
     2.523    -6.652   -11.318
     1.064    -4.575   -15.679
     0.641    -2.817   -21.648
     0.734    -3.280   -24.499
     1.280    -3.514   -24.363
     0.957    -3.501   -24.260
    -1.544    -3.519   -23.665
    -2.905    -0.692   -19.442
    -4.786     3.337   -13.802
    -7.238     6.655    -9.439
    -7.634     8.669    -5.796
    -7.453     9.125    -2.075
    -6.714    11.174     2.670
    -4.453    12.944     3.845
    -1.157    12.746     3.939
     1.062    13.054     6.356
     2.726    12.715     8.697
     4.183    12.770    12.437
     4.052    12.479    15.844
     4.550    10.010    18.527
     5.122     8.666    19.990
     4.411     6.475    19.441
     4.605     2.156    17.647
     4.724    -1.943    15.389
     4.580    -6.129    13.300
     4.195    -9.622     8.659
     2.095   -13.354     4.815
     0.887   -16.002     3.514
     1.022   -15.474     3.712
     0.497   -14.942     3.775
    -1.146   -15.543     1.542
    -2.593   -15.440     0.397
    -2.763   -13.325    -1.758
    -2.964   -10.975    -3.767
    -2.669    -9.066    -3.488
    -0.745    -7.260    -1.690
     0.453    -6.971     2.240
    -1.644    -5.264     3.969
    -3.059    -1.129     3.864
    -3.274     3.205     1.503
    -5.097     6.624    -2.647
    -4.942     8.186    -6.773
    -2.994    10.284   -10.998
    -0.942    12.979   -12.797
     0.763    13.393   -14.682
     2.563    12.962   -16.181
     4.518    13.098   -16.646
     4.940    12.689   -17.017
     5.074    12.586   -16.713
     4.575    12.746   -16.114
     4.544    13.113   -13.813
     5.461    14.654   -12.264
     7.522    14.532   -10.921
     9.594    12.383    -8.912
     9.603    10.327    -7.755
     9.630     8.387    -5.573
     7.067     6.027    -1.805
     4.604     2.242     1.901
     2.316    -2.158     3.582
    -3.245    -6.027     6.029
    -7.049    -9.875    10.550
   -10.077   -13.774    14.139
   -11.799   -15.133    15.540
   -11.740   -14.942    15.258
   -11.589   -14.969    15.008
   -11.413   -12.459    12.843
   -11.643    -9.180     8.575
    -9.418    -5.043     6.725
    -6.915    -0.813     5.181
    -4.571     0.997     3.805
    -0.801     3.590     6.241
     3.101     5.164     7.936
     6.701     4.857     8.172
     8.390     2.853     7.636
     8.347    -0.976     6.034
     8.421    -2.890     6.066
     8.608    -4.882     5.612
     6.683    -6.571     4.395
     4.414    -4.812     1.420
     2.890    -3.035    -3.181
     0.964    -3.453    -7.222
     0.490    -3.935   -10.526
     0.947    -3.137   -12.310
     0.529    -2.620   -14.684
    -2.095    -3.221   -16.469
    -5.215    -3.438   -16.857
    -6.552    -3.142   -16.639
    -6.930    -3.198   -14.369
    -7.199    -2.569   -12.063
    -7.077    -0.280   -12.007
    -4.979     1.272   -11.520
    -3.435     1.034    -9.110
    -3.365     1.166    -7.748
    -0.871     1.017    -6.130
     1.338     0.605    -4.182
     1.398     0.559    -1.725
     2.819     1.418     2.144
     4.457     3.803     3.831
     4.763     5.175     5.941
     4.801     6.541    10.302
     5.245     6.799    14.114
     4.758     5.048    15.897
     2.459     5.039    17.901
     0.664     5.128    22.011
    -0.807     4.818    22.823
    -3.078     4.856    21.112
    -5.695     4.872    20.417
    -7.794     5.371    17.469
    -7.445     5.126    12.813
    -4.572     4.530     8.841
    -3.024     4.661     4.834
    -2.776     5.103     0.852
    -0.710     4.881    -2.861
     1.036     2.402    -6.309
     1.460    -0.607    -8.303
     1.332    -2.285   -10.367
     2.801    -5.422   -14.098
     4.470    -8.046   -15.676
     4.714    -9.850   -13.680
     6.510   -13.370   -12.003
     6.915   -15.037   -11.918
     6.909   -15.162   -11.355
     6.531   -15.108   -10.294
     4.766   -14.608    -8.703
     4.233   -12.673    -5.693
     2.775    -9.417    -4.306
     1.426    -7.655    -3.792
    -0.537    -5.190    -1.319
    -2.908    -2.352    -0.359
    -4.813    -0.464    -0.726
    -6.594     1.038    -0.407
    -7.218     1.173    -0.515
    -9.896     3.578    -0.419
   -11.284     7.191    -0.213
    -8.692     8.747     0.101
    -6.201    11.457     1.828
    -4.402    13.193     3.509
    -1.402    12.740     3.865
     2.521    13.112     3.451
     4.529    11.581     3.604
     4.713     9.222     6.480
     4.556     8.588     7.966
     4.650     6.501     8.093
     4.827     4.489    11.079
     4.615     4.967    11.737
     4.020     4.827    11.072
     4.125     2.039    11.543
     4.343    -1.120    10.008
     2.447    -2.134     7.395
     0.972    -3.219     5.134
    -0.867    -5.202     3.538
    -3.617    -7.233     1.041
    -3.468    -9.799    -0.354
    -2.567   -11.411    -0.321
    -2.423   -13.289    -2.589
    -3.174   -15.147    -4.796
    -3.750   -15.139    -4.717
    -3.077   -12.871    -4.804
    -2.659    -9.336    -7.108
    -0.433    -7.667    -8.956
     1.482    -5.605    -8.751
     1.380    -3.449    -8.120
     2.715    -2.398    -8.313
     4.729    -0.734    -9.338
     4.913     0.874    -9.226
     2.620     3.072    -8.642
     0.989     5.135    -8.471
     0.999     7.088    -7.566
     0.861     8.570    -5.388
     0.792    10.359    -4.082
     0.861    13.131    -3.582
     2.449    13.252    -1.106
     4.231    12.952    -0.412
     4.108    14.844    -0.442
     2.713    14.681     2.235
     0.943    13.155     3.309
     0.775    12.927     3.706
     0.558    10.260     6.093
    -1.876     6.224     7.754
    -3.559     2.396     7.477
    -3.464    -1.547     7.569
    -3.424    -3.725     7.157
    -3.418    -5.688     4.909
    -3.437    -7.660     3.917
    -3.137    -9.700     3.944
    -2.654    -9.486     3.143
    -2.925    -7.716     1.188
    -3.207    -7.714    -0.170
    -2.898    -7.515    -0.286
    -1.036    -7.234    -0.869
     0.994    -5.384    -0.359
     0.569    -3.399    -0.022
     0.326    -2.662    -0.213
     2.738    -0.372    -0.597
     4.473     1.380    -1.928
     4.345     0.975    -1.679
     5.150    -1.115    -1.845
     5.320    -3.407    -1.649
     4.543    -3.536    -0.352
     4.007    -2.962    -0.225
     2.451    -4.908     0.363
     0.402    -7.062     0.199
    -1.889    -7.367    -0.606
    -3.029    -7.429    -1.052
    -2.978    -7.311    -0.411
    -3.444    -6.893    -0.250
    -2.917    -5.454    -2.934
    -0.476    -3.311    -4.081
     1.456    -0.835    -4.099
     1.105     1.687    -4.257
     0.519     3.953    -3.659
     0.573     5.331    -4.130
     0.560     4.811    -3.578
     0.845     4.988    -1.221
     0.817     5.068     0.222
     0.282     4.983    -0.061
     0.864     6.935    -0.225
     1.340     8.318    -0.910
    -0.817     8.871    -2.172
    -2.839     9.020    -1.649
    -3.248     8.517    -0.690
    -3.461     8.269     1.383
    -3.427     8.534     4.056
    -3.438     8.549     4.312
    -3.690     6.659     4.557
    -3.689     5.226     6.564
    -3.135     4.981     7.564
    -3.189     4.517     7.851
    -3.429     5.077     7.976
    -3.174     3.681     5.613
    -3.175     1.198     4.109
    -3.440     1.239     3.561
    -2.899    -0.022     0.847
    -0.493    -2.875    -1.005
     0.647    -5.083    -0.733
     0.102    -6.571    -0.544
     0.302    -7.248    -2.862
     0.352    -9.596    -5.031
     0.569   -13.156    -4.741
     1.131   -15.060    -4.835
     1.061   -15.004    -6.508
     1.093   -14.642    -7.637
     2.947   -14.473    -5.750
     4.969   -12.524    -4.683
     5.132   -10.909    -4.425
     5.077   -10.587    -1.567
     4.545    -9.142    -0.467
     2.422    -7.570    -0.400
     1.241    -5.301     1.787
     1.019    -2.788     3.420
    -1.599    -0.783     3.530
    -3.563     3.567     3.480
    -3.203     7.559     3.486
    -3.434     8.940     3.768
    -3.686    10.974     4.305
    -3.408    13.185     3.904
    -1.539    15.483     3.737
     0.461    17.170     3.999
     0.911    17.361     3.662
     0.823    19.459     3.189
     0.587    20.878     3.212
     2.435    19.288     3.234
     4.216    17.488     1.132
     4.105    16.757    -0.408
     4.367    14.999    -0.309
     4.591    11.086     0.011
     4.859     8.484     1.759
     4.568     4.768     3.386
     4.046    -0.358     3.246
     4.091    -3.183     0.850
     2.456    -5.788    -0.340
     0.748    -9.405    -0.673
     0.511   -13.378    -3.413
    -1.269   -15.811    -4.615
    -3.308   -17.050    -4.328
    -3.188   -18.704    -4.519
    -3.177   -21.115    -4.269
    -3.424   -22.662    -3.955
    -3.143   -20.932    -4.386
    -3.445   -18.467    -4.467
    -3.382   -16.598    -4.022
    -2.916   -14.754    -3.702
    -2.604   -12.283    -2.031
    -0.821    -8.195    -0.338
     0.986    -4.941     1.849
     0.844    -3.071     3.642
     0.876    -0.429     3.826
     0.803     1.612     5.735
     0.607     3.577     7.450
     2.429     7.182     7.445
     2.613     9.563     6.093
     0.764    11.421     4.475
     0.546    12.965     3.942
     0.857    12.860     3.322
     1.094    13.376     4.152
     0.856    12.845     4.129
     0.542    10.457     1.369
     0.360     8.810    -0.457
     0.560     8.498    -2.397
     0.901     8.386    -4.483
    -1.328     8.303    -4.296
    -2.965     8.374    -4.004
    -3.261     6.766    -4.337
    -2.854     5.277    -4.521
    -0.812     5.094    -4.561
    -0.894     5.308    -3.907
    -0.860     5.415    -3.813
     0.624     2.921    -2.234
     0.656     0.841     1.418
    -1.041     0.474     3.474
    -2.981    -1.437     5.879
    -2.989    -3.783     8.241
    -2.345    -5.756     8.233
    -0.846    -7.736     8.001
     0.979    -9.796     7.633
     1.113   -10.905     7.499
     0.586   -10.472     7.421
     0.312    -8.746     5.460
     0.863    -6.634     4.093
     1.105    -4.714     3.909
     1.095    -1.298     1.337
     2.944     0.748    -0.715
     4.420     0.617    -0.835
     2.524     1.139    -2.273
     0.742     1.364    -3.627
     0.792     1.606    -5.929
    -0.747     1.886    -8.527
    -2.785     1.550    -8.866
    -3.218     1.127   -10.248
    -3.453     0.783   -12.263
    -3.404     0.630   -12.539
    -1.580     1.082   -12.597
     0.456     1.638   -11.872
     1.158     1.338    -9.495
     0.832     0.825    -7.823
     0.313     0.604    -5.990
     1.109     1.080    -4.038
     1.343     1.653    -3.736
     0.554     1.554    -3.723
     0.043     1.390    -4.395
    -1.253     1.288    -4.185
    -2.487     1.132    -2.019
    -2.456     0.790    -0.042
    -0.834     0.875    -0.014
     0.909     1.074     0.031
     1.139     0.847     2.287
     1.062     0.585     3.855
     1.090     0.572     5.835
     0.786     0.873     7.338
     0.841    -0.238     7.289
     1.322    -2.187     8.097
     1.337    -3.005     7.913
     1.320    -2.887     7.488
     1.308    -2.955     7.434
     1.073    -4.960     7.816
     0.776    -7.003     7.364
    -1.001    -7.200     4.960
    -2.816    -7.176     3.300
    -2.952    -7.174     1.150
    -2.984    -7.153    -0.988
    -2.643    -7.192    -0.754
    -0.880    -7.142    -0.530
     1.184    -7.462    -2.547
     1.346    -7.647    -4.126
     0.532    -7.189    -4.372
     0.560    -6.633    -6.256
     0.518    -6.687    -7.947
     0.853    -7.180    -8.028
     1.280    -7.183    -8.349
     1.087    -6.672    -7.914
     1.012    -5.112    -5.755
     1.072    -2.867    -4.690
     1.026    -2.121    -4.396
     0.795    -0.619    -1.972
     0.263     3.459    -0.636
    -1.550     7.457    -0.165
    -3.294    10.739     2.348
    -3.784    12.373     3.239
    -3.709    12.890     3.381
    -3.208    15.112     5.463
    -2.675    16.630     5.431
    -0.623    16.577     3.583
     0.864    16.832     3.493
     1.083    16.791     3.726
     3.387    16.824     4.336
     4.588    16.532     6.228
     4.061    16.301     7.619
     4.257    14.479     7.803
     2.720    10.943     6.283
     0.930     8.962     4.305
     0.734     5.119     4.238
    -1.084     1.202     3.884
    -2.795    -1.383     1.471
    -2.790    -5.579    -0.464
    -2.470    -7.821    -0.805
    -0.654    -9.305    -0.508
     0.821   -10.495    -0.205
     0.819   -10.751    -0.862
     0.732   -12.777    -2.993
     0.788   -14.765    -4.093
     0.722   -15.540    -4.052
     0.787   -15.713    -6.296
     1.246   -15.243    -8.169
     1.274   -14.930    -8.573
     2.815   -15.008    -9.404
     4.563   -12.869    -9.144
     2.992    -9.443    -8.523
     1.152    -7.589    -7.845
     0.970    -5.692    -8.109
     0.694    -3.373    -7.880
     0.513    -0.920    -5.507
     0.974     1.365    -3.843
     1.274     3.336    -1.953
     0.973     5.331    -0.383
    -0.833     7.348     1.572
    -2.847     9.304     3.962
    -3.083    11.106     4.319
    -3.013    12.769     5.729
    -3.299    12.819     7.385
    -3.512    12.970     7.554
    -3.291    13.039     7.791
    -3.516    12.439     7.749
    -3.536    12.546     7.460
    -1.190    10.884     7.544
     0.803     9.020     7.155
     0.774     6.578     5.609
     0.464     3.215     4.360
     0.464     1.354     3.959
     0.466    -1.073     3.996
     0.467    -2.829     3.993
     0.983    -4.351     3.165
     0.964    -6.808     1.272
     0.459    -7.601    -0.387
     0.704    -7.510    -0.836
     0.975    -7.319    -0.432
     0.957    -6.971    -0.274
     0.450    -7.338    -2.206
     0.439    -7.473    -4.173
     0.717    -7.084    -4.257
    -1.375    -6.732    -4.005
    -3.358    -5.276    -4.259
    -3.626    -3.491    -4.518
    -3.544    -2.742    -4.195
    -1.749    -3.055    -4.572
     0.271    -3.516    -4.699
     0.766    -3.085    -2.508
     1.214    -2.500    -0.564
     1.214    -0.796    -0.756
     0.674     0.757    -0.664
     2.248     0.704    -0.240
     3.991     0.712     0.360
     2.440    -0.597     1.934
     0.641    -1.828     1.387
     0.370    -0.560    -0.048
     0.201     0.940    -0.315
     0.670     0.985    -0.206
     1.495     1.170     2.010
     1.416     3.235     3.922
     1.218     4.686     3.763
     1.148     4.732     3.816
     0.948     4.660     4.003
     0.663     2.894     4.025
    -0.871     0.894     3.734
    -2.614     1.122     3.764
    -2.632     1.423     4.340
    -1.005    -0.373     4.200
     0.457    -2.347     4.064
     0.755    -2.907     3.379
     0.663    -3.083     1.041
     0.441    -3.115    -0.923
     0.679    -3.336    -1.009
     0.927    -3.102    -0.442
     0.956    -2.341    -0.238
     0.898    -2.595    -0.471
     0.706    -2.600    -2.235
     0.894    -2.356    -4.091
     0.960    -2.614    -4.030
     0.391    -2.591    -3.704
    -1.616    -2.130    -4.034
    -3.395    -0.562    -3.943
    -3.632     0.885    -4.019
    -3.308     0.681    -4.245
    -2.581     0.118    -2.216
    -3.046     0.379    -0.401
    -3.101     0.629    -0.110
    -1.010     0.877     1.702
     0.460     2.665     3.153
     1.003     4.115     2.997
     1.172     2.926     3.090
     0.937     1.570     2.944
     1.180     1.625     1.100
     0.906     1.572    -0.640
     0.695     1.398    -0.745
     2.429     1.072    -0.491
     4.258     1.383    -0.469
     4.190     2.848    -0.762
     2.421     2.623    -0.429
     0.598     1.367    -0.236
     0.656     1.579     0.074
     0.653     3.365     1.700
    -1.347     5.127     1.412
    -1.599     5.375    -0.310
     0.176     5.120    -0.522
     0.737     4.565    -0.491
     1.194     4.618    -0.197
     0.941     4.801     2.032
     0.411     3.109     4.164
     0.943     0.790     4.048
     0.912    -1.459     3.782
     0.457    -3.206     4.035
    -1.141    -3.466     3.739
    -2.836    -3.918     3.512
    -3.144    -5.464     3.244
    -2.799    -5.395     3.556
    -1.048    -3.743     3.509
     0.743    -3.099     1.266
     1.239    -3.462    -0.000
     1.194    -3.384    -0.654
     0.950    -3.226    -2.915
     0.913    -3.147    -4.068
     0.964    -1.193    -4.011
     0.655     0.577    -4.536
     0.467     0.862    -6.146
     0.398     1.050    -7.572
     0.219     1.073    -7.783
     0.670     0.791    -7.993
     1.223    -0.943    -7.983
     0.947    -2.706    -7.685
    -0.835    -2.989    -8.039
    -2.845    -2.695    -8.196
    -3.122    -2.961    -6.286
    -3.297    -3.181    -4.337
    -3.581    -2.724    -4.460
    -3.531    -3.194    -2.737
    -3.581    -3.698    -0.306
    -3.520    -2.983     0.070
    -3.065    -0.683     2.071
    -0.736     0.782     3.823
     1.245     0.859     4.157
     0.759     2.762     5.659
     0.207     4.309     6.032
     0.931     4.821     6.091
     2.767     5.529     7.108
     3.966     5.558     6.994
     2.513     5.513     5.398
     0.637     5.554     3.915
     0.960     5.245     4.030
     1.177     5.064     3.993
     1.008     5.232     3.496
     0.685     5.056     2.992
    -1.047     4.755     1.336
    -1.298     4.773    -0.313
    -1.337     4.271    -0.528
    -2.739     2.257    -0.186
    -3.110     0.528    -0.531
    -2.740     0.196    -0.125
    -1.051     0.293    -0.025
     0.811     0.485    -2.149
     0.982    -1.203    -3.817
     0.520    -3.247    -4.039
     0.442    -3.021    -4.229
     0.993    -3.006    -4.793
     0.730    -3.718    -4.653
     0.225    -4.007    -4.802
     0.733    -5.744    -6.303
     0.713    -7.239    -5.904
     0.523    -5.541    -4.377
     0.949    -3.749    -4.772
     0.774    -3.195    -4.345
     0.212    -3.244    -1.773
     0.751    -2.733    -0.381
     0.976    -0.761    -0.684
    -1.250     0.263    -0.154
    -3.306     0.304     1.710
    -3.570     0.970     3.119
    -3.511     3.030     3.635
    -3.511     4.715     4.063
    -3.240     4.577     3.768
    -1.247     4.219     3.814
     0.796     4.759     5.714
     1.046     6.472     7.389
     1.274     8.249     7.586
     1.491     8.293     7.561
     1.270     5.995     7.526
     0.989     4.035     7.557
     1.001     2.650     7.527
     1.004    -0.433     5.596
     1.006    -2.578     3.692
     1.267    -2.765     4.037
     1.247    -3.294     4.277
     1.034    -3.733     3.478
     0.976    -4.029     1.363
     2.546    -5.257    -0.333
     3.996    -5.246    -0.197
     2.587    -4.083    -0.556
     0.963    -3.696    -0.638
     0.996    -3.544    -0.791
     0.992    -3.718    -2.583
    -0.970    -3.782    -3.777
    -3.268    -3.753    -3.738
    -3.542    -4.000    -3.703
    -3.243    -5.516    -3.993
    -2.978    -6.968    -4.189
    -1.216    -5.607    -4.522
     0.784    -3.734    -4.665
     1.085    -3.024    -2.536
     0.776    -2.957    -0.018
     0.773    -1.555    -0.249
     1.264     0.732    -0.626
     1.535     0.774     0.040
     1.278     0.756     0.344
     1.276     2.711     1.682
     0.760     4.706     3.132
     0.036     5.063     3.063
     0.236     4.716     3.086
     1.042     4.528     3.023
     1.275     4.446     1.410
     0.812     4.523    -0.299
     0.503     4.217    -0.758
     0.535     4.752    -0.991
     0.520     5.218    -0.648
     0.536     5.016    -0.474
     0.779     4.994    -2.342
    -0.718     3.249    -4.042
    -2.464     1.294    -4.235
    -2.538     0.672    -4.225
    -2.459     0.758    -4.448
    -0.984     0.709    -4.722
     0.797    -0.956    -4.404
     1.326    -2.506    -4.200
     1.542    -3.039    -3.895
     1.041    -3.251    -2.027
     0.524    -3.034    -0.362
     0.519    -2.737    -0.128
     0.772    -2.527    -0.466
     1.286    -2.230    -0.685
     1.539    -2.028    -0.437
     1.296    -1.980    -0.448
     0.785    -0.786    -0.426
     0.521     0.728    -0.179
     0.531     1.033    -0.469
    -0.966     1.000    -0.960
    -2.464     0.765    -0.939
    -1.034     0.492    -0.122
     0.543     0.507     0.319
     0.830     0.491    -0.477
     1.032     0.509    -0.956
     1.289     0.750    -0.400
     1.527     0.992    -0.207
     1.046     0.540    -0.414
     0.525     0.236    -0.185
     0.514     0.763    -0.185
     0.529     0.978    -0.456
     0.526     1.296    -0.420
     0.535     1.474    -0.458
     0.519     1.545    -0.412
     0.790     2.716    -0.453
     0.521     2.526    -0.138
    -1.437     0.837     1.711
    -3.248     0.463     3.128
    -3.764     1.015     3.383
    -3.490     1.240     3.586
    -2.982     1.063     3.566
    -2.951     0.989     3.580
    -3.477     1.040     3.282
    -3.717     1.009     3.074
    -1.525     1.026     3.052
     1.036     0.775     3.081
     1.340    -0.943     3.065
     1.290    -2.933     1.426
     1.517    -3.031    -0.237
     2.757    -2.736    -0.491
     4.034    -3.198    -0.701
     4.047    -3.473    -0.948
     4.042    -3.469    -0.918
     2.764    -3.723    -0.947
     1.046    -3.946    -0.907
     0.952    -3.752    -0.122
     1.260    -3.206     0.330
     0.787    -2.739    -0.463
     0.252    -2.929    -0.943
     0.023    -3.213    -0.665
    -1.498    -2.970    -0.430
    -3.200    -2.714    -0.401
    -3.571    -2.214    -0.443
    -3.468    -0.497    -0.405
    -3.512     0.781    -0.444
    -3.226     0.836    -0.411
    -1.273     0.564    -0.436
     0.507     0.050    -0.696
     0.590     0.064    -0.928
     0.727     0.265    -0.943
     1.290     0.585    -0.364
     1.226     0.772     0.067
     0.571     0.843     0.112
     0.693     0.790     0.055
     1.520     1.064    -0.177
     1.496     2.523    -0.168
     1.032     2.804    -0.461
     0.492     3.126    -0.657
    -1.239     2.999    -0.431
    -2.733     1.704    -0.417
    -3.078     2.686    -0.419
    -2.972     2.884    -0.430
    -2.801     1.598    -0.413
    -2.706     1.344    -0.440
    -1.076     1.284    -0.672
     0.765     1.104    -0.957
     1.269     0.827    -0.624
     1.026     0.819     0.086
     0.249     0.607     0.364
     0.471    -0.650     0.320
     0.977    -2.094     0.610
     0.761    -2.227     1.912
     0.741    -2.377     3.123
     0.971    -3.148     3.102
     1.003    -2.916     1.724
     0.487    -2.687     0.286
    -0.001    -3.118     0.015
     0.690    -3.405    -0.184
     0.999    -3.416    -0.457
    -0.963    -3.147    -0.400
    -2.509    -2.678    -0.190
    -2.586    -2.862    -0.428
    -2.507    -2.902    -0.961
    -2.529    -0.960    -0.912
    -2.515     0.814    -0.409
    -1.062     0.919     0.104
     0.461     0.628    -0.193
     0.536     1.089    -0.425
     0.467     3.053    -0.705
     0.731     4.824    -2.572
     0.713     5.169    -4.212
     0.259     5.125    -4.517
     0.194     5.129    -4.677
     0.233     5.124    -4.704
     0.214     5.373    -4.118
     0.468     5.628    -3.959
     0.718     5.639    -3.876
     0.967     5.403    -2.073
     0.984     4.659    -0.371
     0.959     4.157    -0.393
     0.983     4.601    -0.412
     0.950     4.893    -0.170
     0.988     2.986    -0.202
     0.946     0.720    -0.144
     0.743     0.344    -0.504
     0.448    -1.061    -0.899
     0.472    -3.020    -0.995
     0.936    -3.641    -0.619
     0.980    -3.363     1.407
     0.726    -3.110     3.416
     1.185    -4.997     4.117
     1.471    -6.784     4.085
     1.222    -7.380     3.527
     1.218    -7.809     3.579
     1.435    -7.140     3.801
     1.482    -7.070     3.546
     0.720    -7.068     3.859
     0.225    -4.937     4.551
     0.662    -3.118     4.321
     1.212    -3.263     3.768
     1.222    -3.553     3.294
     0.968    -2.875     1.665
     0.716    -0.883     0.292
    -1.004     0.394    -0.034
    -2.512     0.497    -0.189
    -2.616     2.573    -0.213
    -2.528     4.632    -0.465
    -1.102     4.993    -0.431
     0.682     5.185    -0.217
     1.250     5.207    -0.448
     1.218     4.951    -0.729
     0.981     3.287    -0.689
     0.450     1.498    -0.470
     0.227     1.176    -0.443
     0.412     0.940    -0.462
     0.243     1.202    -0.451
     0.669     1.431    -0.461
     1.443    -0.432    -0.461
     0.998    -2.707    -0.455
    -0.987    -3.333    -0.473
    -3.005    -3.293    -0.452
    -3.613    -3.056    -0.479
    -3.776    -3.017    -0.455
    -3.348    -2.795    -0.210
    -2.772    -0.872    -0.230
    -3.287     0.910    -0.192
    -3.030     1.025     0.013
    -0.906     0.987    -0.486
     0.966     0.956    -0.728
     1.250    -0.426    -0.207
     0.981    -2.226    -0.254
     0.477    -2.768    -0.455
     0.916    -3.045    -0.503
     2.663    -3.235    -0.478
     2.492    -3.046    -0.211
     1.060    -3.001    -0.524
     0.879    -3.000    -0.696
     0.983    -2.549    -0.521
     0.696    -0.813    -0.461
     0.489     0.901    -0.504
     0.668     1.321    -0.483
     0.737     1.220    -0.227
     0.213     1.286    -0.538
    -1.462     1.453    -0.704
    -3.033     1.062    -0.541
    -2.835     0.514    -0.450
    -2.559     0.733    -0.539
    -2.511     1.240    -0.724
    -2.544     1.731    -0.244
    -2.531     3.217    -0.274
    -1.093     4.674    -1.011
     0.660     5.079    -0.747
     1.276     5.228     1.341
     0.729     5.062     3.279
     0.262     4.525     3.821
     0.403     3.104     3.996
     0.507     1.814     3.996
     0.442     1.493     3.980
     0.252     1.058     3.715
     0.678     0.767     3.479
     1.450     0.785     3.198
     1.500     0.763     2.979
     1.224     0.796     2.958
     1.232     1.243     2.975
     1.198     1.293     2.969
     1.253     1.294     1.636
     1.194     1.504     0.205
     1.015    -0.330    -0.364
     0.706    -2.624    -0.002
    -0.935    -3.236     0.167
    -2.503    -3.481    -1.865
    -2.579    -3.683    -3.838
    -1.328    -3.024    -4.370
     0.178    -2.468    -4.036
     0.768    -3.143    -3.819
     1.212    -3.684    -4.028
     0.775    -3.719    -3.801
     0.482    -3.470    -4.080
     1.178    -2.968    -4.018
     0.777    -2.713    -1.727
     0.250    -2.440    -0.028
     0.447    -2.695    -0.548
     0.490    -2.441    -0.497
     0.485    -0.825    -0.141
     0.486     0.770     0.020
     0.483     3.186     0.118
     0.969     5.474     0.516
     1.224     5.389     1.668
     1.028     4.852     1.427
     0.724     4.787     1.474
    -0.915     4.815     1.350
    -2.493     5.280    -0.087
    -2.796     5.318    -0.354
    -3.017     4.623    -0.625
    -3.009     3.140    -0.312
    -3.017     1.638     0.163
    -3.004     1.054     0.412
    -2.774     0.820     1.750
    -2.515     0.582     1.291
    -1.075     0.326    -0.013
     0.682     0.789    -0.197
     1.045     1.287    -0.595
     1.003     1.114    -0.611
     1.230     0.828    -0.096
     1.486    -0.583    -0.120
     1.508    -2.096    -0.616
     1.254    -2.227    -0.604
     1.011    -2.402    -0.128
     0.738    -2.898    -0.103
     0.516    -2.691    -0.386
     0.471    -2.449    -0.615
     0.747    -2.864    -0.909
     0.973    -3.172    -1.113
     1.255    -3.173    -0.889
     1.480    -2.936    -0.621
     0.803    -2.448    -0.630
     0.023    -2.168    -0.369
    -0.039    -2.631    -0.399
     0.479    -3.130    -0.636
     0.730    -2.961    -0.114
     0.541    -2.203     0.077
     0.470    -0.292    -0.637
     0.511     1.044    -1.162
     0.956     1.133    -1.174
     1.017     1.318    -1.136
     0.534     0.883    -0.660
     0.476     0.364    -0.374
     0.503     0.327    -0.437
     0.488     0.564    -0.093
     0.744     0.834    -0.504
     0.738     0.840    -0.565
     0.528     1.312     1.061
     0.237     1.805     3.174
    -1.165     1.861     3.844
    -2.471     1.612     3.874
    -2.556     1.122     5.135
    -2.500     0.858     5.767
    -2.514     0.822     5.942
    -2.492     0.862     5.187
    -2.524     1.054     3.636
    -2.487     1.587     3.743
    -1.120     1.810     4.077
     0.692     1.882     3.273
     0.785     3.207     1.271
     0.537     4.786    -0.490
     0.929     4.647    -0.739
     1.255     2.989    -0.194
     1.239     1.182    -0.488
     1.246     0.578    -0.905
     0.998     0.820    -0.747
     0.748    -0.329    -2.509
     0.491    -2.472    -4.198
    -0.932    -2.986    -4.535
    -1.048    -2.423    -4.710
     0.358    -2.193    -4.723
     0.783    -2.109    -4.454
     0.972    -2.182    -2.656
     1.225    -2.130    -0.964
     1.472    -2.166    -0.653
     1.250    -2.150    -0.460
     0.759    -2.144     0.052
     0.468    -2.867     0.262
    -0.933    -3.115     0.052
    -2.470    -2.981    -0.253
    -2.820    -2.843    -0.213
    -3.020    -2.255    -0.519
    -2.808    -1.633    -2.011
    -1.133    -0.511    -1.943
     0.636    -0.358    -0.802
     1.269    -1.772    -0.418
     1.444    -2.176    -0.257
     1.262    -1.929    -0.727
     0.480    -1.908    -1.262
    -0.005    -0.728    -1.235
     0.381     0.957    -0.497
     0.489     1.639    -0.513
     0.450     1.365    -0.708
     0.687     1.134    -0.277
     0.481     1.305    -0.756
     0.437     1.591    -0.726
     0.457     3.217    -0.540
     0.432     4.983    -0.474
     0.464     5.399     1.288
     0.187     5.116     2.989
     0.676     3.495     3.297
     1.369     1.930     3.511
     1.028     1.334     3.465
     0.671     0.882     3.260
     0.682     0.594     2.953
     0.444     0.373     1.196
     0.421     0.325    -0.523
     0.894     0.821    -1.082
     0.928     1.298    -0.761
     0.481    -0.227    -0.030
     0.383    -2.277    -0.271
     0.667    -2.920    -0.763
     0.889    -2.924    -2.083
     0.936    -2.672    -3.521
     0.905    -2.875    -2.531
     0.908    -2.905    -1.312
     0.915    -2.677    -1.223
     0.887    -2.419    -1.018
     0.695    -2.163    -0.787
     0.380    -2.840    -0.507
     0.422    -3.361    -0.293
     0.587    -2.984    -0.791
     0.686    -2.647    -1.273
     0.376    -3.117    -0.803
    -0.984    -3.603    -0.536
    -2.566    -3.459    -0.784
    -2.670    -2.929    -0.767
    -1.470    -1.071    -0.566
    -1.577     0.970    -0.251
    -2.754     1.166    -0.321
    -2.724     1.328    -0.247
    -1.215     3.177    -0.082
     0.500     4.749     0.247
     0.937     5.145     1.462
     0.851     5.540     1.437
     0.874     5.394     1.536
     0.839     4.877     2.917
     0.402     5.062     3.229
    -0.137     5.094     3.501
     0.527     5.098     3.937
     1.292     5.555     3.970
     1.384     5.594     3.703
     1.323     4.939     3.191
     1.117     2.979     2.703
     0.828     1.235     0.893
     0.832     1.003    -1.022
     0.579    -0.252    -0.852
    -1.036    -2.266    -0.576
    -2.622    -3.147    -2.560
    -2.747    -2.952    -4.783
    -1.307    -2.461    -4.854
     0.453    -2.370    -4.336
     0.869    -2.202    -4.527
     1.033    -2.122    -4.802
     1.300    -2.183    -4.540
     0.604    -2.126    -4.065
     0.078    -2.183    -4.281
     0.234    -2.129    -4.545
     0.076    -2.175    -3.782
     0.027    -2.594    -2.050
     0.253    -3.127    -0.515
     0.291    -3.177    -0.537
     0.269    -2.922    -0.494
     0.735    -2.461     1.703
     1.237    -1.919     3.944
     1.059    -1.687     4.278
     0.549    -0.486     3.453
    -1.122     0.951     2.732
    -2.891     1.176     3.165
    -3.313     0.852     3.723
    -3.481     1.081     3.438
    -3.523     2.668     3.249
    -3.045     3.120     2.901
    -1.394     1.994     1.475
     0.162     1.573    -0.057
     0.536     1.365    -0.577
     0.935     1.334    -0.547
     0.781     1.351    -0.314
     0.248     1.343    -0.763
     0.217     1.578    -1.312
     0.199     1.597    -0.753
     0.227     1.602    -0.362
     0.201     1.368    -0.197
     0.211     0.890    -0.355
     0.207     0.612    -0.472
    -0.035     1.032    -0.838
     0.183     1.569    -2.013
     0.639     1.158    -2.273
     0.732    -0.479    -2.606
     0.448    -2.505    -2.192
    -0.019    -2.939    -0.874
    -0.089    -2.696    -0.454
    -0.080    -2.642    -0.039
    -0.284    -2.643    -0.524
    -0.129    -2.437    -0.997
     0.408    -0.800    -0.813
     0.867     0.046    -0.503
     0.958    -0.055     1.231
     0.671     0.264     2.719
     0.430     0.389     3.028
     0.400     0.793     3.253
     0.378     1.090     3.212
     0.666     0.898     3.264
     1.052    -0.514     2.955
     0.778    -2.459     1.246
     0.094    -3.181    -0.497
    -1.165    -3.147    -1.069
    -2.859    -3.158    -0.757
    -2.852    -3.129    -0.542
    -1.811    -2.700    -0.717
    -1.752    -2.406    -0.777
    -1.907    -2.153    -0.747
    -1.879    -1.697    -0.757
    -1.862    -0.495    -2.016
    -1.924     0.977    -3.457
    -1.829     1.391    -3.560
    -1.734     1.379    -3.499
    -1.326     0.900    -3.497
    -0.109     0.653    -3.235
     0.461     1.015    -1.998
     0.526     1.390    -0.750
     0.883     1.552    -0.709
     1.039     1.891    -0.711
     0.677     3.170    -0.508
     0.561     3.440    -0.724
     1.032     3.139    -0.972
     0.890     2.885    -0.744
     0.582     1.309    -0.733
     0.591     0.611    -0.712
     0.551     0.836    -0.487
     0.375     0.404     0.032
     0.515     0.175     1.780
     0.820    -0.832     3.251
     0.365    -2.632     3.346
     0.082    -3.214     3.287
     0.046    -3.103     3.535
     0.060    -2.706     3.777
     0.066    -2.367     3.803
    -0.181    -2.595     3.535
    -0.187    -2.398     3.555
    -1.350    -2.149     3.269
    -2.817    -2.334     1.571
    -1.914    -2.819     0.067
    -0.072    -2.889    -0.506
     0.331    -2.424    -0.947
     0.094    -2.131    -1.208
     0.248    -0.766    -1.198
     0.522     0.750    -0.701
     0.778     0.953    -0.200
     0.332     1.108    -0.174
     0.061     0.923    -0.180
     0.669     0.437    -0.190
     1.054     0.598    -0.429
     1.021     0.857    -0.425
     0.593     0.915     0.053
     0.494     0.879     0.321
     0.525     0.685    -0.158
     0.072     0.628    -0.415
    -0.002     0.873     0.056
     0.019     0.681     0.068
     0.010     0.421    -0.129
     0.248     1.055    -0.195
     0.483     1.602    -0.145
     0.762     1.464     0.071
     0.753     1.158    -0.402
     0.551     1.159    -1.131
     0.483     1.360    -1.183
     0.514     1.424    -0.662
     0.722     1.180    -0.418
     0.314     0.933    -0.370
    -0.432     0.899    -0.665
    -0.089    -0.205    -1.117
     0.242    -1.686    -0.664
    -0.187    -2.353    -0.669
    -0.493    -2.561    -0.834
    -0.522    -2.391    -0.691
     0.170    -2.093    -0.353
     0.933    -0.761     1.571
     0.808     0.792     3.090
     0.505     1.190     3.182
     0.257     1.189     3.380
     0.004     0.938     3.858
    -0.021     0.927     4.379
    -0.018     0.904     4.383
    -0.010    -0.162     3.897
    -0.021    -0.372     3.638
    -0.236     0.992     3.608
    -0.281     1.220     3.151
    -0.046     0.978     2.890
    -0.012     0.907     2.866
    -0.016     0.275     1.165
     0.201     0.384    -0.547
     0.461     0.417    -0.428
     0.491     0.687    -0.627
     0.475     1.093    -1.052
     0.702     0.585    -0.647
     0.283     0.381    -0.106
    -0.450     0.465    -0.084
     0.098     1.074    -0.589
     0.920     1.233    -0.825
     0.782     0.525    -0.635
     0.497     0.428    -0.311
     0.456     0.430    -0.121
     0.471     0.454    -0.294
     0.473     1.101    -0.851
     0.462     1.653    -1.057
     0.479     1.291    -0.379
     0.231     0.953     0.159
    -0.220     0.954    -0.293
    -0.322     0.933    -2.059
    -0.271     1.196    -3.763
    -0.293     1.403    -4.147
    -0.057     1.497    -4.065
     0.195     1.423    -4.093
     0.220     1.274    -3.797
     0.005     1.167    -2.123
    -0.066     1.459    -0.353
     0.205     1.440    -0.019
     0.416     0.174    -0.043
     0.499    -0.312    -0.067
     0.439    -0.530    -0.063
     0.702    -1.831    -0.046
     0.931    -2.107    -0.073
     0.974    -2.019     0.210
     0.972    -2.053     0.167
     0.493    -0.693    -0.504
     0.478    -0.305    -0.813
     0.626    -1.526    -0.333
     0.554    -2.084    -0.056
     0.170    -2.239    -0.041
    -1.296    -2.510    -0.037
    -2.976    -2.751     0.189
    -3.082    -2.774     1.690
    -1.964    -2.572     1.663
    -1.740    -2.275     0.353
    -1.550    -1.850     1.360
    -1.572    -0.423     1.419
    -1.716     1.061    -0.157
    -0.316     0.653    -0.592
     0.289     0.460    -0.319
    -0.033     0.465    -0.283
    -0.025     0.077    -0.761
    -0.073     0.811    -0.539
    -0.025     1.040    -0.073
    -0.060     0.976    -0.006
    -0.041     1.435    -0.034
     0.173     1.489    -0.278
     0.425     1.507    -0.274
     0.251     1.474    -0.305
    -0.036     1.064    -0.258
    -0.054     0.759    -0.055
     0.168     0.941    -0.008
     0.649     1.230    -0.030
     0.946     1.238    -0.024
     0.955     1.047    -0.024
     0.301     1.184    -0.032
    -0.498     1.486    -0.014
    -0.578     1.707    -0.533
    -0.562     1.984    -0.976
    -0.325     1.778    -0.595
     0.362     1.320    -0.252
     0.476     0.790    -0.278
     0.462     0.520    -0.003
     0.867     0.918    -0.050
     0.766     1.231     0.018
     0.452     1.050     1.408
     0.230    -0.096     1.466
    -0.049    -1.363     0.113
    -0.054    -1.559    -0.089
    -0.068    -1.715    -0.025
    -1.361    -1.968    -0.021
    -2.929    -1.789    -0.006
    -1.818    -1.738    -0.275
     0.028    -1.956    -0.245
     0.495    -2.006    -0.059
     0.678    -1.996     0.006
     0.256    -2.210    -0.027
    -0.254    -2.254    -0.260
    -0.127    -2.250    -0.505
     0.394    -2.027    -0.541
     0.893    -0.476    -0.749
     0.963     1.108    -1.015
     0.726     1.110    -0.534
     0.234     0.788    -0.052
    -0.041     0.961    -0.233
    -0.090     1.230    -0.260
    -0.047     1.485    -0.057
    -0.080     1.728     0.010
    -0.267     1.769    -0.045
    -0.555     1.541     0.008
    -1.661     1.501    -0.051
    -2.958     1.508    -0.468
    -3.134     1.506    -0.543
    -1.757     1.729    -0.526
    -0.217     1.969    -0.997
     0.022     2.032    -1.026
     0.134     1.990    -0.313
     0.639     2.024    -0.284
     0.904     1.772    -0.945
     0.736     1.550    -1.072
     0.224     1.269    -1.008
    -0.057     0.834    -1.042
    -0.089     0.734    -1.001
    -0.075    -0.104    -1.051
     0.364    -1.551    -0.998
     0.872    -2.673    -0.814
     0.740    -2.983    -0.514
     0.442    -2.811    -0.303
     0.415    -3.150    -0.017
     0.420    -3.486     1.402
     0.420    -3.501     3.154
     0.418    -3.281     3.749
     0.416    -3.026     3.754
     0.418    -2.980     3.709
     0.200    -2.787     3.725
     0.155    -2.309     3.707
     0.600    -2.016     3.480
     0.896    -2.205     2.982
     0.723    -2.676     1.511
     0.424    -2.785     0.031
     0.415    -2.304    -0.344
     0.392    -1.827    -0.775
     0.212    -0.420    -1.032
    -0.084     0.837    -0.577
    -0.089     0.443    -0.312
     0.113    -0.010    -0.743
    -1.123     0.633    -2.486
    -1.829     2.474    -4.211
    -0.596     3.236    -4.130
    -0.045     3.507    -3.595
    -0.094     4.752    -3.756
     0.128     5.078    -4.042
     0.364     4.982    -4.055
     0.641     5.004    -4.062
     0.864     4.770    -3.803
     0.706     3.244    -4.060
     0.416     1.446    -4.261
     0.605     1.362    -2.191
     0.439     0.864    -0.637
    -0.039     0.492    -0.692
    -0.133     1.115    -0.593
     0.106    -0.018    -0.316
     0.369    -1.360     1.366
    -0.028    -0.522     3.093
    -0.126    -0.227     3.262
     0.311    -1.304     3.206
     0.204    -2.016     3.395
     0.128    -2.444     3.699
     0.137    -2.567     3.894
    -0.075    -2.713     3.492
    -0.127    -3.015     3.165
    -0.121    -2.804     3.420
    -0.113    -2.357     3.878
    -0.124    -2.250     4.429
    -0.111    -2.485     4.178
     0.088    -2.337     3.723
     0.148    -2.046     3.170
    -0.088    -2.464     1.727
    -0.126    -2.949     0.501
     0.087    -3.083    -0.162
     0.140    -3.012    -0.026
     0.124    -2.842     0.051
    -0.093    -2.342    -0.207
    -0.561    -0.795    -0.670
    -0.657     0.789    -1.709
    -0.409     1.246    -2.139
    -0.159     0.996    -2.103
     0.106     0.751    -1.846
     0.339     0.889    -1.873
     0.392     1.186    -1.549
     0.361     1.627    -0.490
     0.584     1.939    -0.263
     0.410     1.750    -0.145
    -0.068     1.482    -0.542
     0.268     1.437    -1.095
     0.594     1.447    -0.632
     0.424     1.233    -0.630
     0.345     0.769    -1.038
     0.156     0.453    -0.890
     0.101     0.442    -0.409
     0.320     1.054    -0.314
     0.376     1.865    -0.634
     0.354     1.317    -0.326
     0.368     0.556     1.220
     0.349     1.005     1.452
     0.370     1.226     0.229
     0.349     0.549     1.541
     0.367     0.400     2.749
     0.355     1.062     1.818
     0.358     1.190     1.611
     0.574     1.209     1.564
     0.815     1.135     1.701
     0.885     0.588     1.540
     0.832     0.351     0.535
     0.878     0.455     0.059
     0.830     0.387    -0.335
     0.663     0.025    -0.630
     0.150     0.300    -0.642
    -0.121     0.435    -0.381
    -0.166     0.427    -0.405
    -1.423     1.021    -1.748
    -1.701     1.210    -3.110
    -0.411     1.561    -3.617
     0.166     1.484    -3.933
     0.307     0.967    -3.843
     0.596     0.896    -2.764
     0.810     0.891    -2.599
     0.453     0.913    -4.012
     0.328    -0.360    -4.167
     0.768    -1.902    -3.941
     0.884    -1.965    -3.872
     0.629    -1.854    -2.706
     0.177    -2.050    -2.448
    -0.146    -2.131    -1.802
    -0.155    -2.304    -0.367
    -0.365    -2.588    -0.480
    -1.680    -2.611    -0.673
    -3.016    -2.621    -0.172
    -3.230    -2.813     1.267
    -3.134    -2.877     3.004
    -3.374    -2.657     3.406
    -3.391    -2.399     3.601
    -1.933    -2.149     4.076
    -0.294    -0.856     4.333
     0.149     0.682     4.384
     0.534     0.953     4.333
     0.851     0.880     4.135
     0.222     1.084     3.859
    -0.541     1.345     4.081
    -0.494     1.386     3.865
    -0.367     1.373     3.394
    -0.403     1.160     3.093
     0.243    -0.345     1.453
     0.813    -1.942    -0.048
     0.670    -2.416    -0.467
     0.401    -2.599    -0.643
    -1.148    -2.646    -0.872
    -2.915    -2.218    -1.169
    -3.264    -0.662    -0.639
    -3.115     0.927    -0.252
    -2.105     0.559    -0.280
    -1.815    -0.079    -0.719
    -1.876     0.242    -1.746
    -0.426     0.382    -2.207
     0.171     0.358    -2.152
     0.130     0.566    -2.147
     0.545     1.028    -2.630
     0.211     1.132    -2.608
    -0.304     0.897    -2.728
    -0.217     0.851    -3.479
    -0.099     0.841    -3.751
     0.284     0.857    -3.597
     0.824     0.841    -2.070
     0.691     1.062    -0.693
     0.408     0.896    -0.356
     0.365     0.430    -0.389
     0.585     0.326    -0.605
     0.646     0.340     0.961
     0.418     0.980     2.751
     0.584     1.108     3.161
     0.641     0.502     3.376
     0.441     0.698     3.565
     0.577     1.291     3.878
     0.658     1.350     3.844
     0.430     1.150     3.654
     0.592     0.866     3.606
     0.859    -0.197     3.368
     0.703    -0.452     3.167
     0.424    -0.433     1.676
    -0.036    -1.410    -0.178
     0.091    -0.707    -0.515
     0.572     0.675    -0.597
     0.483     0.888    -0.642
     0.386     0.852    -0.401
     0.204     0.826    -0.595
    -0.068     0.848    -2.016
    -0.099     0.834    -3.736
    -0.097     0.840    -4.187
    -0.083     1.049    -3.659
     0.115     1.503    -2.237
     0.396     1.410    -0.928
     0.434     0.904    -0.590
     0.427     0.825    -0.592
     0.424     0.818    -0.385
     0.427    -0.174     0.102
     0.428    -1.501     0.160
     0.427    -0.684    -0.077
     0.640     0.647    -0.105
     0.689     0.914    -0.111
     0.480     1.040    -0.084
     0.423     0.478    -0.112
     0.444     0.312    -0.551
     0.234     0.314    -1.059
    -0.024    -0.052    -0.888
    -0.069     0.204    -0.378
     0.152     0.372    -0.096
     0.420     0.534    -0.063
     0.252     0.811    -0.317
     0.194     0.846    -0.781
     0.400     0.845    -1.072
     0.483     0.836    -1.092
     0.667     0.837    -1.073
     0.730     0.845    -1.079
     0.511     0.832    -1.058
     0.247     0.650    -0.851
     0.002     0.364    -0.565
    -0.046    -0.060    -0.566
     0.389     0.217    -0.534
     0.492     0.989    -0.344
     0.071     1.123    -0.052
     0.160     1.308     1.326
     0.248     1.344     3.064
     0.036     1.351     3.286
    -0.028     1.346     2.993
    -0.005     0.117     2.953
    -0.013    -1.415     2.954
    -0.001    -2.156     2.983
     0.196    -2.548     1.577
     0.469    -2.905    -0.106
     0.509    -2.873    -0.377
     0.097    -2.729    -0.501
     0.193    -2.609    -0.289
     0.881    -2.462     0.173
     0.855    -2.782     0.046
     0.540    -2.908    -0.247
     0.300    -2.912    -0.484
     0.043    -3.468    -0.516
     0.007    -3.502    -0.494
     0.017    -3.139    -0.496
     0.226    -3.158    -0.028
     0.502    -2.896     0.235
     0.542    -2.706    -0.392
     0.543    -2.390    -0.723
     0.525    -0.966    -0.534
     0.343     0.661    -0.454
     0.060     0.962    -0.248
     0.034     0.243    -0.211
     0.239     0.540    -0.203
     0.308     1.198    -0.219
     0.298     1.074    -0.421
     0.296     0.998    -0.240
     0.113     1.596    -0.201
     0.028     2.822    -0.411
     0.075     3.232    -0.227
     0.041     3.128    -0.191
     0.286     3.131    -0.395
     0.510     3.159    -0.445
     0.596     2.907    -0.427
     0.757     1.512    -0.190
     0.427     0.822     0.054
     0.303     0.716    -0.121
     0.314     0.394    -0.628
    -0.267     1.030    -0.889
     0.135     1.751    -0.477
     0.792     1.769     0.068
     0.439     1.424     0.122
     0.121     1.404    -0.107
    -1.173     1.409     0.081
    -2.901     1.202     0.337
    -3.478     0.968     0.170
    -3.418    -0.128     0.111
    -2.175    -1.570     0.128
    -0.412    -2.333     0.129
     0.376    -2.335     0.142
     0.563    -2.142     0.134
     0.841    -2.056     0.154
     1.049    -1.868     0.140
     0.525    -1.620     0.390
    -0.304    -1.738     0.399
    -0.229    -2.050    -0.245
     0.488    -1.851    -0.809
     0.443    -1.629    -0.859
     0.376    -0.516    -0.371
     0.947     0.726    -0.103
     0.987     0.422    -0.250
     0.424     0.565    -0.123
     0.168     0.703     0.194
     0.285     0.534     1.534
    -0.812     1.007     3.096
    -2.633     1.076     3.254
    -2.970     1.116     3.250
    -1.859     1.450     3.170
    -0.343     1.450     3.255
     0.385     1.085     3.186
     0.398     1.135     2.123
     0.403     1.227     1.956
     0.568     0.837     1.694
     0.872     0.883     0.454
     0.680     1.010    -0.083
     0.442     0.956     0.008
     0.563     1.008     0.190
     0.465     0.758     0.070
     0.172     0.551    -0.021
     0.134     0.855     0.028
     0.346     1.225     0.001
     0.208     1.053    -0.192
     0.340    -0.215    -0.687
     0.812    -1.757    -0.732
     0.729    -2.289    -0.284
     0.439    -2.447     0.249
    -1.035    -2.716     0.317
    -2.641    -2.941    -0.151
    -1.943    -3.007    -0.201
    -1.523    -2.985    -0.228
    -2.602    -2.980    -0.608
    -2.912    -2.591    -0.726
    -1.641    -2.046    -0.679
     0.149    -1.966    -0.687
     0.716    -1.954    -0.673
     0.669    -0.798    -0.677
     0.870     0.807    -0.664
     0.501     1.099    -0.663
    -0.196     0.454    -0.660
    -0.009     0.446    -0.654
     0.817     0.943    -0.655
     1.129     0.878    -0.647
     1.205     1.172    -0.647
     0.939     1.328    -0.641
     0.719     1.293    -0.639
     0.435     2.700    -0.189
    -1.004     3.120     0.101
    -1.633     1.900    -0.070
    -1.626     1.470    -0.134
    -2.568     1.568    -1.236
    -2.929     1.367    -2.489
    -1.618     1.104    -2.911
     0.131     1.064    -3.310
     0.735     1.057    -3.590
     0.873     1.090    -3.625
     1.135     1.056    -2.251
     1.173     1.101    -0.529
     0.756     0.867    -0.007
     0.239     0.247     0.143
     0.122     0.436    -0.043
    -0.031     0.611     0.147
     0.292     0.602     0.153
     0.642     1.170    -0.453
     0.280     1.196    -0.396
    -0.065     0.086    -0.089
     0.301    -1.382     0.166
     0.827    -2.130     0.428
     0.542    -2.557     0.451
    -0.026    -2.869     0.460
    -1.319    -2.706     0.440
    -2.675    -2.627     0.241
    -2.920    -2.640     0.196
    -2.843    -2.434     0.422
    -1.643    -1.987     0.473
    -0.065    -1.653     0.242
     0.253    -1.823    -0.010
     0.150    -1.681    -0.041
     0.346    -0.439    -0.023
     0.812    -0.050    -0.021
     1.127    -1.288    -0.021
     0.966    -1.897    -0.015
     0.689    -1.880    -0.020
     0.633    -1.872    -0.231
     0.652    -1.860    -0.271
     0.451    -1.872    -0.268
     0.189    -0.675    -0.472
     0.124     0.879    -0.510
     0.136     1.437    -0.501
     0.142     1.791    -0.273
     0.134     1.736     0.200
     0.144     1.435     0.494
     0.334     1.390     0.306
     0.406     1.396     0.032
     0.390     1.795     0.219
     0.387     2.121     0.040
     0.196     2.165    -0.194
     0.107     2.168     0.184
     0.132     2.151     0.292
     0.319     2.179     0.291
     0.595     1.947     0.257
     0.438     1.732     0.076
     0.369     1.624     0.003
     0.568     1.496    -0.183
     0.645     1.184    -0.233
     0.825     0.978    -0.003
     0.888     0.695     0.257
     0.671     0.278     0.082
     0.590     0.738    -0.397
     0.617     0.946    -0.484
     0.605     0.563    -0.465
     0.617    -0.216    -0.454
     0.607    -1.693    -0.242
     0.613    -2.389     0.017
     0.809    -2.509     0.276
     1.070    -2.997     0.517
     1.131    -3.272     0.558
     1.105    -2.770     0.544
     1.118    -2.524     0.762
     0.905    -2.964     0.798
     0.657    -3.094     0.587
     0.390    -2.881     0.530
    -0.043    -2.611     0.543
    -0.173    -2.559     0.547
    -0.110    -2.629     0.554
    -0.110    -2.629     0.554
