********************************************************************************
                       INSTITUTO DE INGENIERIA, UNAM
                   Coordinacion de Instrumentacion Sismica
  Ciudad Universitaria, Apartado Postal 70-472, Coyoacan 04510, Mexico, D.F.
 Tel.(52-5)622-3414    Fax.(52-5)616-1514    e-mail: isismica@pumas.iingen.unam.mx
********************************************************************************
ARCHIVO ESTANDAR DE ACELERACION:
VERSION DEL FORMATO                    : 2.0
NOMBRE DEL ARCHIVO                     : GUAC8509.242
FECHA Y HORA DE CREACION               : Tue Apr 21 12:15:04 1998
REF. CATALOGO ACELEROGRAMAS, SMIS 1995 : REGISTRO No. 608 /PAG. 82


================================================================================
DATOS DE LA ESTACION:
NOMBRE DE LA ESTACION                  : GUACAMAYAS
CLAVE DE LA ESTACION                   : GUAC
LOCALIZACION DE LA ESTACION            : CAMPAMENTO SARH GUACAMAYAS, CERCA DE LAZARO CARDENAS.
                                       : MICHOACAN. 
                                       : 
                                       : 
                                       : 
COORDENADAS DE LA ESTACION             : 18.025 LAT. N
                                       : 102.204 LONG. W
ALTITUD (msnm)                         : 25
TIPO DE SUELO                          : ARCILLA COMPACTA
                                       : 
                                       : 
INSTITUCION RESPONSABLE                : INSTITUTO DE INGENIERIA UNAM 
                                       : 

================================================================================
DATOS DEL ACELEROGRAFO:
MODELO DEL ACELEROGRAFO                : DCA-310
NUMERO DE SERIE DEL ACELEROGRAFO       : 136; SSA-302/289
NUMERO DE CANALES                      : 3
ORIENTACION C1-C6 (rumbo;orientacion)  : /+V/N90W/S00E
ORIENTACION C7-C12 (rumbo;orientacion) :
VEL. DE MUESTREO, C1-C6 (muestras/s)   : /100/100/100
VEL. DE MUESTREO, C7-C12 (muestras/s)  :
ESC. COMPLETA DE SENSORES, C1-C6, (g)  : /1/1/1
ESC. COMPLETA DE SENSORES, C7-C12, (g) :
FREC. NAT. DE SENSORES, C1-C6, (Hz)    : /32.3/30.8/31.2
FREC. NAT. DE SENSORES, C7-C12, (Hz)   :
AMORTIGUAMIENTO DE SENSORES, C1-C6     : /0.73/0.65/0.69
AMORTIGUAMIENTO DE SENSORES, C7-C12    :
INTERVALO DE MUESTREO, C1-C6, (s)      : /0.01/0.01/0.01
INTERVALO DE MUESTREO, C7-C12, (s)     :
UMBRAL DE DISPARO, C1-C6, (Gal)        : /7/7/7
UMBRAL DE DISPARO, C7-C12, (Gal)       :
MEMORIA DE PREEVENTO (s)               : 2.56
TIEMPO DE POSEVENTO (s)                : 15


================================================================================
DATOS DEL SISMO:
FECHA DEL SISMO [GMT]                  : 1985/09/24
HORA EPICENTRO (GMT)                   : 18:35:58
MAGNITUD(ES)                           : /M=3.9
COORDENADAS DEL EPICENTRO              : 18.062 LAT. N 
                                       : 102.346 LONG. W
PROFUNDIDAD FOCAL (km)                 : 20
FUENTES DE LOS DATOS EPICENTRALES      : INSTITUTO DE INGENIERIA UNAM
                                       : 

================================================================================
DATOS DE ESTE REGISTRO:
HORA DE LA PRIMERA MUESTRA (GMT)       : 18:36:01
EXACTITUD DEL TIEMPO (s)               : 
DURACION DEL REGISTRO (s), C1-C6       : /16.74/16.74/16.7
DURACION DEL REGISTRO (s), C7-C12      :
NUM. TOTAL DE MUESTRAS, C1-C6          : /1674/1674/1674
NUM. TOTAL DE MUESTRAS, C7-C12         :
ACEL. MAX.(Gal), C1-C6                 : /9.734/-23.465/32.298   
ACEL. MAX., C1-C6, EN LA MUESTRA       : /292/262/258   
ACEL. MAX.(Gal), C7-C12                :
ACEL. MAX., C7-C12, EN LA MUESTRA      :
UNIDADES DE LOS DATOS                  : Gal (cm/s/s)
FACTOR DE DECIMACION                   : 1
FORMATO DATOS (FORTRAN,10 campos/dato) : 3F10.3


===============================================================================
CALIDAD DEL ACELEROGRAMA:
REGISTRO DIGITAL COMPLETO CON TIEMPO ABSOLUTO CORRECTO


===============================================================================
COMENTARIOS:

EQUIPO CON SENSORES EXTERNOS












===============================================================================
DATOS DE ACELERACION:
---------+---------+---------+---------+---------+---------+---------+---------+
   CANAL-1   CANAL-2   CANAL-3   CANAL-4   CANAL-5   CANAL-6   CANAL-7   CANAL-8
         V      N90W      S00E
---------+---------+---------+---------+---------+---------+---------+---------+
     0.190     0.154     0.197
    -0.508    -0.019    -0.403
     0.111    -0.060    -0.343
     0.319    -0.351    -0.700
     1.203     0.055    -0.872
     1.270     0.558    -0.888
    -0.028     0.782    -0.489
    -0.622     0.026     0.301
    -1.158    -0.347     0.453
    -1.252    -0.325     0.384
    -0.956    -1.241     0.732
    -0.995    -0.981     0.611
    -0.666    -0.135     0.350
     0.197     0.014     0.732
     1.585     0.586     0.599
     1.477     1.076     0.374
    -0.048     0.589     0.369
    -0.967    -0.196     0.103
    -1.347    -0.688    -0.182
    -0.244    -0.489    -0.722
     1.032    -0.279    -0.570
     1.038    -0.277     0.013
     0.380     0.337     0.205
    -0.426     0.473     0.453
    -0.177     0.482     0.395
     0.357     0.083     0.392
     0.596    -0.698     0.737
     0.481    -0.218     0.923
    -0.093    -0.332     0.921
    -0.284    -0.598     0.546
     0.108     0.102     0.052
     0.308    -0.117    -0.170
    -0.696    -0.647    -0.409
    -1.365    -0.218    -0.988
    -0.892    -0.025    -1.791
    -0.350    -0.359    -1.542
     0.151    -0.300    -0.362
     0.332     0.021     0.322
     0.279     0.565     0.758
    -0.034     0.742     0.631
    -0.264     0.692     0.012
     0.120     0.361    -0.457
     0.333    -0.496    -0.334
     0.293    -0.264     0.609
     0.622     0.635     0.653
     0.511     1.352     0.359
     0.258     1.502     0.724
     0.947     1.088     0.612
     1.399     0.604     0.037
     1.298     0.026    -0.815
     0.657    -0.058    -1.170
    -0.765    -0.441    -1.128
    -2.305    -1.207    -1.069
    -3.147    -1.704    -0.159
    -2.259    -1.516     0.574
    -0.560    -0.624     0.681
     0.916    -0.223     0.662
     1.475     0.022     0.634
     0.644    -0.115     0.988
     0.263    -0.656     0.854
     0.618    -0.572     0.614
     0.255     0.101     0.966
    -0.299     0.505     0.872
    -0.131     0.128     0.273
     0.775    -0.134    -0.549
     2.156    -0.374    -0.942
     2.071    -0.303    -0.854
     0.512     0.643    -1.178
    -0.354     1.013    -1.071
    -0.149     0.282    -0.483
     0.172    -0.159    -0.304
    -1.576    -0.073    -0.032
    -3.558    -0.391     0.198
    -3.107    -0.622    -0.188
    -1.555    -0.238    -0.718
     0.272     0.294    -0.577
     1.056     0.152     0.018
     1.496    -0.122     0.196
     2.285     0.258     0.131
     1.755     0.794     0.170
     0.285     0.976     0.435
    -1.229     0.270     0.413
    -1.796    -0.160    -0.617
    -1.270    -0.077    -1.195
    -0.472    -0.074    -0.837
     0.331    -0.074    -0.821
     1.356    -0.409    -0.572
     2.051    -0.283     0.061
     0.863    -0.051     0.468
    -0.707     0.276     0.730
    -0.621     0.760     0.934
    -0.345     0.684     1.539
    -1.314     0.655     1.674
    -1.715     0.368     0.988
    -0.615    -0.225     0.240
     0.321    -0.350    -0.585
     1.447    -0.025    -0.584
     1.987    -0.097    -0.036
     0.952    -0.384     0.565
     0.218    -0.334     0.956
    -0.548    -0.317     0.585
    -1.924    -0.354     0.651
    -2.495    -0.625     0.619
    -1.032    -0.266     0.338
     1.436     0.306     0.711
     2.081     0.113     0.616
     1.237     0.221     0.325
     0.502     0.436     0.408
     0.007     0.762     0.035
     0.210     0.941    -0.461
     1.075     0.602    -0.684
     1.847     0.365    -0.922
     1.601     0.415    -0.850
     0.726     0.419    -0.888
    -0.023    -0.248    -1.166
    -1.110    -0.341    -1.445
    -2.384    -0.380    -1.984
    -3.008    -1.280    -2.172
    -2.157    -1.358    -1.456
    -1.130    -0.722     0.266
    -1.047    -0.208     1.395
     0.224    -0.058     1.090
     3.037     0.584     0.186
     4.524     0.973    -0.867
     3.126     0.287    -0.560
     0.952    -0.216     0.296
     0.200    -1.037     0.417
    -0.538    -0.786     0.707
    -3.215     0.727     1.243
    -4.984     0.960     1.422
    -2.264     0.613     0.721
     2.120     0.332    -0.046
     3.540     0.108    -0.166
     1.502     0.484     0.188
    -0.185     0.370     0.431
    -0.143    -0.218     0.353
    -0.733    -0.066     0.718
    -1.523    -0.461     1.218
    -1.296    -1.260     1.764
    -0.086    -0.753     1.890
     1.212     0.080     0.909
     2.793     0.185    -0.112
     3.595     0.162    -0.819
     1.445     0.794    -1.231
    -0.845     0.917    -1.136
    -2.204    -0.050    -1.128
    -3.068    -0.451    -1.153
    -2.151    -0.340    -0.788
    -0.501    -0.704    -0.295
     0.376    -1.198     0.265
     0.760    -1.108     0.044
     2.264    -0.439    -0.804
     3.725     0.622    -0.284
     3.012     1.330     0.846
     0.634     1.418     1.534
    -1.319     1.411     1.960
    -1.396     0.722     1.198
    -0.761    -0.014    -0.543
    -0.208    -0.162    -1.968
     0.226    -0.439    -2.253
     0.149    -0.318    -2.126
    -1.497     0.574    -2.173
    -2.908     1.001    -1.470
    -1.601     0.210    -0.433
    -0.691    -0.172     0.290
    -1.178     0.182     0.699
    -1.110    -0.193     0.584
    -0.140    -0.404     0.289
     1.156    -0.053     0.029
     1.484    -0.453     0.448
     0.705    -0.660     1.263
    -0.338    -0.275     1.390
    -0.414    -0.093     1.339
    -0.709     0.568     1.349
    -1.564     0.608     1.334
    -1.335    -0.275     0.697
    -0.765    -0.749    -0.412
     0.713    -1.238    -0.741
     2.209    -1.085    -0.997
     1.779    -0.191    -0.546
     0.650    -0.075     1.226
    -0.408    -0.458     2.347
    -0.697    -0.641     2.705
    -0.343    -0.657     2.879
    -0.398    -0.253     2.184
    -0.382    -0.125     0.758
     0.890    -0.078    -0.774
     2.788     0.812    -2.292
     2.872     1.542    -3.447
     1.617     1.352    -4.749
     1.895     0.079    -6.276
     3.768    -1.451    -6.813
     4.501    -2.713    -6.667
     3.065    -4.211    -6.023
     0.507    -5.452    -4.931
    -2.322    -5.676    -4.908
    -4.750    -3.713    -6.204
    -6.968    -0.035    -7.131
    -7.890     3.760    -6.902
    -6.369     6.889    -5.646
    -3.838     7.901    -3.093
    -0.677     6.953     0.384
     3.281     5.572     4.563
     5.969     3.657     8.845
     5.881     1.983    11.471
     4.234     1.463    12.014
     2.079     1.307    10.492
    -0.550     1.715     7.705
    -4.002     2.211     7.170
    -7.179     0.812     9.897
    -6.269    -3.003    13.333
    -1.693    -5.759    14.667
     2.222    -3.738    11.995
     3.741     1.192     7.921
     3.577     5.031     4.799
     2.942     4.561     2.144
     1.790    -0.449     0.388
     0.193    -6.553    -0.769
    -2.278   -10.937    -1.298
    -4.447   -11.653    -1.882
    -3.190    -8.120    -3.534
    -0.341    -2.354    -6.059
     2.161     2.548    -9.135
     3.033     4.017   -11.222
     1.164     2.956   -11.873
    -0.889     1.559   -11.684
    -2.978     0.305   -10.407
    -3.911    -0.599    -7.854
    -2.410    -1.990    -5.382
    -0.210    -3.134    -4.416
     1.776    -3.191    -4.108
     1.823    -3.128    -4.835
     1.213    -3.141    -6.608
     2.262    -3.789    -6.375
     3.921    -3.893    -4.279
     4.411    -2.952    -2.846
     3.003    -1.224    -2.622
     0.796     2.456    -3.668
    -0.208     7.551    -4.986
     1.049    12.223    -5.946
     3.264    14.113    -6.602
     4.959    13.240    -6.759
     5.727    10.178    -7.004
     4.878     5.240    -6.939
     1.844     0.812    -5.653
    -1.459    -1.797    -2.480
    -3.807    -1.989     1.788
    -6.011    -0.285     5.746
    -6.944     0.873     8.479
    -5.743     0.252     9.616
    -2.463    -1.190    11.532
     0.097    -1.786    14.145
    -0.861    -0.308    16.007
    -2.902     2.802    18.715
    -2.999     5.836    22.718
    -1.067     7.219    27.422
     0.999     5.850    31.519
     2.387     1.370    32.298
     1.935    -5.781    28.483
    -0.467   -13.737    21.153
    -2.772   -20.214    12.206
    -3.697   -23.465     4.122
    -2.497   -22.840    -1.640
    -0.857   -18.077    -5.093
    -0.011    -9.734    -6.625
     1.045    -0.782    -7.440
     3.308     7.022    -7.786
     5.205    12.795    -8.684
     5.050    14.661   -11.604
     4.394    12.775   -15.631
     2.302     9.065   -19.647
    -0.979     4.890   -22.049
    -3.257     1.583   -22.316
    -4.591    -0.384   -22.214
    -4.449    -1.398   -22.184
    -3.231    -1.714   -22.210
    -1.584    -2.927   -21.862
    -0.451    -4.439   -19.054
    -0.773    -4.394   -14.405
    -1.633    -2.755    -9.214
    -2.429     0.977    -2.971
    -3.450     6.048     2.970
    -4.808    10.433     7.724
    -4.683    13.035    10.513
    -2.526    13.908    10.982
    -0.174    12.600     9.178
     1.743     8.816     4.179
     3.777     4.340    -1.166
     6.079     0.475    -4.536
     7.662    -2.312    -5.476
     8.842    -3.401    -3.544
     9.734    -3.079     0.440
     8.851    -2.500     5.490
     6.187    -2.287    10.164
     3.065    -2.395    14.661
     0.384    -2.951    17.501
    -2.395    -3.834    17.670
    -5.106    -4.470    15.970
    -7.251    -4.370    12.191
    -8.202    -3.675     7.832
    -7.310    -2.957     3.496
    -5.913    -2.466     0.650
    -4.679    -2.960    -0.229
    -3.083    -5.395    -0.188
    -0.002    -9.524     1.084
     2.634   -13.224     3.324
     1.930   -14.398     6.911
     0.507   -14.103     9.697
    -0.775   -12.446     9.642
    -2.334    -8.776     7.295
    -1.856    -4.620     3.493
     0.840     0.015    -1.015
     4.360     4.786    -6.098
     7.186     8.600   -10.829
     8.369    11.341   -15.229
     8.296    13.136   -18.470
     7.667    14.180   -19.466
     5.871    14.210   -18.482
     2.527    11.901   -14.887
    -1.029     6.776   -10.050
    -4.258     1.768    -5.977
    -7.150    -1.698    -2.864
    -9.249    -3.545    -1.953
    -9.551    -2.684    -4.063
    -8.539     0.015    -7.116
    -6.799     3.143    -9.462
    -4.107     5.832   -10.432
    -1.943     7.298    -9.479
     0.350     6.882    -6.493
     2.882     5.365    -1.546
     4.091     3.181     3.865
     4.071     0.255     9.391
     3.072    -2.449    14.605
     2.067    -4.918    17.883
     0.380    -6.096    18.921
    -1.998    -5.141    17.558
    -3.273    -3.105    15.068
    -2.916    -0.449    12.151
    -1.376     3.017     9.471
     0.128     6.829     8.290
     2.321     8.986     7.009
     4.529     7.699     5.193
     4.925     3.883     3.093
     4.779     0.391     1.478
     4.152    -2.189     1.267
     2.705    -4.315     1.023
     1.529    -5.307     0.168
     0.849    -5.647    -1.217
    -0.203    -6.183    -2.091
    -1.844    -7.607    -2.194
    -2.972    -9.802    -2.463
    -3.646   -11.734    -3.009
    -3.741   -12.504    -3.517
    -2.422   -11.601    -3.992
    -0.230    -9.935    -4.854
     2.090    -7.448    -5.196
     3.658    -3.670    -6.142
     3.880    -0.229    -7.707
     3.137     2.038    -8.946
     2.048     3.944   -11.144
     0.405     5.625   -12.739
    -1.702     6.423   -12.994
    -3.346     6.519   -11.868
    -4.521     6.470    -9.020
    -5.097     6.148    -5.882
    -5.291     5.608    -2.623
    -5.179     5.102     0.679
    -4.272     3.963     2.898
    -2.901     2.365     3.923
    -1.026     1.527     4.214
     1.001     1.106     4.123
     2.706     1.258     4.798
     4.117     1.855     6.162
     4.700     2.013     7.784
     4.498     1.675     9.185
     4.251     0.764    10.156
     3.622     0.101    11.412
     2.882    -0.419    12.057
     2.405     0.454    11.855
     1.594     3.354    10.292
     1.846     5.807     7.526
     2.366     7.382     5.051
     1.645     7.221     2.223
     0.530     5.678    -0.510
    -1.736     4.123    -2.282
    -3.979     2.645    -3.415
    -4.979     2.089    -3.665
    -5.329     1.612    -2.982
    -4.876     0.154    -1.515
    -4.043    -1.988     0.310
    -2.318    -3.656     1.087
    -0.575    -5.121     0.566
    -0.407    -6.284    -1.268
    -0.112    -5.955    -4.264
     1.340    -6.060    -6.022
     2.890    -6.605    -7.147
     4.057    -7.470    -8.720
     4.368    -9.448    -9.533
     3.304   -10.497    -9.984
     1.666   -10.559    -9.466
     0.508    -9.850    -8.380
    -0.795    -8.449    -7.335
    -2.635    -6.895    -5.728
    -3.417    -4.755    -4.895
    -3.201    -2.480    -4.462
    -2.921     0.110    -3.982
    -1.685     2.246    -3.784
    -0.138     4.233    -2.875
     0.746     7.510    -1.544
     1.134    10.074     0.687
     0.677    11.026     3.561
    -0.129    11.334     5.990
    -0.277    10.593     8.521
    -0.206     8.543    10.666
    -0.571     6.212    12.331
    -0.092     3.648    12.457
     1.630     1.470    11.170
     2.804     0.836    10.517
     2.464     0.313     9.717
     1.283    -0.054     9.339
     0.624    -0.379     8.764
     0.471    -1.147     6.710
     0.219    -0.998     4.731
    -0.038    -1.021     2.985
    -0.275    -1.637     1.606
    -0.221    -1.153     0.027
     0.094    -0.340    -1.714
    -0.004    -0.237    -2.867
    -0.275    -0.229    -3.804
    -0.222    -0.951    -4.169
    -0.230    -1.624    -4.725
    -0.213    -1.533    -5.487
    -0.233    -1.491    -5.951
    -0.215     0.088    -6.435
     0.416     2.187    -6.631
     1.513     2.935    -6.886
     2.511     3.349    -7.456
     2.854     3.216    -7.604
     3.110     2.271    -7.587
     2.651     1.599    -8.210
     0.919     1.082    -7.698
    -0.245     0.000    -5.645
    -1.212    -1.006    -3.931
    -2.850    -2.332    -2.471
    -3.977    -4.187    -1.293
    -4.655    -5.936    -0.664
    -5.075    -7.672    -0.202
    -4.632    -9.133     0.617
    -3.808    -9.642     1.663
    -2.714    -8.579     2.340
    -1.443    -6.577     2.791
    -0.162    -3.294     2.974
     1.702     0.286     2.922
     3.423     1.528     2.934
     4.558     1.537     2.921
     5.187     1.449     2.935
     4.680     1.481     3.893
     3.218     2.099     5.532
     1.684     3.530     6.703
     0.498     5.051     7.663
    -0.126     5.605     8.340
    -0.261     6.094     8.142
    -0.545     5.919     6.923
    -1.076     5.349     5.317
    -1.916     5.162     3.519
    -2.614     4.557     2.092
    -2.773     3.799     1.859
    -3.028     2.687     1.907
    -3.269     2.396     2.272
    -2.886     2.425     2.127
    -1.383     1.821     0.935
     0.104     1.357    -0.367
     0.378     0.150    -2.260
     0.928    -1.355    -3.947
     2.674    -2.638    -5.446
     4.096    -3.150    -6.895
     4.384    -3.748    -7.487
     4.283    -5.068    -7.934
     3.646    -5.414    -7.806
     2.237    -5.300    -6.872
     0.687    -4.998    -5.861
    -0.148    -4.770    -5.149
    -0.593    -4.484    -4.404
    -1.372    -3.969    -3.007
    -1.820    -3.749    -2.138
    -2.320    -3.531    -2.345
    -3.148    -3.884    -2.303
    -3.534    -4.128    -1.386
    -3.139    -3.416    -0.027
    -2.582    -2.034     1.520
    -2.738    -0.795     3.016
    -2.670     0.476     4.200
    -1.763     2.658     5.145
    -0.405     4.934     5.841
     0.835     6.542     6.592
     1.763     7.389     6.703
     2.807     8.405     6.031
     3.428     9.065     5.582
     2.989     8.893     4.701
     2.104     8.608     3.396
     2.055     7.709     2.115
     2.327     6.690     0.892
     2.323     5.351    -0.382
     1.967     3.812    -1.936
     0.809     2.315    -3.097
     0.174     0.801    -4.401
    -0.662    -0.036    -5.592
    -2.597    -1.122    -5.616
    -4.022    -2.035    -5.279
    -4.895    -3.126    -5.029
    -4.665    -5.003    -4.136
    -3.104    -6.430    -2.797
    -1.636    -7.645    -2.201
    -0.375    -8.242    -1.698
     0.823    -8.423    -1.250
     1.801    -8.331    -1.663
     2.146    -8.068    -2.202
     1.744    -8.103    -2.062
     1.852    -7.157    -1.154
     2.420    -5.824    -0.438
     2.301    -4.586     0.674
     1.683    -3.633     2.244
     1.226    -2.964     3.440
     0.999    -2.168     4.696
     0.775    -1.794     5.300
     0.498    -0.566     5.461
    -0.042     0.611     6.041
    -0.222     1.324     6.494
    -0.174     2.680     6.082
    -0.825     3.889     5.539
    -0.933     4.876     4.723
    -0.327     4.861     3.027
    -0.443     4.947     1.923
    -1.056     5.439     0.884
    -1.199     5.403    -0.356
    -1.196     5.984    -1.336
    -1.473     6.495    -1.998
    -1.416     6.977    -1.503
    -1.107     7.497    -1.019
    -0.551     7.333    -1.093
     0.254     6.765    -1.434
     0.667     5.609    -1.944
     0.572     4.352    -2.166
     0.263     3.393    -2.397
     0.353     2.387    -2.992
     0.626     1.398    -3.762
     0.255     1.026    -3.888
     0.044     0.804    -3.870
     0.399    -0.076    -4.152
     0.308    -0.779    -3.789
     0.033    -1.259    -2.904
    -0.232    -2.379    -2.225
    -0.472    -3.666    -2.026
    -0.080    -4.596    -2.148
     0.101    -5.311    -2.379
    -0.207    -5.403    -2.698
    -0.172    -4.774    -2.880
     0.169    -4.268    -2.552
     0.358    -4.423    -1.988
     0.362    -5.306    -1.817
     0.305    -6.376    -1.544
     0.366    -6.707    -0.655
     0.943    -6.971     0.661
     1.451    -7.489     1.943
     1.626    -7.042     2.827
     1.586    -5.911     3.909
     0.950    -4.907     4.500
     0.495    -4.237     4.084
    -0.041    -3.442     3.836
    -1.156    -2.099     3.896
    -1.471    -0.861     4.527
    -1.125     0.405     4.975
    -1.157     1.954     4.891
    -1.171     3.456     4.888
    -1.151     4.946     4.248
    -1.175     5.824     3.806
    -0.507     6.216     3.241
     0.229     7.386     2.171
     0.392     7.977     1.791
     0.653     7.562     0.938
     0.563     7.960    -0.396
    -0.024     8.129    -1.313
    -0.207     7.836    -2.043
    -0.156     8.176    -2.448
    -0.173     8.110    -3.004
    -0.148     6.846    -3.769
    -0.179     5.313    -3.902
    -0.143     4.081    -3.874
     0.138     2.531    -4.172
     0.400     1.371    -3.784
     0.319     1.019    -2.939
     0.037     0.190    -2.528
    -0.540    -1.175    -2.291
    -1.009    -3.014    -2.077
    -0.575    -5.411    -1.468
    -0.072    -6.943    -0.398
     0.154    -7.875     0.293
     0.381    -9.135     0.425
     0.339    -9.767     0.385
     0.333    -9.601     0.387
     0.345    -8.991     0.701
     0.327    -8.211     0.935
     0.031    -7.752     0.878
    -0.220    -7.261     1.535
     0.175    -6.101     2.278
     0.356    -4.542     2.115
     0.680    -2.697     1.841
     1.172    -0.671     1.886
     0.762     0.697     1.886
     0.231     1.944     1.562
     0.038     3.141     1.030
    -0.224     3.178     0.203
    -0.147     2.512    -0.514
    -0.178     2.062    -0.973
    -0.794     1.832    -1.161
    -0.612     1.920    -0.783
    -0.085     2.845    -0.590
    -0.160     4.489    -0.271
    -0.174     5.669    -0.100
    -0.474     6.297    -0.723
    -0.400     7.424    -1.223
    -0.110     8.005    -1.724
    -0.181     7.936    -2.218
     0.489     7.885    -2.414
     0.899     6.972    -2.664
     0.528     6.279    -2.609
     0.283     5.775    -1.968
     0.337     4.385    -1.225
     0.329     2.816    -0.091
    -0.308     1.048     1.124
    -0.743    -1.063     1.501
    -0.675    -2.975     1.683
    -0.659    -4.432     1.957
    -0.676    -5.250     2.188
    -0.660    -5.704     2.128
    -0.356    -6.174     1.842
    -0.125    -6.046     1.892
    -0.170    -6.110     2.215
     0.147    -6.658     2.739
     0.375    -6.570     2.630
     0.004    -6.556     2.015
     0.121    -6.584     1.873
     0.675    -5.900     1.872
     0.566    -4.874     1.592
     0.277    -4.128     1.021
     0.340    -3.411     0.543
     0.319    -2.628     0.032
     0.016    -2.223    -0.469
    -0.535    -1.671    -0.636
    -1.032    -0.894    -0.940
    -0.891     0.182    -1.443
    -0.634     1.476    -1.670
    -0.348     2.719    -1.259
     0.185     3.986    -1.092
     0.370     4.898    -1.712
     0.968     5.633    -1.890
     1.402     6.039    -1.860
     1.019     6.278    -2.161
     1.094     6.500    -2.088
     1.061     6.461    -2.111
     1.092     6.463    -2.416
     1.383     6.145    -2.320
     0.675     5.607    -2.068
    -0.055     4.470    -2.088
    -0.229     2.892    -2.112
    -0.480     1.710    -1.767
    -0.405     0.114    -1.572
    -0.127    -1.326    -1.905
    -0.180    -1.927    -1.826
    -0.486    -2.070    -0.921
    -0.719    -2.020    -0.194
    -0.666    -2.346     0.252
    -0.045    -2.873     1.097
     0.417    -3.386     1.780
    -0.002    -3.871     1.971
    -0.199    -4.064     2.197
    -0.508    -3.696     2.790
    -1.016    -3.159     3.239
    -0.593    -2.977     3.150
    -0.401    -3.004     3.487
    -0.404    -3.025     3.676
     0.192    -2.990     2.729
     0.359    -3.035     2.007
     0.333    -2.976     1.873
     0.323    -3.044     1.576
    -0.307    -2.965     1.384
    -0.437    -2.413     1.389
    -0.451    -1.881     1.427
    -1.352    -0.774     1.391
    -1.428     0.516     1.108
    -0.828     1.139     0.855
    -0.303     1.299     0.602
     0.171     1.251     0.043
     0.067     1.567    -0.441
     0.088     2.437    -0.635
     0.068     3.136    -1.223
     0.086     3.317    -1.987
     0.388     3.547    -2.128
     0.308     3.827    -2.090
     0.350     4.356    -2.405
     0.307     4.561    -3.262
     0.346     4.178    -3.668
     0.946     4.307    -3.588
     0.786     3.892    -3.908
     0.241     3.140    -3.168
     0.336     2.628    -2.160
     0.005     1.543    -2.034
    -0.523     0.872    -1.460
    -0.394     0.712    -0.995
    -0.134     0.140    -1.096
     0.152    -0.963    -0.754
     0.362    -1.611     0.074
     0.338    -1.482     0.508
     0.322    -1.802     1.040
     0.339    -2.340     1.821
     0.324    -2.520     1.949
     0.337    -2.804     2.240
     0.329    -3.337     2.770
     0.334    -3.522     2.957
     0.334    -3.169     2.920
     0.011    -2.935     2.595
    -0.204    -2.670     2.064
    -0.174    -2.430     1.556
    -0.164    -2.491     1.695
    -0.488    -2.150     1.955
    -1.020    -1.953     1.914
    -0.573    -1.652     1.925
    -0.091    -0.495     1.588
    -0.478    -0.179     1.078
    -0.705    -0.193     0.224
    -0.666     0.685    -1.091
    -0.348     1.114    -2.041
     0.186     1.008    -2.420
     0.384     0.724    -2.326
     0.324     0.147    -2.028
     0.354     0.000    -2.094
     0.315     0.004    -2.075
     0.363    -0.283    -1.767
     0.312     0.108    -1.864
     0.048     1.233    -1.477
     0.408     2.238    -0.704
     0.614     2.594    -0.526
     0.289     2.537     0.034
     0.341     2.504     0.829
     0.342     2.226     0.940
     0.328     2.274     0.935
     0.357     2.901     0.902
     0.001     3.347     0.614
    -0.488     3.274     1.000
    -1.041     2.949     1.504
    -1.176     2.420     1.408
    -0.549     1.592     1.427
     0.247     1.513     1.404
     0.375     1.483     1.113
     0.026     0.602     0.547
     0.129    -0.128     0.392
     0.048    -0.909     0.398
    -0.174    -1.621     0.116
    -0.181    -2.104    -0.139
    -0.448    -2.571    -1.020
    -0.403    -2.800    -1.713
    -0.102    -3.333    -2.210
     0.145    -3.855    -2.672
     0.390    -3.686    -2.580
     0.658    -3.164    -2.595
     0.563    -2.595    -2.261
     0.316    -1.858    -2.059
     0.647    -1.366    -2.072
     0.583    -1.532    -1.471
     0.293    -1.761    -0.675
     0.044    -1.753    -0.255
    -0.524    -1.416    -0.335
    -0.681    -1.204     0.290
    -0.665    -1.246     1.376
    -0.964    -0.597     1.732
    -1.194     0.444     1.673
    -0.523     1.179     1.653
    -0.074     1.579     2.298
    -0.469     2.148     3.049
    -0.053     2.568     3.199
     0.417     2.520     3.799
     0.353     2.491     4.538
     0.345     1.883     4.401
     0.348     1.417     4.098
     0.349     1.505     3.554
     0.031     1.497     2.101
     0.128     1.500     0.632
     0.383     1.186    -0.002
     0.036     0.955    -0.752
     0.127     0.688    -2.132
     0.383     0.765    -2.696
     0.039     1.044    -2.611
    -0.195     0.353    -2.901
    -0.144     0.249    -3.140
    -0.160     0.514    -3.094
    -0.141    -0.121    -3.097
    -0.160    -0.599    -3.414
    -0.142    -0.496    -3.316
    -0.157    -0.209    -3.067
    -0.146    -0.273    -3.091
     0.163    -0.245    -2.789
     0.387     0.035    -2.555
     0.668    -0.020    -2.287
     0.568    -0.323    -1.742
     0.318    -1.185    -0.620
     0.658    -1.592     0.648
     0.576    -1.200     1.287
     0.310    -1.302     2.076
     0.035    -1.227     2.464
    -0.188    -1.312     2.098
    -0.153    -1.537     1.846
    -0.777    -0.911     1.911
    -1.229    -0.425     2.509
    -0.833    -0.225     2.985
    -0.307    -0.276     2.886
    -0.103     0.049     2.903
    -0.161     0.572     2.892
    -0.139     0.144     2.889
    -0.166     0.272     2.904
    -0.136     0.494     2.561
     0.147    -0.140     2.379
     0.403    -0.296     2.051
     0.334     0.012     1.568
     0.049    -0.028     0.699
     0.113    -0.345    -0.604
     0.391    -0.561    -1.240
     0.346    -1.166    -2.048
     0.345    -1.596    -2.723
     0.356    -1.542    -2.624
     0.331    -1.526    -2.599
     0.369    -0.908    -2.630
     0.321    -0.149    -2.588
     0.376     0.326    -2.637
     0.002     0.807    -2.901
    -0.161     1.017    -2.546
    -0.183     0.951    -2.022
    -0.760     0.980    -2.128
    -0.930     1.263    -2.102
    -0.929     1.511    -1.813
    -0.565     1.458    -1.259
    -0.404     1.463    -0.458
    -0.676     1.463     0.277
    -0.046     1.142     0.728
     0.431     1.245     1.243
     0.334     1.486     1.721
     0.352     1.468     1.621
     0.339     1.144     1.644
     0.337     0.607     2.245
     0.354     0.430     2.400
     0.008     0.128     1.774
    -0.167     0.255     1.605
     0.120     0.466     1.613
     0.098     0.172     1.334
     0.085     0.209     1.386
     0.092     0.197     1.371
     0.092    -0.091     1.383
     0.078    -0.354     1.374
    -0.205    -0.575     0.755
    -0.477    -1.186     0.303
    -0.690    -1.593     0.062
    -0.370    -1.579    -0.784
    -0.102    -1.516    -1.193
    -0.191    -1.577    -1.129
    -0.131    -2.144    -1.433
    -0.198    -2.326    -1.350
    -0.132    -2.316    -1.090
     0.117    -2.271    -1.125
     0.394    -2.020    -1.436
     0.315    -1.720    -1.663
     0.349    -1.219    -1.628
     0.633    -0.680    -1.314
     0.565    -0.219    -0.778
     0.915    -0.308    -0.900
     0.783     0.032    -0.537
     0.259     0.521     0.255
     0.023     0.461     0.097
    -0.525     0.751    -0.152
    -0.387     1.314    -0.139
    -0.148     1.780     0.197
    -0.162     1.697     0.391
     0.135     1.712     0.392
     0.363     1.685     0.664
     0.335     1.412     0.614
     0.004     1.449     0.633
    -0.189     1.146     0.916
    -0.512     0.907     0.555
    -0.677     0.962     0.027
    -0.401     0.938    -0.161
    -0.104     0.964    -0.764
     0.101     0.943    -1.181
     0.080     0.955    -1.153
     0.385     0.952    -1.107
     0.908     0.325    -0.529
     0.816    -0.417    -0.044
     0.202    -0.289     0.174
     0.072    -0.002     0.408
     0.022    -0.059     0.068
    -0.186    -0.036    -0.178
    -0.214    -0.365     0.200
    -0.455    -1.197     0.374
    -0.131    -1.307     0.407
     0.111    -1.335     0.336
    -0.244    -1.570     0.096
    -0.773    -0.943     0.116
    -0.966    -0.776     0.118
    -0.323    -0.780     0.441
    -0.163    -0.503     0.636
    -0.170    -0.555     0.341
    -0.191    -0.229     0.672
    -0.490    -0.018     0.918
    -0.101    -0.040     0.546
     0.376    -0.048     0.357
     0.324    -0.044     0.349
     0.306    -0.047     0.388
     0.323    -0.351     0.357
    -0.006    -0.274     0.380
     0.100    -0.006     0.677
     0.332    -0.053     0.594
     0.326     0.278     0.348
     0.303     0.782     0.358
    -0.300     0.700     0.386
    -0.449     0.717     0.665
    -0.164     1.005     0.614
    -0.178     0.944     0.634
    -0.204     0.971     0.609
    -0.169     0.947    -0.287
     0.093     0.657    -0.686
     0.064     0.113    -0.947
     0.056    -0.385    -1.465
     0.371     0.043    -1.354
     0.281     0.514    -1.098
     0.025     0.165    -1.118
     0.064    -0.394    -1.133
     0.351    -0.563    -0.808
     0.612    -0.559    -0.602
     0.533    -0.217    -0.611
     0.284     0.591    -0.943
     0.296     0.735    -1.453
     0.320     1.032    -1.361
     0.296     1.537    -1.084
     0.317     1.144    -0.515
    -0.010     0.632    -0.051
    -0.222     0.108    -0.126
    -0.503    -0.067     0.191
    -1.039    -0.355     0.403
    -0.911    -1.183     0.387
    -0.677    -1.608     0.679
    -0.676    -1.545     0.917
    -0.402    -0.923     1.184
    -0.147    -0.477     1.416
    -0.203    -0.223     1.379
    -0.186    -0.009     1.379
     0.109    -0.341     1.383
     0.338    -0.266     1.066
     0.313     0.298     0.553
    -0.007     0.495     0.331
     0.090     0.158     0.398
     0.327    -0.380     0.358
     0.318    -0.571     0.101
     0.302    -0.241    -0.177
    -0.305    -0.305    -0.093
    -0.143    -0.883    -0.142
     0.359    -1.366    -0.401
    -0.292    -1.588    -0.052
    -0.460    -0.605     0.456
    -0.155     0.036     0.691
    -0.200    -0.318     0.610
    -0.184     0.023     0.362
    -0.197     0.230     0.373
    -0.191     0.533     0.399
     0.118     1.031     0.371
     0.023     0.960     0.399
    -0.205     0.963     0.375
     0.399     0.656     0.394
     0.586     0.119     0.383
     0.262     0.237     0.081
     0.328     0.174    -0.138
     0.292    -0.368    -0.122
     0.019    -0.277    -0.101
    -0.230    -0.008    -0.121
    -0.188    -0.043    -0.713
    -0.190    -0.039    -1.181
    -0.192    -0.046    -0.807
     0.122    -0.039    -0.885
     0.031    -0.049    -1.142
    -0.210    -0.036    -0.494
    -0.195    -0.055    -0.059
    -0.186    -0.032    -0.089
    -0.185    -0.061    -0.123
    -0.193    -0.334    -0.702
     0.128    -0.593    -1.183
     0.332    -0.533    -1.103
     0.028    -0.253    -1.116
     0.073    -0.010    -1.103
     0.663    -0.045    -0.499
     0.834    -0.361     0.257
     0.527     0.045     0.130
     0.276     0.484    -0.444
    -0.288     0.180    -0.327
    -0.444     0.188    -0.086
    -0.156    -0.095    -0.703
    -0.178    -0.644    -1.173
    -0.182    -0.524    -1.103
    -0.484     0.026    -1.112
    -0.407     0.530    -0.488
     0.150     0.738     0.253
     0.355     0.984     0.440
     0.320     0.943     1.001
     0.021     0.636     1.464
     0.089     0.418     1.398
     0.356    -0.177     1.401
     0.320    -0.607     1.395
     0.329    -0.574     1.396
     0.319    -0.249     1.099
     0.327     0.269     0.860
     0.322     0.472     1.211
     0.325     0.748     1.109
     0.326     0.960     0.588
     0.324     0.949     0.346
     0.327     0.621     0.418
     0.022    -0.191     0.377
    -0.202    -0.337     0.114
    -0.478    -0.339    -0.147
    -1.007    -0.602    -0.698
    -0.898    -0.570    -0.864
    -0.651    -0.571    -0.876
    -0.966    -0.271    -1.126
    -0.903    -0.039    -0.804
    -0.338    -0.077    -0.866
    -0.140    -0.067    -1.436
     0.136    -0.082    -1.018
     0.669    -0.070    -0.556
     0.551    -0.385    -0.887
     0.321    -0.604    -0.533
     0.309    -0.281    -0.038
     0.053    -0.054    -0.100
     0.079    -0.377    -0.095
     0.387    -0.620    -0.103
     0.306    -0.276    -0.098
    -0.241    -0.372    -0.704
    -0.448    -0.594    -1.159
    -0.117     0.000    -1.102
    -0.183     0.186    -1.106
    -0.449     0.176    -0.487
    -0.402     0.755    -0.054
    -0.434     0.928     0.223
    -0.389     0.924     0.715
    -0.142     0.899     0.950
    -0.154     0.308     0.886
    -0.172    -0.152     0.316
     0.150    -0.107     0.126
     0.356     0.214     0.437
     0.350     0.717     0.389
     0.331     0.952     0.109
     0.342     0.880     0.166
     0.337     0.925     0.428
     0.336     0.870     0.704
     0.343     0.624     1.226
     0.031     0.340     1.436
     0.118     0.115     1.397
     0.359     0.145     1.406
    -0.253    -0.170     1.090
    -0.417    -0.671     0.878
    -0.138    -0.615     0.887
    -0.154    -0.607     0.604
     0.136    -0.623     0.364
     0.375    -0.597     0.401
     0.335    -0.634     0.391
     0.350    -0.291     0.405
     0.330    -0.413     0.388
     0.050    -0.619     0.408
    -0.197    -0.342     0.687
    -0.155    -0.677     0.635
    -0.167    -0.883     0.061
    -0.153    -0.596    -0.124
     0.134    -0.619    -0.116
     0.373    -0.630    -0.698
     0.337    -0.614    -1.163
     0.347    -0.641    -1.112
     0.331    -0.611    -0.802
     0.050    -0.642    -0.583
     0.101    -0.612    -0.892
     0.075    -0.640    -1.143
    -0.497    -0.621    -0.797
    -0.380    -0.334    -0.291
    -0.149    -0.104    -0.063
    -0.747    -0.124    -0.113
    -1.223    -0.139    -0.696
    -1.164     0.473    -1.167
    -0.565     1.212    -0.810
    -0.109     1.103    -0.584
     0.146     0.839    -0.305
     0.659     1.156    -0.082
     0.870     1.395    -0.407
     0.836     1.056    -0.335
     0.838     0.848    -0.389
     0.834     0.841    -0.331
     0.535     0.877     0.209
     0.311     0.844    -0.176
     0.327     0.274    -0.363
     0.040     0.092     0.208
    -0.198     0.079     0.120
    -0.465    -0.166     0.165
    -0.398     0.440     0.410
    -0.144     0.920     0.093
    -0.462     0.543     0.158
    -0.399     0.350     0.412
    -0.142     0.322     0.386
    -0.171     0.082     0.690
    -0.164    -0.203     0.903
    -0.177    -0.423     0.602
     0.130    -0.702     0.349
     0.351    -1.227     0.394
     0.330    -1.126     0.373
     0.330    -0.590     0.396
     0.320    -0.655     0.672
     0.334    -0.642     0.917
     0.017    -0.657     0.882
     0.107    -0.648     0.586
     0.336    -0.356     0.656
    -0.260    -0.127     0.901
    -0.440     0.150     0.594
    -0.155    -0.224     0.350
    -0.179    -0.699     0.383
    -0.179    -0.663     0.377
    -0.179    -0.651     0.381
    -0.481    -0.358     0.086
    -0.702     0.171    -0.152
    -0.394     0.374    -0.114
    -0.151     0.353    -0.134
    -0.187     0.641    -0.105
    -0.182     0.577    -0.137
    -0.190     0.322    -0.106
    -0.186     0.346    -0.431
    -0.189     0.046    -0.936
    -0.188     0.420    -0.858
     0.108     0.889    -0.900
     0.336     0.564    -1.137
     0.016     0.614    -1.139
     0.083     0.875    -0.812
     0.325     0.546    -0.912
     0.019    -0.264    -1.130
     0.071    -0.420    -0.550
     0.335    -0.126    -0.658
     0.298    -0.159    -1.173
     0.317    -0.140    -1.134
     0.289    -0.163    -1.121
     0.024    -0.138    -0.840
     0.056    -0.162    -0.294
     0.342    -0.138    -0.113
     0.283    -0.161    -0.107
     0.318    -0.439    -0.137
     0.278    -0.385    -0.413
     0.020    -0.422    -0.063
     0.052    -0.671     0.418
    -0.261    -0.653     0.386
    -0.760    -0.646     0.661
    -0.706    -0.650     0.906
    -0.709    -0.349     1.161
    -0.706    -0.123     1.406
    -0.115    -0.140     1.369
     0.332    -0.141     1.377
     0.307    -0.443     1.371
     0.278    -0.659     1.369
     0.300    -0.361     1.378
     0.275     0.190     1.363
     0.004     0.374     1.087
    -0.250     0.083     0.542
    -0.208     0.412     0.353
    -0.224     0.918     0.361
    -0.208     0.858     0.077
    -0.222     0.874    -0.154
    -0.507     0.855    -0.435
    -0.155     0.577    -0.940
     0.329     0.632    -1.172
    -0.008     0.890    -1.120
     0.055     0.871    -1.148
     0.002     0.869    -1.114
    -0.531     0.872    -0.852
    -0.163     0.574    -0.889
     0.322    -0.239    -0.863
     0.282    -0.687    -0.604
     0.276    -0.337    -0.625
     0.273    -0.111    -0.633
    -0.022     0.180    -0.914
    -0.249     0.096    -1.167
     0.059    -0.429    -1.115
     0.297    -0.364    -0.859
     0.272    -0.097    -0.286
     0.271    -0.120    -0.131
     0.273    -0.412    -0.095
     0.271    -0.638     0.137
     0.275    -0.628     0.422
     0.266    -0.606     0.647
    -0.016    -0.628     0.619
    -0.262    -0.599     0.636
    -0.225    -0.336     0.602
    -0.241    -0.073     0.650
    -0.222    -0.122     0.589
    -0.241    -0.097     0.370
    -0.229    -0.118     0.347
     0.054    -0.391     0.393
     0.287    -0.048     0.642
     0.270     0.442     0.623
     0.257     0.402     0.336
     0.271     0.403     0.382
    -0.043     0.393     0.658
    -0.249     0.116     0.898
     0.036    -0.134     0.589
     0.295     0.206     0.342
     0.258     0.406     0.677
    -0.020    -0.155     0.588
    -0.264    -0.369     0.375
    -0.239    -0.059     0.353
     0.057    -0.107     0.099
     0.280    -0.370     0.133
     0.276    -0.035     0.110
     0.251     0.451    -0.146
    -0.018     0.430    -0.128
    -0.275     0.398    -0.411
    -0.233     0.437    -0.944
    -0.254     0.387    -1.139
    -0.233     0.447    -1.429
     0.043     0.386    -1.633
     0.282     0.154    -1.343
     0.262     0.166    -1.385
     0.252     0.452    -1.349
     0.262     0.420    -1.105
     0.247    -0.168    -1.109
     0.265    -0.605    -0.547
     0.252    -0.609    -0.060
     0.562    -0.536     0.165
     0.483    -0.614     0.424
    -0.042    -0.523     0.659
     0.021    -0.036     0.924
    -0.305     0.232     0.581
    -0.780     0.165     0.665
    -0.461    -0.092     0.897
    -0.220    -0.347     0.595
    -0.239    -0.610     0.668
    -0.241    -0.830     0.879
    -0.240    -0.542     0.920
    -0.244    -0.271     0.558
    -0.238    -0.044     0.407
    -0.246    -0.051     0.339
    -0.238    -0.361    -0.151
    -0.246     0.009    -0.402
    -0.240     0.178    -0.356
     0.047    -0.065    -0.071
     0.276     0.224    -0.136
     0.270     0.175    -0.362
     0.253    -0.355    -0.100
     0.269    -0.297    -0.099
     0.249    -0.026    -0.411
     0.271    -0.061    -0.037
     0.249    -0.039     0.416
    -0.020    -0.064     0.409
     0.021    -0.042     0.680
     0.281    -0.057     0.618
    -0.028    -0.339     0.390
    -0.551    -0.275     0.371
    -0.471     0.247     0.425
    -0.230     0.783     0.364
    -0.226     0.958    -0.146
    -0.250     0.982    -0.101
    -0.519     0.927    -0.114
    -0.192     0.691    -0.376
     0.307     0.987    -0.062
    -0.030     1.224     0.170
     0.039     0.926     0.149
     0.271     0.964     0.159
    -0.013     0.658     0.136
     0.029    -0.142    -0.123
     0.282    -0.296    -0.097
     0.271    -0.334    -0.105
     0.261    -0.545    -0.669
     0.273    -0.278    -1.146
     0.254    -0.005    -1.096
     0.281    -0.059    -0.819
     0.247    -0.315    -0.851
     0.286    -0.575    -0.836
     0.240    -0.534    -0.857
     0.001    -0.547    -0.543
     0.008    -0.539    -0.051
     0.014    -0.247    -0.089
    -0.270    -0.031     0.198
    -0.225    -0.021     0.429
    -0.244    -0.060     0.409
    -0.521    -0.020     0.417
    -0.173    -0.064     0.398
     0.293    -0.308     0.422
     0.297    -0.295     0.390
    -0.037    -0.010     0.715
    -0.227    -0.053     0.908
    -0.255    -0.033     0.933
    -0.209     0.239     0.890
     0.045     0.187     0.638
    -0.272     0.234     0.664
    -0.190     0.171     0.646
     0.016    -0.334     0.678
    -0.526    -0.294     0.642
    -0.187    -0.302     0.404
     0.310    -0.571     0.401
     0.270     0.036     0.427
     0.279     0.488     0.399
     0.263     0.176     0.144
     0.276    -0.056    -0.122
     0.270     0.219    -0.075
     0.270     0.496    -0.099
    -0.008    -0.148    -0.364
    -0.253    -0.552    -0.607
    -0.218    -0.311    -0.304
    -0.238    -0.282    -0.059
    -0.211    -0.025    -0.664
     0.050    -0.066    -1.107
     0.306    -0.601    -1.111
     0.272    -0.552    -1.067
     0.283    -0.270    -0.812
     0.273    -0.331    -0.839
     0.278    -0.265    -1.105
     0.279    -0.353    -1.084
    -0.014    -0.538    -0.798
    -0.233    -0.023    -0.854
    -0.522     0.514    -1.090
    -0.730     0.420    -0.523
    -0.448     0.182    -0.036
     0.093     0.186    -0.080
     0.299     0.466     0.214
    -0.283     0.723     0.430
    -0.466     0.668     0.430
    -0.222     0.430     0.413
    -0.490     0.129     0.414
    -0.183     0.218     0.705
     0.333     0.426     0.927
     0.267    -0.116     1.215
     0.311    -0.338     1.422
     0.253    -0.049     0.860
     0.314    -0.078     0.367
     0.258    -0.065     0.415
    -0.263    -0.077     0.689
    -0.486    -0.076     0.662
    -0.491    -0.072     0.399
    -0.161    -0.084     0.419
     0.303    -0.071     0.128
     0.307    -0.089     0.188
     0.260    -0.074     0.143
     0.022    -0.375    -0.381
    -0.263    -0.597    -0.036
    -0.195    -0.594    -0.127
    -0.242    -0.586    -0.324
    -0.191    -0.299     0.209
    -0.226    -0.073     0.150
    -0.488    -0.078    -0.375
    -0.159    -0.093    -0.617
     0.313    -0.087    -0.294
     0.313    -0.093    -0.081
    -0.294    -0.093    -0.066
    -0.724    -0.091    -0.098
    -0.454    -0.099    -0.075
    -0.457    -0.089     0.192
    -0.173     0.174     0.145
     0.326     0.422     0.186
     0.290     0.109     0.128
     0.291     0.168    -0.088
     0.288     0.686    -0.115
     0.286     0.914    -0.353
     0.295     0.902    -0.348
     0.284     0.597    -0.056
     0.297     0.386    -0.109
     0.287     0.082    -0.641
     0.295    -0.111    -0.855
     0.292     0.145    -0.581
     0.291     0.136    -0.588
     0.298     0.141    -0.600
     0.287     0.405    -0.299
     0.018     0.662    -0.096
     0.054     0.899    -0.070
     0.313     0.884     0.166
     0.011     0.588     0.440
    -0.216     0.365     0.389
    -0.213     0.079     0.136
    -0.206    -0.138    -0.127
    -0.200    -0.135    -0.096
    -0.212    -0.417     0.178
    -0.192    -0.636     0.417
    -0.216    -0.654     0.403
     0.096    -0.609     0.113
     0.299    -0.378    -0.120
     0.038    -0.087    -0.395
     0.053    -0.163    -0.341
     0.320    -0.392     0.194
     0.294    -0.122     0.419
     0.023    -0.158     0.687
     0.061    -0.117     0.914
     0.309     0.104     0.897
     0.307    -0.155     0.902
     0.294    -0.153     0.598
     0.307    -0.424     0.393
     0.008    -0.674     0.364
    -0.205    -0.643     0.414
    -0.213    -0.665     0.362
    -0.467    -0.077     0.131
    -0.439     0.086     0.130
    -0.177     0.130    -0.148
    -0.196     0.351    -0.372
    -0.190    -0.215    -0.101
    -0.198    -0.121    -0.112
    -0.193     0.356    -0.681
    -0.195     0.357    -1.137
    -0.195     0.337    -1.140
     0.090     0.056    -1.106
     0.319     0.387    -1.141
     0.315     0.854    -1.106
     0.305     0.857    -0.859
     0.308     0.821    -0.598
     0.307     0.286    -0.348
     0.307     0.065    -0.109
     0.310     0.356    -0.122
     0.305     0.314    -0.135
     0.313     0.072    -0.121
     0.305     0.071    -0.135
     0.037    -0.203    -0.109
    -0.213    -0.718    -0.140
    -0.467    -0.384    -0.111
    -0.995    -0.177     0.139
    -0.919    -0.434     0.118
    -0.410    -0.139     0.132
    -0.159     0.355     0.667
    -0.192     0.332     0.881
    -0.463    -0.238     0.878
    -0.144    -0.425     0.860
     0.344    -0.183     0.585
     0.324    -0.167     0.347
     0.038    -0.188     0.356
    -0.201    -0.174     0.643
     0.091    -0.466     0.592
     0.330    -0.694     0.356
     0.321    -0.405     0.347
     0.318    -0.175     0.365
     0.312    -0.164     0.349
     0.322    -0.200     0.086
     0.030    -0.164     0.114
    -0.190    -0.206     0.092
    -0.197    -0.721    -0.440
    -0.175    -0.955    -0.380
    -0.190    -0.663    -0.141
    -0.177    -0.695    -0.140
    -0.187    -0.672    -0.144
    -0.461    -0.412    -0.713
    -0.135    -0.450    -1.167
     0.337    -0.130    -1.176
    -0.217     0.044    -1.141
    -0.438    -0.172    -0.607
     0.114     0.067    -0.115
     0.327    -0.211    -0.152
     0.340    -0.451    -0.146
     0.309     0.116    -0.441
     0.328     0.590    -0.665
     0.318     0.853    -0.105
     0.038     1.081     0.371
     0.097     1.344     0.636
     0.317     1.308     0.852
     0.346     1.326     0.850
     0.304     1.306     0.839
     0.064     0.765     0.840
    -0.208     0.563     0.841
    -0.169     0.821     0.556
    -0.186     0.819     0.330
    -0.452     0.262     0.323
    -0.130     0.067     0.067
     0.056     0.317    -0.184
    -0.441     0.043    -0.158
    -0.712    -0.195    -0.171
    -0.665    -0.190    -0.711
    -0.137    -0.182    -0.916
     0.364    -0.182    -0.660
     0.326    -0.460    -0.936
     0.329    -0.693    -0.900
     0.323    -0.688    -0.376
     0.318    -0.679    -0.151
     0.337    -0.680    -0.155
    -0.243    -0.677    -0.178
    -0.683    -0.678    -0.160
    -0.424    -0.677    -0.177
    -0.148    -0.674    -0.162
     0.100    -0.402    -0.175
     0.067    -0.156    -0.165
     0.097    -0.177     0.106
     0.328    -0.162     0.345
     0.062    -0.187     0.338
    -0.197    -0.156     0.329
    -0.168    -0.465     0.331
    -0.188    -0.665     0.328
    -0.160    -0.137     0.609
    -0.187     0.092     0.840
    -0.441     0.378     0.839
    -0.139     0.857     0.827
     0.348     0.845     0.556
     0.338     0.833     0.314
     0.326     0.841     0.328
     0.050     0.830     0.322
     0.087     0.570     0.337
     0.333     0.042     0.320
     0.330     0.106     0.063
     0.326     0.342    -0.193
    -0.228     0.350    -0.166
    -0.423     0.346    -0.180
    -0.173     0.337    -0.161
    -0.173     0.355    -0.176
    -0.170     0.058    -0.166
    -0.180     0.126     0.105
     0.105     0.342     0.062
     0.334     0.091     0.108
     0.332     0.111     0.050
     0.328     0.083    -0.439
     0.320     0.129    -0.423
     0.333     0.352    -0.428
     0.315     0.097    -0.684
     0.338    -0.443    -0.388
     0.037    -0.647     0.112
    -0.175    -0.659     0.080
     0.079    -0.628    -0.174
     0.345    -0.092    -0.174
     0.321    -0.163    -0.164
     0.055    -0.641    -0.170
     0.084    -0.377    -0.160
     0.054    -0.113    -0.170
    -0.180    -0.135    -0.159
    -0.460    -0.394    -0.166
    -0.684    -0.650    -0.162
    -0.414    -0.624    -0.162
    -0.165    -0.356    -0.168
    -0.174    -0.109    -0.431
    -0.175    -0.117    -0.405
    -0.180    -0.397     0.127
    -0.175    -0.628     0.074
    -0.180    -0.355     0.119
    -0.174    -0.103     0.340
     0.094     0.161    -0.199
     0.339     0.399    -0.126
     0.321     0.116     0.343
     0.325    -0.118     0.092
     0.041     0.153     0.096
     0.088     0.407     0.363
     0.324     0.118     0.338
     0.325    -0.107     0.362
     0.330     0.152     0.334
    -0.239     0.419     0.084
    -0.405     0.393     0.107
    -0.204     0.411     0.355
    -0.148     0.392     0.360
     0.065     0.136     0.345
    -0.191     0.166     0.362
    -0.445     0.406     0.341
    -0.436     0.421     0.367
    -0.425     0.122     0.343
    -0.440     0.190     0.367
    -0.135     0.393     0.349
     0.328    -0.107     0.362
     0.351    -0.355     0.360
     0.298    -0.068     0.080
     0.071    -0.094    -0.139
     0.056    -0.340    -0.434
     0.352    -0.328    -0.630
     0.301    -0.344    -0.389
     0.346    -0.309    -0.107
     0.302    -0.076     0.128
    -0.209    -0.065     0.119
    -0.432    -0.080     0.126
    -0.177    -0.068     0.379
    -0.173    -0.077     0.373
    -0.456    -0.065     0.096
    -0.409    -0.073    -0.131
    -0.184    -0.337    -0.145
    -0.163    -0.579    -0.112
    -0.184    -0.570    -0.142
    -0.170    -0.567    -0.105
     0.092    -0.015    -0.142
     0.338     0.454    -0.649
     0.330     0.456    -1.155
     0.324     0.440    -1.121
     0.050     0.443    -0.856
     0.087     0.718    -0.330
     0.327     0.678    -0.102
     0.058     0.450    -0.381
     0.093     0.432    -0.345
     0.322     0.457    -0.119
     0.341     0.439    -0.095
     0.319     0.460    -0.120
     0.066     0.443    -0.101
    -0.193     0.186    -0.114
    -0.168     0.216     0.168
    -0.185     0.181     0.403
    -0.431     0.235     0.398
    -0.418     0.445     0.677
    -0.432     0.211     0.893
    -0.677     0.202     0.922
    -0.129     0.212     0.610
     0.346     0.209     0.412
    -0.196     0.212     0.647
    -0.139    -0.056     0.658
     0.332    -0.030     0.660
     0.351    -0.044     0.648
     0.334    -0.302     0.668
    -0.209    -0.540     0.643
    -0.675    -0.545     0.677
    -0.416    -0.252     0.639
    -0.144    -0.032     0.143
    -0.169    -0.012     0.163
    -0.417    -0.309     0.148
    -0.144    -0.259    -0.090
     0.364     0.240    -0.087
     0.339     0.217    -0.628
     0.355    -0.022    -1.095
     0.329    -0.312    -1.098
     0.351    -0.521    -1.080
     0.336    -0.274    -1.079
    -0.195    -0.272    -1.079
    -0.132    -0.536    -1.077
     0.344    -0.517    -0.805
     0.363    -0.261    -0.297
     0.349    -0.007    -0.057
     0.346    -0.015    -0.066
     0.354    -0.291    -0.611
     0.342    -0.521    -1.085
     0.089    -0.535    -0.818
    -0.167    -0.506    -0.828
    -0.145    -0.530    -1.075
    -0.159    -0.501    -1.066
    -0.139    -0.261    -0.809
    -0.150     0.006    -0.273
    -0.411    -0.022    -0.064
    -0.109    -0.272    -0.309
     0.357    -0.264    -0.315
     0.383     0.265     0.222
     0.345     0.492     0.711
     0.373     0.234     0.696
     0.344     0.242     0.703
     0.104     0.226     1.216
     0.111    -0.019     1.452
     0.373    -0.280     0.916
     0.369    -0.530     0.699
    -0.172    -0.509     0.937
    -0.643     0.015     0.954
    -0.386     0.513     0.677
    -0.119     0.225     0.442
    -0.132    -0.007     0.706
    -0.126     0.243     0.958
    -0.136     0.233     0.951
    -0.400     0.259     0.688
    -0.629     0.486     0.434
    -0.641     0.501     0.457
    -0.614     0.214     0.168
    -0.102     0.261    -0.304
     0.404     0.477    -0.849
     0.374     0.241    -1.041
     0.393     0.241    -0.806
     0.361     0.499    -0.790
     0.120     0.490    -0.792
     0.130    -0.039    -0.802
     0.386    -0.527    -0.784
     0.390    -0.258    -0.805
     0.113    -0.004    -0.511
    -0.117    -0.007    -0.035
    -0.132    -0.005    -0.030
    -0.108    -0.018    -0.040
    -0.393    -0.003    -0.046
    -0.346    -0.020    -0.038
     0.141    -0.270    -0.048
    -0.131    -0.525    -0.036
    -0.625    -0.243     0.218
    -0.627    -0.013     0.472
    -0.621     0.272     0.725
    -0.612     0.488     0.705
    -0.620    -0.031     0.453
    -0.650    -0.281     0.398
     0.000     0.000     0.000
     0.000     0.000     0.000
