********************************************************************************
                       INSTITUTO DE INGENIERIA, UNAM
                   Coordinacion de Instrumentacion Sismica
  Ciudad Universitaria, Apartado Postal 70-472, Coyoacan 04510, Mexico, D.F.
 Tel.(52-5)622-3414    Fax.(52-5)616-1514    e-mail: isismica@pumas.iingen.unam.mx
**************************************************************************************
ARCHIVO ESTANDAR DE ACELERACION:
VERSION DEL FORMATO                    : 2.0
NOMBRE DEL ARCHIVO                     : MEZO9701.211
FECHA Y HORA DE CREACION               : Thu Jun 12 22:33:14 1997
REF. CATALOGO ACELEROGRAMAS, SMIS 1995 : REGISTRO NO.      /PAG.    


================================================================================
DATOS DE LA ESTACION:
NOMBRE DE LA ESTACION                  : MEZONTEPEC
CLAVE DE LA ESTACION                   : MEZO
LOCALIZACION DE LA ESTACION            : A 3500m al Sureste
                                       : del Volcan Ajusco en el cerro
                                       : Mezontepetl, Mexico D.F.
                                       :
                                       :
COORDENADAS DE LA ESTACION             : 19.188 LAT. N
                                       : 99.228 LONG. W
ALTITUD (msnm)                         : 3450
TIPO DE SUELO                          : ROCA
                                       :
                                       :
INSTITUCION RESPONSABLE                : INSTITUTO DE INGENIERIA UNAM
                                       :

================================================================================
DATOS DEL ACELEROGRAFO: 
MODELO DEL ACELEROGRAFO                : ADN-4
NUMERO DE SERIE DEL ACELEROGRAFO       : C105; FBA-23/27479
NUMERO DE CANALES                      : 3
ORIENTACION C1-C6 (rumbo;orientacion)  : /N00E/V/N90E
ORIENTACION C7-C12 (rumbo;orientacion) :
VEL. DE MUESTREO, C1-C6 (muestras/s)   : /100/100/100
VEL. DE MUESTREO, C7-C12 (muestras/s)  :
ESC. COMPLETA DE SENSORES, C1-C6, (g)  : /0.05/0.05/0.05
ESC. COMPLETA DE SENSORES, C7-C12 (g)  :
FREC. NAT. DE SENSORES, C1-C6, (Hz)    : /49.0/49.2/48.48
FREC. NAT. DE SENSORES, C7-C12 (Hz)    :
AMORTIGUAMIENTO DE SENSORES, C1-C6     : /0.67/0.67/0.67
AMORTIGUAMIENTO DE SENSORES, C7-C12    :
INTERVALO DE MUESTREO, C1-C6 (s)       : /0.01/0.01/0.01
INTERVALO DE MUESTREO, C7-C12 (s)      :
UMBRAL DE DISPARO, C1-C6 (Gal)         : /4/4/4
UMBRAL DE DISPARO, C7-C12 (Gal)        :
MEMORIA DE PREEVENTO (s)               : 10
TIEMPO DE POSEVENTO (s)                : 20


================================================================================
DATOS DEL SISMO:
FECHA DEL SISMO [GMT]                  : 1997/01/21
HORA EPICENTRO (GMT)                   : 21:19:58.0
MAGNITUD(ES)                           : /Mb=5.10/Ms=5.0
COORDENADAS DEL EPICENTRO              : 16.440 LAT. N
                                       : 98.150 LONG. W
PROFUNDIDAD LOCAL (Km)                 : 18
FUENTE DE LOS DATOS EPICENTRALES       : Instituto de Geofisica, UNAM
                                       : SSN

================================================================================
DATOS DE ESTE REGISTRO:
HORA DE LA PRIMERA MUESTRA (GMT)       : 21:21:28.07
EXACTITUD DEL TIEMPO (s)               : 0.1   
DURACION DEL REGISTRO (s), C1-C6       : /19.34/19.34/19.34                      
DURACION DEL REGISTRO (s), C7-C12      : 
NUM. TOTAL DE MUESTRAS, C1-C6          : /1934/1934/1934                       
NUM. TOTAL DE MUESTRAS, C7-C12         : 
ACEL. MAX.(Gal), C1-C6                 : /5.04/1.49/3.81                       
ACEL. MAX., C1-C6, EN LA MUESTRA       : /999/1003/798                         
ACEL. MAX.(Gal), C7-C12                : 
ACEL. MAX., C7-C12,EN LA MUESTRA       : 
UNIDADES DE LOS DATOS                  : Gal (cm/s/s)
FACTOR DE DECIMACION                   : 1
FORMATO DATOS (FORTRAN,10 campos/dato) : 3F10.2


================================================================================
CALIDAD DEL ACELEROGRAMA:
REGISTRO DIGITAL COMPLETO CON TIEMPO ABSOLUTO CORRECTO.


================================================================================
COMENTARIOS:














================================================================================
DATOS DE ACELERACION:
---------+---------+---------+---------+---------+---------+---------+---------+
   CANAL-1   CANAL-2   CANAL-3
      N00E         V      N90E
---------+---------+---------+---------+---------+---------+---------+---------+
      0.33      0.24     -0.14
      0.25      0.17     -0.14
      0.16      0.15     -0.12
      0.04      0.15     -0.19
     -0.08      0.20     -0.28
     -0.23      0.17     -0.38
     -0.39      0.10     -0.45
     -0.51      0.03     -0.52
     -0.56     -0.02     -0.55
     -0.54     -0.02     -0.50
     -0.42      0.00     -0.40
     -0.25      0.03     -0.26
     -0.06      0.05     -0.12
      0.06      0.08      0.00
      0.09      0.12      0.12
      0.04      0.15      0.17
     -0.03      0.17      0.19
     -0.08      0.15      0.22
     -0.06      0.10      0.24
      0.06      0.00      0.34
      0.23     -0.07      0.46
      0.40     -0.16      0.51
      0.52     -0.19      0.53
      0.49     -0.19      0.48
      0.37     -0.16      0.41
      0.21     -0.09      0.31
      0.01     -0.02      0.22
     -0.11      0.03      0.12
     -0.18      0.03      0.00
     -0.18     -0.02     -0.09
     -0.11     -0.09     -0.16
     -0.01     -0.16     -0.16
      0.09     -0.21     -0.12
      0.13     -0.24     -0.02
      0.16     -0.24      0.10
      0.16     -0.24      0.17
      0.06     -0.24      0.19
     -0.03     -0.19      0.15
     -0.13     -0.12      0.03
     -0.18     -0.07     -0.07
     -0.20     -0.02     -0.12
     -0.20      0.00     -0.14
     -0.13      0.00     -0.14
     -0.01     -0.02     -0.12
      0.09     -0.02     -0.09
      0.21     -0.07     -0.09
      0.30     -0.09     -0.09
      0.40     -0.12     -0.12
      0.42     -0.07     -0.16
      0.40      0.00     -0.21
      0.35      0.15     -0.28
      0.30      0.24     -0.26
      0.28      0.29     -0.24
      0.23      0.29     -0.16
      0.23      0.27     -0.09
      0.21      0.22     -0.02
      0.16      0.20      0.05
      0.09      0.17      0.17
      0.04      0.12      0.27
      0.06      0.05      0.31
      0.13     -0.04      0.31
      0.18     -0.16      0.27
      0.28     -0.28      0.22
      0.35     -0.38      0.15
      0.45     -0.43      0.03
      0.52     -0.45     -0.07
      0.56     -0.43     -0.16
      0.59     -0.38     -0.24
      0.56     -0.33     -0.26
      0.56     -0.24     -0.26
      0.52     -0.12     -0.28
      0.40      0.03     -0.26
      0.30      0.15     -0.19
      0.23      0.24     -0.09
      0.18      0.29      0.00
      0.21      0.32      0.12
      0.28      0.34      0.24
      0.33      0.29      0.34
      0.37      0.20      0.36
      0.35      0.15      0.34
      0.25      0.12      0.24
      0.11      0.10      0.12
     -0.08      0.05      0.03
     -0.25      0.03     -0.09
     -0.35      0.03     -0.14
     -0.32      0.05     -0.16
     -0.20      0.03     -0.16
     -0.03      0.00     -0.14
      0.16     -0.07     -0.07
      0.30     -0.12     -0.02
      0.37     -0.16      0.00
      0.37     -0.16      0.00
      0.28     -0.19     -0.02
      0.18     -0.21     -0.04
      0.09     -0.26     -0.07
      0.04     -0.31     -0.07
      0.01     -0.33     -0.02
     -0.03     -0.33      0.03
     -0.13     -0.33      0.08
     -0.32     -0.31      0.10
     -0.56     -0.28      0.12
     -0.80     -0.24      0.12
     -0.97     -0.16      0.12
     -0.99     -0.14      0.10
     -0.85     -0.14      0.15
     -0.61     -0.14      0.19
     -0.35     -0.12      0.24
     -0.13     -0.04      0.24
     -0.01      0.08      0.19
     -0.01      0.17      0.12
     -0.11      0.24      0.00
     -0.18      0.24     -0.07
     -0.23      0.24     -0.09
     -0.20      0.24     -0.04
     -0.08      0.20      0.08
      0.11      0.15      0.24
      0.33      0.05      0.36
      0.54     -0.02      0.41
      0.71     -0.12      0.41
      0.83     -0.14      0.34
      0.90     -0.12      0.22
      0.90     -0.07      0.12
      0.83     -0.02      0.08
      0.73      0.00      0.03
      0.64     -0.02     -0.04
      0.52     -0.07     -0.09
      0.42     -0.09     -0.16
      0.33     -0.09     -0.28
      0.23     -0.04     -0.43
      0.18      0.00     -0.55
      0.18      0.03     -0.60
      0.16      0.00     -0.57
      0.16     -0.02     -0.45
      0.16      0.00     -0.28
      0.13      0.08     -0.09
      0.11      0.20      0.00
      0.09      0.29      0.00
      0.06      0.36     -0.07
      0.04      0.36     -0.19
      0.04      0.29     -0.26
      0.06      0.17     -0.26
      0.11      0.08     -0.16
      0.18      0.03      0.03
      0.25      0.03      0.24
      0.28      0.03      0.36
      0.30      0.03      0.39
      0.33      0.00      0.27
      0.35     -0.04      0.10
      0.35     -0.07     -0.12
      0.35     -0.07     -0.26
      0.33     -0.12     -0.31
      0.28     -0.14     -0.24
      0.18     -0.19     -0.07
      0.06     -0.19      0.10
     -0.03     -0.19      0.27
     -0.13     -0.16      0.34
     -0.20     -0.14      0.36
     -0.20     -0.07      0.36
     -0.15      0.00      0.31
     -0.06      0.08      0.29
      0.06      0.10      0.31
      0.13      0.10      0.34
      0.18      0.08      0.41
      0.21      0.05      0.46
      0.21      0.08      0.43
      0.21      0.05      0.36
      0.16      0.00      0.22
      0.13     -0.04      0.10
      0.11     -0.09      0.00
      0.04     -0.09      0.00
     -0.03     -0.09      0.03
     -0.06     -0.09      0.12
     -0.03     -0.09      0.17
      0.09     -0.14      0.19
      0.23     -0.14      0.15
      0.42     -0.14      0.05
      0.52     -0.12     -0.07
      0.54     -0.09     -0.14
      0.45     -0.04     -0.21
      0.30     -0.02     -0.24
      0.13      0.00     -0.26
      0.01      0.00     -0.21
     -0.08      0.00     -0.14
     -0.13     -0.02     -0.07
     -0.15     -0.04      0.00
     -0.15     -0.07      0.03
     -0.15     -0.09      0.08
     -0.15     -0.12      0.12
     -0.11     -0.14      0.10
     -0.01     -0.14      0.08
      0.13     -0.16      0.05
      0.28     -0.16      0.05
      0.35     -0.12      0.05
      0.35     -0.07      0.00
      0.25     -0.02     -0.04
      0.13      0.00     -0.07
      0.04      0.05     -0.09
      0.04      0.05     -0.09
      0.11      0.03     -0.02
      0.25     -0.02      0.10
      0.35     -0.04      0.24
      0.37     -0.04      0.36
      0.30      0.00      0.41
      0.18      0.10      0.43
      0.09      0.17      0.43
     -0.01      0.22      0.41
     -0.01      0.20      0.39
      0.04      0.17      0.41
      0.18      0.15      0.39
      0.33      0.10      0.34
      0.42      0.05      0.24
      0.45     -0.02      0.12
      0.40     -0.12      0.03
      0.28     -0.19      0.00
      0.13     -0.19      0.00
     -0.01     -0.19      0.03
     -0.13     -0.14      0.03
     -0.18     -0.09     -0.02
     -0.18      0.00     -0.09
     -0.13      0.03     -0.21
     -0.06      0.03     -0.28
     -0.01     -0.07     -0.31
      0.01     -0.16     -0.28
     -0.06     -0.24     -0.16
     -0.18     -0.24      0.00
     -0.35     -0.19      0.12
     -0.47     -0.12      0.19
     -0.51     -0.04      0.17
     -0.49      0.03      0.10
     -0.44      0.05      0.03
     -0.37      0.03      0.03
     -0.27     -0.02      0.12
     -0.20     -0.07      0.19
     -0.11     -0.09      0.27
      0.01     -0.12      0.27
      0.16     -0.12      0.10
      0.33     -0.12     -0.12
      0.49     -0.09     -0.33
      0.59     -0.07     -0.50
      0.61     -0.04     -0.52
      0.56     -0.02     -0.45
      0.42      0.00     -0.31
      0.28      0.05     -0.16
      0.18      0.08     -0.04
      0.18      0.08      0.03
      0.28      0.08      0.05
      0.40      0.05      0.08
      0.56      0.05      0.17
      0.64      0.03      0.29
      0.61      0.05      0.43
      0.49      0.12      0.48
      0.33      0.17      0.46
      0.13      0.17      0.39
      0.01      0.12      0.29
     -0.06      0.00      0.22
     -0.06     -0.07      0.19
     -0.03     -0.14      0.19
      0.01     -0.16      0.19
      0.04     -0.12      0.19
      0.06     -0.09      0.15
      0.06     -0.07      0.05
      0.09     -0.04     -0.02
      0.13     -0.02     -0.07
      0.18      0.00     -0.07
      0.28      0.03     -0.07
      0.33      0.05     -0.02
      0.37      0.08      0.03
      0.35      0.08      0.05
      0.30      0.08      0.05
      0.25      0.08      0.00
      0.21      0.08     -0.04
      0.18      0.05     -0.07
      0.21      0.03     -0.07
      0.28     -0.04     -0.04
      0.35     -0.16     -0.02
      0.37     -0.26      0.00
      0.35     -0.28     -0.02
      0.30     -0.26     -0.07
      0.23     -0.19     -0.14
      0.16     -0.12     -0.24
      0.13     -0.09     -0.33
      0.09     -0.14     -0.36
      0.09     -0.16     -0.33
      0.11     -0.19     -0.26
      0.09     -0.16     -0.12
      0.06     -0.14      0.03
     -0.01     -0.09      0.12
     -0.08     -0.04      0.17
     -0.11      0.05      0.15
     -0.08      0.15      0.00
     -0.01      0.22     -0.14
      0.11      0.24     -0.24
      0.21      0.20     -0.28
      0.28      0.10     -0.28
      0.28      0.03     -0.28
      0.25      0.00     -0.31
      0.23      0.00     -0.36
      0.18      0.08     -0.43
      0.13      0.12     -0.50
      0.11      0.12     -0.52
      0.09      0.15     -0.57
      0.09      0.17     -0.52
      0.06      0.17     -0.45
      0.01      0.17     -0.36
     -0.01      0.17     -0.26
     -0.06      0.20     -0.19
     -0.08      0.24     -0.12
     -0.11      0.29     -0.04
     -0.15      0.34      0.03
     -0.15      0.34      0.10
     -0.20      0.27      0.17
     -0.20      0.15      0.24
     -0.20      0.00      0.29
     -0.20     -0.12      0.34
     -0.18     -0.21      0.36
     -0.15     -0.31      0.36
     -0.11     -0.38      0.31
     -0.08     -0.43      0.22
     -0.03     -0.48      0.12
     -0.01     -0.45      0.03
      0.04     -0.38      0.00
      0.09     -0.28      0.00
      0.13     -0.24      0.05
      0.18     -0.16      0.12
      0.23     -0.14      0.15
      0.25     -0.09      0.15
      0.25     -0.04      0.12
      0.28      0.00      0.12
      0.33      0.05      0.12
      0.37      0.03      0.22
      0.47      0.00      0.36
      0.59     -0.04      0.51
      0.66     -0.09      0.63
      0.66     -0.09      0.75
      0.59     -0.04      0.82
      0.45      0.00      0.89
      0.25      0.03      0.96
      0.13      0.03      1.06
      0.11      0.00      1.11
      0.21     -0.04      1.15
      0.42     -0.07      1.13
      0.64     -0.09      0.99
      0.76     -0.09      0.77
      0.76     -0.07      0.53
      0.61     -0.07      0.36
      0.35     -0.07      0.24
      0.04     -0.04      0.17
     -0.27     -0.04      0.12
     -0.54     -0.04      0.10
     -0.70      0.00      0.08
     -0.80      0.08      0.05
     -0.85      0.08      0.05
     -0.80      0.08      0.05
     -0.68      0.03      0.10
     -0.49      0.03      0.15
     -0.32      0.03      0.15
     -0.20      0.05      0.12
     -0.13      0.10      0.05
     -0.13      0.10     -0.12
     -0.13      0.10     -0.33
     -0.13      0.05     -0.55
     -0.11     -0.02     -0.67
     -0.06     -0.07     -0.72
     -0.01     -0.07     -0.67
      0.04      0.00     -0.60
      0.06      0.15     -0.57
      0.11      0.27     -0.57
      0.18      0.34     -0.64
      0.25      0.32     -0.76
      0.37      0.29     -0.83
      0.49      0.27     -0.91
      0.59      0.24     -0.91
      0.64      0.20     -0.91
      0.64      0.12     -0.88
      0.59      0.03     -0.86
      0.52     -0.04     -0.79
      0.42     -0.16     -0.69
      0.37     -0.24     -0.57
      0.33     -0.33     -0.43
      0.28     -0.38     -0.26
      0.25     -0.36     -0.07
      0.18     -0.31      0.12
      0.11     -0.26      0.27
      0.01     -0.24      0.41
     -0.06     -0.26      0.53
     -0.13     -0.24      0.58
     -0.18     -0.16      0.55
     -0.20     -0.12      0.51
     -0.20     -0.04      0.46
     -0.25     -0.02      0.41
     -0.27     -0.04      0.43
     -0.25     -0.09      0.46
     -0.15     -0.16      0.58
     -0.06     -0.21      0.72
      0.06     -0.24      0.87
      0.18     -0.21      0.94
      0.28     -0.16      0.91
      0.35     -0.14      0.79
      0.42     -0.07      0.63
      0.45     -0.04      0.39
      0.47      0.00      0.22
      0.45      0.03      0.05
      0.37      0.08     -0.07
      0.35      0.10     -0.16
      0.30      0.15     -0.24
      0.33      0.15     -0.33
      0.42      0.12     -0.38
      0.54      0.05     -0.38
      0.61      0.00     -0.31
      0.61     -0.07     -0.16
      0.52     -0.04      0.00
      0.37      0.00      0.15
      0.25      0.03      0.22
      0.13      0.03      0.17
      0.09      0.03      0.05
      0.09      0.00     -0.09
      0.13      0.00     -0.19
      0.18     -0.02     -0.19
      0.21     -0.09     -0.09
      0.23     -0.16      0.08
      0.28     -0.19      0.27
      0.33     -0.19      0.39
      0.35     -0.07      0.41
      0.33      0.05      0.34
      0.23      0.15      0.22
      0.11      0.22      0.17
     -0.03      0.22      0.22
     -0.13      0.22      0.39
     -0.18      0.20      0.60
     -0.11      0.20      0.79
     -0.06      0.17      0.84
      0.01      0.12      0.72
      0.06      0.08      0.41
      0.06      0.08      0.08
      0.06      0.10     -0.24
      0.11      0.12     -0.40
      0.21      0.12     -0.43
      0.35      0.08     -0.33
      0.49      0.00     -0.21
      0.61     -0.04     -0.09
      0.68     -0.07     -0.09
      0.68     -0.07     -0.14
      0.61     -0.04     -0.21
      0.49     -0.02     -0.26
      0.33      0.00     -0.31
      0.21      0.10     -0.36
      0.13      0.17     -0.45
      0.11      0.20     -0.57
      0.11      0.17     -0.72
      0.16      0.12     -0.83
      0.21      0.05     -0.83
      0.23     -0.02     -0.72
      0.18     -0.12     -0.48
      0.06     -0.21     -0.16
     -0.08     -0.28      0.10
     -0.20     -0.31      0.19
     -0.30     -0.28      0.12
     -0.35     -0.24     -0.09
     -0.37     -0.19     -0.38
     -0.37     -0.16     -0.60
     -0.39     -0.14     -0.76
     -0.42     -0.14     -0.81
     -0.42     -0.12     -0.79
     -0.39     -0.09     -0.74
     -0.30     -0.12     -0.69
     -0.15     -0.14     -0.64
      0.01     -0.21     -0.60
      0.16     -0.26     -0.55
      0.28     -0.28     -0.50
      0.37     -0.28     -0.45
      0.45     -0.28     -0.43
      0.49     -0.28     -0.40
      0.54     -0.24     -0.36
      0.59     -0.21     -0.28
      0.59     -0.14     -0.09
      0.59     -0.07      0.10
      0.54     -0.02      0.31
      0.40      0.00      0.55
      0.21      0.05      0.79
      0.01      0.12      0.99
     -0.15      0.22      1.15
     -0.20      0.32      1.25
     -0.18      0.34      1.30
     -0.11      0.32      1.27
     -0.01      0.29      1.18
      0.06      0.32      1.06
      0.04      0.39      0.89
     -0.06      0.39      0.70
     -0.20      0.34      0.58
     -0.39      0.22      0.55
     -0.58      0.08      0.60
     -0.78     -0.04      0.72
     -0.99     -0.07      0.87
     -1.14     -0.02      0.96
     -1.18      0.03      0.99
     -1.09      0.10      0.91
     -0.87      0.10      0.77
     -0.58      0.10      0.60
     -0.25      0.05      0.41
      0.06      0.00      0.31
      0.28     -0.04      0.29
      0.40     -0.09      0.31
      0.45     -0.12      0.36
      0.52     -0.14      0.41
      0.59     -0.16      0.41
      0.71     -0.19      0.39
      0.85     -0.26      0.36
      0.97     -0.33      0.34
      1.09     -0.36      0.34
      1.14     -0.38      0.31
      1.12     -0.36      0.22
      1.07     -0.31      0.08
      1.02     -0.24     -0.16
      1.04     -0.16     -0.38
      1.07     -0.12     -0.60
      1.14     -0.09     -0.72
      1.21     -0.02     -0.74
      1.26      0.08     -0.69
      1.24      0.17     -0.62
      1.09      0.22     -0.57
      0.83      0.27     -0.55
      0.49      0.27     -0.52
      0.13      0.20     -0.50
     -0.23      0.12     -0.48
     -0.54      0.03     -0.43
     -0.78     -0.04     -0.31
     -0.90     -0.07     -0.19
     -0.94     -0.09     -0.12
     -0.92     -0.12     -0.09
     -0.85     -0.12     -0.14
     -0.78     -0.14     -0.26
     -0.70     -0.12     -0.38
     -0.66     -0.04     -0.45
     -0.61      0.05     -0.45
     -0.56      0.12     -0.38
     -0.49      0.15     -0.36
     -0.39      0.12     -0.38
     -0.27      0.10     -0.43
     -0.18      0.08     -0.55
     -0.13      0.05     -0.64
     -0.08      0.03     -0.69
     -0.03     -0.04     -0.67
      0.04     -0.09     -0.60
      0.13     -0.09     -0.57
      0.18     -0.07     -0.60
      0.18      0.00     -0.72
      0.11      0.10     -0.88
      0.01      0.20     -1.05
     -0.13      0.27     -1.12
     -0.23      0.32     -1.00
     -0.25      0.32     -0.69
     -0.20      0.27     -0.26
     -0.13      0.17      0.15
     -0.06      0.12      0.41
     -0.03      0.08      0.48
     -0.08      0.08      0.39
     -0.15      0.08      0.17
     -0.23      0.10     -0.04
     -0.25      0.08     -0.19
     -0.20      0.05     -0.21
     -0.11      0.00     -0.14
      0.01     -0.04     -0.02
      0.13     -0.07      0.10
      0.23     -0.09      0.19
      0.28     -0.12      0.19
      0.30     -0.14      0.12
      0.33     -0.16      0.00
      0.35     -0.21     -0.12
      0.40     -0.26     -0.26
      0.52     -0.28     -0.36
      0.68     -0.31     -0.43
      0.90     -0.28     -0.43
      1.12     -0.21     -0.33
      1.26     -0.12     -0.09
      1.31     -0.09      0.24
      1.26     -0.14      0.58
      1.19     -0.24      0.89
      1.12     -0.36      1.03
      1.04     -0.40      1.06
      1.00     -0.40      0.99
      0.95     -0.36      0.84
      0.90     -0.28      0.72
      0.80     -0.24      0.65
      0.61     -0.16      0.70
      0.40     -0.04      0.79
      0.16      0.08      0.96
     -0.03      0.22      1.18
     -0.15      0.36      1.32
     -0.18      0.48      1.39
     -0.13      0.58      1.39
     -0.01      0.63      1.34
      0.09      0.60      1.22
      0.13      0.48      1.06
      0.13      0.32      0.82
      0.04      0.15      0.55
     -0.13      0.00      0.29
     -0.27     -0.04      0.03
     -0.39     -0.07     -0.16
     -0.47     -0.07     -0.24
     -0.44     -0.07     -0.26
     -0.42     -0.07     -0.21
     -0.47     -0.12     -0.16
     -0.58     -0.16     -0.14
     -0.85     -0.14     -0.19
     -1.16     -0.12     -0.31
     -1.40     -0.07     -0.48
     -1.49     -0.09     -0.64
     -1.42     -0.19     -0.79
     -1.21     -0.33     -0.83
     -0.92     -0.52     -0.76
     -0.61     -0.59     -0.62
     -0.44     -0.57     -0.40
     -0.39     -0.48     -0.16
     -0.47     -0.38      0.03
     -0.58     -0.26      0.19
     -0.66     -0.14      0.34
     -0.58      0.00      0.43
     -0.39      0.17      0.48
     -0.06      0.27      0.43
      0.33      0.32      0.34
      0.66      0.29      0.19
      0.88      0.20      0.08
      0.95      0.05      0.03
      0.90     -0.09      0.00
      0.80     -0.21      0.08
      0.73     -0.28      0.19
      0.71     -0.38      0.39
      0.73     -0.48      0.60
      0.80     -0.52      0.79
      0.92     -0.52      0.87
      1.00     -0.50      0.82
      1.04     -0.40      0.63
      1.00     -0.31      0.29
      0.97     -0.19     -0.07
      0.95     -0.07     -0.40
      0.95      0.03     -0.60
      0.97      0.08     -0.67
      1.00      0.10     -0.55
      0.95      0.12     -0.40
      0.88      0.17     -0.31
      0.76      0.27     -0.33
      0.64      0.36     -0.50
      0.56      0.39     -0.74
      0.56      0.36     -1.00
      0.66      0.29     -1.17
      0.78      0.22     -1.19
      0.90      0.17     -1.03
      0.97      0.15     -0.76
      0.97      0.15     -0.48
      0.95      0.12     -0.19
      0.90      0.10      0.00
      0.88      0.00      0.10
      0.83     -0.04      0.15
      0.78      0.00      0.17
      0.66      0.08      0.24
      0.45      0.15      0.36
      0.21      0.20      0.51
     -0.06      0.17      0.60
     -0.27      0.05      0.65
     -0.39     -0.12      0.70
     -0.42     -0.24      0.75
     -0.44     -0.28      0.77
     -0.51     -0.21      0.82
     -0.68     -0.12      0.79
     -0.92      0.00      0.65
     -1.16      0.08      0.36
     -1.33      0.15     -0.02
     -1.40      0.17     -0.40
     -1.38      0.20     -0.64
     -1.28      0.24     -0.76
     -1.11      0.32     -0.69
     -0.94      0.41     -0.55
     -0.73      0.58     -0.43
     -0.44      0.77     -0.45
     -0.11      0.94     -0.60
      0.23      1.01     -0.81
      0.54      0.96     -0.98
      0.80      0.82     -1.00
      0.95      0.63     -0.79
      1.07      0.44     -0.38
      1.12      0.24      0.19
      1.19      0.10      0.82
      1.36      0.00      1.27
      1.62     -0.04      1.49
      1.95     -0.09      1.39
      2.36     -0.09      1.08
      2.67     -0.12      0.63
      2.82     -0.19      0.24
      2.67     -0.26     -0.02
      2.31     -0.28     -0.09
      1.76     -0.31      0.00
      1.12     -0.33      0.17
      0.52     -0.43      0.24
      0.04     -0.57      0.19
     -0.25     -0.71      0.00
     -0.44     -0.83     -0.28
     -0.63     -0.91     -0.55
     -0.92     -0.91     -0.72
     -1.38     -0.83     -0.74
     -2.00     -0.74     -0.62
     -2.64     -0.59     -0.43
     -3.22     -0.45     -0.24
     -3.51     -0.33     -0.14
     -3.48     -0.21     -0.12
     -3.15     -0.16     -0.16
     -2.64     -0.14     -0.19
     -2.12     -0.14     -0.14
     -1.69     -0.12      0.03
     -1.30     -0.07      0.29
     -0.97      0.05      0.60
     -0.63      0.17      0.91
     -0.30      0.24      1.20
      0.06      0.24      1.46
      0.40      0.22      1.66
      0.71      0.17      1.78
      0.97      0.12      1.80
      1.21      0.08      1.73
      1.40      0.03      1.58
      1.52     -0.02      1.42
      1.55     -0.07      1.18
      1.47     -0.07      0.94
      1.31     -0.02      0.67
      1.12      0.15      0.41
      0.88      0.34      0.17
      0.61      0.51     -0.04
      0.28      0.58     -0.28
     -0.15      0.58     -0.55
     -0.63      0.58     -0.86
     -1.11      0.58     -1.15
     -1.49      0.58     -1.34
     -1.71      0.53     -1.34
     -1.73      0.41     -1.19
     -1.54      0.20     -0.98
     -1.28      0.00     -0.76
     -0.99     -0.14     -0.74
     -0.78     -0.19     -0.88
     -0.63     -0.21     -1.17
     -0.44     -0.24     -1.46
     -0.15     -0.33     -1.67
      0.23     -0.50     -1.72
      0.71     -0.64     -1.60
      1.14     -0.76     -1.34
      1.43     -0.71     -1.05
      1.52     -0.55     -0.79
      1.45     -0.36     -0.64
      1.24     -0.19     -0.60
      0.95     -0.16     -0.62
      0.68     -0.31     -0.60
      0.40     -0.52     -0.50
      0.11     -0.74     -0.24
     -0.18     -0.86      0.17
     -0.44     -0.91      0.63
     -0.68     -0.91      1.11
     -0.92     -0.91      1.49
     -1.09     -0.88      1.78
     -1.21     -0.83      1.92
     -1.26     -0.71      1.94
     -1.26     -0.55      1.87
     -1.21     -0.38      1.78
     -1.09     -0.21      1.73
     -0.92     -0.09      1.73
     -0.70      0.03      1.78
     -0.39      0.15      1.75
     -0.03      0.29      1.58
      0.30      0.44      1.25
      0.64      0.55      0.79
      0.95      0.65      0.34
      1.28      0.75     -0.04
      1.67      0.82     -0.28
      2.15      0.84     -0.38
      2.58      0.82     -0.43
      2.89      0.79     -0.55
      3.03      0.79     -0.76
      2.98      0.82     -1.15
      2.72      0.77     -1.55
      2.34      0.65     -1.94
      1.93      0.51     -2.20
      1.55      0.36     -2.27
      1.19      0.27     -2.25
      0.90      0.22     -2.10
      0.64      0.15     -1.96
      0.42      0.05     -1.86
      0.23     -0.14     -1.86
      0.06     -0.36     -1.82
     -0.11     -0.55     -1.67
     -0.27     -0.67     -1.36
     -0.49     -0.69     -0.95
     -0.73     -0.62     -0.48
     -1.02     -0.52     -0.02
     -1.28     -0.43      0.41
     -1.47     -0.38      0.75
     -1.57     -0.36      1.06
     -1.54     -0.33      1.37
     -1.45     -0.33      1.75
     -1.28     -0.33      2.23
     -1.11     -0.33      2.76
     -0.85     -0.33      3.26
     -0.54     -0.31      3.62
     -0.15     -0.31      3.81
      0.25     -0.33      3.76
      0.61     -0.40      3.52
      0.85     -0.38      3.19
      0.92     -0.31      2.85
      0.80     -0.16      2.54
      0.54      0.00      2.40
      0.21      0.15      2.30
     -0.08      0.27      2.23
     -0.25      0.39      2.02
     -0.23      0.46      1.66
     -0.08      0.51      1.20
      0.16      0.46      0.77
      0.37      0.39      0.43
      0.52      0.27      0.22
      0.52      0.22      0.08
      0.45      0.27     -0.12
      0.28      0.39     -0.43
      0.13      0.55     -0.98
      0.04      0.70     -1.63
      0.09      0.77     -2.20
      0.21      0.77     -2.63
      0.33      0.67     -2.82
      0.40      0.55     -2.80
      0.40      0.46     -2.66
      0.40      0.44     -2.49
      0.37      0.46     -2.39
      0.42      0.51     -2.42
      0.49      0.44     -2.49
      0.61      0.32     -2.51
      0.73      0.12     -2.44
      0.80     -0.04     -2.27
      0.90     -0.16     -1.98
      0.95     -0.24     -1.67
      1.04     -0.28     -1.43
      1.12     -0.33     -1.27
      1.31     -0.36     -1.17
      1.45     -0.38     -1.17
      1.52     -0.38     -1.17
      1.45     -0.38     -1.24
      1.21     -0.40     -1.34
      0.92     -0.38     -1.39
      0.59     -0.38     -1.46
      0.30     -0.40     -1.55
      0.01     -0.45     -1.72
     -0.25     -0.55     -1.84
     -0.56     -0.62     -1.91
     -0.85     -0.64     -1.86
     -1.09     -0.62     -1.70
     -1.16     -0.62     -1.46
     -1.14     -0.62     -1.10
     -0.85     -0.64     -0.69
     -0.39     -0.64     -0.24
      0.18     -0.59      0.15
      0.71     -0.50      0.43
      1.07     -0.36      0.60
      1.16     -0.19      0.70
      1.12     -0.07      0.77
      0.95      0.05      0.89
      0.83      0.15      1.01
      0.83      0.27      1.13
      0.95      0.36      1.22
      1.12      0.44      1.27
      1.21      0.48      1.30
      1.16      0.48      1.34
      0.92      0.51      1.39
      0.59      0.51      1.49
      0.28      0.53      1.58
      0.13      0.58      1.63
      0.16      0.60      1.63
      0.37      0.63      1.61
      0.64      0.63      1.56
      0.85      0.58      1.51
      0.90      0.51      1.54
      0.73      0.44      1.61
      0.37      0.39      1.70
     -0.06      0.41      1.82
     -0.49      0.39      1.85
     -0.85      0.34      1.82
     -1.11      0.20      1.75
     -1.26      0.00      1.63
     -1.35     -0.26      1.54
     -1.40     -0.48      1.54
     -1.42     -0.59      1.66
     -1.42     -0.62      1.78
     -1.40     -0.57      1.85
     -1.40     -0.45      1.73
     -1.38     -0.33      1.30
     -1.35     -0.19      0.63
     -1.35     -0.09     -0.19
     -1.35     -0.02     -0.95
     -1.30     -0.02     -1.53
     -1.18     -0.04     -1.84
     -1.02     -0.12     -1.91
     -0.85     -0.12     -1.84
     -0.73     -0.07     -1.75
     -0.68      0.05     -1.72
     -0.70      0.20     -1.84
     -0.80      0.32     -2.03
     -0.92      0.41     -2.20
     -1.02      0.44     -2.30
     -1.09      0.39     -2.27
     -1.09      0.27     -2.06
     -1.09      0.15     -1.72
     -1.09      0.03     -1.27
     -1.16     -0.04     -0.76
     -1.26     -0.07     -0.31
     -1.33     -0.02      0.10
     -1.26      0.08      0.43
     -0.97      0.22      0.77
     -0.42      0.32      1.11
      0.33      0.36      1.46
      1.12      0.36      1.82
      1.76      0.29      2.16
      2.17      0.17      2.45
      2.31      0.00      2.61
      2.22     -0.16      2.64
      2.00     -0.31      2.52
      1.81     -0.40      2.28
      1.71     -0.43      1.94
      1.71     -0.43      1.58
      1.79     -0.40      1.22
      1.86     -0.33      0.91
      1.88     -0.24      0.60
      1.81     -0.14      0.29
      1.64     -0.04     -0.12
      1.40     -0.04     -0.62
      1.12     -0.14     -1.19
      0.83     -0.26     -1.67
      0.59     -0.38     -2.06
      0.42     -0.45     -2.27
      0.35     -0.52     -2.34
      0.33     -0.59     -2.32
      0.35     -0.67     -2.22
      0.33     -0.69     -2.08
      0.28     -0.64     -1.89
      0.18     -0.55     -1.60
      0.06     -0.48     -1.24
     -0.03     -0.48     -0.79
     -0.06     -0.48     -0.28
     -0.01     -0.48      0.15
      0.13     -0.40      0.46
      0.25     -0.28      0.65
      0.35     -0.14      0.75
      0.30      0.03      0.87
      0.18      0.20      1.03
     -0.01      0.32      1.30
     -0.23      0.36      1.61
     -0.39      0.36      1.87
     -0.47      0.34      2.04
     -0.47      0.29      2.04
     -0.44      0.22      1.92
     -0.42      0.15      1.80
     -0.44      0.08      1.70
     -0.58     -0.02      1.68
     -0.82     -0.14      1.70
     -1.14     -0.31      1.78
     -1.40     -0.45      1.85
     -1.59     -0.52      1.80
     -1.61     -0.55      1.68
     -1.52     -0.55      1.51
     -1.33     -0.57      1.32
     -1.11     -0.62      1.15
     -0.90     -0.64      1.01
     -0.70     -0.62      0.91
     -0.54     -0.45      0.84
     -0.32     -0.24      0.79
     -0.01      0.00      0.72
      0.35      0.24      0.63
      0.73      0.46      0.51
      1.04      0.63      0.36
      1.19      0.79      0.19
      1.14      0.96      0.05
      0.85      1.08     -0.09
      0.40      1.15     -0.24
     -0.13      1.08     -0.40
     -0.66      0.94     -0.62
     -1.11      0.70     -0.86
     -1.42      0.41     -1.15
     -1.59      0.12     -1.41
     -1.61     -0.12     -1.67
     -1.57     -0.36     -1.91
     -1.47     -0.52     -2.10
     -1.47     -0.64     -2.25
     -1.52     -0.67     -2.32
     -1.66     -0.59     -2.37
     -1.73     -0.45     -2.39
     -1.66     -0.31     -2.39
     -1.35     -0.19     -2.37
     -0.82     -0.14     -2.32
     -0.13     -0.16     -2.22
      0.56     -0.21     -2.06
      1.16     -0.28     -1.84
      1.62     -0.26     -1.58
      1.93     -0.14     -1.34
      2.27      0.08     -1.12
      2.70      0.29     -0.91
      3.27      0.53     -0.64
      3.92      0.67     -0.33
      4.54      0.77      0.03
      4.95      0.89      0.43
      5.04      1.01      0.84
      4.90      1.15      1.20
      4.54      1.32      1.46
      4.11      1.46      1.58
      3.73      1.49      1.54
      3.41      1.37      1.25
      3.10      1.13      0.82
      2.77      0.87      0.29
      2.31      0.60     -0.19
      1.74      0.39     -0.57
      1.12      0.22     -0.86
      0.52      0.08     -1.10
     -0.01     -0.07     -1.34
     -0.42     -0.21     -1.58
     -0.75     -0.33     -1.82
     -1.02     -0.45     -2.06
     -1.18     -0.55     -2.25
     -1.35     -0.59     -2.37
     -1.54     -0.59     -2.32
     -1.73     -0.55     -2.13
     -1.88     -0.45     -1.82
     -1.93     -0.38     -1.36
     -1.81     -0.38     -0.91
     -1.57     -0.50     -0.48
     -1.26     -0.69     -0.14
     -0.87     -0.91      0.10
     -0.51     -1.07      0.19
     -0.20     -1.15      0.22
      0.09     -1.07      0.22
      0.28     -0.91      0.24
      0.37     -0.71      0.31
      0.40     -0.50      0.51
      0.28     -0.28      0.77
      0.11     -0.14      1.06
     -0.13     -0.04      1.30
     -0.35      0.00      1.49
     -0.49      0.00      1.58
     -0.61      0.00      1.58
     -0.66     -0.09      1.51
     -0.70     -0.19      1.37
     -0.73     -0.28      1.18
     -0.73     -0.33      0.96
     -0.73     -0.38      0.72
     -0.73     -0.43      0.53
     -0.73     -0.52      0.48
     -0.70     -0.59      0.55
     -0.63     -0.59      0.75
     -0.47     -0.55      0.94
     -0.32     -0.43      1.11
     -0.15     -0.33      1.15
     -0.06     -0.26      1.15
     -0.03     -0.21      1.08
     -0.11     -0.09      0.94
     -0.20      0.08      0.79
     -0.32      0.29      0.72
     -0.42      0.48      0.79
     -0.49      0.58      0.99
     -0.49      0.60      1.30
     -0.42      0.51      1.66
     -0.35      0.39      1.99
     -0.30      0.29      2.21
     -0.30      0.27      2.28
     -0.35      0.29      2.16
     -0.47      0.36      1.94
     -0.58      0.41      1.66
     -0.70      0.44      1.39
     -0.82      0.44      1.18
     -0.92      0.41      1.08
     -0.94      0.41      1.01
     -0.90      0.39      0.96
     -0.82      0.34      0.79
     -0.68      0.24      0.43
     -0.51      0.15     -0.14
     -0.32      0.00     -0.86
     -0.15     -0.16     -1.63
     -0.03     -0.33     -2.27
      0.11     -0.52     -2.75
      0.28     -0.64     -2.97
      0.54     -0.67     -2.99
      0.88     -0.62     -2.87
      1.26     -0.50     -2.66
      1.59     -0.38     -2.44
      1.83     -0.26     -2.27
      1.88     -0.16     -2.18
      1.76     -0.02     -2.13
      1.50      0.15     -2.10
      1.19      0.34     -1.96
      0.95      0.51     -1.67
      0.80      0.63     -1.24
      0.76      0.67     -0.69
      0.76      0.65     -0.16
      0.68      0.58      0.27
      0.49      0.48      0.53
      0.21      0.36      0.70
     -0.13      0.22      0.82
     -0.44      0.08      0.96
     -0.61      0.00      1.13
     -0.63     -0.04      1.32
     -0.49     -0.09      1.39
     -0.25     -0.16      1.32
     -0.01     -0.24      1.08
      0.13     -0.31      0.67
      0.18     -0.38      0.24
      0.18     -0.36     -0.14
      0.16     -0.33     -0.36
      0.16     -0.36     -0.33
      0.18     -0.38     -0.12
      0.21     -0.43      0.27
      0.23     -0.45      0.65
      0.23     -0.43      0.99
      0.13     -0.40      1.27
      0.01     -0.38      1.51
     -0.11     -0.38      1.70
     -0.20     -0.38      1.85
     -0.23     -0.40      1.94
     -0.18     -0.43      1.97
     -0.11     -0.40      1.90
     -0.01     -0.36      1.73
      0.13     -0.28      1.54
      0.25     -0.14      1.37
      0.35      0.00      1.20
      0.33      0.12      1.06
      0.18      0.20      0.91
     -0.11      0.22      0.72
     -0.42      0.22      0.48
     -0.66      0.17      0.17
     -0.75      0.12     -0.21
     -0.68      0.10     -0.60
     -0.47      0.12     -0.98
     -0.20      0.17     -1.27
     -0.03      0.22     -1.41
     -0.06      0.29     -1.36
     -0.20      0.41     -1.15
     -0.42      0.55     -0.81
     -0.61      0.65     -0.40
     -0.73      0.67     -0.02
     -0.78      0.60      0.29
     -0.75      0.48      0.46
     -0.73      0.34      0.53
     -0.73      0.27      0.58
     -0.68      0.22      0.58
     -0.54      0.24      0.58
     -0.25      0.24      0.60
      0.21      0.22      0.63
      0.76      0.15      0.63
      1.28      0.05      0.58
      1.69     -0.02      0.48
      1.93      0.00      0.31
      1.98      0.10      0.05
      1.88      0.20     -0.24
      1.69      0.22     -0.57
      1.50      0.20     -0.93
      1.31      0.12     -1.27
      1.14      0.08     -1.65
      1.02      0.05     -2.01
      0.92      0.05     -2.30
      0.88      0.03     -2.54
      0.83     -0.02     -2.68
      0.78     -0.07     -2.75
      0.66     -0.12     -2.73
      0.45     -0.14     -2.66
      0.16     -0.14     -2.49
     -0.11     -0.04     -2.27
     -0.30      0.08     -1.96
     -0.37      0.20     -1.60
     -0.25      0.32     -1.22
     -0.01      0.36     -0.86
      0.30      0.39     -0.55
      0.54      0.41     -0.33
      0.64      0.39     -0.21
      0.61      0.32     -0.16
      0.49      0.22     -0.16
      0.35      0.10     -0.14
      0.28     -0.04     -0.04
      0.25     -0.24      0.12
      0.25     -0.48      0.39
      0.23     -0.67      0.72
      0.18     -0.79      1.08
      0.06     -0.81      1.34
     -0.03     -0.76      1.49
     -0.08     -0.71      1.49
     -0.03     -0.67      1.37
      0.09     -0.67      1.18
      0.28     -0.69      0.96
      0.47     -0.69      0.77
      0.64     -0.71      0.63
      0.76     -0.76      0.60
      0.88     -0.81      0.72
      1.00     -0.88      0.91
      1.12     -0.88      1.11
      1.21     -0.81      1.27
      1.26     -0.62      1.32
      1.19     -0.40      1.30
      1.02     -0.16      1.15
      0.76      0.05      0.96
      0.42      0.22      0.79
      0.09      0.34      0.75
     -0.20      0.41      0.79
     -0.44      0.44      0.94
     -0.70      0.44      1.11
     -0.97      0.41      1.22
     -1.26      0.39      1.27
     -1.54      0.34      1.18
     -1.78      0.32      0.96
     -1.95      0.29      0.67
     -2.00      0.27      0.34
     -1.93      0.27      0.00
     -1.73      0.24     -0.33
     -1.47      0.27     -0.64
     -1.21      0.29     -0.93
     -1.02      0.32     -1.17
     -0.92      0.34     -1.34
     -0.92      0.39     -1.46
     -0.97      0.41     -1.48
     -1.09      0.41     -1.46
     -1.26      0.36     -1.36
     -1.42      0.27     -1.24
     -1.59      0.12     -1.10
     -1.78     -0.09     -0.91
     -1.83     -0.31     -0.64
     -1.76     -0.48     -0.33
     -1.54     -0.57      0.08
     -1.26     -0.62      0.48
     -0.94     -0.59      0.87
     -0.66     -0.55      1.15
     -0.42     -0.50      1.32
     -0.13     -0.38      1.39
      0.21     -0.28      1.39
      0.68     -0.16      1.42
      1.28     -0.07      1.44
      1.93     -0.02      1.42
      2.55      0.00      1.39
      3.06      0.08      1.30
      3.34      0.10      1.15
      3.53      0.15      0.96
      3.61      0.15      0.84
      3.63      0.12      0.77
      3.63      0.05      0.79
      3.58     -0.02      0.79
      3.37     -0.07      0.75
      2.94     -0.07      0.63
      2.41     -0.04      0.43
      1.79      0.03      0.12
      1.21      0.10     -0.26
      0.78      0.12     -0.67
      0.49      0.10     -0.98
      0.37     -0.02     -1.15
      0.33     -0.12     -1.15
      0.28     -0.21     -1.03
      0.16     -0.26     -0.81
     -0.06     -0.21     -0.60
     -0.37     -0.12     -0.43
     -0.68     -0.02     -0.33
     -0.90      0.08     -0.24
     -0.97      0.17     -0.19
     -0.90      0.22     -0.16
     -0.63      0.22     -0.09
     -0.32      0.15     -0.04
      0.01      0.00      0.00
      0.33     -0.19      0.05
      0.54     -0.31      0.08
      0.61     -0.38      0.10
      0.59     -0.40      0.12
      0.49     -0.38      0.17
      0.35     -0.36      0.29
      0.18     -0.33      0.43
      0.04     -0.38      0.60
     -0.08     -0.40      0.77
     -0.18     -0.45      0.96
     -0.25     -0.50      1.11
     -0.35     -0.50      1.22
     -0.42     -0.45      1.20
     -0.49     -0.33      1.03
     -0.54     -0.14      0.72
     -0.56      0.08      0.24
     -0.58      0.29     -0.28
     -0.63      0.46     -0.86
     -0.68      0.58     -1.34
     -0.75      0.58     -1.75
     -0.87      0.55     -2.06
     -1.04      0.51     -2.32
     -1.21      0.44     -2.58
     -1.35      0.44     -2.80
     -1.42      0.48     -2.97
     -1.40      0.51     -3.01
     -1.26      0.46     -2.94
     -1.06      0.36     -2.66
     -0.82      0.27     -2.18
     -0.56      0.15     -1.55
     -0.32     -0.02     -0.93
     -0.13     -0.16     -0.38
      0.01     -0.31     -0.02
      0.06     -0.36      0.19
      0.04     -0.28      0.27
     -0.08     -0.16      0.34
     -0.27     -0.04      0.39
     -0.49     -0.02      0.51
     -0.75     -0.09      0.63
     -0.97     -0.14      0.70
     -1.09     -0.16      0.72
     -1.14     -0.14      0.67
     -1.06     -0.07      0.63
     -0.90     -0.04      0.60
     -0.73     -0.04      0.63
     -0.56     -0.04      0.72
     -0.54     -0.07      0.82
     -0.58     -0.02      0.87
     -0.68      0.08      0.75
     -0.73      0.20      0.46
     -0.66      0.29      0.00
     -0.47      0.34     -0.48
     -0.13      0.36     -0.86
      0.23      0.32     -1.05
      0.54      0.27     -1.00
      0.73      0.22     -0.74
      0.80      0.20     -0.33
      0.76      0.12      0.08
      0.68      0.00      0.43
      0.59     -0.07      0.70
      0.68     -0.12      0.79
      0.88     -0.09      0.77
      1.19     -0.02      0.67
      1.55      0.03      0.51
      1.91      0.05      0.36
      2.17      0.05      0.27
      2.34      0.00      0.22
      2.34      0.00      0.19
      2.17      0.00      0.19
      1.86      0.03      0.27
      1.47      0.08      0.31
      1.12      0.05      0.39
      0.83      0.08      0.51
      0.71      0.03      0.58
      0.68     -0.02      0.65
      0.76     -0.09      0.70
      0.80     -0.19      0.67
      0.80     -0.21      0.55
      0.73     -0.21      0.39
      0.59     -0.19      0.17
      0.45     -0.12      0.00
      0.28     -0.07     -0.12
      0.18     -0.04     -0.12
      0.09     -0.04      0.03
      0.04     -0.04      0.24
     -0.01     -0.04      0.53
     -0.06     -0.04      0.75
     -0.06     -0.07      0.87
      0.01     -0.07      0.87
      0.13     -0.02      0.77
      0.33      0.08      0.70
      0.52      0.17      0.58
      0.61      0.27      0.58
      0.59      0.36      0.67
      0.40      0.41      0.79
      0.11      0.46      0.96
     -0.20      0.51      1.03
     -0.44      0.55      1.03
     -0.56      0.55      0.91
     -0.58      0.51      0.72
     -0.51      0.44      0.48
     -0.42      0.32      0.19
     -0.37      0.20     -0.07
     -0.42      0.10     -0.33
     -0.54      0.05     -0.55
     -0.68      0.00     -0.74
     -0.78     -0.04     -0.88
     -0.78     -0.07     -1.00
     -0.66     -0.12     -1.15
     -0.42     -0.14     -1.29
     -0.13     -0.16     -1.43
      0.21     -0.19     -1.55
      0.52     -0.24     -1.63
      0.80     -0.31     -1.63
      1.07     -0.36     -1.51
      1.24     -0.38     -1.31
      1.38     -0.38     -1.05
      1.45     -0.36     -0.76
      1.47     -0.28     -0.52
      1.50     -0.19     -0.28
      1.52     -0.07     -0.04
      1.47      0.03      0.19
      1.43      0.15      0.46
      1.28      0.17      0.75
      1.09      0.20      0.96
      0.83      0.20      1.08
      0.59      0.17      1.08
      0.35      0.08      0.96
      0.18     -0.04      0.79
      0.01     -0.19      0.60
     -0.13     -0.36      0.41
     -0.25     -0.52      0.24
     -0.44     -0.67      0.15
     -0.66     -0.76      0.10
     -0.85     -0.83      0.10
     -0.97     -0.83      0.15
     -0.99     -0.79      0.19
     -0.97     -0.74      0.22
     -0.87     -0.64      0.19
     -0.80     -0.52      0.15
     -0.78     -0.40      0.03
     -0.80     -0.28     -0.12
     -0.90     -0.14     -0.26
     -1.04      0.00     -0.36
     -1.21      0.12     -0.38
     -1.33      0.20     -0.33
     -1.40      0.24     -0.19
     -1.42      0.27      0.05
     -1.35      0.29      0.41
     -1.21      0.27      0.82
     -0.97      0.20      1.22
     -0.68      0.12      1.58
     -0.35      0.03      1.87
     -0.03     -0.07      2.09
      0.16     -0.09      2.25
      0.28     -0.09      2.35
      0.33     -0.09      2.40
      0.40     -0.09      2.40
      0.54     -0.14      2.33
      0.73     -0.19      2.21
      1.00     -0.26      2.02
      1.28     -0.33      1.78
      1.45     -0.38      1.51
      1.52     -0.38      1.22
      1.47     -0.36      0.94
      1.31     -0.26      0.60
      1.14     -0.14      0.27
      0.97      0.00     -0.02
      0.88      0.12     -0.28
      0.83      0.17     -0.52
      0.80      0.20     -0.74
      0.73      0.22     -0.98
      0.59      0.24     -1.24
      0.33      0.29     -1.51
     -0.01      0.36     -1.77
     -0.35      0.39     -1.96
     -0.61      0.36     -2.08
     -0.78      0.29     -2.13
     -0.87      0.12     -2.03
     -0.92     -0.04     -1.86
     -0.97     -0.24     -1.70
     -1.02     -0.43     -1.60
     -1.02     -0.57     -1.58
     -0.97     -0.64     -1.60
     -0.80     -0.67     -1.60
     -0.49     -0.62     -1.55
     -0.03     -0.50     -1.41
      0.45     -0.33     -1.17
      0.88     -0.16     -0.93
      1.19      0.08     -0.67
      1.38      0.32     -0.52
      1.47      0.55     -0.52
      1.47      0.79     -0.64
      1.50      0.99     -0.86
      1.50      1.15     -1.10
      1.55      1.23     -1.34
      1.59      1.20     -1.48
      1.57      1.11     -1.51
      1.45      0.94     -1.43
      1.24      0.75     -1.24
      0.95      0.55     -1.00
      0.66      0.39     -0.76
      0.40      0.24     -0.52
      0.23      0.15     -0.33
      0.18      0.05     -0.14
      0.18      0.00      0.03
      0.16     -0.04      0.19
      0.09     -0.04      0.36
     -0.01      0.00      0.53
     -0.13      0.08      0.67
     -0.23      0.17      0.84
     -0.25      0.20      0.96
     -0.23      0.15      1.06
     -0.13      0.00      1.13
     -0.01     -0.21      1.15
      0.09     -0.43      1.13
      0.13     -0.62      1.03
      0.09     -0.76      0.84
     -0.06     -0.81      0.60
     -0.25     -0.81      0.29
     -0.47     -0.79     -0.02
     -0.68     -0.74     -0.26
     -0.90     -0.69     -0.38
     -1.06     -0.62     -0.38
     -1.21     -0.55     -0.31
     -1.28     -0.45     -0.26
     -1.30     -0.38     -0.24
     -1.26     -0.28     -0.31
     -1.18     -0.16     -0.40
     -1.02     -0.07     -0.43
     -0.75      0.03     -0.38
     -0.49      0.10     -0.21
     -0.20      0.12      0.05
      0.04      0.12      0.39
      0.18      0.12      0.72
      0.23      0.12      1.01
      0.18      0.17      1.27
      0.09      0.27      1.44
      0.01      0.39      1.54
      0.01      0.48      1.58
      0.09      0.51      1.58
      0.18      0.46      1.54
      0.25      0.36      1.42
      0.28      0.24      1.25
      0.25      0.15      1.06
      0.21      0.10      0.87
      0.16      0.05      0.70
      0.16      0.05      0.60
      0.18      0.03      0.53
      0.13      0.03      0.51
      0.06      0.00      0.51
     -0.13      0.00      0.46
     -0.39      0.00      0.43
     -0.75      0.00      0.39
     -1.11     -0.02      0.39
     -1.38     -0.04      0.43
     -1.54     -0.07      0.48
     -1.59     -0.12      0.48
     -1.54     -0.12      0.46
     -1.40     -0.12      0.34
     -1.21     -0.12      0.19
     -0.99     -0.14      0.00
     -0.78     -0.19     -0.21
     -0.54     -0.24     -0.43
     -0.32     -0.31     -0.60
     -0.11     -0.36     -0.76
      0.09     -0.36     -0.81
      0.28     -0.28     -0.79
      0.47     -0.24     -0.67
      0.64     -0.19     -0.48
      0.76     -0.19     -0.26
      0.85     -0.24     -0.04
      0.92     -0.33      0.10
      0.95     -0.43      0.19
      0.92     -0.52      0.24
      0.88     -0.59      0.29
      0.78     -0.59      0.34
      0.66     -0.52      0.43
      0.52     -0.40      0.53
      0.42     -0.28      0.58
      0.33     -0.16      0.53
      0.25     -0.04      0.34
      0.21      0.03      0.00
      0.18      0.15     -0.40
      0.18      0.24     -0.91
      0.21      0.34     -1.31
      0.23      0.36     -1.53
      0.28      0.36     -1.53
      0.35      0.29     -1.36
      0.42      0.24     -1.15
      0.47      0.22     -0.95
      0.54      0.22     -0.88
      0.64      0.22     -1.00
      0.76      0.22     -1.15
      0.88      0.22     -1.29
      1.00      0.17     -1.27
      1.09      0.12     -1.10
      1.14      0.08     -0.81
      1.09      0.03     -0.50
      1.02      0.00     -0.21
      0.92      0.03     -0.04
      0.85      0.08      0.03
      0.88      0.12      0.00
      0.90      0.15     -0.09
      0.97      0.15     -0.14
      1.02      0.12     -0.14
      1.02      0.10     -0.09
      0.95      0.08     -0.02
      0.83      0.08      0.03
      0.71      0.08      0.08
      0.66      0.08      0.05
      0.64      0.08      0.00
      0.68      0.08      0.00
      0.73      0.05      0.05
      0.73      0.03      0.17
      0.66      0.00      0.31
      0.49      0.00      0.46
      0.25     -0.02      0.58
      0.04     -0.02      0.67
     -0.13     -0.04      0.77
     -0.25     -0.12      0.94
     -0.35     -0.21      1.15
     -0.42     -0.33      1.42
     -0.49     -0.43      1.70
     -0.54     -0.45      1.97
     -0.58     -0.43      2.13
     -0.63     -0.33      2.16
     -0.66     -0.26      2.09
     -0.66     -0.24      1.90
     -0.61     -0.21      1.66
     -0.51     -0.16      1.42
     -0.35     -0.12      1.20
     -0.13     -0.04      1.01
      0.13      0.03      0.82
      0.42      0.08      0.55
      0.71      0.15      0.19
      1.00      0.24     -0.24
      1.24      0.36     -0.76
      1.40      0.44     -1.27
      1.50      0.53     -1.63
      1.52      0.55     -1.82
      1.45      0.53     -1.86
      1.31      0.48     -1.72
      1.14      0.44     -1.53
      0.97      0.41     -1.31
      0.80      0.36     -1.10
      0.64      0.34     -0.88
      0.40      0.27     -0.62
      0.13      0.17     -0.31
     -0.15      0.03      0.08
     -0.39     -0.12      0.46
     -0.56     -0.26      0.82
     -0.61     -0.40      1.06
     -0.63     -0.50      1.18
     -0.66     -0.55      1.18
     -0.80     -0.52      1.11
     -1.02     -0.43      1.03
     -1.21     -0.31      0.99
     -1.35     -0.21      0.94
     -1.35     -0.14      0.91
     -1.21     -0.14      0.89
     -0.99     -0.19      0.82
     -0.73     -0.26      0.72
     -0.54     -0.28      0.58
     -0.44     -0.24      0.39
     -0.37     -0.14      0.17
     -0.35     -0.04     -0.09
     -0.23      0.03     -0.36
     -0.03      0.05     -0.57
      0.21      0.03     -0.83
      0.49     -0.02     -1.07
      0.73     -0.04     -1.24
      0.88     -0.04     -1.36
      0.97     -0.07     -1.39
      0.95     -0.12     -1.36
      0.83     -0.19     -1.34
      0.66     -0.28     -1.29
      0.45     -0.36     -1.27
      0.25     -0.38     -1.22
      0.09     -0.43     -1.17
     -0.06     -0.43     -1.10
     -0.13     -0.43     -0.98
     -0.15     -0.38     -0.79
     -0.11     -0.28     -0.52
     -0.06     -0.14     -0.26
     -0.06     -0.02     -0.02
     -0.06      0.12      0.17
     -0.01      0.20      0.31
      0.04      0.27      0.39
      0.13      0.24      0.41
      0.23      0.17      0.36
      0.30      0.05      0.27
      0.33     -0.04      0.15
      0.30     -0.09      0.00
      0.21     -0.12     -0.12
      0.09     -0.12     -0.26
     -0.03     -0.14     -0.33
     -0.18     -0.16     -0.40
     -0.35     -0.16     -0.48
     -0.54     -0.14     -0.48
     -0.73     -0.07     -0.43
     -0.87      0.03     -0.36
     -0.94      0.20     -0.19
     -0.92      0.29     -0.02
     -0.82      0.39      0.19
     -0.73      0.41      0.39
     -0.66      0.44      0.51
     -0.66      0.46      0.60
     -0.70      0.51      0.63
     -0.75      0.53      0.65
     -0.73      0.51      0.70
     -0.63      0.44      0.72
     -0.42      0.36      0.75
     -0.13      0.29      0.77
      0.16      0.22      0.77
      0.37      0.15      0.75
      0.49      0.08      0.72
      0.52      0.05      0.72
      0.52      0.05      0.70
      0.49      0.08      0.67
      0.47      0.10      0.63
      0.45      0.10      0.58
      0.40      0.10      0.46
      0.35      0.08      0.34
      0.30      0.08      0.19
      0.21      0.03      0.08
      0.13      0.00      0.03
      0.09     -0.07      0.00
      0.11     -0.12      0.08
      0.18     -0.16      0.17
      0.28     -0.21      0.24
      0.40     -0.26      0.34
      0.52     -0.28      0.43
      0.61     -0.31      0.51
      0.68     -0.33      0.55
      0.73     -0.31      0.58
      0.76     -0.28      0.58
      0.76     -0.26      0.58
      0.66     -0.21      0.51
      0.52     -0.21      0.41
      0.33     -0.16      0.27
      0.11     -0.07      0.10
     -0.08      0.00     -0.04
     -0.23      0.08     -0.14
     -0.30      0.10     -0.16
     -0.30      0.03     -0.14
     -0.25     -0.04     -0.07
     -0.25     -0.12      0.00
     -0.30     -0.16      0.03
     -0.37     -0.14      0.00
     -0.51     -0.14     -0.12
     -0.63     -0.04     -0.28
     -0.73      0.00     -0.43
     -0.78      0.05     -0.52
     -0.80      0.05     -0.50
     -0.75      0.03     -0.40
     -0.66      0.00     -0.21
     -0.51      0.00      0.00
     -0.27      0.03      0.19
      0.06      0.03      0.31
      0.47      0.00      0.34
      0.92     -0.07      0.27
      1.33     -0.19      0.17
      1.64     -0.31      0.05
      1.81     -0.40     -0.04
      1.88     -0.52     -0.12
      1.93     -0.52     -0.14
      2.00     -0.50     -0.16
      2.10     -0.50     -0.24
      2.22     -0.50     -0.36
      2.31     -0.48     -0.50
      2.31     -0.43     -0.67
      2.24     -0.36     -0.83
      2.10     -0.31     -0.93
      1.88     -0.26     -0.93
      1.62     -0.24     -0.81
      1.28     -0.26     -0.62
      0.92     -0.26     -0.40
      0.54     -0.28     -0.19
      0.18     -0.24      0.00
     -0.18     -0.19      0.19
     -0.44     -0.12      0.41
     -0.61     -0.04      0.67
     -0.70      0.03      0.94
     -0.70      0.08      1.15
     -0.68      0.08      1.30
     -0.70      0.08      1.30
     -0.75      0.10      1.18
     -0.85      0.15      1.03
     -0.94      0.20      0.87
     -1.02      0.22      0.75
     -1.02      0.22      0.72
     -0.90      0.20      0.72
     -0.63      0.20      0.70
     -0.27      0.22      0.58
      0.13      0.27      0.34
      0.49      0.36      0.05
      0.76      0.44     -0.33
      0.90      0.53     -0.72
      0.95      0.63     -1.00
      0.90      0.67     -1.17
      0.83      0.70     -1.17
      0.78      0.67     -1.10
      0.80      0.63     -0.95
      0.85      0.60     -0.81
      0.92      0.58     -0.67
      0.92      0.55     -0.55
      0.80      0.53     -0.45
      0.61      0.48     -0.38
      0.35      0.44     -0.33
      0.13      0.41     -0.33
     -0.06      0.39     -0.31
     -0.20      0.34     -0.28
     -0.27      0.24     -0.24
     -0.32      0.08     -0.14
     -0.35     -0.07     -0.04
     -0.39     -0.24     -0.02
     -0.47     -0.36      0.00
     -0.51     -0.43      0.00
     -0.54     -0.43      0.00
     -0.54     -0.40     -0.02
     -0.49     -0.38      0.00
     -0.42     -0.36      0.05
     -0.37     -0.38      0.10
     -0.30     -0.38      0.12
     -0.23     -0.36      0.12
     -0.15     -0.33      0.10
     -0.08     -0.28      0.03
     -0.03     -0.24     -0.07
     -0.01     -0.19     -0.12
     -0.06     -0.14     -0.14
     -0.13     -0.12     -0.09
     -0.18     -0.12     -0.04
     -0.25     -0.14      0.03
     -0.30     -0.16      0.15
     -0.32     -0.21      0.27
     -0.27     -0.24      0.41
     -0.18     -0.26      0.55
     -0.01     -0.26      0.65
      0.18     -0.24      0.67
      0.37     -0.24      0.63
      0.56     -0.21      0.46
      0.71     -0.14      0.19
      0.76     -0.02     -0.14
      0.71      0.12     -0.50
      0.64      0.24     -0.74
      0.56      0.32     -0.86
      0.54      0.34     -0.83
      0.54      0.29     -0.69
      0.56      0.22     -0.50
      0.59      0.15     -0.38
      0.56      0.05     -0.38
      0.52      0.00     -0.48
      0.42     -0.04     -0.64
      0.35     -0.09     -0.81
      0.33     -0.14     -0.93
      0.30     -0.14     -0.95
      0.30     -0.12     -0.86
      0.25     -0.07     -0.67
      0.16      0.00     -0.40
     -0.03      0.05     -0.16
     -0.27      0.12      0.05
     -0.49      0.15      0.19
     -0.75      0.15      0.27
     -0.92      0.12      0.34
     -1.02      0.08      0.36
     -1.02      0.03      0.41
     -0.94      0.00      0.46
     -0.80      0.00      0.51
     -0.66     -0.04      0.53
     -0.51     -0.09      0.55
     -0.37     -0.14      0.58
     -0.23     -0.14      0.58
     -0.08     -0.14      0.60
      0.04     -0.16      0.60
      0.13     -0.21      0.58
      0.18     -0.26      0.53
      0.18     -0.31      0.51
      0.13     -0.31      0.51
      0.06     -0.28      0.55
     -0.01     -0.26      0.63
     -0.06     -0.26      0.77
     -0.06     -0.31      0.91
     -0.06     -0.36      1.03
     -0.03     -0.40      1.11
     -0.11     -0.43      1.13
     -0.18     -0.38      1.06
     -0.27     -0.33      0.96
     -0.37     -0.28      0.87
     -0.42     -0.24      0.77
     -0.42     -0.19      0.65
     -0.35     -0.09      0.53
     -0.23     -0.02      0.41
     -0.08      0.03      0.29
     -0.01      0.05      0.19
      0.06      0.03      0.17
      0.11      0.00      0.19
      0.06      0.00      0.39
     -0.01      0.03      0.63
     -0.13      0.03      0.84
     -0.27      0.05      1.01
     -0.39      0.08      1.03
     -0.44      0.15      0.96
     -0.44      0.24      0.77
     -0.37      0.29      0.53
     -0.25      0.36      0.36
     -0.15      0.39      0.27
     -0.06      0.36      0.29
     -0.06      0.34      0.36
     -0.08      0.32      0.41
     -0.13      0.32      0.36
     -0.18      0.29      0.24
     -0.23      0.27      0.08
     -0.25      0.24     -0.09
     -0.23      0.22     -0.26
     -0.13      0.17     -0.36
     -0.01      0.17     -0.40
      0.13      0.15     -0.43
      0.25      0.15     -0.43
      0.35      0.17     -0.48
      0.45      0.20     -0.55
      0.49      0.24     -0.64
      0.56      0.29     -0.79
      0.66      0.32     -0.88
      0.76      0.32     -0.98
      0.88      0.27     -1.05
      0.92      0.22     -1.12
      0.92      0.08     -1.17
      0.88     -0.02     -1.24
      0.76     -0.14     -1.31
      0.61     -0.24     -1.36
      0.49     -0.31     -1.36
      0.40     -0.36     -1.31
      0.33     -0.36     -1.24
      0.28     -0.28     -1.12
      0.18     -0.21     -0.98
      0.11     -0.14     -0.81
      0.04     -0.09     -0.64
     -0.03     -0.04     -0.43
     -0.06     -0.04     -0.16
     -0.08     -0.09      0.17
     -0.06     -0.19      0.53
     -0.06     -0.28      0.82
     -0.11     -0.33      1.01
     -0.18     -0.36      1.03
     -0.25     -0.36      0.96
     -0.30     -0.38      0.77
     -0.27     -0.40      0.58
     -0.15     -0.43      0.46
     -0.03     -0.48      0.46
      0.13     -0.48      0.58
      0.23     -0.45      0.79
      0.25     -0.36      0.99
      0.23     -0.21      1.11
      0.16     -0.07      1.08
      0.06      0.10      0.91
     -0.01      0.24      0.63
     -0.11      0.39      0.29
     -0.18      0.46     -0.02
     -0.27      0.51     -0.28
     -0.39      0.53     -0.52
     -0.51      0.55     -0.62
     -0.61      0.51     -0.67
     -0.66      0.41     -0.64
     -0.63      0.34     -0.60
     -0.56      0.24     -0.55
     -0.42      0.17     -0.50
     -0.25      0.10     -0.48
     -0.03      0.03     -0.50
      0.23      0.00     -0.55
      0.54     -0.09     -0.62
      0.85     -0.12     -0.72
      1.16     -0.16     -0.79
      1.40     -0.16     -0.86
      1.52     -0.16     -0.91
      1.52     -0.14     -0.95
      1.52     -0.14     -0.95
