********************************************************************************
                       INSTITUTO DE INGENIERIA, UNAM
                   Coordinacion de Instrumentacion Sismica
  Ciudad Universitaria, Apartado Postal 70-472, Coyoacan 04510, Mexico, D.F.
 Tel.(52-5)622-3414    Fax.(52-5)616-1514    e-mail: isismica@pumas.iingen.unam.mx
********************************************************************************
ARCHIVO ESTANDAR DE ACELERACION:
VERSION DEL FORMATO                    : 2.0
NOMBRE DEL ARCHIVO                     : MHOS8011.051
FECHA Y HORA DE CREACION               : Tue Mar  3 11:23:35 1998
REF. CATALOGO ACELEROGRAMAS, SMIS 1995 : REGISTRO No. 272 /PAG. 54


================================================================================
DATOS DE LA ESTACION:
NOMBRE DE LA ESTACION                  : MEXICALI HOSPITAL SOTANO
CLAVE DE LA ESTACION                   : MHOS
LOCALIZACION DE LA ESTACION            : SOTANO DEL HOSPITAL GENERAL, MEXICALI, BAJA CALIFORNIA.
                                       : 
                                       : 
                                       : 
                                       : 
COORDENADAS DE LA ESTACION             : 32.65 LAT. N
                                       : 115.47 LONG. W
ALTITUD (msnm)                         : 8
TIPO DE SUELO                          : EDIFICIO DE CONCRETO
                                       : 
                                       : 
INSTITUCION RESPONSABLE                : INSTITUTO DE INGENIERIA UNAM 
                                       : 

================================================================================
DATOS DEL ACELEROGRAFO:
MODELO DEL ACELEROGRAFO                : SMA-1
NUMERO DE SERIE DEL ACELEROGRAFO       : 2576
NUMERO DE CANALES                      : 3
ORIENTACION C1-C6 (rumbo;orientacion)  : /N90W/+V/S00E
ORIENTACION C7-C12 (rumbo;orientacion) :
VEL. DE MUESTREO, C1-C6 (muestras/s)   : /--/--/--
VEL. DE MUESTREO, C7-C12 (muestras/s)  :
ESC. COMPLETA DE SENSORES, C1-C6, (g)  : /1/1/1
ESC. COMPLETA DE SENSORES, C7-C12, (g) :
FREC. NAT. DE SENSORES, C1-C6, (Hz)    : /25.8/26.8/26.3
FREC. NAT. DE SENSORES, C7-C12, (Hz)   :
AMORTIGUAMIENTO DE SENSORES, C1-C6     : /0.6/0.6/0.6
AMORTIGUAMIENTO DE SENSORES, C7-C12    :
INTERVALO DE MUESTREO, C1-C6, (s)      : /0.02/0.01/0.02
INTERVALO DE MUESTREO, C7-C12, (s)     :
UMBRAL DE DISPARO, C1-C6, (Gal)       *: /--/10/--
UMBRAL DE DISPARO, C7-C12, (Gal)       :
MEMORIA DE PREEVENTO (s)               : 0
TIEMPO DE POSEVENTO (s)                : 8


================================================================================
DATOS DEL SISMO:
FECHA DEL SISMO [GMT]                  : 1980/11/05
HORA EPICENTRO (GMT)                   : 17:05:05.0
MAGNITUD(ES)                           : /Mc=4.70
COORDENADAS DEL EPICENTRO              : 23.954 LAT. N 
                                       : 108.776 LONG. W
PROFUNDIDAD FOCAL (km)                 : 33 
FUENTES DE LOS DATOS EPICENTRALES      : NEIC, USGS
                                       : 

================================================================================
DATOS DE ESTE REGISTRO:
HORA DE LA PRIMERA MUESTRA (GMT)       : --:--:--.-
EXACTITUD DEL TIEMPO (s)               : --    
DURACION DEL REGISTRO (s), C1-C6       : /9.54/8.66/8.9
DURACION DEL REGISTRO (s), C7-C12      :
NUM. TOTAL DE MUESTRAS, C1-C6          : /477/866/445   
NUM. TOTAL DE MUESTRAS, C7-C12         :
ACEL. MAX.(Gal), C1-C6                 : /-40.782/-21.314/-30.373
ACEL. MAX., C1-C6, EN LA MUESTRA       : /143/169/151   
ACEL. MAX.(Gal), C7-C12                :
ACEL. MAX., C7-C12, EN LA MUESTRA      :
UNIDADES DE LOS DATOS                  : Gal (cm/s/s)
FACTOR DE DECIMACION                   : 1
FORMATO DATOS (FORTRAN,10 campos/dato) : 3F10.3


===============================================================================
CALIDAD DEL ACELEROGRAMA:
REGISTRO ANALOGICO AL QUE FALTA UNA PARTE AL INICIO SIN TIEMPO
ABSOLUTO. DIGITALIZACION SEMIAUTOMATICA O MANUAL.

===============================================================================
COMENTARIOS:

          * Disparo por arrancador mecánico
            Registro en película fotográfica de 70 mm











===============================================================================
DATOS DE ACELERACION:
---------+---------+---------+---------+---------+---------+---------+---------+
   CANAL-1   CANAL-2   CANAL-3   CANAL-4   CANAL-5   CANAL-6   CANAL-7   CANAL-8
      N90W        +V      S00E
---------+---------+---------+---------+---------+---------+---------+---------+
     0.441   -13.188     1.483
     2.098   -16.567    -1.772
    -0.209    -7.131    -1.233
     0.085     6.465     1.743
     0.259     5.694     1.081
    -0.529    -6.713    -0.859
     0.039   -11.729    -0.157
     0.530    -4.316     0.036
     0.151     4.548     0.283
     0.201     4.601     2.164
     1.219    -0.389    -0.444
    -1.470    -3.550    -1.287
     0.323    -1.942     1.550
     0.629     3.757    -1.505
    -0.898     7.114    -0.225
     1.095     4.043     1.144
    -0.797     0.081    -1.633
    -1.629     2.059     1.074
     0.805     3.771    -0.879
    -0.451    -0.146    -1.494
    -0.560    -3.788     2.663
     1.179     4.094     1.762
    -0.051    15.697    -1.204
     0.364     8.352    -0.758
     1.464    -7.483     0.450
     0.637    -9.713     0.519
     1.033    -0.352     0.848
     0.962     4.950    -0.666
    -0.483     1.970     1.179
    -0.581    -2.804     0.678
    -0.239    -8.294    -0.864
     0.082    -3.802     0.023
     0.158     7.331     0.098
    -0.198    10.578     0.867
    -0.884     3.754     0.825
    -0.662    -8.815    -0.368
    -0.317    -8.737     0.063
    -0.607     0.151     0.818
     0.481     1.705    -0.458
     0.037     1.132    -0.179
    -0.567     1.337    -0.789
     0.539     0.701    -0.385
    -0.066    -1.468    -0.040
    -0.345    -2.557    -0.214
     0.437    -1.916    -0.658
    -0.343    -0.065     0.223
    -0.537     3.765    -0.169
     0.700     5.023    -0.451
     0.801     3.400    -0.290
    -0.367     0.839    -1.349
    -0.347    -1.083     0.551
    -0.246    -0.231    -0.071
     0.053     2.243    -0.141
     0.816    -0.567    -1.418
    -2.389    -9.079    -1.433
    -0.819    -7.560     1.500
     0.628     2.931     0.712
    -0.395     5.875     0.833
    -0.572     1.893    -1.276
    -1.308    -1.766     0.774
     0.567    -3.275     1.284
    -0.536    -2.180    -1.772
    -1.096     0.217     1.111
    -0.450    -0.522    -0.375
    -0.655    -2.293    -1.745
    -0.694     1.049    -0.532
     1.096     4.871    -2.882
     0.184     3.352    -1.437
     0.829    -1.280     1.458
     1.987    -3.224     1.352
     0.084    -0.584    -0.452
     0.385     1.983     1.134
     1.208     1.268     0.726
     0.335    -1.161    -2.367
    -1.103    -0.729     0.254
    -0.148     0.712     0.382
    -0.188    -1.655     1.517
     1.600    -3.302     1.915
     2.236    -0.420    -0.653
     0.045     2.938    -1.525
    -0.049     1.792     1.142
     0.500    -1.082     0.492
    -1.511    -0.595     1.770
     0.106     0.088     2.898
     1.221     0.109     1.370
    -0.101    -0.150     0.729
     0.387    -2.404     1.644
    -0.798    -3.287     2.150
    -0.726    -2.755    -2.569
    -1.039    -2.361    -0.027
     0.280    -1.187     3.542
     2.368     1.257     1.532
     1.216     5.330    -3.360
    -0.939     6.361    -1.384
    -0.865     1.978    -0.982
    -0.412    -0.899    -0.588
    -0.024     1.152     1.259
     1.459     0.323    -0.460
     1.536    -2.777     0.551
     1.125    -0.560     0.426
     1.309     1.015    -3.289
     0.237    -2.905    -2.720
    -1.024    -4.537     1.771
    -1.467    -1.312     1.930
    -2.307    -1.671    -0.086
    -1.215    -3.860    -2.170
    -0.076    -3.252    -1.004
     0.367    -1.870     0.541
     0.328     2.254     0.757
    -1.427     4.624    -2.529
    -2.231     2.137    -0.986
    -1.040    -0.774     0.027
    -1.221    -0.531    -1.667
    -1.476    -1.187    -0.028
    -0.025    -5.685    -0.122
    -0.186    -5.088    -0.815
    -0.719     1.169    -1.299
    -1.545     6.442    -1.262
    -2.879     7.141    -2.164
    -0.413     5.129    -0.607
     1.755     2.834    -0.553
     0.330     0.966    -0.761
    -0.406     3.175    -1.074
    -0.406     3.209    -0.568
    -0.663    -6.079     1.102
    -1.485   -13.591    -0.548
    -1.193    -4.553    -0.582
    -2.211     7.230     1.850
    -1.483     6.360    -1.347
    -0.037    -0.876    -4.026
     1.121    -7.580    -2.257
     3.751    -4.493    -1.471
     4.847     1.318    -1.906
     6.426     3.181    -6.902
    11.857     7.064    -7.035
    21.134     7.552    -2.280
    29.074     4.598     9.253
    25.580     2.992    18.915
     2.273     3.600    19.602
   -23.511     1.389    13.667
   -36.154    -6.215     6.409
   -39.943   -11.075     6.153
   -40.782    -7.874     7.626
   -32.497    -2.386     6.987
    -7.793    -1.140    -0.477
    17.220     1.839    -1.170
    29.750     6.245     3.346
    25.904     5.516     2.002
     5.531     1.968    -4.197
   -10.998     2.855   -19.037
    -8.520     7.500   -30.373
     1.282     6.883   -16.698
     6.115     3.738     4.402
    12.749    -0.607    -0.637
    13.455    -6.805    -4.272
     3.058   -10.078    -5.784
     3.648    -9.986    -5.811
     3.692    -5.400    -6.083
    -0.030    -0.335     3.005
    -3.900     2.594     4.923
   -14.131     2.919     1.920
   -12.450     2.002    17.654
    -1.539     4.252    14.781
     4.118     4.425     0.935
     5.096     3.689    -2.574
    -2.366     5.483     5.784
    -0.364     1.952    -2.213
     8.459   -10.327   -13.765
     0.218   -21.314   -12.536
    -2.309   -13.772    -3.436
     4.267     4.074     4.283
     7.905    10.499     2.040
     6.572    10.873     1.665
     5.660     7.481     4.911
     1.595    -2.353     5.719
     1.172    -2.613    -1.133
     8.275     6.103    -3.944
     5.433     8.531    14.007
   -10.058     6.024    20.048
   -11.140     4.091     2.643
     2.998     0.672   -15.830
     3.482    -4.942    -7.856
    -0.614   -10.481     5.534
    -3.675   -10.594     2.669
    -2.675    -4.322    -6.079
     0.004    -0.263    -8.252
    -4.497     1.318     3.071
    -5.339     3.256     7.935
    -2.649     2.297     0.683
    -2.255     0.489    -8.183
    -0.014     3.180    -3.405
     4.317     7.125    -1.563
     4.757     1.134     1.931
    -2.778   -10.076     9.582
    -2.995    -8.626     6.948
    -5.820     4.186    -1.057
    -7.849     9.581    -2.684
    -1.376     5.327    -1.730
     2.644    -0.199    -4.713
     6.716    -7.430    -2.854
     8.607    -7.536    -5.483
     5.925    -0.393    -5.668
     0.823     0.810     2.400
    -5.357    -1.482     2.871
    -2.926    -1.616    -5.395
     3.861    -0.363    -9.820
     2.436    -0.167    -4.023
    -2.054    -0.073     4.344
    -8.846     1.410     1.045
    -1.901     2.140    -1.445
     1.245     2.025    -2.762
    -3.321     1.189    -4.841
     1.999     1.468     0.584
     6.993     2.100     3.229
     6.619    -0.353     2.961
     6.649    -4.383     1.611
     4.665    -5.989     2.428
    -1.459    -2.261     6.695
    -1.613     0.781     6.331
    -4.125    -2.461     3.466
    -8.332    -3.452    -0.129
    -8.816     2.358    -3.041
    -3.710     6.396    -2.855
     1.640     4.983     2.083
    -2.307     2.600     4.893
    -3.706    -0.190     0.647
    -2.778    -4.173     3.364
    -0.663    -7.840     3.880
     4.528    -8.555    -3.131
     3.632    -4.395    -4.991
     1.308     0.618    -3.961
     2.555     2.393    -2.043
     5.449     1.904    -1.990
     8.029     0.934    -4.403
     7.414     1.010    -0.168
     2.237     3.358     2.445
    -3.624     4.181     3.547
    -4.377     1.870     2.560
    -4.323     2.115     1.126
    -4.880     2.831    -0.262
    -3.199     1.034     0.348
    -0.264    -0.076     4.817
     3.012    -0.163     4.380
     3.316    -0.323     4.041
     0.515    -0.674     1.468
    -0.364    -0.641    -2.677
    -1.652    -1.402    -3.732
    -1.413    -0.306    -2.233
     2.010     3.579    -1.706
     0.941     3.526    -3.705
    -1.174     0.376    -0.454
    -2.404    -0.070     5.911
    -1.825     1.815     1.412
     0.204     2.678    -0.806
    -1.871     1.240     3.300
    -0.917    -3.973     1.961
     1.229    -7.815    -1.196
     0.157    -3.116    -2.678
    -0.338     2.668    -3.382
    -0.879     3.805    -4.080
     1.311     2.929    -3.712
     3.990     1.249    -2.089
     1.219     0.303    -0.572
     1.114     0.100    -1.114
     2.271     0.313     0.330
    -0.783     0.307     1.313
    -0.066     0.278    -0.360
     1.368     0.356    -1.079
    -0.324    -0.793    -1.440
    -1.253    -0.919    -0.134
    -2.334     0.298     1.667
    -3.861    -0.254     1.811
    -4.455    -0.160     2.858
    -3.205     1.923     3.056
    -1.835     0.769     2.577
    -2.168    -3.347     1.393
     0.495    -5.465    -2.530
     3.418    -4.468    -2.724
     2.073    -2.292    -1.048
    -0.011    -0.552    -0.727
     0.180     0.829    -1.361
     1.924    -0.645    -1.808
     1.538    -3.202     0.154
     3.879    -1.609     1.370
     6.062     0.415     0.261
     4.912     0.928    -0.120
     1.701     2.458     1.003
    -2.377     3.775     4.343
    -6.239     4.458     2.473
    -5.631     4.566     0.083
    -0.098     3.862    -0.472
     3.247     1.453    -2.350
     3.492    -2.074     0.136
     1.599    -0.936     1.821
     1.986     3.506     2.320
     2.620     4.487     0.346
    -0.806     2.932    -4.449
    -4.203     0.717    -5.188
    -3.866    -2.175    -2.474
    -0.689    -4.085    -1.212
     1.742    -3.757    -2.884
     3.423    -1.418    -2.953
     2.830    -0.311     2.500
    -1.559    -2.008     8.946
    -4.762    -3.064     8.498
    -4.375    -3.038     4.666
    -3.850    -3.180     1.309
    -3.272    -2.521    -1.218
    -0.020    -2.631    -2.762
     3.331    -2.645    -2.220
     6.969    -2.107    -2.401
     6.134    -4.665    -3.039
     2.347    -7.754    -2.031
    -1.270    -6.714     1.155
    -3.016    -2.528     3.242
    -3.995     2.524     0.264
    -5.085     6.108    -1.913
    -1.954     6.159    -4.237
     0.070     4.836    -5.296
     0.096     4.786    -2.320
     0.159     5.089     1.900
     0.702     4.109     1.713
     1.821     1.039    -0.114
     1.695    -0.584     0.840
    -0.620     1.950     4.330
    -1.911     4.956     2.504
    -1.110     5.682    -2.094
    -1.541     4.310    -2.451
    -0.947     1.335    -1.630
     0.870    -1.541     1.096
     4.777    -2.118     3.110
     5.809    -2.071     2.621
     1.950    -5.239     0.400
    -0.923    -8.013    -1.613
    -0.466    -7.534    -2.128
     2.561    -8.936    -1.282
     4.725    -9.836     0.300
     4.685    -5.680    -0.614
     1.033    -0.524    -1.090
    -2.875     2.218     1.868
    -7.071     2.823     2.821
   -10.037     4.303     0.763
    -9.905     6.013    -0.620
    -6.423     4.612    -1.153
    -4.441     2.723    -1.771
    -2.919     2.694    -0.478
    -1.133     3.763     2.736
    -0.478     5.403     3.383
     1.182     5.586     0.487
     0.666     3.163    -1.007
     4.200     0.039    -1.130
     9.246    -2.743    -0.733
     7.933    -3.092    -1.147
     4.690    -0.090    -2.809
     3.559     1.488    -0.663
     4.424    -0.013     2.789
     5.036    -0.709     2.217
     1.641     0.016    -1.773
    -1.851    -1.240    -5.725
    -2.450    -3.328    -4.819
    -3.372    -3.383    -2.512
    -3.143    -2.531     1.298
    -1.820    -0.392     5.453
    -3.482     2.732     3.606
    -5.836     6.012     1.022
    -4.330     8.826     0.279
    -0.643     5.991     2.668
     1.379    -1.166     3.334
     3.630    -3.157     1.520
     4.944    -0.356     1.624
     3.378     1.225     0.772
     0.964     0.862     0.301
     0.796    -0.919    -0.808
     1.174    -2.237    -2.539
    -1.889    -1.469    -3.136
    -3.870    -0.332    -4.160
    -2.725    -0.034    -4.007
    -1.370    -0.692    -0.388
     0.415    -2.408     1.673
    -0.503    -4.087     0.451
    -0.606    -4.676    -1.875
     0.282    -4.042    -2.813
    -0.468    -2.513    -2.857
    -0.239    -0.393    -2.117
     0.532     1.907    -1.428
     0.555     2.956    -0.694
     0.431     3.355    -0.536
     1.675     3.490     0.161
     1.707     4.007     3.828
     0.507     4.658     3.750
    -1.450     2.360     1.574
    -1.894    -1.610     0.411
    -0.104    -5.395     0.120
     0.958    -6.773     0.537
     0.058    -4.466     2.097
    -2.230    -2.582     2.959
    -2.474    -2.076     2.499
     0.048    -1.207     1.762
     2.826    -1.447     1.192
     0.612    -3.375     0.637
    -0.794    -1.789    -2.281
    -0.359     3.649    -6.169
    -0.192     7.013    -4.517
    -0.012     7.240     0.878
    -1.749     6.520     2.216
    -1.747     5.124     0.914
     2.368     1.843    -0.330
     6.331    -1.355    -0.782
     3.344    -2.610     0.012
    -0.202    -2.062     1.169
    -1.936    -1.422     1.063
    -1.717    -2.093     0.643
     0.399    -1.495     1.365
     2.329    -0.499     3.236
     0.644    -0.357     3.682
    -1.342    -0.203     1.558
    -0.822    -0.628    -1.197
    -0.228    -1.571    -3.517
    -0.565    -2.148    -2.572
    -1.234    -1.241    -0.977
    -1.388    -0.936    -1.034
    -1.248    -1.782    -0.311
    -0.694    -1.764    -0.379
    -1.265    -0.620    -0.597
    -0.646     0.170    -0.282
     1.263    -1.121     0.212
     1.594    -2.510    -0.418
    -0.322    -2.568    -1.021
    -0.647    -1.110    -0.591
     0.320     1.092    -0.056
     1.464     3.267     0.232
     1.205     5.997    -0.703
    -0.584     6.737    -0.695
    -0.182     5.245     0.480
     1.764     2.897     1.081
     3.429     1.267    -0.019
     2.391     2.068    -1.650
     0.531     2.523     0.831
    -1.731     1.563     3.593
    -1.982     0.078     2.900
     0.325    -1.514     0.353
     0.506    -1.079    -2.155
     0.808     0.337    -3.084
     0.886     0.644    -3.134
    -0.398     0.564    -1.154
    -1.005     0.313     0.000
    -1.321     0.282     0.000
    -2.178     0.217     0.000
    -2.397     0.264     0.000
    -1.963    -0.293     0.000
     1.036    -2.963     0.000
     3.476    -4.567     0.000
     1.225    -5.837     0.000
    -1.146    -7.160     0.000
    -1.182    -5.684     0.000
    -0.555    -3.677     0.000
    -0.648    -1.615     0.000
    -0.531     0.217     0.000
     1.176     0.535     0.000
     1.011     0.025     0.000
    -0.418    -1.222     0.000
    -1.249    -2.216     0.000
    -1.626    -1.737     0.000
    -2.031    -0.374     0.000
    -1.799     0.415     0.000
    -0.265    -0.591     0.000
     2.563    -2.914     0.000
     4.086    -2.655     0.000
     1.882     0.335     0.000
     0.247     2.543     0.000
    -0.072     3.802     0.000
     1.094     4.960     0.000
     1.628     5.275     0.000
     2.582     4.839     0.000
     1.199     5.520     0.000
    -0.596     6.101     0.000
    -0.952     5.942     0.000
     0.000     5.345     0.000
     0.000     2.910     0.000
     0.000     0.214     0.000
     0.000    -1.543     0.000
     0.000    -2.434     0.000
     0.000    -3.098     0.000
     0.000    -3.274     0.000
     0.000    -1.474     0.000
     0.000     0.455     0.000
     0.000    -0.059     0.000
     0.000    -2.321     0.000
     0.000    -3.697     0.000
     0.000    -4.112     0.000
     0.000    -4.348     0.000
     0.000    -4.422     0.000
     0.000    -4.334     0.000
     0.000    -2.487     0.000
     0.000     0.380     0.000
     0.000     2.045     0.000
     0.000     2.559     0.000
     0.000     2.445     0.000
     0.000     2.268     0.000
     0.000     2.495     0.000
     0.000     2.696     0.000
     0.000     2.010     0.000
     0.000     1.355     0.000
     0.000     1.591     0.000
     0.000     1.090     0.000
     0.000     0.181     0.000
     0.000     0.751     0.000
     0.000     1.599     0.000
     0.000     1.170     0.000
     0.000    -0.300     0.000
     0.000    -1.157     0.000
     0.000    -0.054     0.000
     0.000     0.603     0.000
     0.000    -1.317     0.000
     0.000    -3.639     0.000
     0.000    -4.887     0.000
     0.000    -5.295     0.000
     0.000    -4.986     0.000
     0.000    -4.326     0.000
     0.000    -2.880     0.000
     0.000    -1.780     0.000
     0.000    -2.129     0.000
     0.000    -1.401     0.000
     0.000     0.444     0.000
     0.000     1.410     0.000
     0.000     2.155     0.000
     0.000     2.968     0.000
     0.000     3.727     0.000
     0.000     4.749     0.000
     0.000     5.344     0.000
     0.000     5.382     0.000
     0.000     5.033     0.000
     0.000     4.083     0.000
     0.000     2.682     0.000
     0.000     1.111     0.000
     0.000    -0.203     0.000
     0.000    -0.658     0.000
     0.000    -0.001     0.000
     0.000     0.554     0.000
     0.000     0.222     0.000
     0.000    -0.643     0.000
     0.000    -1.663     0.000
     0.000    -1.792     0.000
     0.000    -2.309     0.000
     0.000    -3.886     0.000
     0.000    -3.819     0.000
     0.000    -2.276     0.000
     0.000    -1.403     0.000
     0.000    -1.383     0.000
     0.000    -1.580     0.000
     0.000    -1.774     0.000
     0.000    -2.069     0.000
     0.000    -1.971     0.000
     0.000    -1.227     0.000
     0.000    -0.424     0.000
     0.000     0.457     0.000
     0.000     1.347     0.000
     0.000     2.807     0.000
     0.000     4.386     0.000
     0.000     3.771     0.000
     0.000     1.526     0.000
     0.000    -1.279     0.000
     0.000    -3.591     0.000
     0.000    -2.958     0.000
     0.000    -0.795     0.000
     0.000     1.102     0.000
     0.000     3.315     0.000
     0.000     4.114     0.000
     0.000     3.220     0.000
     0.000     2.654     0.000
     0.000     2.178     0.000
     0.000     2.460     0.000
     0.000     2.548     0.000
     0.000     1.021     0.000
     0.000    -0.270     0.000
     0.000    -1.010     0.000
     0.000    -1.188     0.000
     0.000    -1.349     0.000
     0.000    -2.249     0.000
     0.000    -2.915     0.000
     0.000    -3.049     0.000
     0.000    -2.734     0.000
     0.000    -2.312     0.000
     0.000    -1.483     0.000
     0.000    -0.844     0.000
     0.000    -0.501     0.000
     0.000     0.633     0.000
     0.000     1.460     0.000
     0.000     1.343     0.000
     0.000     1.129     0.000
     0.000     0.694     0.000
     0.000    -0.456     0.000
     0.000    -1.413     0.000
     0.000    -1.541     0.000
     0.000    -1.410     0.000
     0.000    -1.120     0.000
     0.000    -0.916     0.000
     0.000    -0.788     0.000
     0.000    -0.625     0.000
     0.000    -0.589     0.000
     0.000    -0.771     0.000
     0.000    -0.815     0.000
     0.000    -0.483     0.000
     0.000     0.055     0.000
     0.000     0.690     0.000
     0.000     1.086     0.000
     0.000     1.328     0.000
     0.000     1.323     0.000
     0.000     0.753     0.000
     0.000    -0.614     0.000
     0.000    -1.514     0.000
     0.000    -0.654     0.000
     0.000     0.036     0.000
     0.000    -0.096     0.000
     0.000     0.107     0.000
     0.000     1.118     0.000
     0.000     1.782     0.000
     0.000     0.597     0.000
     0.000    -0.887     0.000
     0.000    -1.241     0.000
     0.000    -0.189     0.000
     0.000     0.469     0.000
     0.000    -0.379     0.000
     0.000     0.220     0.000
     0.000     1.947     0.000
     0.000     2.433     0.000
     0.000     2.207     0.000
     0.000     1.721     0.000
     0.000     1.266     0.000
     0.000     1.058     0.000
     0.000     0.565     0.000
     0.000    -0.376     0.000
     0.000    -1.587     0.000
     0.000    -2.721     0.000
     0.000    -3.290     0.000
     0.000    -3.150     0.000
     0.000    -1.841     0.000
     0.000    -0.685     0.000
     0.000    -0.962     0.000
     0.000    -1.087     0.000
     0.000    -0.461     0.000
     0.000     0.209     0.000
     0.000     0.503     0.000
     0.000     0.450     0.000
     0.000     1.121     0.000
     0.000     2.154     0.000
     0.000     2.618     0.000
     0.000     2.809     0.000
     0.000     3.097     0.000
     0.000     3.002     0.000
     0.000     2.395     0.000
     0.000     2.706     0.000
     0.000     3.342     0.000
     0.000     2.597     0.000
     0.000     1.655     0.000
     0.000     0.404     0.000
     0.000    -0.642     0.000
     0.000     0.205     0.000
     0.000     0.748     0.000
     0.000    -0.000     0.000
     0.000    -0.374     0.000
     0.000    -0.441     0.000
     0.000    -0.439     0.000
     0.000    -0.505     0.000
     0.000    -0.920     0.000
     0.000    -1.456     0.000
     0.000    -1.998     0.000
     0.000    -2.300     0.000
     0.000    -2.262     0.000
     0.000    -1.449     0.000
     0.000    -0.130     0.000
     0.000     0.138     0.000
     0.000    -0.159     0.000
     0.000    -0.808     0.000
     0.000    -1.280     0.000
     0.000    -0.499     0.000
     0.000     0.455     0.000
     0.000     1.053     0.000
     0.000     0.084     0.000
     0.000    -1.683     0.000
     0.000    -2.170     0.000
     0.000    -2.095     0.000
     0.000    -1.240     0.000
     0.000     0.177     0.000
     0.000     1.236     0.000
     0.000     1.583     0.000
     0.000     1.238     0.000
     0.000     0.688     0.000
     0.000    -0.233     0.000
     0.000    -0.848     0.000
     0.000    -0.967     0.000
     0.000    -0.805     0.000
     0.000    -0.223     0.000
     0.000     0.424     0.000
     0.000     0.731     0.000
     0.000     0.367     0.000
     0.000    -0.152     0.000
     0.000    -0.720     0.000
     0.000    -1.260     0.000
     0.000    -1.464     0.000
     0.000    -1.801     0.000
     0.000    -1.302     0.000
     0.000    -0.629     0.000
     0.000    -1.376     0.000
     0.000    -2.530     0.000
     0.000    -3.132     0.000
     0.000    -3.122     0.000
     0.000    -2.631     0.000
     0.000    -1.751     0.000
     0.000    -0.656     0.000
     0.000     0.507     0.000
     0.000     1.799     0.000
     0.000     2.603     0.000
     0.000     3.067     0.000
     0.000     3.232     0.000
     0.000     3.119     0.000
     0.000     2.751     0.000
     0.000     1.784     0.000
     0.000     1.074     0.000
     0.000     0.891     0.000
     0.000     0.669     0.000
     0.000     0.632     0.000
     0.000     0.614     0.000
     0.000     0.653     0.000
     0.000     0.570     0.000
     0.000     0.055     0.000
     0.000    -0.535     0.000
     0.000    -0.915     0.000
     0.000    -1.002     0.000
     0.000    -0.778     0.000
     0.000    -0.342     0.000
     0.000     0.066     0.000
     0.000     0.075     0.000
     0.000    -0.188     0.000
     0.000    -0.450     0.000
     0.000    -0.381     0.000
     0.000     0.026     0.000
     0.000     0.949     0.000
     0.000     1.954     0.000
     0.000     2.232     0.000
     0.000     2.213     0.000
     0.000     2.253     0.000
     0.000     2.110     0.000
     0.000     1.668     0.000
     0.000     0.988     0.000
     0.000    -0.366     0.000
     0.000    -2.108     0.000
     0.000    -2.756     0.000
     0.000    -1.913     0.000
     0.000    -0.249     0.000
     0.000     0.825     0.000
     0.000     0.960     0.000
     0.000     0.625     0.000
     0.000    -0.031     0.000
     0.000    -0.364     0.000
     0.000    -0.382     0.000
     0.000    -0.466     0.000
     0.000    -0.789     0.000
     0.000    -1.121     0.000
     0.000    -1.126     0.000
     0.000    -0.842     0.000
     0.000    -0.427     0.000
     0.000     0.150     0.000
     0.000     0.477     0.000
     0.000     0.319     0.000
     0.000     0.196     0.000
     0.000     0.166     0.000
     0.000     0.180     0.000
     0.000    -0.052     0.000
     0.000    -0.506     0.000
     0.000    -1.015     0.000
     0.000    -1.523     0.000
     0.000    -1.777     0.000
     0.000    -1.948     0.000
     0.000    -1.094     0.000
     0.000     0.040     0.000
     0.000     1.138     0.000
     0.000     2.388     0.000
     0.000     2.357     0.000
     0.000     1.462     0.000
     0.000     0.123     0.000
     0.000    -1.388     0.000
     0.000    -2.354     0.000
     0.000    -3.018     0.000
     0.000    -3.760     0.000
     0.000    -3.200     0.000
     0.000    -0.567     0.000
     0.000     1.433     0.000
     0.000     2.524     0.000
     0.000     3.156     0.000
     0.000     3.273     0.000
     0.000     2.953     0.000
     0.000     1.765     0.000
     0.000     0.738     0.000
     0.000    -0.444     0.000
     0.000    -1.097     0.000
     0.000     0.207     0.000
     0.000     1.549     0.000
     0.000     1.990     0.000
     0.000     1.911     0.000
     0.000     1.449     0.000
     0.000     0.780     0.000
     0.000     0.066     0.000
     0.000    -0.525     0.000
     0.000    -1.454     0.000
     0.000    -2.693     0.000
     0.000    -2.935     0.000
     0.000    -2.331     0.000
     0.000    -1.437     0.000
     0.000    -0.706     0.000
     0.000    -0.747     0.000
     0.000    -1.064     0.000
     0.000    -1.515     0.000
     0.000    -1.955     0.000
     0.000    -2.023     0.000
     0.000    -1.856     0.000
     0.000    -1.651     0.000
     0.000    -1.590     0.000
     0.000    -1.539     0.000
     0.000    -1.102     0.000
     0.000    -0.069     0.000
     0.000     1.046     0.000
     0.000     1.941     0.000
     0.000     1.798     0.000
     0.000     1.186     0.000
     0.000     1.108     0.000
     0.000     0.996     0.000
     0.000     0.475     0.000
     0.000    -1.028     0.000
     0.000    -1.000     0.000
     0.000     0.565     0.000
     0.000     1.397     0.000
     0.000     2.641     0.000
     0.000     3.184     0.000
     0.000     2.989     0.000
     0.000     2.366     0.000
     0.000     0.688     0.000
     0.000    -0.756     0.000
     0.000    -1.801     0.000
     0.000    -2.206     0.000
     0.000    -2.189     0.000
     0.000    -2.119     0.000
     0.000    -1.353     0.000
     0.000     0.969     0.000
     0.000     3.370     0.000
     0.000     4.169     0.000
     0.000     4.136     0.000
     0.000     3.456     0.000
     0.000     2.310     0.000
     0.000     1.143     0.000
     0.000     0.490     0.000
     0.000     0.335     0.000
     0.000     0.025     0.000
     0.000    -0.115     0.000
     0.000    -0.239     0.000
     0.000    -0.031     0.000
     0.000     0.002     0.000
     0.000    -0.666     0.000
     0.000    -1.517     0.000
     0.000    -2.212     0.000
     0.000    -2.282     0.000
     0.000    -2.097     0.000
     0.000    -2.068     0.000
     0.000    -2.038     0.000
     0.000    -1.832     0.000
     0.000    -1.755     0.000
     0.000     0.000     0.000
     0.000     0.000     0.000
