********************************************************************************
                       INSTITUTO DE INGENIERIA, UNAM
                   Coordinacion de Instrumentacion Sismica
  Ciudad Universitaria, Apartado Postal 70-472, Coyoacan 04510, Mexico, D.F.
 Tel.(52-5)622-3414    Fax.(52-5)616-1514    e-mail: isismica@pumas.iingen.unam.mx
********************************************************************************
ARCHIVO ESTANDAR DE ACELERACION:
VERSION DEL FORMATO                    : 2.0
NOMBRE DEL ARCHIVO                     : MINA7811.291
FECHA Y HORA DE CREACION               : Thu Mar 12 11:51:22 1998
REF. CATALOGO ACELEROGRAMAS, SMIS 1995 : REGISTRO No. 179 /PAG. 46


================================================================================
DATOS DE LA ESTACION:
NOMBRE DE LA ESTACION                  : MINATITLAN
CLAVE DE LA ESTACION                   : MINA
LOCALIZACION DE LA ESTACION            : Caseta a 10 m de las oficinas
                                       : generales, a 4 m. de la calle sin
                                       : nombre y de la entrada al
                                       : estacionamiento en Minatitlan,
                                       : Veracruz
COORDENADAS DE LA ESTACION             : 17.980 LAT. N 
                                       : 94.541 LONG. W 
ALTITUD (msnm)                         : 30  
TIPO DE SUELO                          : ALUVIAL
                                       : 
                                       : 
INSTITUCION RESPONSABLE                : INSTITUTO DE INGENIERIA UNAM
                                       :

================================================================================
DATOS DEL ACELEROGRAFO:
MODELO DEL ACELEROGRAFO                : RFT-250
NUMERO DE SERIE DEL ACELEROGRAFO       : 0205
NUMERO DE CANALES                      : 3
ORIENTACION C1-C6 (rumbo;orientacion)  : /N00E/+V/N90W
ORIENTACION C7-C12 (rumbo;orientacion) :
VEL. DE MUESTREO, C1-C6 (muestras/s)   : /--/--/--
VEL. DE MUESTREO, C7-C12 (muestras/s)  :
ESC. COMPLETA DE SENSORES, C1-C6, (g)  : /0.5/0.5/0.5
ESC. COMPLETA DE SENSORES, C7-C12, (g) :
FREC. NAT. DE SENSORES, C1-C6, (Hz)    : /16.2/15.4/15.1
FREC. NAT. DE SENSORES, C7-C12, (Hz)   :
AMORTIGUAMIENTO DE SENSORES, C1-C6     : /0.6/0.6/0.6
AMORTIGUAMIENTO DE SENSORES, C7-C12    :
INTERVALO DE MUESTREO, C1-C6, (s)      : /0.03/0.03/0.03
INTERVALO DE MUESTREO, C7-C12, (s)     :
UMBRAL DE DISPARO, C1-C6, (Gal)       *: /--/10/--
UMBRAL DE DISPARO, C7-C12, (Gal)       :
MEMORIA DE PREEVENTO (s)               : 0
TIEMPO DE POSEVENTO (s)                : 8


================================================================================
DATOS DEL SISMO:
FECHA DEL SISMO [GMT]                  : 1978/11/29
HORA EPICENTRO (GMT)                   : 19:52:47,3
MAGNITUD(ES)                           : /Ms=7.80
COORDENADAS DEL EPICENTRO              : 16.000 LAT. N 
                                       : 96.690 LONG. W 
PROFUNDIDAD FOCAL (km)                 : 19 
FUENTES DE LOS DATOS EPICENTRALES      : S.K.SINGH (IG)
                                       : 

================================================================================
DATOS DE ESTE REGISTRO:
HORA DE LA PRIMERA MUESTRA (GMT)       : --:--:--.-
EXACTITUD DEL TIEMPO (s)               : --     
DURACION DEL REGISTRO (s), C1-C6       : /69.15/56.1/70.0
DURACION DEL REGISTRO (s), C7-C12      :
NUM. TOTAL DE MUESTRAS, C1-C6          : /2305/1870/2336
NUM. TOTAL DE MUESTRAS, C7-C12         :
ACEL. MAX.(Gal), C1-C6                 : /23.194/11.806/30.403   
ACEL. MAX., C1-C6, EN LA MUESTRA       : /1118/1305/393 
ACEL. MAX.(Gal), C7-C12                :
ACEL. MAX., C7-C12, EN LA MUESTRA      :
UNIDADES DE LOS DATOS                  : Gal (cm/s/s)
FACTOR DE DECIMACION                   : 1
FORMATO DATOS (FORTRAN,10 campos/dato) : 3F10.3


===============================================================================
CALIDAD DEL ACELEROGRAMA:
REGISTRO ANALOGICO AL QUE FALTA UNA PARTE AL INICIO SIN TIEMPO
ABSOLUTO. DIGITALIZACION SEMIAUTOMATICA O MANUAL.

===============================================================================
COMENTARIOS:

          * Disparo por arrancador mecánico
            Registro en película fotográfica de 70 mm











===============================================================================
DATOS DE ACELERACION:
---------+---------+---------+---------+---------+---------+---------+---------+
   CANAL-1   CANAL-2   CANAL-3   CANAL-4   CANAL-5   CANAL-6   CANAL-7   CANAL-8
      N00E        +V      N90W
---------+---------+---------+---------+---------+---------+---------+---------+
     1.913     0.594    -2.572
     0.933     0.588    -6.125
     0.575     0.652    -5.024
     0.299     0.965    -4.204
     0.675     1.331    -3.469
     1.019     1.555    -3.389
     0.894     1.551    -2.490
     0.769     1.414    -1.679
     0.892     1.392    -0.976
     1.010     1.354    -0.606
     1.152     1.257    -0.439
     0.951     0.585    -0.211
     0.735     0.090    -0.551
     0.674    -0.006    -1.543
     0.934     0.037    -2.307
     1.172     0.588    -1.812
     1.426     0.961    -0.773
     1.786     0.529    -1.041
     2.624     0.090    -0.429
     3.980     0.147    -0.406
     5.538     0.686    -0.347
     6.697     0.996    -0.095
     7.154     1.039    -0.018
     6.994     0.994    -0.312
     6.967     1.030    -0.564
     7.016     1.349    -0.770
     7.047     1.771    -0.716
     7.079     2.064    -0.403
     7.115     2.043    -0.240
     7.146     1.797    -0.542
     7.206     1.248    -1.174
     6.977     0.309    -1.551
     6.644    -0.472    -1.910
     6.029    -1.009    -2.445
     5.046    -1.119    -3.081
     3.729    -1.305    -3.409
     2.526    -1.744    -3.624
     1.669    -2.695    -3.317
     1.080    -3.021    -2.735
     0.432    -2.913    -2.399
     0.013    -2.743    -2.826
     0.147    -2.861    -2.594
     0.390    -2.927    -2.155
     0.487    -2.738    -2.120
     0.506    -2.568    -2.383
     0.383    -2.402    -2.958
    -0.192    -1.671    -3.673
    -0.786    -1.333    -4.791
    -1.414    -1.005    -5.324
    -2.073    -0.543    -5.109
    -2.588    -0.214    -4.644
    -2.917    -0.489    -4.246
    -3.120     0.516    -3.549
    -3.328     1.042    -2.663
    -3.542     1.435    -2.293
    -3.660     1.606    -1.378
    -3.476     1.768    -0.684
    -3.314     2.274    -0.908
    -2.861     3.007    -1.377
    -1.443     3.453    -1.297
     0.090     3.467    -1.243
     1.156     3.501    -1.774
     1.707     3.610    -2.470
     1.826     3.747    -2.287
     2.072     3.954    -2.029
     2.403     4.320    -2.104
     2.724     5.065    -3.085
     3.060     5.914    -3.192
     3.402     6.472    -1.195
     3.745     6.435     0.992
     4.116     6.357     2.976
     4.458     6.481     4.178
     4.794     7.426     4.458
     5.089     8.262     5.154
     5.260     8.151     5.194
     5.123     7.501     4.236
     4.650     6.753     4.280
     3.952     6.964     4.181
     3.288     6.884     4.038
     2.652     6.526     3.883
     1.930     6.529     3.678
     0.784     6.758     3.898
    -0.619     7.097     5.103
    -1.698     7.172     5.487
    -2.268     6.816     4.512
    -2.726     5.344     3.773
    -2.800     4.955     3.289
    -2.898     5.198     2.825
    -3.019     5.406     2.405
    -3.260     5.456     2.215
    -3.566     5.328     2.612
    -3.858     4.977     2.718
    -4.146     4.508     2.544
    -4.450     3.973     1.718
    -4.849     3.169     0.962
    -5.419     2.103     0.396
    -5.970     1.186     0.008
    -6.541     0.579     0.197
    -7.193     0.007     0.312
    -7.933    -0.515     0.278
    -8.666    -0.997     0.265
    -9.246    -1.331     0.173
    -9.546    -1.890    -0.008
    -9.869    -2.683    -0.176
   -10.161    -3.366    -0.347
   -10.362    -3.875    -0.479
   -10.538    -4.286    -0.472
   -10.714    -4.713    -0.411
   -10.877    -5.199    -0.292
   -10.994    -5.866     0.114
   -11.140    -6.485     0.847
   -11.238    -6.615     1.535
   -11.073    -6.499     2.199
   -10.089    -6.253     2.901
    -9.017    -6.307     2.829
    -7.841    -6.596     2.083
    -6.809    -6.786     2.315
    -6.204    -6.643     2.521
    -5.660    -6.178     2.618
    -5.177    -6.019     3.107
    -5.050    -5.875     4.855
    -5.104    -5.660     5.397
    -5.124    -5.499     5.386
    -5.121    -5.388     4.687
    -4.966    -5.289     3.976
    -4.445    -5.286     3.279
    -3.960    -5.369     2.515
    -3.478    -5.575     1.995
    -3.142    -5.998     2.278
    -3.189    -6.390     2.412
    -3.258    -6.832     1.955
    -3.269    -7.131     1.548
    -3.138    -7.418     1.472
    -2.548    -7.655     1.713
    -1.919    -7.796     1.750
    -1.270    -7.707     1.637
    -0.541    -7.569     1.642
     0.216    -7.284     1.774
     0.960    -6.953     1.748
     1.627    -6.852     1.288
     2.053    -7.236     0.429
     2.563    -7.276    -0.403
     3.064    -6.852    -1.196
     3.507    -6.453    -1.885
     3.815    -5.968    -2.121
     4.135    -5.437    -2.079
     4.443    -4.882    -2.170
     4.716    -4.232    -2.156
     4.988    -3.647    -1.073
     5.267    -3.310    -0.623
     5.422    -3.158    -0.531
     5.422    -2.987    -0.609
     5.204    -2.900    -0.794
     5.017    -2.292    -0.952
     4.843    -1.511    -1.061
     4.811    -0.852    -1.172
     5.230    -0.364    -1.364
     5.638    -0.217    -1.655
     5.947     0.045    -1.944
     6.395     0.486    -2.415
     7.044     0.664    -3.320
     7.360     0.794    -4.166
     7.000     0.954    -4.669
     6.657     1.151    -5.081
     6.055     1.433    -5.515
     5.447     1.378    -5.994
     5.461     1.107    -6.606
     5.569     1.748    -6.886
     5.667     3.063    -6.212
     5.856     3.473    -5.393
     6.311     3.813    -4.009
     7.007     4.245    -2.423
     7.669     4.666    -1.901
     7.962     5.080    -2.326
     8.119     5.417    -3.154
     8.091     5.645    -3.674
     8.083     5.799    -3.889
     8.175     5.802    -4.155
     8.562     5.596    -4.390
     8.956     5.254    -4.602
     9.277     5.501    -4.729
     9.605     6.289    -4.811
     9.699     6.998    -4.385
     9.757     7.649    -3.852
     9.789     8.254    -3.638
     9.783     8.626    -3.766
     9.704     8.319    -3.774
     9.319     8.033    -3.520
     8.758     7.695    -3.196
     8.192     7.182    -2.871
     7.523     6.446    -2.395
     6.921     5.721    -2.002
     6.279     4.939    -1.486
     5.528     4.269    -0.611
     4.745     3.735     0.223
     3.904     3.173     1.019
     2.849     2.568     1.729
     1.672     2.036     2.399
     0.749     1.872     2.952
     0.424     1.983     3.498
    -0.014     1.911     4.052
    -0.379     1.645     4.474
    -0.740     1.252     4.833
    -1.109     0.727     5.186
    -1.462     0.095     5.422
    -1.723    -0.048     5.226
    -1.881     0.185     4.690
    -2.053     0.168     3.815
    -2.227    -0.509     2.980
    -2.403    -1.160     2.370
    -2.629    -1.423     2.302
    -2.810    -1.385     1.930
    -2.990    -1.445     1.976
    -3.165    -1.789     2.871
    -3.340    -2.344     3.253
    -3.503    -2.840     3.161
    -3.609    -3.229     3.256
    -3.984    -3.727     3.990
    -4.984    -4.594     5.131
    -5.329    -5.586     5.511
    -5.527    -6.725     5.375
    -5.702    -7.358     4.505
    -5.856    -7.360     3.812
    -5.872    -7.417     3.598
    -5.624    -7.435     3.222
    -5.398    -7.452     2.302
    -5.166    -7.471     1.351
    -4.951    -7.511     0.655
    -4.804    -7.600     0.168
    -4.696    -7.571     0.367
    -4.609    -7.238     0.540
    -4.493    -6.788     0.446
    -4.378    -6.051     0.257
    -4.266    -5.299     0.162
    -4.151    -4.439     0.259
    -4.033    -3.610     0.478
    -3.947    -2.958     0.327
    -4.011    -2.409    -0.202
    -4.217    -1.897    -0.860
    -4.407    -1.536    -1.599
    -4.609    -1.193    -1.986
    -4.799    -0.863    -1.935
    -4.990    -0.551    -1.937
    -5.195    -0.312    -1.858
    -5.448    -0.088    -1.342
    -5.708     0.366    -0.229
    -5.969     1.125     0.213
    -6.222     1.964    -0.129
    -6.450     2.842    -0.423
    -6.705     3.244    -0.754
    -7.165     3.306    -0.977
    -7.961     3.495    -0.939
    -8.658     3.902    -0.758
    -8.982     4.176    -0.073
    -8.701     4.360     0.532
    -8.375     4.495     0.762
    -7.633     4.579     0.850
    -6.673     4.683     0.824
    -5.771     4.842     0.534
    -4.892     4.968    -0.286
    -3.927     4.833    -1.278
    -2.644     4.141    -3.113
    -1.158     3.681    -4.930
     0.257     3.535    -5.375
     1.594     4.034    -4.970
     2.738     4.958    -4.709
     3.463     4.945    -4.492
     3.676     5.039    -4.251
     3.250     5.293    -4.023
     2.636     5.563    -3.760
     2.515     5.996    -3.301
     2.446     6.386    -2.698
     2.426     6.631    -1.822
     2.495     6.408    -0.953
     2.927     6.036    -0.918
     3.817     5.596    -1.256
     4.655     4.854    -1.435
     5.401     4.186    -1.339
     5.872     4.100    -1.100
     6.316     4.517    -0.263
     6.741     5.809     0.941
     7.009     6.592     2.103
     7.202     6.744     2.934
     7.355     6.647     3.922
     7.294     6.402     5.272
     7.019     5.800     6.341
     6.766     4.919     6.560
     6.512     4.022     6.648
     6.290     3.343     7.031
     6.218     2.794     6.848
     6.314     2.259     5.934
     6.368     1.679     5.495
     6.417     1.816     5.314
     6.468     2.299     5.176
     6.522     2.675     5.241
     6.575     2.110     5.296
     6.639     1.356     5.350
     6.750     0.489     5.354
     6.867     0.420     4.997
     6.981     0.970     3.920
     7.123     1.216     2.861
     7.241     1.206     1.923
     7.364     1.146     1.278
     7.553     1.407     0.774
     7.954     1.492     0.364
     8.348     1.004     0.376
     8.698     0.674     0.626
     8.806     0.355     0.798
     8.676    -0.430     0.780
     8.393    -1.144     0.583
     7.558    -1.516     0.002
     6.625    -1.571    -0.786
     5.752    -0.805    -1.683
     4.919    -0.363    -2.907
     3.918    -0.313    -3.940
     2.697    -0.699    -4.337
     1.353    -1.465    -4.325
    -0.342    -2.080    -4.464
    -1.474    -1.086    -4.967
    -1.713    -0.792    -5.668
    -2.002    -1.104    -6.650
    -2.332    -1.390    -7.937
    -2.748    -1.602    -9.189
    -3.220    -1.595   -10.460
    -3.687    -1.833   -11.720
    -4.084    -2.729   -12.722
    -4.279    -3.490   -13.173
    -4.444    -4.012   -13.492
    -4.611    -4.187   -13.606
    -4.771    -4.046   -13.281
    -4.879    -3.812   -12.662
    -4.990    -3.719   -11.706
    -5.105    -3.942   -10.809
    -5.219    -4.410   -10.321
    -5.311    -5.018   -10.044
    -5.279    -5.518    -9.855
    -5.067    -5.745    -9.765
    -4.924    -6.401   -10.025
    -5.127    -7.152   -10.222
    -5.885    -7.628   -10.168
    -6.934    -8.013    -9.880
    -8.105    -8.367    -9.075
    -8.979    -8.851    -7.716
    -9.581    -9.598    -6.489
   -10.143   -10.133    -5.835
   -10.383   -10.048    -6.367
   -10.389    -9.406    -6.988
   -10.429    -8.050    -7.386
   -10.474    -7.521    -7.510
   -10.508    -7.196    -7.419
   -10.458    -7.156    -7.183
   -10.271    -7.081    -6.701
   -10.087    -6.574    -5.557
    -9.791    -6.062    -4.379
    -9.364    -5.476    -3.318
    -9.312    -4.899    -2.220
    -9.555    -4.337    -0.966
    -9.835    -3.820    -0.023
   -10.288    -3.430    -0.165
   -10.708    -3.338    -0.249
   -10.962    -3.342    -0.288
   -10.953    -3.446    -0.109
   -10.966    -3.486     0.171
   -10.979    -3.334     0.764
   -10.991    -3.182     1.267
   -10.957    -2.923     1.617
   -10.749    -2.542     1.984
   -10.433    -2.223     2.474
   -10.274    -2.051     3.383
   -10.580    -1.945     4.395
   -10.826    -1.884     5.400
   -10.877    -1.770     6.673
   -10.949    -0.999     8.095
   -10.913    -0.086     9.498
   -10.513     0.637    10.933
    -9.951     1.195    12.499
    -9.153     1.365    14.095
    -7.995     1.514    15.675
    -6.872     1.613    17.191
    -5.767     1.621    18.666
    -4.753     1.868    20.115
    -3.855     2.260    21.611
    -3.000     2.042    23.165
    -2.225     1.826    24.858
    -1.431     2.680    26.344
    -0.528     3.731    27.538
     0.658     4.049    28.715
     1.810     4.265    29.572
     2.900     4.205    29.940
     3.902     3.994    30.299
     4.917     3.999    30.376
     5.941     4.063    30.388
     7.120     4.209    30.403
     8.719     4.353    30.152
    10.208     4.185    29.062
    11.383     3.350    27.943
    12.256     2.825    26.857
    13.149     2.587    25.925
    14.043     2.965    25.096
    14.726     3.497    24.242
    14.723     3.475    23.294
    14.648     3.045    22.176
    14.631     2.882    21.080
    14.890     3.505    19.945
    15.462     3.982    18.656
    15.997     3.333    17.214
    16.525     3.277    15.736
    17.057     3.570    13.796
    17.591     3.972    10.858
    18.117     4.571     8.011
    18.620     4.976     5.029
    18.986     4.863     1.846
    18.973     4.513    -1.305
    18.981     4.185    -4.393
    18.922     3.903    -7.153
    18.829     3.866    -9.438
    18.751     4.097   -11.775
    18.676     4.335   -14.135
    18.585     4.664   -16.507
    18.486     4.947   -18.782
    18.141     4.859   -20.628
    17.070     4.206   -22.138
    16.007     3.704   -23.704
    15.011     3.323   -25.138
    14.070     3.164   -26.078
    13.124     3.116   -26.853
    12.213     3.191   -27.540
    11.434     3.280   -27.841
    10.725     3.244   -28.038
    10.003     3.146   -28.134
     9.133     3.008   -27.889
     7.859     2.923   -27.673
     6.569     2.865   -27.464
     5.278     2.871   -27.145
     3.987     2.821   -26.388
     2.768     2.635   -25.318
     1.767     2.416   -24.292
     0.790     2.094   -23.284
    -0.185     1.759   -22.301
    -1.164     1.477   -21.333
    -2.154     1.022   -20.341
    -3.127     0.400   -19.464
    -4.082     0.284   -18.881
    -4.983     0.117   -18.361
    -5.819    -0.624   -17.835
    -6.377    -1.453   -17.296
    -6.708    -2.257   -16.722
    -7.454    -2.985   -16.066
    -8.614    -3.716   -15.155
    -9.679    -4.436   -14.164
   -10.489    -5.141   -13.141
   -10.877    -5.696   -12.214
   -11.304    -6.164   -11.533
   -11.716    -6.301   -11.008
   -12.105    -6.341   -10.482
   -12.472    -6.418   -10.055
   -12.837    -6.602    -9.708
   -13.209    -6.830    -9.356
   -13.602    -7.049    -8.958
   -13.986    -7.255    -8.375
   -14.571    -7.429    -7.577
   -15.848    -7.343    -6.785
   -17.197    -7.282    -5.697
   -18.016    -7.179    -4.207
   -18.672    -6.925    -2.739
   -19.348    -6.552    -1.028
   -19.842    -6.194     1.144
   -19.707    -5.840     3.134
   -19.429    -5.477     4.605
   -19.021    -5.044     5.751
   -18.071    -4.532     6.930
   -16.827    -3.563     7.840
   -15.661    -2.272     8.535
   -14.653    -1.428     9.039
   -13.635    -1.121     9.351
   -12.611    -0.790     9.647
   -11.582    -0.646     9.906
   -10.462    -0.726    10.010
    -9.094    -0.778    10.023
    -7.749    -0.689    10.016
    -6.398    -0.210     9.957
    -5.035     0.431     9.855
    -3.661     1.202     9.708
    -2.294     2.057     9.406
    -1.065     2.995     9.054
    -0.197     3.279     8.761
     0.691     3.515     8.571
     1.498     3.740     8.674
     2.159     3.892     8.864
     2.853     3.947     9.291
     3.641     4.215     9.850
     4.595     4.736    10.305
     5.521     5.176    10.562
     6.342     5.494    10.661
     6.974     5.644    10.782
     7.623     5.625    10.907
     8.174     5.501    11.051
     8.392     5.019    11.232
     8.524     4.629    11.329
     8.665     4.328    11.018
     8.720     3.912    10.238
     8.457     3.279     9.445
     8.085     2.535     8.655
     7.712     1.827     7.998
     7.184     1.141     7.395
     6.184     0.636     6.594
     5.219     0.663     5.553
     4.224     0.661     4.571
     3.198     0.648     3.750
     2.225     0.603     3.118
     1.457     0.529     2.497
     0.920     0.591     1.940
     0.365     0.999     1.737
    -0.180     1.419     1.637
    -0.582     1.669     1.513
    -0.560     1.745     1.350
    -0.557     1.876     1.148
    -0.540     2.128     0.951
    -0.518     2.396     0.735
    -0.350     2.586     0.382
     0.329     2.667    -0.185
     1.116     2.774    -0.758
     1.769     2.891    -1.330
     1.991     2.904    -1.926
     2.184     2.576    -2.608
     2.631     2.171    -3.375
     3.110     1.779    -4.125
     3.602     1.424    -4.807
     4.188     1.135    -5.264
     4.940     0.797    -5.843
     5.646     0.288    -6.730
     6.213    -0.320    -7.541
     6.703    -0.824    -8.190
     7.311    -1.037    -8.844
     8.267    -1.207    -9.207
     9.268    -1.421    -8.737
    10.316    -1.850    -8.280
    11.371    -2.792    -7.924
    12.262    -3.503    -7.858
    12.570    -4.055    -7.772
    12.574    -4.718    -7.665
    12.228    -5.552    -7.559
    11.653    -6.534    -7.442
    10.777    -7.175    -7.321
     9.871    -7.205    -7.192
     8.896    -7.209    -6.914
     7.949    -7.174    -6.200
     7.131    -7.085    -5.519
     6.350    -6.738    -4.828
     5.582    -6.126    -4.116
     4.842    -5.610    -3.327
     4.066    -5.314    -2.513
     3.162    -5.252    -1.572
     2.163    -5.103    -0.411
     1.175    -4.332     0.726
     0.204    -3.299     1.860
    -0.705    -2.783     2.940
    -1.545    -2.320     3.870
    -2.391    -1.913     4.594
    -3.224    -1.866     5.343
    -3.947    -1.694     6.076
    -4.509    -1.061     6.689
    -5.297    -0.161     7.157
    -6.304     0.420     7.627
    -7.391     0.570     7.907
    -8.684     0.840     7.684
    -9.657     1.427     7.535
   -10.172     1.915     7.440
   -10.535     2.361     7.347
   -10.628     2.774     7.262
   -10.745     3.265     7.199
   -10.866     3.948     7.207
   -10.956     4.655     7.234
   -10.878     5.334     7.327
   -10.552     6.010     7.509
   -10.252     6.730     7.698
    -9.927     7.552     7.975
    -9.488     8.305     8.310
    -8.914     8.856     8.663
    -8.356     9.257     9.098
    -7.799     9.354     9.588
    -7.241     9.180    10.268
    -6.657     9.308    11.144
    -5.927     9.977    11.956
    -4.991    10.484    12.677
    -4.075    10.450    13.245
    -3.156     9.726    13.385
    -2.255     9.162    13.512
    -1.460     8.874    13.332
    -0.785     8.589    12.314
    -0.097     8.098    11.048
     0.594     7.300     9.085
     1.255     6.508     7.107
     1.750     5.633     4.877
     1.983     4.729     2.581
     2.242     3.868     0.185
     2.498     3.079    -2.085
     2.752     2.387    -3.683
     3.030     2.036    -5.037
     3.384     1.755    -6.277
     3.749     1.518    -7.317
     4.120     1.239    -8.285
     4.488     0.905    -9.007
     4.847     0.408    -9.580
     5.207    -0.101    -9.701
     5.571    -0.609    -9.673
     5.888    -1.104    -9.577
     5.955    -1.576    -9.431
     5.671    -2.048    -9.304
     5.429    -2.660    -9.118
     5.167    -3.680    -8.939
     5.098    -4.822    -8.752
     5.695    -5.680    -8.084
     6.490    -6.119    -6.611
     7.249    -6.598    -5.589
     7.948    -7.086    -4.441
     8.544    -7.627    -2.896
     9.042    -8.207    -1.208
     9.066    -8.699     0.335
     8.869    -9.076     1.197
     8.949    -9.335     1.501
     9.002    -9.770     1.773
     8.714   -10.370     1.775
     8.074   -10.894     1.663
     7.468   -11.229     1.776
     6.833   -11.506     1.971
     6.175   -11.633     1.852
     5.531   -11.483     1.325
     4.961   -11.409     0.529
     4.465   -11.386     0.286
     3.916   -11.292     0.034
     3.192   -11.194    -0.357
     2.174   -11.061    -0.815
     1.183   -10.686    -1.330
     0.178    -9.974    -1.946
    -0.855    -9.237    -2.506
    -1.885    -8.311    -2.846
    -2.901    -7.375    -3.006
    -3.859    -6.351    -3.411
    -4.720    -5.219    -4.131
    -5.295    -4.252    -4.966
    -5.546    -3.437    -5.893
    -5.828    -2.164    -7.292
    -6.016    -0.609    -8.431
    -5.897     0.847    -8.859
    -5.771     2.100    -9.476
    -5.659     3.209   -10.992
    -5.626     3.948   -11.644
    -5.708     4.256   -11.526
    -5.894     4.641   -11.453
    -6.494     5.167   -11.326
    -7.204     5.771   -11.119
    -7.897     6.187   -10.640
    -8.588     6.331    -9.849
    -9.183     6.491    -9.152
    -9.425     6.600    -8.467
    -9.710     6.684    -7.601
   -10.533     6.629    -6.694
   -11.331     6.043    -5.670
   -12.103     5.194    -4.354
   -12.772     4.290    -2.876
   -13.340     3.644    -1.497
   -13.536     3.774    -0.568
   -13.465     3.811    -0.068
   -13.426     3.689     0.491
   -13.392     3.465     1.062
   -13.286     3.068     1.640
   -12.974     2.729     2.209
   -12.684     2.578     2.772
   -12.359     2.596     3.206
   -11.930     2.535     3.240
   -11.459     2.331     3.330
   -10.999     2.142     3.483
   -10.535     2.024     3.853
   -10.094     2.143     4.225
    -9.747     2.275     4.658
    -9.402     2.149     5.276
    -9.167     1.637     5.901
    -9.277     1.259     6.585
    -9.374     1.281     7.417
    -9.378     1.314     8.220
    -8.866     0.666     8.991
    -7.833     0.161     9.528
    -6.860    -0.094     9.883
    -5.899    -0.326    10.086
    -4.928    -0.379    10.096
    -3.928    -0.352    10.084
    -2.783    -0.315     9.892
    -1.348    -0.209     9.416
     0.071    -0.165     8.613
     1.444    -0.334     7.693
     2.592    -0.478     6.871
     3.485    -0.440     5.983
     4.165    -0.352     4.692
     4.414    -0.269     3.196
     4.699    -0.139     2.022
     4.972     0.129     1.042
     5.275     0.382    -0.004
     5.733     0.576    -1.149
     6.337     0.397    -2.288
     6.922    -0.405    -3.475
     7.495    -1.016    -4.667
     8.039    -1.177    -5.957
     8.579    -0.989    -7.296
     9.075    -0.647    -8.246
     9.392    -0.588    -9.083
     9.614    -0.815   -10.075
     9.852    -0.912   -11.196
    10.098    -0.711   -11.226
    10.366    -0.479   -11.367
    10.722    -0.294   -11.324
    11.172    -0.124   -10.757
    11.975     0.056   -10.107
    13.033     0.274    -9.397
    13.867     0.543    -8.444
    14.124     0.770    -7.584
    14.430     0.876    -7.025
    14.601     0.972    -6.510
    14.385     1.051    -5.960
    14.126     0.997    -5.290
    13.775     0.636    -4.490
    13.367     0.327    -3.704
    12.952    -0.055    -2.890
    12.474    -0.648    -1.749
    11.927    -1.230     0.275
    11.381    -1.751     2.183
    10.836    -2.009     3.870
    10.208    -2.121     4.983
     9.314    -2.215     6.138
     8.397    -2.201     7.179
     7.490    -2.212     7.937
     6.621    -2.102     8.955
     6.045    -1.758    10.124
     5.925    -1.388    10.421
     5.757    -1.145    10.705
     5.594    -1.260    10.972
     5.440    -1.170    11.156
     5.285    -0.709    11.241
     5.189    -0.344    11.342
     5.276     0.003    11.436
     5.365     0.400    11.533
     5.419     0.956    11.624
     5.355     1.498    11.691
     5.113     2.044    11.752
     4.888     2.531    11.802
     4.665     2.777    11.738
     4.452     2.870    11.380
     4.242     3.014    11.055
     4.005     3.244    10.661
     3.686     3.463     9.918
     3.379     3.707     8.698
     3.115     4.296     7.575
     2.983     5.080     6.686
     2.841     5.665     6.127
     2.715     5.515     5.541
     2.489     4.814     4.872
     1.875     3.971     3.889
     1.105     2.943     2.723
     0.644     2.019     1.481
     0.526     1.368     0.191
     0.390     0.673    -1.016
     0.225     0.194    -2.026
     0.059     0.224    -2.949
    -0.129     0.242    -3.822
    -0.320     0.271    -4.819
    -0.510     0.288    -5.852
    -0.696     0.253    -6.827
    -0.912     0.206    -7.309
    -1.288     0.157    -7.512
    -1.867     0.045    -7.577
    -2.402    -0.220    -7.651
    -2.975    -0.438    -7.911
    -3.612    -0.643    -8.166
    -4.321    -0.793    -8.317
    -5.024    -0.894    -8.443
    -5.712    -0.996    -8.268
    -6.358    -1.141    -7.732
    -6.952    -1.440    -8.104
    -7.551    -1.821    -8.548
    -8.306    -2.191    -8.988
    -9.575    -2.585    -9.361
   -10.954    -2.874    -9.578
   -12.290    -2.956    -9.695
   -13.508    -3.044    -9.815
   -14.659    -2.964    -9.911
   -15.547    -2.303   -10.019
   -15.414    -1.455   -10.007
   -14.814    -0.898   -10.011
   -14.416    -0.755   -10.974
   -14.213    -0.570   -10.668
   -13.989    -0.413   -10.278
   -13.617    -0.286   -10.168
   -12.558    -0.303   -10.037
   -10.982    -0.308    -9.854
    -9.499    -0.324    -9.600
    -8.179    -0.304    -9.008
    -7.052    -0.128    -8.204
    -5.942     0.143    -7.332
    -5.034     0.401    -6.734
    -4.269     0.664    -6.031
    -3.456     0.915    -5.092
    -2.691     1.161    -4.124
    -2.084     1.323    -3.141
    -1.600     1.470    -2.672
    -1.097     1.566    -2.669
    -0.590     1.459    -2.602
    -0.089     1.255    -2.458
     0.411     1.124    -2.120
     0.914     1.273    -1.787
     1.416     1.682    -1.295
     1.930     2.043    -0.141
     2.426     2.455     1.586
     2.918     2.999     2.629
     3.402     3.504     3.603
     3.883     3.760     4.671
     4.143     3.814     5.747
     3.701     3.874     6.709
     3.179     3.801     7.541
     2.639     3.482     8.350
     2.010     3.189     8.987
     1.320     2.922     9.533
     0.558     2.753    10.047
    -0.425     2.649    10.474
    -1.436     2.779    10.891
    -2.449     3.074    11.327
    -3.424     3.275    11.788
    -4.185     3.241    12.245
    -4.629     3.148    12.682
    -5.114     3.036    13.111
    -5.511     2.798    13.383
    -5.512     2.475    13.174
    -5.203     2.163    12.890
    -4.919     1.847    12.611
    -4.425     1.515    12.337
    -3.302     1.190    12.046
    -2.230     0.770    11.676
    -1.145     0.000    11.250
    -0.025    -0.923    10.834
     1.217    -1.826    10.422
     2.533    -2.712    10.009
     3.742    -3.551     9.638
     4.583    -4.310     9.333
     5.287    -4.856     9.036
     5.996    -5.220     8.737
     6.502    -5.591     8.430
     6.389    -5.822     8.113
     6.325    -5.754     7.805
     6.242    -5.718     7.409
     6.149    -5.685     6.688
     6.118    -5.650     5.807
     6.305    -5.609     4.965
     6.660    -5.623     4.119
     6.995    -5.668     3.294
     7.334    -5.732     2.483
     7.590    -5.899     1.672
     7.531    -6.153     0.866
     7.326    -6.388     0.077
     7.139    -6.559    -0.704
     6.959    -6.644    -1.485
     6.777    -6.753    -2.275
     6.578    -6.736    -3.057
     6.396    -6.327    -3.818
     6.202    -5.796    -4.382
     5.947    -5.677    -4.635
     5.663    -5.652    -4.928
     5.384    -5.556    -5.354
     5.105    -5.416    -6.216
     4.825    -5.044    -7.189
     4.546    -4.388    -8.407
     4.269    -3.834    -9.932
     3.986    -3.531   -11.538
     3.768    -3.466   -12.892
     3.554    -3.400   -13.327
     3.340    -3.432   -13.532
     3.123    -3.549   -13.374
     2.908    -3.597   -13.449
     2.698    -3.167   -13.586
     2.448    -1.848   -13.575
     2.017    -0.738   -13.160
     1.420    -0.091   -12.716
     0.818     0.285   -12.149
     0.255     0.681   -11.631
    -0.276     0.998   -11.297
    -0.801     0.930   -11.216
    -1.338     0.536   -11.163
    -1.946     0.180   -11.319
    -2.656    -0.124   -11.420
    -3.354    -0.275   -11.131
    -4.052    -0.317   -10.622
    -4.751    -0.316   -10.003
    -5.448    -0.239    -9.089
    -6.013    -0.163    -8.211
    -6.557     0.038    -7.288
    -7.106     0.262    -6.204
    -7.654     0.502    -4.973
    -8.198     0.901    -3.813
    -8.760     1.593    -2.903
    -9.394     2.211    -2.285
   -10.077     2.621    -1.630
   -10.749     2.848    -0.961
   -11.453     3.163    -0.276
   -11.938     3.530     0.372
   -11.774     3.904     0.820
   -11.423     3.986     1.075
   -11.090     4.149     1.487
   -10.742     4.471     2.520
   -10.321     4.932     4.169
    -9.880     5.493     5.694
    -9.430     6.085     7.027
    -8.905     6.527     8.200
    -8.238     6.910     9.397
    -7.549     7.300    10.630
    -6.858     7.824    11.709
    -6.165     8.457    12.223
    -5.469     9.025    12.479
    -4.771     9.400    12.570
    -4.092     9.644    12.560
    -3.491     9.831    12.418
    -2.937     9.905    11.912
    -2.378     9.953    11.443
    -1.849     9.877    10.958
    -1.259     9.654    10.495
    -0.510     9.379     9.999
     0.490     9.109     9.302
     1.463     8.789     8.349
     2.442     8.286     7.584
     3.425     7.856     7.313
     4.412     7.754     7.138
     5.427     7.773     7.106
     6.457     7.705     7.626
     7.358     7.345     8.289
     7.856     6.755     8.574
     8.004     6.178     8.489
     7.747     5.555     8.392
     6.812     4.932     8.011
     5.985     4.303     7.266
     5.301     3.677     6.684
     4.632     3.056     6.271
     3.933     2.428     5.721
     3.119     1.793     4.826
     2.260     1.180     3.881
     1.452     0.387     2.822
     0.865    -0.934     1.615
     0.885    -2.355     0.379
     0.852    -3.707    -0.937
     0.837    -4.979    -2.232
     0.827    -6.159    -3.461
     0.807    -7.189    -4.531
     0.786    -8.149    -5.277
     0.779    -8.874    -5.859
     0.775    -9.486    -6.514
     0.801    -9.705    -7.380
     0.828    -9.828    -8.652
     0.857    -9.979    -9.815
     0.883   -10.168   -10.700
     0.909   -10.352   -11.296
     0.937   -10.430   -11.908
     0.925   -10.192   -12.444
     0.770    -9.992   -12.892
     0.563    -9.902   -13.295
     0.347    -9.784   -13.382
     0.152    -9.603   -12.893
    -0.042    -9.253   -12.461
    -0.239    -8.917   -12.001
    -0.435    -8.574   -11.527
    -0.629    -8.212   -11.077
    -0.831    -7.821   -10.699
    -1.068    -7.434   -10.362
    -1.326    -7.110    -9.954
    -1.578    -6.985    -9.329
    -1.840    -6.880    -8.681
    -2.097    -6.777    -7.877
    -2.307    -6.671    -6.656
    -2.311    -6.552    -5.488
    -2.143    -6.428    -4.375
    -1.996    -6.309    -3.208
    -1.854    -6.206    -1.998
    -1.709    -6.110    -0.826
    -1.562    -6.009     0.171
    -1.418    -5.906     0.985
    -1.274    -5.744     1.510
    -1.125    -5.499     1.487
    -0.973    -5.392     1.419
    -0.822    -5.366     0.991
    -0.671    -5.033     0.481
    -0.519    -3.591     0.273
    -0.367    -1.900     0.461
    -0.216    -1.363     0.674
    -0.065    -1.611     1.212
     0.086    -1.005     1.980
     0.225     0.264     2.629
     0.303     1.712     3.289
     0.376     3.495     4.022
     0.449     5.296     4.770
     0.520     7.005     5.512
     0.594     8.322     6.273
     0.683     9.369     7.094
     0.882    10.393     7.886
     1.296    11.053     8.461
     1.691    11.119     8.617
     2.104    11.224     8.690
     2.503    11.310     8.595
     2.904    11.296     8.244
     3.305    11.280     7.704
     3.700    11.264     6.754
     4.174    11.258     5.825
     4.939    11.299     4.831
     5.828    11.408     3.671
     6.775    11.512     2.358
     7.947    11.519     1.138
     9.173    11.169     0.116
    10.378    10.747    -0.935
    11.581    10.337    -2.110
    12.771     9.934    -3.337
    13.910     9.486    -4.495
    14.785     8.795    -5.341
    15.325     7.789    -5.276
    15.982     6.834    -5.205
    16.897     5.975    -4.995
    17.808     5.295    -4.670
    18.694     4.576    -4.359
    19.172     3.842    -3.953
    19.028     2.965    -3.512
    18.780     2.034    -3.071
    18.032     1.084    -2.691
    17.282     0.080    -2.564
    16.360    -0.913    -2.668
    15.180    -1.903    -2.746
    14.034    -2.790    -2.768
    12.933    -3.365    -2.525
    12.008    -3.977    -1.948
    11.042    -4.558    -1.397
    10.084    -5.080    -0.834
     9.089    -5.419    -0.270
     7.911    -5.731     0.286
     6.510    -6.044     0.798
     5.128    -6.357     1.225
     3.632    -6.659     1.660
     1.765    -6.855     2.117
    -0.137    -6.809     2.656
    -1.994    -6.816     3.218
    -3.844    -6.785     3.769
    -5.651    -6.748     4.270
    -7.299    -6.623     4.650
    -8.615    -6.227     4.722
    -9.937    -5.841     4.763
   -11.090    -5.458     5.057
   -11.972    -5.092     5.578
   -12.871    -4.757     6.072
   -13.622    -4.430     6.524
   -13.965    -4.026     6.802
   -14.354    -3.175     6.877
   -14.533    -2.091     6.927
   -14.264    -1.156     6.795
   -14.037    -0.694     6.605
   -13.800    -0.510     6.418
   -13.579    -0.225     6.174
   -13.449     0.254     5.853
   -13.374     0.742     5.541
   -13.288     1.190     5.080
   -13.162     1.471     4.170
   -13.084     1.676     3.383
   -13.040     1.791     3.008
   -13.038     1.527     2.831
   -13.027     1.073     2.410
   -13.020     0.647     1.749
   -13.020     0.207     1.070
   -12.977    -0.325     0.267
   -12.765    -0.928    -0.529
   -12.441    -1.521    -1.329
   -12.098    -2.092    -2.127
   -11.792    -2.504    -2.811
   -11.538    -2.895    -3.063
   -11.494    -3.288    -3.081
   -11.563    -3.680    -3.131
   -11.618    -4.055    -3.170
   -11.666    -4.314    -3.166
   -11.715    -4.381    -3.160
   -11.788    -4.468    -3.157
   -11.953    -4.549    -3.103
   -12.190    -4.654    -2.893
   -12.457    -4.740    -2.710
   -12.714    -4.856    -2.457
   -12.918    -5.062    -1.899
   -12.721    -5.268    -1.140
   -11.693    -5.365    -0.259
   -10.773    -5.063     0.920
   -10.025    -4.611     1.626
    -9.529    -4.184     1.753
    -8.988    -3.802     2.051
    -8.306    -3.481     2.670
    -7.504    -3.133     3.274
    -6.717    -2.781     3.796
    -5.967    -2.397     4.169
    -5.358    -1.946     4.239
    -4.792    -1.501     4.220
    -4.126    -1.049     3.782
    -3.050    -0.571     3.268
    -1.695    -0.070     3.062
    -0.375     0.431     3.190
     0.925     0.921     3.128
     2.107     1.485     2.855
     3.228     2.239     2.465
     4.349     3.006     1.968
     5.505     3.765     1.526
     6.827     4.451     1.126
     8.348     4.956     0.820
     9.846     5.480     0.552
    11.359     5.995     0.229
    12.915     6.506    -0.288
    14.513     6.892    -0.898
    16.099     6.912    -1.465
    17.691     6.898    -1.876
    19.223     6.881    -2.233
    20.549     6.866    -2.563
    21.746     6.796    -2.858
    22.809     6.527    -3.157
    23.194     6.214    -3.371
    22.931     5.908    -3.308
    22.613     5.606    -3.159
    22.244     5.182    -3.137
    21.545     4.366    -3.524
    20.387     3.442    -3.880
    19.288     2.525    -4.363
    18.172     1.903    -5.214
    16.970     2.262    -6.101
    15.712     2.858    -6.982
    14.337     3.421    -7.657
    12.558     3.973    -7.678
    10.775     4.330    -7.625
     9.024     4.089    -7.559
     7.486     3.766    -7.510
     6.200     3.445    -7.451
     4.887     3.127    -7.238
     3.571     2.800    -6.671
     2.255     2.397    -6.091
     0.960     1.944    -5.346
    -0.255     1.499    -4.668
    -1.406     1.091    -4.208
    -2.565     0.833    -3.851
    -3.736     0.726    -3.745
    -4.951     0.319    -3.820
    -6.372    -0.521    -3.757
    -7.883    -1.321    -3.635
    -9.379    -2.070    -3.534
   -10.869    -2.502    -3.395
   -12.245    -2.504    -3.086
   -13.245    -2.225    -2.688
   -14.175    -1.240    -2.174
   -15.105    -0.322    -1.220
   -16.065     0.632    -0.137
   -16.851     1.457     0.920
   -17.106     1.883     1.578
   -17.222     2.209     1.614
   -17.331     2.551     1.961
   -17.352     2.879     2.362
   -17.319     3.131     2.720
   -17.294     3.282     2.750
   -17.264     3.440     2.034
   -17.226     3.573     1.782
   -17.037     3.552     1.631
   -16.289     3.164     1.342
   -15.548     2.806     0.923
   -14.793     2.476     0.259
   -14.008     2.261     0.139
   -13.015     2.088     0.264
   -11.591     1.895     0.376
   -10.203     1.568     0.573
    -8.809     0.905     0.827
    -7.410     0.395     1.174
    -6.091     0.325     1.874
    -4.905     0.130     2.442
    -3.786    -0.717     2.383
    -2.659    -1.606     2.193
    -1.532    -2.355     2.220
    -0.408    -3.030     2.542
     0.655    -3.410     2.896
     1.526    -3.240     3.691
     2.386    -3.139     4.752
     3.246    -3.055     5.162
     4.059    -3.193     5.597
     4.846    -3.752     6.275
     5.565    -4.303     7.083
     6.316    -5.391     7.720
     7.160    -8.180     8.171
     8.047   -10.317     8.725
     8.801   -10.469     9.240
     9.287   -10.422     9.482
     9.736   -10.466     9.120
     9.970   -10.861     8.828
    10.113   -11.314     8.467
    10.282   -11.598     7.874
    10.396   -11.256     7.194
    10.503   -10.732     6.525
    10.648   -10.237     5.849
    10.925    -9.741     5.089
    11.241    -9.239     4.086
    11.557    -8.723     3.106
    11.843    -8.102     2.120
    12.016    -7.314     1.147
    12.080    -6.533     0.221
    12.147    -5.818    -0.712
    12.088    -5.086    -1.624
    12.039    -4.233    -2.469
    11.894    -3.231    -3.292
    11.422    -2.134    -4.045
    10.863    -0.942    -4.517
    10.405     0.198    -4.842
     9.984     1.161    -5.189
     9.565     1.954    -5.460
     9.135     2.915    -5.446
     8.774     4.047    -5.351
     8.415     5.059    -5.268
     8.035     5.857    -5.190
     7.583     6.674    -5.113
     7.091     7.374    -5.010
     6.603     7.734    -4.793
     6.100     8.052    -4.470
     5.633     8.263    -4.162
     5.345     8.479    -3.859
     5.046     8.664    -3.560
     4.496     8.661    -3.333
     3.746     8.560    -3.331
     2.986     8.248    -3.319
     2.221     7.954    -3.409
     1.421     7.652    -3.823
     0.511     7.349    -4.282
    -0.441     7.101    -4.811
    -1.280     7.022    -5.560
    -1.787     6.944    -6.301
    -2.288     6.780    -7.022
    -2.568     6.456    -7.637
    -2.584     6.148    -8.182
    -2.630     5.832    -8.549
    -2.673     5.487    -8.826
    -2.711     5.114    -9.118
    -2.737     4.738    -9.421
    -2.739     4.335    -9.637
    -2.742     3.922    -9.522
    -2.747     3.510    -9.220
    -2.771     3.110    -8.945
    -2.823     2.685    -8.580
    -3.046     2.241    -8.065
    -3.308     1.797    -7.566
    -3.564     1.383    -7.123
    -3.807     1.083    -6.807
    -3.960     0.842    -6.415
    -3.915     0.593    -5.759
    -3.888     0.342    -4.873
    -3.857     0.075    -4.019
    -3.818    -0.262    -3.193
    -3.690    -0.733    -2.374
    -3.531    -1.113    -1.553
    -3.377    -1.204    -0.731
    -3.228    -1.297     0.093
    -3.141    -1.750     0.956
    -3.241    -2.165     1.931
    -3.338    -2.577     2.828
    -3.439    -2.991     3.549
    -3.541    -3.463     4.401
    -3.642    -4.118     5.370
    -3.737    -4.790     6.255
    -3.837    -5.472     6.957
    -3.913    -6.184     7.684
    -3.884    -6.858     8.380
    -3.761    -7.428     8.958
    -3.649    -8.007     9.440
    -3.544    -8.638     9.873
    -3.468    -9.388    10.104
    -3.431   -10.044    10.254
    -3.385   -10.450    10.237
    -3.342   -10.844    10.127
    -3.299   -11.162    10.073
    -3.256   -11.372    10.066
    -3.215   -11.323     9.969
    -3.175   -11.036     9.715
    -3.115   -10.780     9.478
    -2.955   -10.437     9.230
    -2.687    -9.778     8.972
    -2.435    -9.024     8.717
    -2.190    -8.277     8.440
    -1.994    -7.528     8.195
    -1.809    -6.801     7.971
    -1.648    -6.097     7.742
    -1.484    -5.369     7.515
    -1.338    -4.518     7.311
    -1.267    -3.499     7.303
    -1.243    -2.500     7.675
    -1.213    -1.483     8.009
    -1.171    -0.407     8.374
    -1.073     0.669     8.792
    -0.962     1.773     9.253
    -0.851     2.938     9.809
    -0.740     4.100    10.422
    -0.647     5.260    10.944
    -0.612     6.405    11.241
    -0.624     7.419    11.452
    -0.641     8.139    11.408
    -0.666     8.889    11.190
    -0.804     9.616    10.375
    -1.290    10.242     9.449
    -1.820    10.780     8.337
    -2.258    11.328     7.120
    -2.345    11.757     5.695
    -2.456    11.806     4.290
    -3.159    11.806     2.929
    -4.208    11.770     1.733
    -4.820    11.592     0.583
    -5.153    11.365    -0.570
    -5.459    11.143    -1.682
    -5.432    10.909    -2.694
    -5.175    10.689    -3.687
    -4.948    10.463    -4.740
    -4.705    10.207    -5.978
    -4.290     9.866    -7.204
    -3.720     9.479    -8.436
    -3.424     8.878    -9.632
    -3.226     8.106   -10.662
    -2.799     7.358   -11.493
    -2.103     6.575   -12.343
    -1.379     5.636   -13.214
    -0.624     4.668   -14.077
     0.182     3.704   -14.817
     1.205     2.747   -15.087
     2.329     1.799   -15.109
     3.132     0.950   -15.170
     3.653     0.320   -15.205
     4.123    -0.330   -15.034
     4.278    -0.988   -14.565
     4.276    -1.711   -14.133
     4.340    -2.515   -13.657
     4.415    -3.294   -12.966
     4.493    -4.040   -12.247
     4.531    -4.624   -11.535
     4.430    -4.968   -10.824
     4.264    -5.334   -10.119
     4.107    -5.702    -9.427
     3.951    -6.069    -8.738
     3.781    -6.427    -8.040
     3.599    -6.779    -7.430
     3.382    -7.024    -7.176
     2.906    -6.874    -7.086
     2.436    -6.755    -6.910
     1.979    -6.629    -6.439
     1.610    -6.486    -5.692
     1.355    -6.286    -4.811
     1.122    -6.041    -3.398
     0.995    -5.739    -2.035
     0.892    -5.260    -0.978
     0.792    -4.782    -0.167
     0.732    -4.323     0.669
     0.692    -3.842     1.526
     0.754    -3.371     2.338
     0.819    -2.959     2.983
     0.796    -2.795     3.551
     0.432    -2.913     4.135
    -0.196    -2.892     4.719
    -0.976    -2.539     5.297
    -1.821    -2.171     5.877
    -2.615    -1.808     6.461
    -3.190    -1.489     7.004
    -3.587    -1.272     7.376
    -3.791    -1.221     7.575
    -3.935    -1.147     7.753
    -4.000    -1.020     7.731
    -3.980    -0.753     7.503
    -3.942    -0.525     7.309
    -3.761    -0.394     7.176
    -3.443    -0.327     7.183
    -3.093    -0.264     7.173
    -2.630    -0.260     7.115
    -2.198    -0.263     6.874
    -1.763    -0.251     6.603
    -1.329    -0.179     6.316
    -0.898    -0.051     5.956
    -0.469     0.068     5.544
    -0.023     0.160     5.123
     0.555     0.175     4.611
     1.319     0.227     3.942
     2.129     0.383     3.162
     3.072     0.584     2.159
     3.963     0.850     1.196
     4.757     1.201     0.337
     5.417     1.700    -0.331
     5.800     1.883    -0.736
     5.999     1.890    -0.981
     6.586     2.032    -0.957
     7.331     2.172    -0.947
     7.729     2.315    -0.838
     7.702     2.441    -0.598
     7.737     2.476    -0.566
     7.760     2.484    -0.668
     7.766     2.579    -0.672
     7.768     2.715    -0.430
     7.780     2.829    -0.128
     7.724     2.889     0.290
     7.431     2.899     0.820
     7.048     3.022     1.341
     6.672     3.333     2.033
     6.259     3.526     3.225
     5.805     3.500     4.307
     5.360     3.501     5.008
     4.836     3.477     5.309
     3.991     3.308     5.603
     2.952     2.802     5.720
     1.939     2.327     5.634
     0.962     1.852     5.171
     0.127     1.422     4.759
    -0.526     1.022     4.356
    -1.258     0.616     3.948
    -2.224     0.217     3.450
    -3.142    -0.098     2.550
    -3.630    -0.335     1.571
    -3.917    -0.586     0.612
    -4.187    -0.897    -0.302
    -4.327    -1.381    -1.203
    -4.455    -1.856    -2.107
    -4.505    -2.335    -3.001
    -4.334    -2.817    -3.953
    -4.170    -3.216    -5.155
    -4.011    -3.338    -6.502
    -3.867    -3.368    -7.805
    -3.816    -3.409    -8.856
    -3.792    -3.457    -9.538
    -3.698    -3.520   -10.263
    -3.406    -3.615   -10.882
    -3.117    -3.709   -11.205
    -2.824    -3.805   -11.517
    -2.529    -3.890   -11.797
    -2.219    -3.934   -11.918
    -1.860    -3.939   -11.825
    -1.464    -3.949   -11.784
    -1.071    -3.940   -11.682
    -0.687    -3.779   -11.261
    -0.332    -3.293   -10.352
     0.001    -2.879    -9.529
     0.333    -2.575    -8.894
     0.705    -2.271    -8.595
     1.201    -1.915    -8.116
     1.720    -1.429    -7.095
     2.195    -0.945    -5.808
     2.511    -0.471    -4.623
     2.348    -0.035    -3.636
     2.227     0.342    -2.808
     2.095     0.731    -1.949
     1.979     1.080    -1.064
     1.937     1.250    -0.130
     1.908     1.226     0.801
     1.876     1.230     1.717
     1.827     1.280     2.558
     1.677     1.481     3.358
     1.459     1.670     4.140
     1.247     1.817     4.916
     1.015     1.803     5.601
     0.647     1.728     6.060
     0.006     1.661     6.546
    -0.613     1.601     7.013
    -1.165     1.543     7.432
    -1.455     1.482     7.828
    -1.647     1.429     8.232
    -1.887     1.422     8.607
    -2.118     1.427     8.710
    -2.369     1.428     8.517
    -2.612     1.430     8.346
    -2.857     1.434     8.085
    -3.055     1.438     7.672
    -3.090     1.442     7.274
    -3.092     1.434     6.869
    -3.098     1.389     6.412
    -3.105     1.343     5.860
    -3.153     1.319     5.340
    -3.185     1.348     4.794
    -3.225     1.579     4.265
    -3.265     1.799     3.816
    -3.305     1.992     3.421
    -3.344     2.101     3.014
    -3.388     2.214     2.603
    -3.462     2.315     2.233
    -3.572     2.354     2.065
    -3.678     2.266     2.148
    -3.820     2.193     2.216
    -3.928     2.020     2.270
    -4.036     1.765     2.327
    -4.142     1.521     2.414
    -4.248     1.258     2.587
    -4.331     0.931     2.759
    -4.340     0.598     2.932
    -4.347     0.324     3.106
    -4.365     0.149     3.279
    -4.450    -0.037     3.451
    -4.669    -0.201     3.627
    -4.846    -0.390     3.722
    -5.026    -0.584     3.691
    -5.187    -0.777     3.675
    -5.257    -0.961     3.658
    -5.223    -1.118     3.640
    -5.200    -1.271     3.627
    -5.175    -1.433     3.618
    -5.151    -1.628     3.608
    -5.058    -1.833     3.586
    -4.765    -1.999     3.542
    -4.394    -2.116     3.468
    -4.029    -2.166     3.321
    -3.680    -2.226     2.845
    -3.378    -2.295     2.103
    -3.017    -2.415     1.370
    -2.532    -2.630     0.604
    -2.058    -2.836    -0.146
    -1.579    -3.043    -0.823
    -1.050    -3.217    -1.430
    -0.403    -3.274    -2.033
     0.262    -3.352    -2.577
     0.983    -3.398    -3.024
     1.913    -3.315    -3.489
     2.940    -3.147    -4.044
     3.902    -2.990    -4.841
     4.629    -2.875    -5.624
     5.121    -2.871    -6.181
     5.634    -2.886    -6.069
     6.137    -2.903    -6.002
     6.480    -2.906    -5.924
     6.448    -2.865    -5.841
     6.434    -2.558    -5.767
     6.313    -2.070    -5.681
     6.077    -1.607    -5.526
     5.861    -1.150    -5.247
     5.632    -0.693    -4.985
     5.325    -0.211    -4.720
     4.945     0.346    -4.501
     4.574     0.929    -4.431
     4.150     1.526    -4.391
     3.592     2.056    -4.340
     3.030     2.473    -4.292
     2.501     2.901    -4.292
     2.091     3.328    -4.419
     1.866     3.762    -4.536
     2.029     4.200    -4.629
     2.350     4.620    -4.605
     2.650     4.941    -4.471
     2.954     5.111    -4.351
     3.352     5.317    -4.243
     4.069     5.504    -4.079
     5.056     5.691    -3.900
     5.808     5.879    -3.714
     6.088     6.072    -3.424
     6.424     6.272    -2.881
     6.782     6.418    -2.370
     7.121     6.347    -1.858
     7.300     6.118    -1.446
     7.276     5.909    -1.333
     7.255     5.706    -1.230
     7.145     5.359    -1.076
     6.975     4.752    -0.825
     6.784     4.176    -0.561
     6.488     3.601    -0.299
     6.140     3.117    -0.056
     5.805     2.891     0.140
     5.511     2.583     0.339
     5.263     1.996     0.536
     5.008     1.117     0.730
     4.769     0.309     0.867
     4.535    -0.406     0.949
     4.312    -1.065     1.035
     4.083    -1.738     1.119
     3.851    -2.419     1.204
     3.544    -3.110     1.293
     3.004    -3.798     1.428
     2.458    -4.410     1.700
     1.909    -4.769     1.974
     1.339    -5.120     2.250
     0.718    -5.307     2.493
     0.061    -5.077     2.767
    -0.562    -4.890     3.033
    -1.073    -4.685     3.275
    -1.554    -4.561     3.516
    -2.040    -4.748     3.756
    -2.517    -5.059     3.998
    -2.935    -5.284     4.210
    -3.265    -5.300     4.320
    -3.607    -5.288     4.401
    -3.922    -5.276     4.451
    -4.236    -5.265     4.534
    -4.395    -5.259     4.595
    -4.233    -5.252     4.585
    -4.099    -5.240     4.574
    -3.957    -5.229     4.543
    -3.814    -5.084     4.495
    -3.695    -4.520     4.449
    -3.704    -3.934     4.403
    -3.925    -3.449     4.360
    -4.100    -3.066     4.251
    -4.300    -2.652     4.053
    -4.498    -2.067     3.795
    -4.624    -1.094     3.546
    -4.542    -0.234     3.303
    -4.477     0.350     3.071
    -4.406     0.794     2.876
    -4.332     1.247     2.680
    -4.270     1.635     2.487
    -4.247     1.805     2.267
    -4.219     1.956     1.901
    -4.216     2.067     1.427
    -4.212     2.141     0.966
    -4.209     2.188     0.531
    -4.207     2.089     0.179
    -4.183     1.877    -0.213
    -4.092     1.682    -0.805
    -4.056     1.484    -1.516
    -4.382     1.238    -1.927
    -5.203     0.906    -2.248
    -5.863     0.572    -2.799
    -6.270     0.247    -3.463
    -6.564    -0.082    -3.911
    -6.867    -0.402    -4.084
    -7.142    -0.717    -4.256
    -7.323    -0.903    -4.434
    -7.504    -0.690    -4.543
    -7.664    -0.470    -4.464
    -7.690    -0.250    -4.386
    -7.442    -0.050    -4.306
    -7.186     0.093    -4.243
    -6.956     0.296    -4.161
    -6.681     0.634    -4.086
    -6.265     1.085    -3.962
    -5.815     1.743    -3.664
    -5.367     2.452    -3.268
    -4.901     2.796    -2.885
    -4.307     2.741    -2.502
    -3.468     2.796    -2.147
    -2.654     3.057    -1.902
    -1.780     3.321    -1.759
    -0.822     3.604    -1.588
     0.225     3.886    -1.390
     1.261     4.159    -1.119
     2.304     4.419    -0.843
     3.389     4.585    -0.473
     4.519     4.569     0.218
     5.650     4.570     0.998
     6.677     4.567     1.664
     7.340     4.564     2.148
     7.879     4.540     2.534
     8.389     4.504     2.661
     8.832     4.336     2.806
     9.239     4.126     2.896
     9.595     3.888     2.885
     9.725     3.514     2.887
     9.694     3.067     2.887
     9.683     2.590     2.886
     9.678     2.040     2.888
     9.669     1.494     2.871
     9.675     0.968     2.752
     9.661     0.654     2.517
     9.647     0.407     2.295
     9.613     0.169     2.075
     9.449     0.016     1.858
     9.024    -0.047     1.598
     8.623    -0.147     1.155
     8.224    -0.349     0.568
     7.856    -0.595     0.002
     7.493    -0.831    -0.560
     7.141    -1.065    -1.117
     6.767    -1.192    -1.696
     6.301    -1.327    -2.326
     5.548    -1.462    -2.972
     4.795    -1.581    -3.590
     4.037    -1.634    -4.120
     3.280    -1.629    -4.615
     2.531    -1.629    -5.093
     1.786    -1.630    -5.449
     1.040    -1.615    -5.618
     0.284    -1.587    -5.794
    -0.550    -1.530    -5.978
    -1.420    -1.492    -6.161
    -2.285    -1.514    -6.348
    -3.114    -1.542    -6.471
    -3.849    -1.571    -6.323
    -4.593    -1.599    -5.974
    -5.334    -1.626    -5.689
    -6.081    -1.657    -5.558
    -6.839    -1.697    -5.500
    -7.596    -1.775    -5.338
    -8.336    -1.818    -4.882
    -9.057    -1.862    -4.096
    -9.617    -1.906    -3.364
    -9.750    -1.955    -2.665
    -9.918    -2.010    -1.962
   -10.078    -2.066    -1.236
   -10.235    -2.123    -0.431
   -10.396    -2.179     0.386
   -10.562    -2.236     1.221
   -10.740    -2.329     2.221
   -10.868    -2.394     3.396
   -10.802    -2.519     4.408
   -10.598    -2.787     4.876
   -10.493    -3.043     5.033
   -10.503    -3.299     5.226
   -10.446    -3.553     5.360
   -10.100    -3.746     5.399
    -9.336    -3.766     5.445
    -8.612    -3.801     5.500
    -7.894    -3.865     5.546
    -7.099    -3.870     5.349
    -6.118    -3.770     4.923
    -5.139    -3.600     4.531
    -4.168    -3.435     4.140
    -3.232    -3.228     3.791
    -2.306    -2.888     3.580
    -1.294    -2.557     3.374
    -0.033    -2.222     3.168
     1.204    -1.886     2.958
     2.398    -1.584     2.804
     3.410    -1.265     2.698
     4.039    -0.975     2.654
     4.735    -0.690     2.601
     5.593    -0.325     2.545
     6.661     0.312     2.490
     7.669     0.929     2.445
     8.522     1.361     2.445
     9.323     1.786     2.477
     9.994     2.118     2.505
    10.222     2.152     2.570
    10.448     2.217     2.596
    10.664     2.308     2.624
    10.854     2.547     2.651
    10.949     2.942     2.677
    10.865     3.321     2.705
    10.769     3.712     2.723
    10.673     4.161     2.703
    10.578     4.613     2.669
    10.485     5.067     2.639
    10.371     5.450     2.648
    10.283     5.596     2.614
    10.194     5.383     2.581
    10.106     5.212     2.557
    10.022     5.021     2.460
     9.897     4.746     2.089
     9.578     4.405     1.573
     9.084     4.075     1.080
     8.611     3.747     0.591
     8.147     3.398     0.101
     7.615     2.963    -0.353
     6.965     2.515    -0.837
     6.228     2.072    -1.305
     5.503     1.624    -1.770
     4.780     1.155    -2.257
     4.014     0.673    -2.816
     3.100     0.191    -3.378
     2.151    -0.297    -4.082
     1.206    -0.836    -5.247
     0.231    -1.496    -6.392
    -0.879    -2.153    -7.265
    -1.984    -2.711    -8.028
    -3.068    -2.986    -8.555
    -4.022    -3.234    -8.437
    -4.764    -3.483    -8.393
    -5.528    -3.716    -8.345
    -6.270    -3.861    -8.296
    -6.936    -3.912    -8.160
    -7.586    -3.976    -7.692
    -8.247    -4.069    -7.149
    -8.866    -4.211    -6.527
    -9.150    -4.319    -5.759
    -9.178    -4.296    -5.003
    -9.225    -4.083    -4.253
    -9.170    -3.891    -3.543
    -8.857    -3.698    -2.836
    -8.562    -3.501    -2.122
    -8.264    -3.293    -1.447
    -7.969    -3.059    -0.943
    -7.672    -2.822    -0.576
    -7.479    -2.552    -0.172
    -7.542    -2.276     0.204
    -7.698    -1.973     0.561
    -7.812    -1.564     0.918
    -7.778    -1.129     1.251
    -7.637    -0.749     1.440
    -7.514    -0.603     1.395
    -7.400    -0.643     1.371
    -7.249    -0.635     1.377
    -6.960    -0.540     1.511
    -6.588    -0.371     1.750
    -6.207    -0.267     1.962
    -5.827    -0.332     2.169
    -5.454    -0.328     2.350
    -5.125     0.046     2.447
    -4.843     0.403     2.532
    -4.555     0.768     2.617
    -4.281     1.128     2.741
    -4.086     1.451     2.980
    -3.979     1.729     3.229
    -3.878     2.031     3.502
    -3.761     2.315     3.841
    -3.616     2.598     4.208
    -3.366     2.865     4.572
    -3.080     3.033     4.933
    -2.798     3.043     5.287
    -2.517     3.069     5.569
    -2.234     3.094     5.687
    -1.944     3.118     5.823
    -1.657     3.142     5.955
    -1.382     3.188     6.080
    -1.093     3.209     6.239
    -0.822     3.229     6.487
    -0.602     3.250     6.747
    -0.385     3.280     7.005
    -0.148     3.356     7.271
     0.236     3.495     7.432
     0.929     3.630     7.217
     1.596     3.746     6.841
     2.252     3.773     6.487
     2.833     3.752     6.127
     3.313     3.712     5.779
     3.680     3.662     5.432
     4.045     3.575     5.132
     4.406     3.487     4.925
     4.760     3.402     4.708
     5.106     3.296     4.487
     5.454     3.089     4.269
     5.793     2.782     4.060
     6.109     2.488     3.785
     6.419     2.216     3.228
     6.690     1.842     2.529
     6.765     1.374     1.861
     6.585     0.916     1.230
     6.432     0.450     0.629
     6.279    -0.042     0.023
     6.146    -0.540    -0.583
     6.090    -1.008    -1.190
     6.053    -1.377    -1.775
     6.014    -1.714    -2.262
     5.981    -2.020    -2.702
     5.942    -2.405    -3.123
     5.914    -2.907    -3.547
     5.900    -3.425    -3.971
     5.876    -3.821    -4.393
     5.772    -3.844    -4.820
     5.469    -3.850    -5.270
     5.183    -3.853    -5.736
     4.889    -3.852    -6.178
     4.634    -3.855    -6.519
     4.537    -3.819    -6.828
     4.485    -3.790    -7.063
     4.424    -3.644    -7.171
     4.372    -3.450    -7.289
     4.369    -3.288    -7.402
     4.410    -3.149    -7.533
     4.449    -3.007    -7.729
     4.451    -2.868    -7.969
     4.301    -2.733    -8.210
     4.052    -2.599    -8.372
     3.862    -2.416    -8.277
     3.752    -2.252    -7.972
     3.687    -2.055    -7.692
     3.609    -1.860    -7.420
     3.487    -1.662    -7.149
     3.260    -1.481    -6.904
     3.036    -1.375    -6.716
     2.767    -1.353    -6.523
     2.405    -1.319    -6.328
     2.049    -1.254    -6.135
     1.684    -1.080    -5.974
     1.234    -0.872    -5.717
     0.791    -0.638    -5.432
     0.348    -0.335    -5.153
    -0.097     0.025    -4.824
    -0.539     0.715    -4.308
    -0.979     1.705    -3.717
    -1.420     2.317    -3.135
    -1.861     2.789    -2.562
    -2.303     3.111    -1.912
    -2.733     0.000    -1.057
    -3.206     0.000    -0.096
    -3.676     0.000     0.842
    -4.146     0.000     1.664
    -4.586     0.000     2.189
    -4.921     0.000     2.740
    -5.237     0.000     3.274
    -5.554     0.000     3.700
    -5.858     0.000     3.871
    -6.115     0.000     4.069
    -6.341     0.000     4.205
    -6.596     0.000     4.365
    -6.847     0.000     4.520
    -7.088     0.000     4.672
    -7.219     0.000     4.857
    -7.083     0.000     5.171
    -6.974     0.000     5.545
    -6.822     0.000     5.909
    -6.532     0.000     6.274
    -6.168     0.000     6.639
    -5.798     0.000     6.938
    -5.503     0.000     7.147
    -5.232     0.000     7.159
    -4.954     0.000     7.187
    -4.671     0.000     7.206
    -4.356     0.000     7.082
    -3.936     0.000     6.542
    -3.518     0.000     6.023
    -3.092     0.000     5.496
    -2.544     0.000     4.957
    -1.597     0.000     4.351
    -0.735     0.000     3.760
    -0.120     0.000     3.170
     0.400     0.000     2.603
     1.298     0.000     2.099
     2.198     0.000     1.593
     3.056     0.000     1.087
     3.772     0.000     0.564
     4.492     0.000    -0.020
     5.193     0.000    -0.602
     5.847     0.000    -1.205
     6.474     0.000    -1.708
     7.215     0.000    -2.051
     7.953     0.000    -2.415
     8.478     0.000    -2.808
     8.532     0.000    -3.285
     8.546     0.000    -3.754
     8.312     0.000    -4.196
     8.071     0.000    -4.538
     7.772     0.000    -4.863
     7.491     0.000    -5.210
     7.183     0.000    -5.467
     6.793     0.000    -5.495
     6.235     0.000    -5.477
     5.692     0.000    -5.461
     5.147     0.000    -5.384
     4.591     0.000    -5.118
     4.002     0.000    -4.854
     3.383     0.000    -4.587
     2.765     0.000    -4.327
     2.167     0.000    -4.089
     1.608     0.000    -3.837
     1.083     0.000    -3.534
     0.522     0.000    -3.068
    -0.181     0.000    -2.572
    -1.009     0.000    -2.078
    -1.818     0.000    -1.589
    -2.535     0.000    -1.115
    -2.966     0.000    -0.642
    -3.371     0.000    -0.164
    -3.770     0.000     0.283
    -4.182     0.000     0.602
    -4.596     0.000     0.845
    -5.001     0.000     1.109
    -5.451     0.000     1.434
    -6.106     0.000     1.864
    -6.906     0.000     2.271
    -7.627     0.000     2.584
    -8.064     0.000     2.643
    -8.213     0.000     2.725
    -8.410     0.000     2.812
    -8.655     0.000     2.888
    -8.914     0.000     2.914
    -9.128     0.000     2.761
    -9.133     0.000     2.565
    -8.923     0.000     2.381
    -8.737     0.000     2.256
    -8.561     0.000     2.252
    -8.345     0.000     2.196
    -7.969     0.000     1.964
    -7.483     0.000     1.569
    -7.007     0.000     1.171
    -6.533     0.000     0.696
    -6.054     0.000    -0.037
    -5.565     0.000    -0.802
    -5.039     0.000    -1.491
    -4.506     0.000    -1.901
    -3.971     0.000    -2.170
    -3.378     0.000    -2.445
    -2.595     0.000    -2.650
    -1.808     0.000    -2.746
    -1.057     0.000    -2.884
    -0.512     0.000    -3.024
    -0.109     0.000    -3.145
     0.307     0.000    -3.145
     0.706     0.000    -2.949
     1.093     0.000    -2.775
     1.480     0.000    -2.595
     1.852     0.000    -2.430
     2.152     0.000    -2.340
     2.384     0.000    -2.263
     2.639     0.000    -2.218
     2.898     0.000    -2.179
     3.161     0.000    -2.069
     3.445     0.000    -1.695
     3.758     0.000    -1.188
     4.073     0.000    -0.697
     4.311     0.000    -0.235
     4.288     0.000     0.134
     4.188     0.000     0.443
     4.076     0.000     0.809
     3.980     0.000     1.129
     3.742     0.000     1.449
     3.087     0.000     1.788
     2.407     0.000     2.183
     2.018     0.000     2.575
     2.465     0.000     2.969
     2.837     0.000     3.368
     3.051     0.000     3.727
     2.698     0.000     3.916
     2.269     0.000     4.010
     1.924     0.000     4.071
     1.771     0.000     4.134
     1.607     0.000     4.197
     1.403     0.000     4.257
     1.115     0.000     4.318
     0.835     0.000     4.381
     0.601     0.000     4.400
     0.513     0.000     4.271
     0.442     0.000     4.097
     0.302     0.000     3.989
     0.052     0.000     3.824
    -0.212     0.000     3.656
    -0.412     0.000     3.523
    -0.407     0.000     3.535
    -0.385     0.000     3.632
    -0.369     0.000     3.715
    -0.378     0.000     3.794
    -0.424     0.000     3.875
    -0.462     0.000     3.933
    -0.476     0.000     3.967
    -0.328     0.000     3.925
    -0.192     0.000     3.886
    -0.018     0.000     3.848
     0.268     0.000     3.807
     0.572     0.000     3.740
     0.842     0.000     3.615
     0.951     0.000     3.498
     0.878     0.000     3.381
     0.821     0.000     3.259
     0.768     0.000     3.192
     0.835     0.000     3.016
     0.953     0.000     2.687
     1.066     0.000     2.372
     1.177     0.000     2.053
     1.288     0.000     1.734
     1.414     0.000     1.415
     1.584     0.000     1.087
     1.758     0.000     0.749
     1.932     0.000     0.415
     2.086     0.000     0.104
     2.260     0.000    -0.376
     2.433     0.000    -0.948
     2.618     0.000    -1.448
     2.846     0.000    -1.768
     3.096     0.000    -2.081
     3.342     0.000    -2.393
     3.587     0.000    -2.702
     3.835     0.000    -2.979
     4.065     0.000    -3.155
     4.213     0.000    -3.286
     4.342     0.000    -3.467
     4.477     0.000    -3.676
     4.597     0.000    -3.899
     4.632     0.000    -4.117
     4.579     0.000    -4.296
     4.538     0.000    -4.386
     4.502     0.000    -4.491
     4.434     0.000    -4.536
     4.233     0.000    -4.349
     3.892     0.000    -3.941
     3.579     0.000    -3.470
     3.250     0.000    -3.050
     2.846     0.000    -2.767
     2.375     0.000    -2.584
     1.909     0.000    -2.394
     1.419     0.000    -2.225
     0.858     0.000    -2.065
     0.297     0.000    -1.896
    -0.194     0.000    -1.679
    -0.422     0.000    -1.382
    -0.532     0.000    -1.134
    -0.680     0.000    -0.973
    -0.984     0.000    -0.922
    -1.560     0.000    -0.965
    -2.104     0.000    -1.084
    -2.585     0.000    -1.153
    -2.860     0.000    -1.077
    -3.130     0.000    -0.950
    -3.378     0.000    -0.832
    -3.524     0.000    -0.709
    -3.514     0.000    -0.593
    -3.519     0.000    -0.481
    -3.522     0.000    -0.370
    -3.521     0.000    -0.259
    -3.501     0.000    -0.146
    -3.468     0.000    -0.034
    -3.436     0.000     0.071
    -3.408     0.000     0.143
    -3.400     0.000     0.165
    -3.413     0.000     0.184
    -3.405     0.000     0.211
    -3.300     0.000     0.238
    -3.149     0.000     0.263
    -3.005     0.000     0.285
    -2.845     0.000     0.237
    -2.600     0.000    -0.031
    -2.278     0.000    -0.322
    -1.964     0.000    -0.542
    -1.658     0.000    -0.547
    -1.338     0.000    -0.561
    -1.107     0.000    -0.555
    -1.104     0.000    -0.538
    -1.096     0.000    -0.468
    -1.089     0.000    -0.354
    -1.083     0.000    -0.245
    -1.080     0.000    -0.139
    -1.041     0.000    -0.033
    -0.849     0.000     0.080
    -0.555     0.000     0.236
    -0.278     0.000     0.459
    -0.120     0.000     0.707
    -0.027     0.000     0.967
     0.059     0.000     1.149
     0.136     0.000     1.049
     0.174     0.000     0.837
     0.105     0.000     0.651
     0.046     0.000     0.458
     0.042     0.000     0.231
     0.236     0.000    -0.229
     0.502     0.000    -1.239
     0.742     0.000    -1.994
     0.962     0.000    -2.320
     1.103     0.000    -2.695
     1.148     0.000    -3.054
     1.203     0.000    -3.405
     1.257     0.000    -3.756
     1.362     0.000    -4.022
     1.657     0.000    -4.067
     2.017     0.000    -4.132
     2.400     0.000    -4.269
     2.748     0.000    -4.393
     3.094     0.000    -4.511
     3.379     0.000    -4.613
     3.455     0.000    -4.711
     3.503     0.000    -4.828
     3.553     0.000    -5.017
     3.610     0.000    -5.221
     3.625     0.000    -4.950
     3.474     0.000    -4.759
     3.254     0.000    -4.596
     3.014     0.000    -4.157
     2.777     0.000    -3.724
     2.471     0.000    -3.243
     1.956     0.000    -2.602
     1.433     0.000    -1.965
     0.921     0.000    -1.297
     0.423     0.000    -0.476
    -0.074     0.000     0.570
    -0.570     0.000     1.597
    -1.034     0.000     2.494
    -1.516     0.000     3.244
    -1.953     0.000     3.797
    -2.390     0.000     4.363
    -2.833     0.000     4.866
    -3.300     0.000     5.306
    -3.808     0.000     5.759
    -4.309     0.000     6.171
    -4.761     0.000     6.405
    -5.054     0.000     6.500
    -5.314     0.000     6.530
    -5.604     0.000     6.649
    -5.898     0.000     6.766
    -6.159     0.000     6.876
    -6.258     0.000     6.961
    -6.223     0.000     7.026
    -6.206     0.000     7.098
    -6.193     0.000     7.128
    -6.175     0.000     6.975
    -6.150     0.000     6.644
    -6.098     0.000     6.251
    -6.072     0.000     5.944
    -6.044     0.000     5.607
    -6.021     0.000     5.175
    -5.931     0.000     4.649
    -5.588     0.000     3.881
    -5.140     0.000     2.886
    -4.709     0.000     1.949
    -4.258     0.000     1.153
    -3.718     0.000     0.538
    -3.104     0.000    -0.176
    -2.522     0.000    -0.756
    -1.956     0.000    -1.267
    -1.425     0.000    -1.789
    -0.897     0.000    -2.309
    -0.372     0.000    -2.828
     0.148     0.000    -3.331
     0.646     0.000    -3.785
     1.135     0.000    -4.243
     1.624     0.000    -4.704
     2.074     0.000    -5.209
     2.324     0.000    -5.481
     2.590     0.000    -5.602
     2.880     0.000    -5.743
     3.437     0.000    -5.885
     4.517     0.000    -6.024
     4.938     0.000    -6.135
     4.867     0.000    -6.164
     4.863     0.000    -6.194
     4.873     0.000    -6.225
     4.920     0.000    -6.303
     4.960     0.000    -6.216
     5.005     0.000    -6.047
     5.044     0.000    -5.889
     5.068     0.000    -5.735
     5.093     0.000    -5.577
     5.119     0.000    -5.409
     5.143     0.000    -5.241
     5.161     0.000    -5.074
     5.154     0.000    -4.909
     5.134     0.000    -4.830
     5.106     0.000    -4.739
     5.084     0.000    -4.575
     4.986     0.000    -4.148
     4.633     0.000    -3.586
     4.267     0.000    -3.058
     4.106     0.000    -2.589
     4.094     0.000    -2.138
     4.065     0.000    -1.681
     4.000     0.000    -1.227
     3.834     0.000    -0.798
     3.640     0.000    -0.249
     3.449     0.000     0.331
     3.259     0.000     0.904
     3.089     0.000     1.531
     2.981     0.000     2.340
     2.882     0.000     3.197
     2.781     0.000     4.047
     2.654     0.000     4.827
     2.361     0.000     5.387
     1.782     0.000     5.883
     1.235     0.000     6.414
     0.699     0.000     6.915
     0.220     0.000     7.291
    -0.158     0.000     7.599
    -0.436     0.000     7.906
    -0.698     0.000     8.182
    -0.979     0.000     8.444
    -1.344     0.000     8.705
    -1.802     0.000     8.974
    -2.189     0.000     9.186
    -2.338     0.000     9.226
    -2.475     0.000     9.175
    -2.610     0.000     9.140
    -2.735     0.000     9.110
    -2.830     0.000     9.049
    -2.927     0.000     8.827
    -3.005     0.000     8.375
    -3.012     0.000     7.951
    -2.976     0.000     7.523
    -2.957     0.000     7.101
    -2.861     0.000     6.674
    -2.641     0.000     6.249
    -2.463     0.000     5.822
    -2.415     0.000     5.396
    -2.454     0.000     4.975
    -2.482     0.000     4.522
    -2.506     0.000     3.935
    -2.531     0.000     3.262
    -2.558     0.000     2.601
    -2.605     0.000     1.975
    -2.619     0.000     1.321
    -2.634     0.000     0.755
    -2.649     0.000     0.472
    -2.664     0.000     0.227
    -2.677     0.000    -0.023
    -2.689     0.000    -0.260
    -2.676     0.000    -0.433
    -2.581     0.000    -0.522
    -2.490     0.000    -0.617
    -2.424     0.000    -0.673
    -2.335     0.000    -0.797
    -2.252     0.000    -1.098
    -2.170     0.000    -1.744
    -2.092     0.000    -2.354
    -2.019     0.000    -2.965
    -1.937     0.000    -3.573
    -1.848     0.000    -4.077
    -1.600     0.000    -4.292
    -0.870     0.000    -4.540
    -0.237     0.000    -4.721
     0.267     0.000    -5.053
     0.676     0.000    -5.664
     1.088     0.000    -6.228
     1.461     0.000    -6.562
     1.710     0.000    -6.607
     1.967     0.000    -6.685
     2.220     0.000    -6.763
     2.476     0.000    -6.849
     2.737     0.000    -6.971
     2.980     0.000    -7.031
     3.259     0.000    -7.163
     3.534     0.000    -7.289
     3.798     0.000    -7.383
     3.948     0.000    -7.423
     3.807     0.000    -7.471
     3.690     0.000    -7.519
     3.559     0.000    -7.538
     3.396     0.000    -7.407
     3.180     0.000    -7.069
     2.967     0.000    -6.658
     2.747     0.000    -6.300
     2.535     0.000    -5.942
     2.331     0.000    -5.585
     2.195     0.000    -5.223
     0.000     0.000    -4.830
     0.000     0.000    -4.408
     0.000     0.000    -3.991
     0.000     0.000    -3.546
     0.000     0.000    -2.961
     0.000     0.000    -2.109
     0.000     0.000    -1.374
     0.000     0.000    -0.636
     0.000     0.000     0.082
     0.000     0.000     0.691
     0.000     0.000     1.178
     0.000     0.000     1.671
     0.000     0.000     2.072
     0.000     0.000     2.287
     0.000     0.000     2.521
     0.000     0.000     2.752
     0.000     0.000     2.556
     0.000     0.000     2.407
     0.000     0.000     2.518
     0.000     0.000     2.735
     0.000     0.000     2.920
     0.000     0.000     3.003
     0.000     0.000     3.001
     0.000     0.000     3.020
     0.000     0.000     3.053
     0.000     0.000     3.184
     0.000     0.000     3.552
     0.000     0.000     3.754
     0.000     0.000     3.640
     0.000     0.000     3.566
     0.000     0.000     3.514
     0.000     0.000     0.000
     0.000     0.000     0.000
