**************************************************************************************
                       INSTITUTO DE INGENIERIA, UNAM
                  Coordinacion de Instrumentacion Sismica
  Ciudad Universitaria, Apartado Postal 70-472, Coyoacan 04510, Mexico, D.F.
 Tel.(52-5)622-3414    Fax.(52-5)616-1514    e-mail: isismica@pumas.iingen.unam.mx
**************************************************************************************
ARCHIVO ESTANDAR DE ACELERACION:
VERSION DEL FORMATO                    : 2.0
NOMBRE DEL ARCHIVO                     : OAXM9602.251
FECHA Y HORA DE CREACION               : Tue Aug 25 11:43:46 1998
REF. CATALOGO ACELEROGRAMAS, SMIS 1995 : REGISTRO NO.      /PAG.    


================================================================================
DATOS DE LA ESTACION:
NOMBRE DE LA ESTACION                  : OAXACA FACULTAD DE MEDICINA
CLAVE DE LA ESTACION                   : OAXM
LOCALIZACION DE LA ESTACION            : Fuente de las 7 regiones, a 2 Km.
                                       : del Centro, Oaxaca.
                                       :
                                       :
                                       :
COORDENADAS DE LA ESTACION             : 17.082872 LAT. N
                                       : 96.718744 LONG. W
ALTITUD (msnm)                         : 1600
TIPO DE SUELO                          : ALUVIAL
                                       :
                                       :
INSTITUCION RESPONSABLE                : INSTITUTO DE INGENIERIA UNAM
                                       :

================================================================================
DATOS DEL ACELEROGRAFO: 
MODELO DEL ACELEROGRAFO                : DCA-333
NUMERO DE SERIE DEL ACELEROGRAFO       : 122
NUMERO DE CANALES                      : 3
ORIENTACION C1-C6 (rumbo;orientacion)  : /V/N90E/N00E
ORIENTACION C7-C12 (rumbo;orientacion) :
VEL. DE MUESTREO, C1-C6 (muestras/s)   : /100/100/100
VEL. DE MUESTREO, C7-C12 (muestras/s)  :
ESC. COMPLETA DE SENSORES, C1-C6, (g)  : /2/2/2
ESC. COMPLETA DE SENSORES, C7-C12 (g)  :
FREC. NAT. DE SENSORES, C1-C6, (Hz)    : /31.0/32.0/30.0
FREC. NAT. DE SENSORES, C7-C12 (Hz)    :
AMORTIGUAMIENTO DE SENSORES, C1-C6     : /0.62/0.72/0.63
AMORTIGUAMIENTO DE SENSORES, C7-C12    :
INTERVALO DE MUESTREO, C1-C6 (s)       : /0.01/0.01/0.01
INTERVALO DE MUESTREO, C7-C12 (s)      :
UMBRAL DE DISPARO, C1-C6 (Gal)         : /8/8/8
UMBRAL DE DISPARO, C7-C12 (Gal)        :
MEMORIA DE PREEVENTO (s)               : 4
TIEMPO DE POSEVENTO (s)                : 15


================================================================================
DATOS DEL SISMO:
FECHA DEL SISMO [GMT]                  : 1996/02/25
HORA EPICENTRO (GMT)                   : 14:27:24.3
MAGNITUD(ES)                           : /Mb=5.2/Ms=5.3/Mc=5.2
COORDENADAS DEL EPICENTRO              : 15.48 LAT. N
                                       : 98.04 LONG. W
PROFUNDIDAD FOCAL (Km)                 : 13 
FUENTE DE LOS DATOS EPICENTRALES       : Instituto de Geofisica, UNAM
                                       : SSN

================================================================================
DATOS DE ESTE REGISTRO:
HORA DE LA PRIMERA MUESTRA (GMT)       : 14:28:19    
EXACTITUD DEL TIEMPO (s)               : 0.5  
DURACION DEL REGISTRO (s), C1-C6       : /15.19/15.19/15.19                      
DURACION DEL REGISTRO (s), C7-C12      : 
NUM. TOTAL DE MUESTRAS, C1-C6          : /1519/1519/1519                       
NUM. TOTAL DE MUESTRAS, C7-C12         : 
ACEL. MAX.(Gal), C1-C6                 : /5.03/9.13/-9.66                      
ACEL. MAX., C1-C6, EN LA MUESTRA       : /657/352/225                          
ACEL. MAX.(Gal), C7-C12                : 
ACEL. MAX., C7-C12,EN LA MUESTRA       : 
UNIDADES DE LOS DATOS                  : Gal (cm/s/s)
FACTOR DE DECIMACION                   : 1
FORMATO DATOS (FORTRAN,10 campos/dato) : 3F10.2


================================================================================
CALIDAD DEL ACELEROGRAMA:
REGISTRO DIGITAL COMPLETO, CON TIEMPO ABSOLUTO CORRECTO.


================================================================================
COMENTARIOS:














================================================================================
DATOS DE ACELERACION:
---------+---------+---------+---------+---------+---------+---------+---------+
   CANAL-1   CANAL-2   CANAL-3
         V      N90E      N00E
---------+---------+---------+---------+---------+---------+---------+---------+
      0.24     -0.44      0.87
      1.20     -0.44      0.87
      1.20     -0.44     -0.09
      1.20      0.52      0.87
      1.20      0.52      0.87
      0.24     -0.44     -0.09
      0.24     -0.44     -0.09
      0.24     -0.44     -1.05
     -0.72     -0.44     -1.05
      0.24     -0.44     -1.05
      0.24      0.52     -1.05
      0.24      0.52     -1.05
      0.24      1.47     -0.09
      0.24      1.47     -0.09
      0.24      1.47     -0.09
      0.24      1.47     -0.09
      0.24      0.52     -0.09
      0.24      0.52     -0.09
      0.24      0.52     -0.09
      0.24     -0.44      0.87
      0.24     -0.44     -0.09
     -0.72     -0.44      0.87
      0.24     -0.44      0.87
     -0.72     -0.44     -0.09
     -0.72     -0.44     -0.09
      0.24     -0.44      0.87
      0.24     -1.40      0.87
      0.24     -1.40     -0.09
      0.24     -1.40     -0.09
      0.24     -0.44     -0.09
      0.24     -0.44     -2.00
      0.24      0.52     -1.05
      0.24      0.52     -1.05
     -0.72      0.52     -0.09
     -0.72      0.52     -0.09
     -0.72     -0.44     -0.09
     -0.72      1.47      0.87
      0.24      0.52     -0.09
      0.24      0.52     -0.09
      0.24     -0.44     -0.09
      1.20     -0.44     -0.09
      0.24     -0.44     -0.09
      0.24     -1.40     -0.09
      0.24     -1.40     -0.09
     -0.72     -1.40      0.87
     -0.72     -0.44      0.87
     -0.72     -0.44      0.87
     -0.72     -0.44      0.87
      0.24     -0.44      0.87
      0.24     -0.44      0.87
      1.20      0.52     -0.09
      1.20      0.52     -0.09
      1.20      0.52     -0.09
      0.24      0.52     -1.05
      0.24      0.52     -1.05
     -0.72      0.52     -1.05
     -0.72      0.52     -1.05
     -0.72      0.52     -1.05
      0.24     -0.44     -1.05
      0.24     -0.44     -0.09
      0.24     -0.44     -1.05
     -0.72     -0.44     -1.05
      0.24     -0.44     -1.05
      0.24     -0.44     -0.09
     -0.72     -0.44     -0.09
     -0.72     -0.44     -0.09
     -0.72      0.52     -0.09
     -0.72      0.52     -0.09
     -0.72      0.52     -0.09
     -0.72      0.52     -0.09
      0.24      0.52     -0.09
      0.24      0.52     -0.09
      0.24      0.52     -0.09
      0.24      0.52     -1.05
      0.24      0.52     -1.05
      0.24     -0.44     -1.05
     -0.72     -1.40     -2.00
     -0.72     -1.40     -0.09
      0.24     -0.44     -0.09
      0.24     -1.40     -0.09
      0.24     -0.44     -0.09
      0.24     -1.40     -0.09
      1.20     -1.40     -0.09
      1.20     -1.40     -1.05
      1.20     -1.40     -0.09
      2.15     -1.40     -0.09
      1.20     -0.44     -0.09
      1.20      0.52     -0.09
      0.24      0.52     -0.09
      0.24      1.47     -0.09
      0.24      1.47      0.87
      0.24      1.47      0.87
      0.24      1.47      0.87
      0.24      1.47      0.87
      0.24      1.47      0.87
      0.24      1.47      0.87
      0.24      0.52     -0.09
      0.24     -0.44     -1.05
      0.24     -0.44     -2.00
      0.24     -0.44     -2.00
      0.24     -0.44     -2.00
      0.24     -0.44     -1.05
      0.24     -0.44     -0.09
      0.24     -0.44     -0.09
      0.24     -0.44      0.87
      1.20     -1.40      0.87
      1.20     -1.40      0.87
      1.20     -1.40      0.87
      0.24     -0.44      0.87
      0.24      0.52      0.87
     -0.72      1.47      0.87
     -0.72      2.43      0.87
     -0.72      3.39     -0.09
     -0.72      2.43      0.87
      0.24      1.47      0.87
      0.24      0.52      0.87
     -0.72      0.52      0.87
     -0.72     -0.44     -0.09
     -0.72     -0.44     -0.09
     -0.72     -1.40     -1.05
      0.24     -1.40     -1.05
      0.24     -1.40     -2.00
      0.24     -1.40     -2.00
      0.24     -1.40     -2.00
      0.24     -1.40     -2.00
     -0.72     -1.40     -2.00
     -0.72     -0.44     -1.05
     -0.72     -0.44     -0.09
      0.24      0.52      0.87
      0.24      0.52      0.87
      0.24      0.52      1.82
      1.20      1.47      1.82
      1.20      1.47      1.82
      1.20      0.52      1.82
     -0.72      0.52      1.82
     -0.72     -0.44      0.87
     -1.67     -0.44      0.87
     -1.67     -0.44      0.87
     -0.72     -0.44     -1.05
     -0.72      0.52     -0.09
      0.24      0.52     -1.05
      0.24     -0.44     -1.05
      1.20     -0.44     -1.05
      1.20     -0.44     -2.00
      0.24     -0.44     -1.05
      0.24     -0.44     -0.09
     -0.72     -0.44      0.87
     -0.72      0.52      1.82
     -0.72      0.52      2.78
     -0.72      0.52      2.78
     -0.72     -0.44      3.74
      0.24      0.52      2.78
      0.24      0.52      2.78
      0.24      0.52      1.82
      1.20      0.52      0.87
      0.24     -0.44     -0.09
      0.24     -1.40     -1.05
      0.24     -1.40     -1.05
      0.24     -2.35     -2.00
      0.24     -1.40     -1.05
      0.24     -1.40     -1.05
      0.24     -1.40     -0.09
      1.20     -0.44     -1.05
      1.20     -0.44     -2.00
      1.20     -0.44     -2.00
      1.20      0.52     -2.00
      1.20      0.52     -2.96
      1.20     -0.44     -2.96
      1.20     -0.44     -2.00
      0.24     -0.44     -2.00
      0.24     -0.44     -1.05
      0.24      0.52     -0.09
     -0.72      2.43     -0.09
     -0.72      3.39     -1.05
     -0.72      4.35     -2.00
      0.24      5.30     -2.96
      0.24      5.30     -2.96
      0.24      4.35     -2.00
      0.24      3.39     -2.00
     -0.72      2.43     -2.00
     -1.67      0.52     -1.05
     -1.67     -2.35     -0.09
     -2.63     -4.27      0.87
     -2.63     -6.18      1.82
     -3.59     -6.18      2.78
     -2.63     -5.23      3.74
     -2.63     -3.31      4.70
     -0.72     -1.40      4.70
      1.20      0.52      5.65
      2.15      0.52      5.65
      3.11      0.52      6.61
      2.15      0.52      5.65
      1.20      0.52      4.70
     -0.72      0.52      3.74
     -2.63      1.47      1.82
     -3.59      1.47     -1.05
     -3.59      1.47     -2.00
     -2.63      1.47     -3.92
     -1.67      1.47     -4.88
      0.24      1.47     -4.88
      1.20      1.47     -4.88
      3.11      1.47     -4.88
      4.07      1.47     -4.88
      4.07     -0.44     -4.88
      3.11     -1.40     -5.83
      2.15     -2.35     -2.96
      1.20     -2.35     -2.00
      0.24     -2.35      0.87
     -0.72     -0.44      2.78
     -0.72     -0.44      4.70
     -0.72     -0.44      4.70
     -0.72     -0.44      4.70
      0.24      0.52      4.70
      1.20      0.52      3.74
      2.15      0.52      3.74
      2.15      0.52      2.78
      2.15      1.47      2.78
      3.11      1.47      2.78
      2.15      0.52      2.78
      1.20      0.52      2.78
     -0.72     -1.40      0.87
     -2.63     -2.35     -1.05
     -3.59     -2.35     -3.92
     -2.63     -1.40     -7.75
     -1.67      0.52     -8.70
     -0.72      2.43     -9.66
      0.24      4.35     -7.75
      2.15      4.35     -4.88
      3.11      3.39     -2.00
      3.11      1.47     -2.00
      3.11      0.52     -0.09
      2.15     -0.44     -0.09
      0.24     -0.44      0.87
     -0.72     -0.44      1.82
     -1.67     -0.44      2.78
     -1.67     -0.44      3.74
     -0.72     -1.40      4.70
     -0.72     -1.40      4.70
      0.24     -0.44      5.65
      0.24      1.47      6.61
      0.24      1.47      6.61
      0.24      1.47      5.65
      1.20      0.52      3.74
      2.15     -1.40      1.82
      2.15     -3.31     -1.05
      1.20     -3.31     -2.96
      0.24     -2.35     -4.88
     -1.67     -1.40     -6.79
     -2.63     -0.44     -7.75
     -1.67     -0.44     -7.75
     -1.67      0.52     -4.88
      0.24      0.52     -2.00
      1.20      1.47      0.87
      2.15      3.39      5.65
      3.11      3.39      7.57
      3.11      4.35      6.61
      2.15      2.43      5.65
      0.24     -0.44      3.74
     -1.67     -3.31      1.82
     -2.63     -4.27      0.87
     -4.55     -4.27     -1.05
     -3.59     -2.35     -2.00
     -2.63     -0.44     -3.92
     -0.72      1.47     -4.88
      1.20      1.47     -6.79
      3.11      0.52     -6.79
      3.11     -1.40     -7.75
      4.07     -3.31     -8.70
      3.11     -3.31     -8.70
      3.11     -2.35     -6.79
      1.20     -0.44     -2.96
     -0.72      0.52     -0.09
     -3.59      1.47      3.74
     -4.55      1.47      5.65
     -3.59      0.52      6.61
     -2.63     -0.44      6.61
      0.24     -1.40      6.61
      1.20      0.52      6.61
      2.15      1.47      5.65
      2.15      1.47      4.70
      2.15      1.47      3.74
      1.20      0.52      2.78
      1.20      0.52      0.87
     -0.72      0.52     -0.09
     -2.63      0.52     -0.09
     -2.63      2.43     -0.09
     -2.63      2.43     -1.05
     -1.67      3.39     -3.92
      1.20      2.43     -4.88
      2.15      1.47     -7.75
      3.11      0.52     -8.70
      2.15     -0.44     -7.75
      0.24      0.52     -5.83
     -1.67      0.52     -3.92
     -2.63      0.52     -1.05
     -1.67      0.52      0.87
     -0.72     -0.44      2.78
      0.24     -1.40      2.78
      2.15     -3.31      3.74
      3.11     -3.31      3.74
      3.11     -3.31      4.70
      2.15     -2.35      3.74
     -0.72     -2.35      4.70
     -1.67     -3.31      4.70
     -3.59     -3.31      3.74
     -2.63     -3.31      1.82
     -1.67     -3.31     -0.09
     -0.72     -1.40     -0.09
     -0.72     -0.44     -0.09
      0.24      1.47     -0.09
      1.20      3.39     -1.05
      1.20      4.35     -2.00
      0.24      5.30     -2.96
      1.20      4.35     -2.00
      1.20      4.35     -2.00
      1.20      3.39     -2.00
      0.24      3.39     -1.05
      0.24      1.47     -1.05
     -0.72      0.52     -2.00
     -0.72     -2.35     -1.05
     -0.72     -3.31      0.87
     -0.72     -4.27      3.74
     -0.72     -5.23      6.61
      0.24     -3.31      8.52
      0.24     -2.35      7.57
      2.15     -1.40      5.65
      3.11     -0.44      2.78
      4.07      0.52     -0.09
      3.11      0.52     -2.00
      1.20      1.47     -3.92
      0.24      1.47     -4.88
     -0.72      1.47     -5.83
     -0.72      1.47     -5.83
     -0.72      1.47     -4.88
     -0.72      0.52     -2.96
     -1.67     -1.40     -2.00
     -0.72     -2.35     -2.00
     -0.72     -2.35     -2.00
      0.24     -3.31     -1.05
      1.20     -2.35     -1.05
      1.20     -3.31     -1.05
      1.20     -3.31      2.78
      1.20     -3.31      4.70
      0.24     -2.35      5.65
      1.20     -1.40      5.65
      2.15     -0.44      3.74
      2.15     -0.44     -0.09
      2.15      0.52     -2.00
      1.20      2.43     -4.88
      0.24      4.35     -4.88
     -0.72      6.26     -3.92
     -2.63      8.17     -2.00
     -2.63      9.13     -0.09
     -1.67      7.22     -0.09
     -0.72      4.35     -0.09
      0.24      2.43     -1.05
      1.20     -0.44     -2.00
      1.20     -2.35     -2.00
      0.24     -4.27     -1.05
     -0.72     -5.23      0.87
     -1.67     -6.18      1.82
     -1.67     -7.14      2.78
     -1.67     -7.14      3.74
     -1.67     -7.14      3.74
     -1.67     -6.18      3.74
     -1.67     -5.23      2.78
     -0.72     -4.27      1.82
      0.24     -2.35      0.87
      1.20      0.52     -0.09
      1.20      2.43     -0.09
      1.20      5.30     -0.09
      0.24      6.26      0.87
     -0.72      6.26      1.82
     -1.67      5.30      1.82
     -1.67      4.35     -0.09
     -0.72      2.43     -2.00
     -0.72      1.47     -4.88
     -0.72      0.52     -6.79
     -0.72     -0.44     -6.79
     -1.67     -0.44     -4.88
     -1.67     -0.44     -2.00
     -1.67     -1.40     -0.09
     -0.72     -1.40      0.87
      1.20     -1.40      1.82
      2.15     -0.44      1.82
      3.11      0.52     -0.09
      3.11      1.47     -1.05
      2.15      2.43     -0.09
      1.20      3.39      0.87
     -0.72      3.39      3.74
     -1.67      3.39      4.70
     -1.67      2.43      4.70
     -1.67      0.52      2.78
     -0.72     -1.40      0.87
      0.24     -3.31     -1.05
      1.20     -3.31     -2.00
      1.20     -3.31     -2.96
      0.24     -2.35     -2.96
      1.20     -0.44     -2.00
      1.20      0.52     -0.09
      0.24      2.43      0.87
     -0.72      3.39      2.78
     -0.72      4.35      2.78
     -0.72      4.35      2.78
     -0.72      5.30      1.82
     -0.72      5.30      0.87
     -0.72      4.35      0.87
     -0.72      3.39     -0.09
      0.24      0.52     -1.05
      1.20     -0.44     -2.00
      2.15     -1.40     -2.96
      2.15     -2.35     -2.00
      1.20     -3.31     -2.00
      0.24     -4.27     -0.09
     -0.72     -4.27      0.87
     -1.67     -5.23      1.82
     -1.67     -6.18      2.78
      0.24     -6.18      3.74
      1.20     -6.18      2.78
      1.20     -5.23      0.87
      2.15     -3.31     -2.00
      1.20     -1.40     -2.00
      2.15      1.47     -3.92
      1.20      2.43     -4.88
      1.20      3.39     -2.96
      1.20      4.35     -2.00
      1.20      5.30     -2.00
      0.24      5.30     -1.05
      0.24      4.35      0.87
      1.20      4.35      1.82
      1.20      3.39      3.74
      0.24      2.43      4.70
      0.24      0.52      3.74
      1.20     -0.44      0.87
      1.20     -3.31     -1.05
      1.20     -6.18     -1.05
      1.20     -8.10     -1.05
     -0.72     -9.05     -1.05
     -1.67     -8.10     -0.09
     -2.63     -8.10     -0.09
     -2.63     -6.18     -0.09
     -1.67     -3.31     -0.09
     -0.72     -1.40     -1.05
      0.24      1.47     -2.00
      1.20      2.43     -2.00
      2.15      4.35     -2.00
      2.15      5.30     -2.00
      2.15      6.26     -1.05
      1.20      7.22     -0.09
     -0.72      8.17     -0.09
     -1.67      7.22     -0.09
     -2.63      6.26     -2.00
     -1.67      4.35     -1.05
     -0.72      1.47     -2.00
     -0.72     -1.40     -2.00
     -0.72     -3.31     -2.00
     -0.72     -5.23     -2.00
     -1.67     -6.18     -0.09
     -2.63     -5.23      0.87
     -2.63     -3.31      2.78
     -2.63     -2.35      3.74
     -1.67     -1.40      4.70
     -0.72     -0.44      4.70
      0.24     -1.40      2.78
     -0.72     -0.44      1.82
     -1.67      0.52      0.87
     -1.67      1.47     -0.09
     -0.72      3.39     -0.09
     -0.72      4.35     -1.05
     -0.72      3.39     -1.05
     -0.72      2.43     -1.05
     -0.72      0.52     -2.00
      1.20     -0.44     -1.05
      1.20     -1.40     -0.09
      1.20     -2.35      0.87
      0.24     -2.35      1.82
      0.24     -3.31      2.78
      0.24     -3.31      2.78
      0.24     -2.35      4.70
      1.20     -1.40      4.70
      1.20      0.52      3.74
      2.15      1.47      2.78
      2.15      1.47      0.87
      3.11      0.52     -0.09
      2.15     -0.44     -0.09
      1.20      0.52     -1.05
      0.24      1.47     -1.05
     -0.72      3.39     -1.05
     -0.72      3.39     -1.05
      0.24      3.39     -2.00
      0.24      3.39     -2.00
      0.24      2.43     -2.00
      0.24      0.52     -2.00
      0.24     -0.44     -2.00
      1.20     -1.40     -2.00
      1.20     -1.40     -1.05
      1.20     -0.44     -1.05
      1.20      0.52     -0.09
      1.20      1.47      0.87
      1.20      1.47      1.82
      0.24      1.47      2.78
      0.24      1.47      4.70
      0.24      1.47      3.74
      0.24      1.47      1.82
      0.24      2.43      0.87
      1.20      3.39     -1.05
      1.20      3.39     -2.00
      1.20      2.43     -2.00
      1.20      1.47     -2.96
      1.20      0.52     -2.96
      1.20     -1.40     -2.00
      0.24     -2.35     -2.00
      0.24     -2.35     -1.05
      0.24     -2.35     -1.05
     -0.72     -2.35     -1.05
     -2.63     -2.35     -2.00
     -2.63     -1.40     -2.00
     -2.63     -1.40     -3.92
     -1.67     -1.40     -3.92
     -0.72     -0.44     -2.00
      0.24     -0.44     -1.05
      0.24     -0.44      0.87
      1.20      1.47      1.82
      1.20      2.43      2.78
      1.20      3.39      1.82
      2.15      1.47      1.82
      2.15      0.52      1.82
      1.20     -1.40      1.82
      0.24     -2.35      2.78
     -0.72     -3.31      3.74
     -1.67     -4.27      4.70
     -2.63     -4.27      4.70
     -2.63     -4.27      3.74
     -2.63     -4.27      1.82
     -0.72     -2.35     -1.05
      1.20     -1.40     -2.00
      2.15      0.52     -3.92
      3.11      2.43     -3.92
      4.07      3.39     -3.92
      3.11      4.35     -2.96
      2.15      3.39     -2.00
      1.20      3.39     -1.05
     -1.67      2.43     -0.09
     -2.63      2.43      0.87
     -4.55      2.43      0.87
     -4.55      2.43      2.78
     -3.59      2.43      3.74
     -2.63      1.47      4.70
     -0.72      0.52      5.65
      1.20     -1.40      5.65
      2.15     -3.31      4.70
      3.11     -4.27      1.82
      4.07     -4.27     -1.05
      4.07     -4.27     -2.00
      3.11     -4.27     -3.92
      1.20     -4.27     -4.88
     -1.67     -3.31     -4.88
     -3.59     -2.35     -3.92
     -3.59     -0.44     -2.96
     -2.63      0.52     -2.00
     -0.72      1.47     -1.05
      1.20      1.47     -1.05
      3.11      0.52     -2.00
      4.07      0.52     -2.00
      4.07     -0.44     -2.00
      4.07     -0.44     -3.92
      3.11     -0.44     -2.96
      1.20      0.52     -2.00
      0.24      0.52     -0.09
     -1.67      0.52      1.82
     -1.67      1.47      2.78
     -1.67      1.47      3.74
     -0.72      0.52      4.70
     -0.72      0.52      4.70
     -0.72      1.47      4.70
     -1.67      1.47      5.65
     -2.63      3.39      4.70
     -2.63      4.35      3.74
     -2.63      3.39      2.78
     -1.67      2.43      0.87
     -0.72      0.52     -0.09
     -0.72     -0.44     -0.09
      1.20     -1.40     -0.09
      1.20     -1.40     -1.05
      0.24     -1.40     -1.05
      0.24     -2.35     -2.00
     -0.72     -2.35     -2.96
     -0.72     -1.40     -2.96
     -0.72     -1.40     -2.00
     -0.72     -0.44     -1.05
     -0.72     -1.40     -0.09
      0.24     -1.40     -0.09
      1.20     -1.40     -0.09
      2.15     -1.40      0.87
      2.15     -0.44     -0.09
      2.15      0.52     -0.09
      2.15      0.52     -0.09
      3.11      1.47     -1.05
      2.15      0.52     -1.05
      1.20      1.47     -0.09
      0.24      1.47     -0.09
     -0.72      2.43     -0.09
     -1.67      3.39     -0.09
     -2.63      3.39     -1.05
     -1.67      2.43     -0.09
     -0.72      1.47     -1.05
      0.24      1.47     -1.05
      1.20      0.52     -1.05
      1.20      0.52     -0.09
      1.20     -1.40     -0.09
      1.20     -3.31      0.87
      1.20     -4.27      0.87
      0.24     -4.27      1.82
     -0.72     -4.27      2.78
     -0.72     -3.31      2.78
     -0.72     -2.35      2.78
      0.24     -1.40      0.87
      1.20     -0.44     -1.05
      1.20      0.52     -2.00
      2.15      1.47     -3.92
      1.20      1.47     -3.92
      1.20      0.52     -2.00
      0.24      0.52     -3.92
      0.24      0.52     -3.92
      0.24      0.52     -3.92
      0.24     -0.44     -2.96
      0.24     -1.40     -2.00
      0.24     -1.40     -0.09
     -0.72     -1.40      1.82
     -0.72      0.52      3.74
      0.24      2.43      4.70
      0.24      3.39      5.65
      0.24      3.39      5.65
      0.24      2.43      4.70
     -0.72      1.47      4.70
     -1.67      0.52      2.78
     -1.67      0.52      0.87
     -1.67      1.47      0.87
     -1.67      1.47     -0.09
     -2.63      1.47     -0.09
     -2.63      1.47     -0.09
     -2.63      1.47     -1.05
     -1.67      0.52     -1.05
     -0.72      0.52     -2.00
      0.24      0.52     -2.00
      1.20     -0.44     -2.00
      1.20     -0.44     -2.00
      0.24     -0.44     -2.00
      0.24      0.52     -2.00
     -0.72      0.52     -2.00
     -1.67     -0.44     -1.05
     -1.67      1.47     -1.05
     -0.72      1.47     -1.05
     -0.72      0.52     -0.09
      1.20      0.52      0.87
      2.15      0.52      0.87
      4.07     -0.44      0.87
      5.03     -1.40      0.87
      5.03     -1.40     -0.09
      4.07     -2.35     -0.09
      3.11     -2.35     -1.05
      1.20     -2.35     -1.05
     -1.67     -2.35     -1.05
     -1.67     -2.35     -2.00
     -1.67     -2.35     -2.00
     -1.67     -1.40     -2.00
     -1.67     -0.44     -1.05
     -1.67     -0.44     -0.09
     -0.72     -0.44      1.82
      0.24      0.52      2.78
      0.24      0.52      2.78
      1.20      1.47      2.78
      1.20      1.47      3.74
      1.20      1.47      3.74
      1.20      0.52      2.78
      0.24     -0.44      2.78
      0.24     -2.35      0.87
      0.24     -3.31     -1.05
      0.24     -3.31     -2.00
      1.20     -3.31     -3.92
      1.20     -4.27     -5.83
      1.20     -4.27     -5.83
      1.20     -4.27     -6.79
      1.20     -3.31     -4.88
      1.20     -1.40     -3.92
      0.24     -0.44     -2.00
      0.24     -0.44     -1.05
      0.24      1.47     -1.05
     -0.72      2.43     -1.05
      0.24      2.43     -0.09
      0.24      3.39      0.87
      0.24      4.35      2.78
     -0.72      4.35      3.74
     -0.72      5.30      3.74
     -1.67      6.26      3.74
     -2.63      6.26      2.78
     -2.63      5.30      2.78
     -2.63      3.39      1.82
     -1.67      2.43      2.78
     -2.63      0.52      3.74
     -1.67     -0.44      3.74
     -1.67     -2.35      3.74
     -1.67     -1.40      3.74
     -1.67     -1.40      2.78
     -1.67     -2.35      2.78
     -1.67     -2.35      2.78
     -0.72     -2.35      1.82
     -1.67     -1.40      0.87
     -0.72     -1.40     -1.05
      0.24     -0.44     -2.00
      0.24     -0.44     -2.00
      1.20     -0.44     -2.00
      1.20      0.52     -2.00
      0.24      0.52     -2.00
      1.20      1.47     -2.96
      1.20      2.43     -2.00
      1.20      2.43     -2.00
      2.15      2.43     -1.05
      3.11      1.47     -0.09
      2.15     -0.44      0.87
      3.11     -0.44      0.87
      3.11     -0.44      0.87
      3.11     -1.40      1.82
      2.15     -1.40      1.82
      1.20     -1.40      1.82
      1.20     -1.40      0.87
      1.20     -1.40     -0.09
      1.20     -0.44     -1.05
      1.20      0.52     -1.05
      1.20      1.47     -1.05
      1.20      2.43     -2.00
      0.24      2.43     -2.00
     -0.72      2.43     -2.00
      0.24      1.47     -2.00
      0.24      0.52     -2.00
      0.24     -0.44     -1.05
      0.24     -1.40      0.87
     -0.72     -3.31      0.87
     -1.67     -4.27      0.87
     -1.67     -4.27      1.82
     -1.67     -5.23      1.82
     -1.67     -3.31      1.82
     -0.72     -1.40      1.82
     -0.72     -0.44      1.82
     -0.72      0.52      2.78
      0.24      1.47      2.78
      0.24      2.43      2.78
     -0.72      2.43      0.87
      0.24      2.43      0.87
      0.24      3.39     -0.09
     -0.72      3.39     -0.09
     -0.72      2.43     -1.05
     -0.72      2.43     -2.00
     -0.72      1.47     -2.00
      0.24     -0.44     -2.00
      0.24     -1.40     -1.05
      0.24     -1.40     -1.05
      0.24     -1.40     -1.05
      1.20     -1.40     -2.00
      2.15     -1.40     -2.00
      2.15     -1.40     -2.00
      3.11     -1.40     -2.00
      3.11     -1.40     -1.05
      3.11     -2.35     -1.05
      3.11     -2.35     -1.05
      2.15     -3.31     -1.05
      1.20     -3.31     -0.09
      0.24     -2.35     -0.09
     -0.72     -1.40     -0.09
      0.24     -0.44     -0.09
      0.24      0.52     -0.09
      1.20      1.47     -0.09
      1.20      1.47     -0.09
      1.20      1.47     -0.09
      1.20      0.52     -1.05
      0.24      0.52     -2.96
      0.24      0.52     -2.00
     -0.72     -0.44     -2.00
     -0.72     -1.40     -2.00
     -0.72     -1.40     -2.00
     -0.72     -1.40     -2.00
     -0.72     -1.40     -2.00
     -0.72     -0.44     -1.05
     -0.72     -0.44      0.87
     -0.72     -0.44      0.87
     -0.72     -0.44      1.82
     -0.72     -0.44      2.78
     -0.72     -0.44      2.78
     -0.72     -0.44      2.78
      0.24     -0.44      1.82
      0.24      0.52      0.87
     -0.72      1.47      0.87
     -1.67      1.47     -0.09
     -2.63      1.47     -2.00
     -2.63      1.47     -2.96
     -1.67      0.52     -3.92
     -0.72      0.52     -2.00
     -0.72     -0.44     -2.00
      0.24     -0.44     -1.05
      0.24     -0.44      0.87
      0.24     -0.44      0.87
      0.24     -0.44      1.82
      0.24      0.52      1.82
      0.24      0.52      1.82
      0.24     -0.44      2.78
      0.24     -0.44      3.74
      0.24     -2.35      3.74
      0.24     -1.40      2.78
      0.24     -1.40      2.78
      0.24     -1.40      1.82
      0.24     -0.44      1.82
      0.24     -0.44      0.87
     -0.72      0.52     -0.09
      0.24      1.47     -1.05
      0.24      1.47     -2.00
      1.20      2.43     -2.00
      1.20      3.39     -1.05
      0.24      4.35     -0.09
      0.24      4.35      0.87
      0.24      4.35      0.87
      0.24      3.39      0.87
      0.24      2.43     -0.09
      0.24      0.52     -1.05
      0.24     -0.44     -1.05
      0.24     -2.35     -2.00
      0.24     -2.35     -2.00
      1.20     -3.31     -1.05
      1.20     -3.31     -0.09
      1.20     -2.35      0.87
      0.24     -2.35     -0.09
      1.20     -2.35      0.87
      1.20     -1.40      0.87
      0.24     -0.44      0.87
      1.20      0.52      0.87
      1.20      1.47      0.87
      0.24      2.43      0.87
     -0.72      3.39      0.87
     -0.72      4.35      0.87
     -0.72      5.30      0.87
     -0.72      6.26      0.87
     -0.72      5.30     -0.09
      0.24      4.35     -0.09
      0.24      2.43     -0.09
      1.20      0.52     -1.05
      1.20     -0.44     -2.00
      1.20     -1.40     -2.00
      1.20     -2.35     -2.00
      0.24     -2.35     -1.05
     -1.67     -3.31     -1.05
     -1.67     -2.35     -0.09
     -1.67     -2.35      0.87
     -2.63     -2.35      0.87
     -2.63     -2.35      0.87
     -0.72     -2.35      0.87
      0.24     -1.40     -0.09
      0.24     -1.40     -0.09
      1.20     -1.40     -1.05
      1.20      0.52     -1.05
      0.24      1.47     -2.00
     -0.72      1.47     -1.05
     -0.72      1.47     -1.05
     -2.63      1.47     -0.09
     -1.67      1.47     -1.05
     -1.67      1.47      0.87
     -1.67      1.47      0.87
     -0.72      0.52      0.87
     -0.72      0.52     -0.09
     -0.72      0.52     -0.09
     -0.72     -0.44     -0.09
      0.24     -0.44      0.87
      0.24     -0.44      0.87
      0.24     -0.44      1.82
      0.24     -0.44      2.78
      0.24     -0.44      1.82
      0.24     -1.40      1.82
      1.20     -1.40      0.87
      1.20     -1.40     -0.09
      2.15     -1.40     -1.05
      2.15     -2.35     -2.00
      2.15     -2.35     -2.00
      1.20     -2.35     -2.00
      1.20     -1.40     -2.00
      1.20     -1.40     -2.00
      1.20     -0.44     -2.00
      0.24     -0.44     -2.00
      0.24      0.52     -2.00
      0.24     -1.40     -2.00
      0.24     -0.44     -2.00
      1.20     -0.44     -1.05
      1.20     -0.44     -1.05
      0.24     -0.44     -0.09
      0.24     -0.44      0.87
      0.24      0.52      0.87
      0.24      1.47      1.82
      1.20      1.47      1.82
      1.20      1.47      1.82
      2.15      1.47     -0.09
      2.15      1.47     -0.09
      1.20      1.47     -1.05
      0.24      0.52     -1.05
      0.24      0.52     -2.00
     -0.72     -0.44     -1.05
     -1.67     -0.44     -1.05
     -2.63     -0.44     -1.05
     -1.67     -0.44     -1.05
     -1.67     -2.35     -1.05
     -0.72     -0.44     -1.05
     -0.72      0.52     -1.05
      0.24      1.47     -1.05
      0.24      1.47     -0.09
      1.20      1.47     -0.09
      1.20      1.47      0.87
      1.20      1.47      0.87
      1.20      1.47      0.87
      1.20      0.52      0.87
      1.20     -0.44      0.87
      0.24     -0.44      0.87
      1.20     -0.44      1.82
      0.24     -1.40      1.82
      0.24     -1.40      1.82
      0.24     -1.40      1.82
      1.20     -1.40      0.87
      1.20     -0.44      0.87
      1.20     -0.44     -0.09
      1.20     -0.44     -0.09
      1.20     -0.44     -0.09
      1.20     -0.44     -0.09
      0.24     -0.44     -0.09
      0.24     -0.44     -0.09
      0.24     -0.44      0.87
      0.24      0.52      0.87
     -0.72      1.47      0.87
     -0.72      1.47      0.87
     -0.72      1.47     -0.09
      0.24      0.52     -0.09
      0.24      0.52     -0.09
     -0.72     -0.44     -0.09
      0.24     -1.40     -0.09
      0.24     -2.35     -0.09
      0.24     -2.35     -0.09
      0.24     -3.31     -0.09
     -0.72     -4.27     -1.05
     -0.72     -3.31     -1.05
     -1.67     -2.35     -1.05
     -1.67     -2.35     -2.00
     -0.72     -1.40     -1.05
     -0.72     -0.44     -1.05
     -0.72      0.52     -0.09
      1.20      1.47     -0.09
      0.24      2.43     -0.09
      1.20      3.39     -0.09
      1.20      4.35     -0.09
      1.20      4.35      0.87
      0.24      4.35      0.87
     -0.72      4.35      0.87
     -0.72      3.39     -0.09
     -1.67      2.43      0.87
     -1.67      1.47      0.87
     -0.72     -0.44      1.82
     -0.72     -0.44      0.87
     -0.72     -1.40      0.87
      0.24     -1.40      0.87
      0.24     -1.40     -0.09
      1.20     -1.40     -1.05
      1.20     -2.35     -1.05
      0.24     -2.35     -1.05
      0.24     -2.35     -2.00
      0.24     -2.35     -2.00
      0.24     -1.40     -2.00
     -0.72     -0.44     -2.00
     -0.72      0.52     -1.05
     -0.72      1.47     -1.05
     -0.72      1.47     -0.09
     -0.72      1.47     -0.09
     -0.72      1.47      0.87
      0.24      0.52      0.87
      1.20      0.52      0.87
      1.20     -0.44      0.87
      1.20     -1.40      0.87
      0.24     -1.40      0.87
     -0.72     -2.35      0.87
     -0.72     -2.35      0.87
     -0.72     -2.35      0.87
     -0.72     -3.31      0.87
      0.24     -2.35      0.87
      1.20     -2.35      0.87
      1.20     -1.40      0.87
      1.20     -0.44      0.87
      1.20      2.43      0.87
      1.20      4.35      0.87
      1.20      5.30     -0.09
      1.20      5.30     -0.09
      1.20      5.30     -0.09
      0.24      5.30     -0.09
      0.24      3.39     -0.09
     -0.72      2.43     -1.05
     -0.72      1.47     -1.05
     -0.72      0.52     -1.05
      0.24     -1.40     -1.05
      0.24     -3.31     -1.05
      0.24     -3.31     -1.05
      1.20     -4.27     -1.05
      0.24     -4.27     -1.05
      1.20     -4.27     -1.05
      0.24     -4.27     -1.05
      0.24     -3.31     -0.09
      0.24     -2.35     -0.09
     -0.72     -0.44      0.87
      0.24      0.52      0.87
     -0.72      1.47      0.87
     -0.72      1.47     -0.09
     -0.72      2.43     -0.09
     -0.72      2.43     -1.05
     -0.72      2.43     -1.05
     -0.72      0.52     -2.00
      0.24     -0.44     -2.00
      0.24     -1.40     -2.00
      1.20     -2.35     -2.00
      1.20     -1.40     -1.05
      1.20     -1.40     -0.09
      0.24     -0.44     -0.09
      0.24     -0.44      0.87
      0.24     -0.44      0.87
      0.24     -0.44     -0.09
      0.24      0.52     -0.09
      0.24      0.52     -0.09
      1.20      1.47     -1.05
      1.20      1.47     -1.05
      0.24      1.47     -1.05
      0.24      1.47     -1.05
      0.24      1.47     -1.05
     -0.72      1.47     -1.05
     -0.72      2.43     -1.05
     -0.72      1.47     -1.05
     -0.72      1.47     -1.05
      0.24      0.52     -1.05
      0.24     -0.44     -0.09
     -0.72     -0.44      0.87
     -0.72     -0.44      2.78
     -0.72     -1.40      1.82
     -0.72     -0.44      3.74
     -0.72     -0.44      3.74
      0.24     -0.44      3.74
      0.24     -0.44      2.78
      0.24      0.52      1.82
      0.24      0.52      1.82
      0.24      0.52      0.87
      1.20      1.47     -0.09
      1.20      1.47     -1.05
      0.24      0.52     -1.05
      0.24     -0.44     -1.05
      0.24     -0.44     -1.05
      0.24     -1.40     -1.05
     -0.72     -2.35     -1.05
     -0.72     -3.31     -1.05
     -0.72     -3.31     -1.05
      0.24     -4.27     -1.05
      0.24     -4.27     -1.05
      1.20     -3.31     -1.05
      1.20     -2.35     -2.00
      1.20     -2.35     -1.05
      1.20     -0.44     -1.05
      0.24      0.52     -0.09
      0.24      1.47      0.87
      0.24      3.39      0.87
      0.24      3.39      0.87
      0.24      4.35      0.87
      0.24      3.39     -0.09
      0.24      3.39     -1.05
     -0.72      2.43     -1.05
      0.24      1.47     -2.00
      0.24      0.52     -1.05
      0.24      0.52     -1.05
     -0.72     -0.44     -0.09
      0.24     -1.40     -0.09
      0.24     -2.35     -0.09
      0.24     -3.31     -0.09
      0.24     -4.27     -0.09
      1.20     -4.27     -1.05
      1.20     -3.31     -1.05
      0.24     -3.31     -1.05
      0.24     -2.35     -1.05
     -0.72     -1.40     -0.09
     -0.72     -0.44      0.87
     -0.72      1.47      1.82
     -1.67      2.43      1.82
     -0.72      3.39      1.82
     -0.72      3.39      0.87
     -0.72      3.39      0.87
      0.24      3.39      0.87
      0.24      3.39      0.87
     -0.72      3.39      1.82
     -0.72      2.43      1.82
     -0.72      2.43      1.82
     -0.72      1.47      2.78
     -0.72     -0.44      2.78
     -0.72     -1.40      1.82
      0.24     -2.35      0.87
      0.24     -2.35     -0.09
     -0.72     -2.35     -1.05
     -0.72     -2.35     -1.05
      0.24     -2.35     -2.00
      0.24     -2.35     -2.00
      1.20     -2.35     -2.00
      1.20     -1.40     -2.00
      1.20     -0.44     -2.00
      1.20     -0.44     -1.05
      1.20      0.52     -1.05
      1.20      1.47     -0.09
      0.24      1.47     -0.09
      0.24      1.47     -1.05
      0.24      0.52     -1.05
      0.24      0.52     -1.05
     -0.72      1.47     -0.09
     -0.72      1.47     -0.09
     -0.72      1.47      0.87
     -0.72      0.52      0.87
      0.24      0.52     -0.09
      1.20      0.52      0.87
      1.20      0.52     -0.09
      1.20      0.52     -0.09
      0.24      1.47     -1.05
      1.20      1.47     -1.05
      1.20     -0.44     -1.05
     -0.72      0.52     -1.05
      0.24     -0.44     -1.05
     -0.72     -0.44     -0.09
      0.24     -0.44     -0.09
      0.24      0.52     -0.09
      1.20      0.52     -1.05
      1.20      0.52     -1.05
      1.20      0.52     -1.05
      0.24      0.52     -1.05
      0.24     -0.44     -1.05
     -0.72      0.52     -1.05
     -2.63     -0.44     -1.05
     -0.72     -0.44      0.87
     -0.72     -0.44      0.87
     -0.72     -0.44      0.87
     -0.72     -0.44      0.87
     -1.67     -0.44     -0.09
      0.24      0.52     -0.09
      0.24      0.52     -0.09
      0.24      0.52     -0.09
      0.24      0.52     -0.09
     -0.72      0.52      0.87
     -0.72      0.52     -0.09
     -0.72     -0.44     -1.05
     -0.72     -0.44     -1.05
     -0.72     -0.44     -0.09
     -0.72      0.52     -0.09
     -0.72      0.52      0.87
     -0.72      1.47      0.87
      1.20      1.47      0.87
      1.20      0.52      0.87
      1.20      0.52      0.87
      1.20     -0.44      0.87
      1.20     -0.44      0.87
      0.24     -0.44      0.87
     -0.72     -0.44      0.87
     -0.72     -0.44      0.87
     -0.72     -0.44     -0.09
     -0.72     -0.44     -0.09
     -0.72     -0.44     -0.09
     -0.72     -0.44     -1.05
      0.24     -0.44     -1.05
      0.24      0.52     -1.05
      0.24     -0.44     -1.05
      0.24     -0.44     -0.09
      0.24     -0.44     -0.09
      0.24     -0.44     -0.09
      0.24      0.52     -0.09
      0.24      0.52     -0.09
      0.24      0.52     -0.09
      1.20      0.52     -0.09
      0.24      0.52     -1.05
      0.24     -0.44     -0.09
      0.24     -0.44     -0.09
      0.24     -1.40      0.87
      0.24     -1.40      0.87
      0.24     -1.40     -0.09
      0.24     -1.40     -0.09
      0.24     -1.40     -0.09
      1.20     -0.44     -0.09
      0.24     -0.44     -1.05
      1.20      0.52     -1.05
      1.20      1.47     -1.05
      0.24      1.47     -1.05
      0.24      1.47     -1.05
      0.24      1.47     -0.09
      0.24      1.47     -0.09
      0.24      1.47      0.87
      0.24      1.47      0.87
      0.24      1.47      0.87
      0.24      0.52      0.87
     -0.72      0.52      0.87
      0.24      0.52      0.87
      0.24      0.52      0.87
      0.24      0.52      0.87
      1.20     -0.44      0.87
      1.20     -0.44      0.87
      0.24     -0.44      0.87
      0.24     -0.44     -0.09
      0.24     -0.44     -0.09
      0.24     -0.44     -1.05
      0.24     -1.40     -1.05
     -0.72     -0.44     -1.05
      0.24     -0.44     -1.05
      0.24     -0.44     -0.09
      0.24      0.52     -0.09
     -0.72      0.52     -0.09
      0.24      0.52     -0.09
      0.24      0.52      0.87
      0.24      0.52      0.87
      0.24      0.52      0.87
      0.24      0.52      0.87
      0.24      0.52      0.87
     -0.72      1.47      0.87
     -0.72      1.47      0.87
     -1.67      1.47      0.87
     -0.72      0.52     -0.09
     -0.72      0.52     -0.09
      0.24      0.52     -0.09
      0.24     -0.44     -1.05
      0.24     -1.40     -1.05
      0.24     -1.40     -2.00
      1.20     -1.40     -2.00
      1.20     -0.44     -2.00
      1.20     -0.44     -2.00
      1.20     -0.44     -2.00
      0.24      0.52     -2.00
      0.24      0.52     -2.00
      0.24      0.52     -1.05
      0.24     -0.44     -0.09
      0.24     -0.44     -0.09
      0.24     -0.44      0.87
     -0.72     -0.44      0.87
      0.24     -0.44     -0.09
      0.24     -2.35     -0.09
      0.24     -0.44     -1.05
      0.24     -0.44     -1.05
      0.24     -1.40     -1.05
     -0.72     -1.40     -1.05
      0.24     -1.40     -1.05
      0.24     -0.44     -1.05
      0.24     -0.44     -1.05
      0.24      0.52     -0.09
      0.24      0.52     -0.09
      0.24      0.52     -0.09
      0.24      0.52      0.87
      0.24      0.52      0.87
      0.24      0.52      1.82
      0.24     -0.44      2.78
     -0.72      0.52      2.78
     -0.72     -0.44      3.74
     -0.72     -0.44      2.78
     -0.72     -0.44      2.78
     -0.72     -0.44      1.82
      0.24     -0.44      0.87
      0.24     -0.44     -1.05
      0.24     -0.44     -1.05
      0.24     -1.40     -2.00
     -0.72     -1.40     -2.00
     -0.72     -2.35     -2.00
     -0.72     -2.35     -1.05
     -0.72     -2.35     -1.05
     -0.72     -2.35     -0.09
     -0.72     -2.35     -0.09
     -0.72     -2.35      0.87
     -0.72     -2.35      0.87
     -0.72     -1.40      0.87
      0.24     -0.44      1.82
      0.24      0.52      1.82
      0.24      0.52      1.82
      0.24      1.47      0.87
      0.24      1.47      0.87
     -0.72      2.43     -0.09
     -0.72      3.39     -0.09
     -0.72      3.39     -1.05
     -0.72      3.39     -2.00
     -0.72      2.43     -2.00
     -0.72      2.43     -2.00
      0.24      1.47     -2.00
      0.24      1.47     -2.00
      0.24      0.52     -2.00
      0.24      0.52     -1.05
      0.24     -0.44     -0.09
     -0.72     -0.44      0.87
      0.24     -0.44      0.87
      0.24     -0.44      0.87
      0.24     -1.40      0.87
      0.24     -1.40      0.87
      0.24     -1.40      0.87
      0.24     -1.40      0.87
      0.24     -1.40      0.87
      1.20     -0.44      0.87
      0.24     -0.44      0.87
      0.24      0.52     -0.09
      0.24      1.47     -0.09
      0.24      1.47     -0.09
      0.24      2.43     -0.09
      0.24      2.43     -0.09
      0.24      2.43     -0.09
      0.24      2.43     -0.09
      1.20      1.47     -0.09
      1.20      1.47      0.87
      1.20      0.52     -0.09
      0.24      0.52     -0.09
      0.24      0.52     -1.05
     -0.72     -0.44     -1.05
     -0.72     -0.44     -1.05
     -0.72     -1.40     -0.09
     -0.72     -1.40     -1.05
     -0.72     -1.40     -1.05
     -0.72     -1.40     -1.05
      0.24     -2.35     -1.05
      0.24     -1.40     -0.09
      0.24     -1.40     -1.05
      0.24     -1.40     -0.09
     -0.72     -1.40     -0.09
     -0.72     -1.40     -0.09
     -0.72     -0.44     -0.09
     -0.72     -0.44     -0.09
     -0.72     -0.44     -0.09
     -1.67     -0.44     -0.09
     -0.72      0.52     -0.09
      0.24      1.47     -1.05
      0.24      1.47     -1.05
      1.20      1.47     -1.05
      0.24      1.47     -1.05
      1.20      1.47     -1.05
      1.20      1.47     -1.05
      1.20      1.47     -1.05
      0.24      0.52     -0.09
      0.24      0.52     -1.05
      0.24     -0.44     -0.09
     -0.72     -0.44     -0.09
      0.24     -0.44     -0.09
      0.24     -1.40     -0.09
      0.24     -1.40     -0.09
      0.24     -0.44     -0.09
     -0.72     -0.44     -1.05
      0.24     -0.44     -1.05
      0.24     -0.44     -1.05
      0.24      0.52     -0.09
      0.24      0.52     -0.09
      0.24      0.52     -0.09
     -0.72      1.47      0.87
      0.24      1.47      0.87
      0.24      1.47      0.87
      0.24      1.47      0.87
     -0.72      0.52      0.87
     -0.72      0.52      0.87
     -0.72     -0.44      1.82
      0.24     -1.40      0.87
      0.24     -2.35      0.87
      1.20     -1.40      0.87
      1.20     -1.40      0.87
      0.24     -1.40      0.87
      1.20     -1.40      0.87
      0.24     -1.40      0.87
      0.24     -1.40      0.87
      0.24     -0.44      0.87
      0.24     -0.44     -0.09
      0.24     -0.44     -0.09
      0.24     -0.44     -0.09
      0.24     -1.40      0.87
      0.24     -0.44      0.87
      0.24     -0.44      0.87
     -0.72     -0.44     -0.09
     -0.72      0.52     -0.09
     -0.72     -0.44     -0.09
     -0.72      1.47     -0.09
      0.24      1.47     -0.09
      0.24      0.52     -0.09
      0.24      0.52     -1.05
      0.24      1.47     -1.05
      0.24      1.47     -1.05
      0.24      1.47     -1.05
     -0.72      1.47     -1.05
      0.24      1.47     -1.05
      0.24      0.52     -1.05
      0.24      0.52     -1.05
      0.24      0.52     -0.09
      0.24     -0.44     -1.05
      0.24     -1.40     -1.05
      0.24     -2.35     -1.05
      0.24     -2.35     -1.05
      0.24     -2.35     -1.05
      0.24     -1.40     -1.05
      0.24     -1.40     -0.09
      0.24     -0.44     -0.09
      0.24      0.52     -0.09
      0.24      0.52     -0.09
      1.20      1.47     -0.09
      0.24      1.47     -0.09
      0.24      1.47     -0.09
      0.24      1.47     -0.09
      0.24      1.47     -0.09
      0.24      0.52      0.87
     -0.72      0.52      0.87
      0.24      0.52      1.82
      0.24      0.52      1.82
     -0.72     -0.44      1.82
     -0.72     -0.44      1.82
      0.24     -1.40      1.82
      0.24     -1.40      0.87
      0.24     -2.35      0.87
      0.24     -2.35     -0.09
      0.24     -2.35     -1.05
      0.24     -1.40     -2.00
     -0.72     -0.44     -2.00
     -0.72     -0.44     -2.00
     -0.72      0.52     -2.00
     -0.72      1.47     -2.00
     -0.72      1.47     -2.00
     -0.72      1.47     -1.05
     -0.72      1.47     -1.05
     -0.72      1.47     -0.09
     -0.72      1.47     -0.09
     -0.72      1.47      0.87
     -0.72      1.47      0.87
     -0.72      1.47      0.87
     -0.72      0.52      1.82
     -0.72      0.52      1.82
     -0.72      0.52      0.87
      0.24     -0.44      0.87
      0.24     -1.40      0.87
      1.20     -1.40      0.87
      1.20     -1.40     -0.09
      0.24     -1.40     -0.09
      0.24     -0.44     -1.05
      0.24     -0.44     -1.05
      0.24     -0.44     -2.00
      0.24     -0.44     -2.00
      0.24     -0.44     -2.00
      0.24     -0.44     -1.05
      0.24     -0.44     -1.05
      0.24     -0.44     -1.05
     -0.72     -0.44     -0.09
      1.20     -0.44      0.87
      0.24     -0.44      0.87
      0.24     -0.44      1.82
      0.24     -0.44      1.82
      0.24     -0.44      1.82
      0.24      0.52      1.82
      0.24      0.52      1.82
      0.24      0.52      1.82
      0.24      0.52      1.82
      0.24      0.52      0.87
      0.24      1.47      0.87
      0.24      1.47      0.87
      0.24      2.43      0.87
      0.24      2.43     -0.09
     -0.72      2.43     -0.09
      0.24      2.43     -1.05
      0.24      1.47     -1.05
      0.24      1.47     -2.00
      0.24      0.52     -1.05
      0.24      0.52     -2.00
     -0.72      0.52     -2.00
     -0.72     -0.44     -2.00
     -0.72     -1.40     -1.05
     -0.72     -1.40     -1.05
     -0.72     -2.35     -1.05
     -0.72     -1.40     -1.05
      0.24     -1.40     -1.05
      0.24     -1.40     -0.09
      0.24     -0.44     -0.09
      0.24     -0.44     -0.09
      0.24     -0.44     -0.09
      0.24      0.52     -0.09
      0.24      0.52     -0.09
      0.24      1.47     -1.05
      0.24      1.47     -1.05
      0.24      1.47     -0.09
     -0.72      1.47     -0.09
      0.24      1.47     -0.09
     -0.72      0.52     -0.09
      0.24      0.52     -0.09
      0.24     -0.44     -0.09
      0.24     -0.44     -0.09
      0.24     -1.40     -0.09
      0.24     -1.40     -0.09
      0.24     -1.40      0.87
      0.24     -1.40      0.87
     -0.72     -1.40      0.87
      0.24     -1.40      1.82
      0.24     -0.44      1.82
      0.24      0.52      1.82
      0.24      0.52      0.87
      0.24      0.52      0.87
      0.24      1.47     -0.09
      0.24      1.47     -1.05
      0.24      1.47     -1.05
     -0.72      1.47     -2.00
      0.24      0.52     -2.00
      0.24     -0.44     -2.00
      1.20     -0.44     -2.00
      0.24     -1.40     -2.00
      1.20     -1.40     -1.05
      1.20     -1.40     -1.05
      1.20     -1.40     -0.09
      0.24     -1.40     -0.09
      0.24     -1.40      0.87
      0.24     -1.40      0.87
      0.24     -1.40      0.87
      0.24     -1.40      1.82
     -0.72     -1.40      1.82
     -0.72     -1.40      1.82
      0.24     -0.44      0.87
     -0.72     -0.44      1.82
     -0.72      0.52      1.82
     -0.72      0.52      0.87
      0.24      1.47     -0.09
      0.24      1.47     -0.09
      0.24      1.47     -0.09
      0.24      1.47     -1.05
      0.24      1.47     -1.05
      0.24      1.47     -1.05
