********************************************************************************
                       INSTITUTO DE INGENIERIA, UNAM
                   Coordinacion de Instrumentacion Sismica
  Ciudad Universitaria, Apartado Postal 70-472, Coyoacan 04510, Mexico, D.F.
 Tel.(52-5)622-3414    Fax.(52-5)616-1514    e-mail: isismica@pumas.iingen.unam.mx
********************************************************************************
ARCHIVO ESTANDAR DE ACELERACION:
VERSION DEL FORMATO                    : 2.0
NOMBRE DEL ARCHIVO                     : OAXM7811.292
FECHA Y HORA DE CREACION               : Fri Mar 13 10:16:35 1998
REF. CATALOGO ACELEROGRAMAS, SMIS 1995 : REGISTRO No. 186 /PAG. 46


================================================================================
DATOS DE LA ESTACION:
NOMBRE DE LA ESTACION                  : OAXACA FACULTAD DE MEDICINA
CLAVE DE LA ESTACION                   : OAXM
LOCALIZACION DE LA ESTACION            : Fuente de las 7 Regiones, a 2 km del
                                       : centro, Oaxaca.
                                       :
                                       :
                                       :
COORDENADAS DE LA ESTACION             : 17.082872 LAT. N
                                       : 96.718744 LONG. W
ALTITUD (msnm)                         : 1600
TIPO DE SUELO                          : ALUVIAL
                                       : 
                                       : 
INSTITUCION RESPONSABLE                : INSTITUTO DE INGENIERIA UNAM
                                       :

================================================================================
DATOS DEL ACELEROGRAFO:
MODELO DEL ACELEROGRAFO                : SMA-1
NUMERO DE SERIE DEL ACELEROGRAFO       : 0162
NUMERO DE CANALES                      : 3
ORIENTACION C1-C6 (rumbo;orientacion)  : /N00E/+V/N90W
ORIENTACION C7-C12 (rumbo;orientacion) :
VEL. DE MUESTREO, C1-C6 (muestras/s)   : /--/--/--
VEL. DE MUESTREO, C7-C12 (muestras/s)  :
ESC. COMPLETA DE SENSORES, C1-C6, (g)  : /1/1/1
ESC. COMPLETA DE SENSORES, C7-C12, (g) :
FREC. NAT. DE SENSORES, C1-C6, (Hz)    : /25.0/25.9/24.7
FREC. NAT. DE SENSORES, C7-C12, (Hz)   :
AMORTIGUAMIENTO DE SENSORES, C1-C6     : /0.6/0.6/0.6
AMORTIGUAMIENTO DE SENSORES, C7-C12    :
INTERVALO DE MUESTREO, C1-C6, (s)      : /0.01/0.01/0.01
INTERVALO DE MUESTREO, C7-C12, (s)     :
UMBRAL DE DISPARO, C1-C6, (Gal)       *: /--/10/--
UMBRAL DE DISPARO, C7-C12, (Gal)       :
MEMORIA DE PREEVENTO (s)               : 0
TIEMPO DE POSEVENTO (s)                : 8


================================================================================
DATOS DEL SISMO:
FECHA DEL SISMO [GMT]                  : 1978/11/29
HORA EPICENTRO (GMT)                   : 20:04:45,5
MAGNITUD(ES)                           : /Mb=5.30
COORDENADAS DEL EPICENTRO              : 15.740 LAT. N 
                                       : 96.830 LONG. W 
PROFUNDIDAD FOCAL (km)                 : 33
FUENTES DE LOS DATOS EPICENTRALES      : SSN
                                       : INSTITUTO DE GEOFISICA, UNAM

================================================================================
DATOS DE ESTE REGISTRO:
HORA DE LA PRIMERA MUESTRA (GMT)       : --:--:--.-
EXACTITUD DEL TIEMPO (s)               : --     
DURACION DEL REGISTRO (s), C1-C6       : /9.9/7.46/9.5
DURACION DEL REGISTRO (s), C7-C12      :
NUM. TOTAL DE MUESTRAS, C1-C6          : /990/746/952   
NUM. TOTAL DE MUESTRAS, C7-C12         :
ACEL. MAX.(Gal), C1-C6                 : /-56.895/31.939/38.400  
ACEL. MAX., C1-C6, EN LA MUESTRA       : /231/235/275   
ACEL. MAX.(Gal), C7-C12                :
ACEL. MAX., C7-C12, EN LA MUESTRA      :
UNIDADES DE LOS DATOS                  : Gal (cm/s/s)
FACTOR DE DECIMACION                   : 1
FORMATO DATOS (FORTRAN,10 campos/dato) : 3F10.3


===============================================================================
CALIDAD DEL ACELEROGRAMA:
REGISTRO ANALOGICO AL QUE FALTA UNA PARTE AL INICIO SIN TIEMPO
ABSOLUTO. DIGITALIZACION SEMIAUTOMATICA O MANUAL.

===============================================================================
COMENTARIOS:

          * Disparo por arrancador mecánico
            Registro en película fotográfica de 70 mm











===============================================================================
DATOS DE ACELERACION:
---------+---------+---------+---------+---------+---------+---------+---------+
   CANAL-1   CANAL-2   CANAL-3   CANAL-4   CANAL-5   CANAL-6   CANAL-7   CANAL-8
      N00E        +V      N90W
---------+---------+---------+---------+---------+---------+---------+---------+
    -3.757     1.704     0.014
    -0.022     2.049     1.095
     1.970     3.076     1.427
     2.083     3.715     1.050
     0.996     2.843     0.453
     0.248     1.108     0.467
     0.621     0.266     1.472
     1.892     0.635     3.055
     3.507     0.722     4.316
     4.858    -0.287     4.510
     5.164    -1.260     3.557
     3.785    -1.135     1.996
     0.887    -0.799     0.437
    -2.526    -1.614    -0.870
    -5.347    -3.067    -1.766
    -6.916    -3.401    -1.744
    -6.904    -2.106    -0.344
    -5.237    -0.228     1.848
    -2.469     1.575     3.161
     0.096     3.575     2.442
     1.218     5.299     0.442
     0.703     5.045    -1.032
    -0.630     2.057    -1.244
    -1.846    -1.930    -1.025
    -2.470    -4.425    -1.067
    -2.337    -4.740    -0.838
    -1.437    -3.831     0.086
    -0.078    -2.337     0.509
     1.205    -0.168    -1.235
     2.182     2.216    -4.761
     3.139     3.605    -7.475
     4.293     3.444    -7.252
     5.188     2.395    -4.435
     4.941     1.172    -0.905
     3.043    -0.187     1.886
    -0.212    -1.460     3.456
    -3.910    -1.768     3.883
    -6.909    -0.855     3.801
    -8.274    -0.055     4.280
    -7.729    -0.854     5.769
    -5.781    -2.824     7.362
    -3.302    -4.035     7.788
    -1.024    -3.399     6.790
     0.499    -1.601     4.833
     0.760     0.230     2.012
    -0.484     1.637    -1.621
    -2.895     2.397    -4.952
    -5.674     2.212    -6.473
    -7.780     1.525    -6.282
    -7.743     1.686    -6.194
    -3.854     3.245    -7.428
     4.350     4.680    -9.330
    14.513     3.967   -10.892
    22.352     1.254   -12.223
    24.990    -1.130   -13.513
    23.101    -1.460   -13.618
    19.278    -0.428   -11.095
    14.880     0.181    -6.178
     9.411    -0.171    -0.478
     2.642    -0.359     4.913
    -3.961     0.913     9.782
    -8.358     3.649    13.516
    -9.587     6.367    15.060
    -7.928     7.089    14.531
    -4.337     4.924    13.594
    -0.486     1.034    13.506
     1.467    -2.247    13.612
     0.406    -3.535    12.486
    -2.607    -3.407     9.955
    -5.666    -3.153     7.277
    -8.383    -3.167     5.624
   -11.840    -3.065     4.921
   -16.141    -2.775     3.962
   -19.300    -2.635     1.251
   -19.168    -2.638    -3.969
   -15.478    -2.447   -11.053
    -9.299    -2.122   -18.237
    -1.543    -2.087   -23.673
     6.753    -2.428   -26.151
    13.417    -2.990   -25.204
    16.148    -4.071   -21.222
    14.654    -5.933   -15.507
    10.538    -7.418    -9.468
     4.911    -6.340    -3.506
    -2.361    -2.091     2.620
   -10.396     2.975     8.236
   -15.829     5.713    11.611
   -15.263     5.257    11.921
    -8.785     3.140    10.327
     0.201     1.010     8.299
     8.512    -0.641     5.952
    15.436    -1.909     3.230
    21.426    -3.001     1.626
    25.828    -4.396     2.752
    26.635    -6.204     5.491
    21.979    -7.107     6.657
    11.531    -5.150     4.960
    -2.825    -0.186     2.627
   -17.084     5.482     2.324
   -26.571     9.564     3.942
   -28.647    11.986     5.392
   -24.384    13.827     5.310
   -17.018    15.008     3.720
    -8.482    14.248     1.071
     1.831    10.816    -1.861
    14.250     5.151    -3.718
    25.455    -1.820    -3.839
    29.622    -8.488    -3.646
    23.998   -11.797    -5.413
    12.643    -8.687    -9.622
     3.147     0.351   -14.729
    -0.628    10.014   -19.403
    -1.425    13.955   -23.386
    -3.846    10.153   -25.782
    -8.293     2.179   -24.280
   -11.188    -4.678   -17.374
   -10.370    -8.023    -6.570
    -7.984    -9.231     4.647
    -7.523   -10.569    13.565
    -9.890   -12.187    19.273
   -13.555   -12.163    21.911
   -17.099    -9.126    22.278
   -19.780    -4.157    21.968
   -20.286     0.260    22.544
   -17.054     2.636    24.257
   -10.249     3.134    26.287
    -2.054     2.218    28.170
     5.454    -0.047    29.951
    11.568    -3.004    30.695
    15.615    -4.915    28.027
    15.888    -4.573    20.181
    11.437    -2.795     8.236
     4.377    -1.228    -4.297
    -1.145    -0.073   -14.044
    -2.582     1.715   -19.723
    -0.696     4.067   -21.957
     2.555     5.200   -21.838
     6.628     4.009   -19.951
    11.850     1.768   -16.690
    16.822     0.309   -13.268
    17.907    -0.618   -11.794
    12.382    -2.665   -13.561
     1.954    -5.755   -17.134
    -7.579    -7.208   -18.858
   -10.623    -4.658   -15.892
    -5.869     1.115    -8.691
     3.491     7.026    -0.425
    12.713    10.685     5.551
    18.156    11.688     7.442
    17.983    10.464     5.165
    12.173     7.288    -0.079
     2.819     2.929    -6.387
    -6.550    -0.682   -12.139
   -13.371    -1.459   -16.667
   -17.862     1.116   -19.562
   -21.662     5.541   -19.546
   -24.883     9.290   -15.074
   -25.674     9.968    -6.429
   -22.937     6.189     3.750
   -18.136    -1.381    12.853
   -13.469    -9.447    20.487
    -9.166   -13.542    27.160
    -3.766   -11.265    31.305
     3.391    -4.394    29.561
    11.239     2.456    20.995
    18.347     5.344     9.855
    23.868     3.354     2.490
    26.933    -1.726     1.452
    26.491    -7.136     3.636
    22.522   -10.587     4.320
    16.479   -11.071     1.864
     9.764    -9.095    -2.091
     2.578    -6.112    -5.823
    -4.993    -3.286    -9.284
   -11.656    -0.742   -12.599
   -15.771     1.850   -14.235
   -16.923     4.133   -11.891
   -15.509     4.971    -5.222
   -11.542     3.612     2.965
    -5.605     0.619     8.691
    -0.536    -2.607    10.028
     0.292    -4.994     8.277
    -2.857    -6.164     6.016
    -5.654    -5.844     4.268
    -4.800    -3.503     1.858
    -1.840     1.054    -2.569
    -0.175     6.961    -8.466
     0.065    12.405   -13.597
     1.469    15.439   -15.987
     4.394    14.727   -15.285
     5.805    10.127   -12.558
     3.824     3.238    -9.389
     0.884    -2.834    -7.180
     0.883    -5.365    -6.600
     4.999    -4.373    -7.237
    11.662    -2.611    -7.996
    18.742    -2.523    -8.069
    23.635    -3.529    -7.344
    22.713    -3.088    -5.862
    13.842    -0.088    -3.411
    -0.204     4.080    -0.065
   -12.954     7.894     3.271
   -19.532    11.506     5.436
   -19.612    15.065     6.183
   -15.474    16.385     6.562
    -9.432    12.280     8.268
    -3.793     2.553    12.686
    -0.944    -8.463    19.894
    -1.390   -14.942    27.752
    -2.642   -13.903    32.202
    -1.718    -6.864    29.713
     1.612     1.684    20.262
     5.048     7.258     7.709
     6.544     8.119    -3.083
     5.624     6.002    -9.406
     2.729     3.774   -11.233
    -0.982     2.104    -9.762
    -3.251    -0.755    -6.476
    -1.897    -5.528    -3.382
     3.043    -9.754    -2.882
     9.291   -10.529    -6.544
    14.711    -8.499   -13.946
    18.755    -7.176   -22.758
    21.358    -8.422   -29.616
    21.559   -10.729   -31.073
    17.763   -12.447   -24.859
     8.577   -14.528   -11.570
    -6.656   -18.423     4.793
   -26.551   -22.543    18.913
   -45.933   -22.790    27.401
   -56.895   -16.391    29.730
   -53.796    -4.047    26.209
   -37.725    11.080    16.714
   -15.520    24.700     2.996
     5.236    31.939    -8.728
    19.676    29.178   -10.574
    25.577    17.259    -0.347
    22.684     2.261    14.865
    13.346    -8.407    24.287
     2.357   -11.160    22.794
    -5.801    -7.688    13.902
    -9.970    -2.132     4.303
   -12.006     2.445    -2.471
   -13.427     5.480    -6.680
   -13.051     8.148    -9.264
    -8.523    11.581   -10.523
     0.071    15.231   -11.212
     8.968    16.701   -12.643
    13.780    13.648   -14.926
    13.550     6.302   -16.404
    10.997    -1.997   -15.747
     8.845    -7.168   -13.882
     7.214    -7.658   -12.929
     5.252    -5.557   -13.538
     3.893    -4.484   -14.071
     5.213    -6.176   -12.346
     9.492    -9.110    -7.635
    14.787   -10.492    -1.083
    19.626    -9.358     5.128
    24.288    -7.216     8.942
    28.618    -5.674     9.633
    30.231    -4.349     8.394
    26.514    -1.900     7.246
    17.742     1.368     6.767
     6.692     3.084     5.259
    -4.639     1.418     0.958
   -16.570    -2.491    -5.033
   -29.654    -5.220    -8.950
   -41.997    -4.065    -7.784
   -49.356     0.715    -1.804
   -48.016     6.240     6.694
   -37.849     9.214    16.093
   -22.969     8.137    25.758
    -9.145     4.048    34.155
     0.016    -0.386    38.400
     4.536    -2.545    36.417
     6.038    -1.144    28.728
     5.309     3.356    17.509
     2.735     9.014     4.796
     0.324    13.151    -7.492
     1.389    13.579   -16.796
     7.538     9.940   -21.067
    16.797     4.212   -21.020
    25.257    -0.445   -19.965
    29.988    -2.039   -20.785
    30.095    -1.446   -23.793
    26.019    -1.548   -27.651
    18.948    -4.064   -30.853
    10.815    -7.210   -31.374
     4.069    -7.156   -26.548
     0.978    -2.141   -15.642
     2.645     5.427    -2.234
     7.726    11.360     8.268
    11.831    13.436    14.114
     9.551    12.038    18.465
    -1.141     8.021    24.366
   -16.261     1.861    30.315
   -28.531    -4.878    32.363
   -33.108    -9.256    29.197
   -30.346    -9.730    22.989
   -23.539    -8.332    15.922
   -15.646    -8.537     8.367
    -8.781   -11.127     0.719
    -5.052   -13.464    -5.381
    -5.649   -12.788    -8.996
    -8.918    -8.872   -11.595
   -10.912    -3.286   -15.359
    -8.765     2.314   -20.438
    -3.094     6.303   -24.824
     3.258     6.904   -26.226
     8.039     3.484   -23.372
    10.436    -2.317   -16.684
     9.982    -7.995    -9.026
     6.398   -12.567    -4.648
     1.024   -16.469    -5.231
    -2.958   -19.240    -7.140
    -3.165   -18.815    -4.587
    -0.681   -13.774     4.038
     1.093    -5.318    14.511
     0.495     3.776    21.647
    -0.413    11.539    23.888
     1.610    17.323    22.350
     7.224    20.501    17.734
    13.975    20.032    10.560
    18.909    15.897     3.316
    20.701    10.384    -0.455
    19.442     7.089     0.160
    15.643     8.102     2.332
    10.045    11.961     2.807
     3.709    14.513     1.264
    -2.448    12.274    -0.254
    -7.953     5.324    -0.259
   -12.176    -2.943     0.770
   -13.858    -8.712     1.425
   -11.964   -10.249     0.902
    -7.003    -8.108    -0.539
    -1.030    -4.078    -2.257
     3.757    -0.437    -4.231
     6.192     0.671    -7.274
     6.238    -1.600   -11.793
     4.699    -5.986   -16.290
     3.005    -9.977   -17.735
     2.378   -11.741   -14.045
     2.340   -11.132    -6.064
     0.238    -9.114     3.183
    -6.734    -6.634    10.891
   -18.376    -3.930    15.889
   -30.455    -0.516    18.229
   -37.284     4.087    18.244
   -35.642     9.227    16.175
   -26.481    12.962    12.284
   -13.403    13.585     7.119
    -0.043    11.153     1.694
    11.325     7.016    -2.899
    19.812     2.232    -6.540
    25.569    -2.589   -10.505
    29.186    -6.169   -16.037
    30.565    -6.858   -22.208
    28.339    -4.567   -25.932
    21.306    -1.198   -24.796
    10.744     1.643   -19.649
     0.466     4.321   -13.737
    -6.057     7.624    -9.272
    -8.039    10.503    -5.406
    -6.390    10.733     0.252
    -1.631     7.419     8.653
     5.618     1.693    18.152
    12.609    -4.758    25.874
    15.240   -10.550    29.613
    11.775   -14.151    28.539
     4.464   -14.116    22.939
    -3.508   -10.301    14.001
   -11.407    -4.071     3.705
   -19.983     2.899    -5.656
   -28.186     9.138   -12.252
   -32.877    12.792   -15.159
   -31.789    12.073   -14.297
   -25.167     7.148   -10.411
   -14.374     0.581    -5.188
    -0.681    -4.926    -0.801
    13.749    -8.534     1.355
    25.211   -10.445     1.627
    30.383   -10.308     1.514
    28.608    -7.829     2.027
    21.509    -4.367     2.828
    11.017    -2.287     3.027
    -1.151    -2.539     2.481
   -12.605    -3.874     1.923
   -20.475    -4.543     1.900
   -23.127    -3.827     1.989
   -21.153    -1.919     1.332
   -16.518     0.425    -0.161
   -11.257     1.741    -1.411
    -7.023     0.623    -1.087
    -4.979    -2.426     1.127
    -5.362    -4.723     4.188
    -7.045    -3.934     6.435
    -7.713    -0.421     6.530
    -4.704     3.787     3.939
     3.541     7.728    -0.916
    15.970    11.880    -6.642
    28.858    15.884   -11.292
    38.063    17.453   -13.408
    41.835    14.468   -13.025
    41.182     7.519   -11.590
    37.680    -0.269   -10.637
    31.732    -5.519   -10.405
    23.229    -6.335    -9.726
    12.930    -2.747    -7.295
     2.310     3.226    -2.991
    -7.563     8.065     2.134
   -16.067     8.712     7.088
   -22.137     4.924    11.808
   -24.412    -0.748    16.535
   -22.769    -5.701    20.619
   -19.135    -9.480    22.611
   -16.137   -12.823    21.764
   -14.973   -15.368    18.914
   -14.874   -15.559    15.474
   -14.464   -12.732    11.900
   -13.244    -8.091     7.714
   -11.703    -3.212     2.761
   -10.436     1.365    -2.273
    -9.582     5.306    -6.619
    -9.045     7.151    -9.978
    -8.750     5.236   -12.144
    -8.382     0.036   -12.839
    -7.085    -5.452   -12.432
    -3.796    -8.169   -12.238
     2.048    -7.360   -13.326
    10.053    -4.296   -15.192
    18.753    -0.396   -16.192
    25.701     3.710   -15.183
    28.219     7.650   -12.298
    24.970    10.823    -8.347
    17.075    12.706    -4.231
     7.260    13.213    -0.873
    -2.203    12.445     1.278
   -10.410    10.341     3.177
   -17.018     6.907     6.784
   -21.595     2.740    12.796
   -24.087    -0.921    18.945
   -24.840    -2.889    21.462
   -23.398    -2.875    18.545
   -18.264    -1.693    12.000
    -9.226    -0.588     5.337
     0.652    -0.340     0.775
     7.069    -0.941    -1.551
     8.861    -1.975    -2.189
     9.081    -3.095    -1.405
    11.249    -4.134     0.045
    15.583    -5.039     0.179
    19.395    -5.860    -2.890
    20.033    -6.583    -8.583
    16.609    -6.710   -13.567
    10.007    -5.206   -14.601
     2.597    -1.345   -11.643
    -2.636     4.140    -7.726
    -4.257     8.878    -5.769
    -3.790    10.178    -5.933
    -3.936     6.927    -6.165
    -5.245     0.557    -4.688
    -5.433    -5.778    -1.440
    -2.020    -9.318     2.642
     5.161    -9.416     6.891
    13.957    -7.360    11.040
    21.275    -4.652    14.374
    24.427    -1.653    15.396
    22.496     2.116    12.915
    17.088     6.744     7.623
    10.939    11.227     2.250
     5.326    13.700    -0.519
    -0.427    12.282    -0.522
    -6.760     6.401    -0.209
   -12.652    -2.099    -1.996
   -17.299    -9.586    -5.897
   -21.513   -13.184   -10.123
   -25.959   -12.683   -13.410
   -29.025    -9.607   -15.764
   -28.264    -5.177   -17.014
   -23.596    -0.276   -15.976
   -17.408     3.303   -11.831
   -11.586     3.720    -5.565
    -6.168     1.665     0.970
    -1.077     0.218     7.068
     2.793     1.081    13.170
     5.068     2.610    18.832
     6.904     2.878    21.849
     9.158     2.912    20.168
    10.576     4.611    14.276
     9.185     6.644     7.174
     5.052     5.470     2.157
     0.543     0.478     0.757
    -1.828    -4.738     2.305
    -0.963    -7.033     4.738
     2.787    -7.118     5.842
     7.759    -7.053     4.331
    11.329    -6.767     0.306
    11.617    -5.158    -5.015
     9.422    -2.877    -9.797
     7.596    -1.371   -12.147
     8.076    -0.088   -11.049
    10.248     2.599    -7.380
    12.505     5.839    -3.651
    14.396     6.432    -2.094
    16.395     3.262    -3.019
    18.146    -0.647    -5.230
    17.987    -1.840    -7.449
    14.179    -0.660    -8.550
     6.087    -0.344    -6.995
    -5.629    -2.822    -1.702
   -19.165    -6.684     5.941
   -31.688    -8.735    12.197
   -39.946    -6.439    14.329
   -41.580     0.609    13.358
   -36.386    10.224    12.480
   -26.584    18.476    13.030
   -15.702    21.937    13.207
    -6.518    19.642    10.872
     0.427    13.032     6.358
     6.207     4.636     1.712
    11.275    -2.822    -2.056
    14.425    -7.079    -5.838
    14.474    -7.548   -10.578
    12.298    -5.803   -15.451
    10.064    -3.835   -18.403
     8.614    -1.925   -18.231
     7.005     0.748   -15.768
     4.911     3.602   -13.044
     3.843     4.335   -11.472
     4.776     1.635   -10.798
     5.731    -3.090    -9.516
     3.501    -7.436    -6.182
    -2.441   -10.303    -0.641
    -9.284   -11.539     5.585
   -14.101   -10.557    10.128
   -16.033    -6.978    11.507
   -14.940    -2.142    10.392
    -9.983     1.803     8.958
    -1.335     4.360     8.813
     7.747     6.634     9.828
    12.677     8.559    11.133
    11.643     8.013    12.532
     6.807     3.802    14.124
     1.449    -1.837    14.937
    -2.685    -5.258    13.186
    -4.984    -5.299     8.258
    -4.752    -3.777     1.563
    -1.890    -2.550    -5.095
     1.918    -1.684   -11.142
     4.298    -0.593   -16.489
     4.668     0.606   -19.947
     4.623     1.545   -19.816
     5.576     2.265   -16.225
     6.882     2.603   -11.792
     6.927     1.877    -9.305
     5.457     0.150    -9.177
     3.959    -0.873    -9.551
     3.798     0.590    -8.495
     4.708     4.078    -5.628
     5.402     7.073    -1.834
     5.143     7.483     2.004
     4.258     5.222     5.787
     3.429     1.510     9.877
     3.063    -2.347    14.103
     3.266    -5.264    17.246
     3.837    -6.516    17.791
     4.113    -6.331    15.384
     3.352    -5.928    11.411
     1.583    -6.287     7.983
    -0.406    -6.995     6.311
    -2.286    -6.685     5.917
    -4.842    -4.591     5.122
    -8.673    -1.407     2.306
   -12.592     1.330    -2.811
   -14.341     2.550    -8.687
   -13.014     2.385   -12.936
    -9.995     1.717   -14.202
    -7.224     1.099   -13.198
    -5.311     0.352   -11.833
    -3.740    -0.635   -11.443
    -2.144    -1.104   -11.940
    -0.578    -0.076   -12.266
     1.043     2.197   -11.199
     2.870     4.095    -7.904
     4.484     4.266    -2.327
     5.015     2.964     4.664
     4.176     1.483    11.732
     2.787     0.705    17.703
     2.030     0.570    21.660
     2.264     0.576    22.777
     2.557     0.299    20.749
     1.295    -0.322    16.529
    -2.459    -0.787    12.003
    -7.775    -0.373     8.573
   -12.029     0.820     6.357
   -12.742     1.425     4.948
    -9.608     0.092     4.246
    -4.771    -2.701     3.973
    -1.187    -4.751     2.994
    -0.636    -4.247     0.191
    -2.833    -1.375    -4.017
    -5.842     2.387    -7.982
    -7.322     5.917   -10.912
    -5.903     8.781   -13.676
    -1.928    10.242   -16.955
     2.924     9.022   -19.439
     6.713     4.743   -19.001
     8.249    -0.707   -15.500
     7.568    -4.104   -11.331
     5.770    -3.666    -8.907
     4.256    -0.647    -8.333
     3.907     2.117    -7.970
     5.036     2.937    -6.565
     7.881     2.078    -4.139
    12.316     0.318    -1.254
    16.765    -2.052     1.612
    18.467    -4.409     3.853
    16.061    -5.241     4.770
    11.602    -3.671     4.294
     8.772    -1.214     3.312
     8.922    -0.735     2.888
     9.905    -3.359     3.359
     8.997    -7.217     4.499
     5.795    -9.538     6.229
     1.733    -9.235     8.612
    -2.097    -7.044    11.204
    -5.624    -3.966    12.978
    -8.940    -0.507    13.195
   -11.863     2.880    12.165
   -14.170     5.640    10.935
   -15.511     7.626    10.215
   -15.289     9.129     9.605
   -13.382    10.087     7.868
   -10.824     9.714     4.170
    -8.994     7.325    -0.720
    -8.105     3.339    -4.606
    -7.196    -0.806    -5.719
    -5.679    -3.636    -4.563
    -4.104    -4.417    -3.595
    -3.075    -3.330    -4.778
    -2.089    -1.389    -7.593
    -0.023    -0.046    -9.660
     3.449    -0.189    -9.213
     7.356    -1.245    -6.715
    10.237    -1.717    -4.159
    11.155    -0.983    -3.184
    10.014    -0.149    -3.988
     7.207    -0.603    -5.680
     3.161    -2.150    -7.133
    -1.733    -3.395    -7.374
    -6.797    -3.738    -5.646
   -10.904    -3.858    -1.861
   -12.955    -4.025     2.726
   -12.680    -3.304     5.772
   -10.925    -1.338     5.584
    -9.107     0.193     2.888
    -8.261    -0.565     0.505
    -8.267    -2.770     0.788
    -7.742    -3.504     3.302
    -4.982    -1.385     5.193
     0.458     1.899     3.863
     6.934     4.021    -0.726
    11.678     4.532    -6.106
    12.704     4.275    -9.265
     9.908     3.779    -8.657
     4.842     3.452    -4.948
    -0.121     4.230    -0.381
    -2.884     6.348     2.630
    -2.926     7.924     2.838
    -1.697     6.510     0.684
    -0.923     2.180    -2.263
    -0.264    -2.247    -4.410
     2.457    -4.262    -4.902
     8.216    -3.778    -3.592
    14.885    -2.056    -0.617
    19.255    -0.091     3.745
    20.251     1.199     8.817
    19.008     0.639    13.349
    16.303    -1.887    15.884
    11.597    -4.403    15.466
     4.952    -4.569    12.110
    -1.683    -2.472     6.797
    -6.212    -0.668     1.173
    -8.621    -1.366    -2.913
   -10.296    -4.376    -4.218
   -11.525    -7.906    -3.033
   -10.954   -10.416    -1.297
    -7.771   -11.279    -1.260
    -3.415   -10.467    -3.650
    -0.439    -8.370    -7.202
    -0.026    -5.603   -10.020
    -1.173    -2.371   -11.094
    -2.183     1.785   -10.335
    -2.438     7.022    -7.692
    -2.535    12.127    -3.101
    -3.056    15.115     2.577
    -3.732    15.074     7.359
    -3.920    12.881     9.585
    -3.501     9.859     9.465
    -2.887     6.347     8.739
    -2.246     2.266     8.749
    -1.302    -1.373     9.100
    -0.047    -2.667     8.217
     0.967    -0.964     4.961
     1.501     1.931    -0.286
     2.230     3.433    -5.763
     3.655     2.768    -9.395
     4.708     1.292   -10.066
     3.525     0.508    -8.293
    -0.091     0.658    -5.759
    -3.914     1.274    -4.074
    -5.613     2.048    -3.838
    -5.204     2.549    -4.653
    -4.519     1.859    -5.716
    -4.725    -0.603    -6.302
    -5.229    -4.119    -5.983
    -4.831    -7.248    -4.757
    -3.122    -9.210    -3.025
    -0.642    -9.994    -1.301
     1.616    -9.312     0.205
     2.679    -6.464     1.710
     2.204    -1.573     3.531
     0.936     3.816     5.496
     0.151     7.931     6.633
     0.455    10.102     5.788
     1.549    10.478     3.021
     3.216     9.011     0.320
     5.669     5.517     0.190
     8.412     0.588     3.095
     9.609    -4.257     6.699
     7.709    -7.498     8.114
     3.497    -8.450     6.600
    -0.506    -7.333     3.577
    -2.756    -5.043     0.508
    -3.883    -2.831    -2.170
    -4.910    -1.648    -4.034
    -5.292    -1.530    -3.991
    -3.677    -1.845    -1.544
    -0.189    -2.116     1.819
     3.167    -2.232     3.523
     4.682    -1.927     2.253
     4.845    -0.722    -1.028
     5.465     1.279    -4.275
     7.200     3.073    -6.019
     8.687     6.934    -5.941
     8.276     0.000    -4.517
     5.980     0.000    -2.457
     3.161     0.000    -0.227
     0.699     0.000     2.037
    -1.646     0.000     4.043
    -3.984     0.000     4.982
    -5.421     0.000     4.161
    -5.163     0.000     1.994
    -3.986     0.000    -0.265
    -3.736     0.000    -1.999
    -5.374     0.000    -3.757
    -8.129     0.000    -5.884
   -10.579     0.000    -7.310
   -11.863     0.000    -6.591
   -11.643     0.000    -3.856
    -9.627     0.000    -0.735
    -5.784     0.000     1.749
    -0.897     0.000     4.276
     3.562     0.000     7.823
     6.204     0.000    11.927
     6.429     0.000    15.024
     4.717     0.000    16.043
     2.348     0.000    14.992
     0.565     0.000    12.276
    -0.227     0.000     8.280
    -0.300     0.000     3.643
     0.303     0.000    -0.805
     2.002     0.000    -4.683
     4.747     0.000    -8.138
     7.388     0.000   -11.079
     8.495     0.000   -12.814
     7.560     0.000   -12.843
     4.992     0.000   -11.685
     1.374     0.000   -10.509
    -2.545     0.000   -10.012
    -5.451     0.000    -9.861
    -6.071     0.000    -9.072
    -4.376     0.000    -6.788
    -1.485     0.000    -3.064
     1.723     0.000     0.747
     5.062     0.000     2.683
     7.944     0.000     1.845
     8.964     0.000    -0.585
     7.414     0.000    -2.357
     4.524     0.000    -2.199
     2.204     0.000    -0.572
     0.969     0.000     1.411
    -0.016     0.000     3.220
    -1.238     0.000     4.987
    -2.339     0.000     6.962
    -3.223     0.000     9.190
    -4.400     0.000    11.310
    -5.844     0.000    12.389
    -6.560     0.000    11.430
    -5.852     0.000     8.500
    -4.218     0.000     5.030
    -2.456     0.000     2.407
    -0.667     0.000     0.493
     1.147     0.000    -1.878
     2.209     0.000    -5.038
     1.624     0.000    -7.899
    -0.520     0.000    -9.423
    -3.488     0.000    -9.961
    -6.854     0.000   -10.525
   -10.193     0.000   -11.126
   -12.327     0.000   -10.592
   -12.177     0.000    -8.135
   -10.287     0.000    -4.452
    -8.276     0.000    -0.910
    -6.657     0.000     2.015
    -4.386     0.000     4.908
    -0.767     0.000     8.046
     3.586     0.000    10.440
     8.147     0.000    10.754
    13.221     0.000     8.985
    18.205     0.000     6.633
    20.425     0.000     5.072
    17.482     0.000     4.215
    10.349     0.000     3.151
     2.690     0.000     1.656
    -2.756     0.000     0.354
    -5.830     0.000    -0.534
    -7.202     0.000    -1.837
    -6.620     0.000    -4.327
    -3.633     0.000    -7.359
     0.975     0.000    -9.126
     5.226     0.000    -8.295
     7.050     0.000    -5.171
     5.229     0.000    -1.310
     0.183     0.000     1.745
    -5.642     0.000     3.349
    -8.981     0.000     3.674
    -8.244     0.000     3.090
    -4.635     0.000     1.822
    -0.542     0.000     0.278
     2.537     0.000    -0.569
     4.045     0.000     0.318
     3.341     0.000     2.850
    -0.059     0.000     5.408
    -5.304     0.000     6.042
   -10.291     0.000     4.099
   -13.138     0.000     0.544
   -13.102     0.000    -3.083
   -10.297     0.000    -5.620
    -5.423     0.000    -6.458
     0.157     0.000    -5.556
     5.010     0.000    -3.659
     8.746     0.000    -2.049
    12.002     0.000    -1.583
    15.008     0.000    -2.096
    16.856     0.000    -2.939
    16.587     0.000    -3.773
    14.436     0.000    -4.421
    11.417     0.000    -4.193
     8.125     0.000    -2.112
     4.628     0.000     1.902
     1.200     0.000     6.424
    -1.639     0.000     9.419
    -3.791     0.000     9.787
    -5.595     0.000     8.024
    -7.050     0.000     5.558
    -7.614     0.000     3.500
    -6.987     0.000     1.877
    -5.625     0.000    -0.010
    -4.212     0.000    -2.417
    -2.980     0.000    -4.412
    -1.819     0.000    -4.522
    -0.689     0.000    -2.231
     0.492     0.000     1.268
     2.116     0.000     3.917
     4.494     0.000     4.330
     7.126     0.000     2.609
     8.754     0.000    -0.048
     8.398     0.000    -2.399
     6.220     0.000    -4.012
     3.219     0.000    -5.280
     0.215     0.000    -6.570
    -2.651     0.000    -7.388
    -5.423     0.000    -6.624
    -7.667     0.000    -3.743
    -8.605     0.000     0.419
    -7.963     0.000     4.112
    -6.417     0.000     5.834
    -4.963     0.000     5.220
    -4.003     0.000     3.299
    -3.417     0.000     2.005
    -3.429     0.000     2.837
    -4.713     0.000     5.450
    -7.172     0.000     7.749
    -9.149     0.000     7.721
    -8.734     0.000     5.040
    -5.897     0.000     0.796
    -2.530     0.000    -3.797
    -0.099     0.000    -7.932
     1.925     0.000   -11.045
     4.688     0.000   -13.038
     7.696     0.000   -14.386
     9.040     0.000   -15.055
     7.809     0.000   -13.463
     5.311     0.000    -7.835
     3.588     0.000     0.968
     3.437     0.000     9.080
     4.220     0.000    12.939
     4.940     0.000    12.391
     4.889     0.000     9.951
     3.624     0.000     7.822
     1.041     0.000     6.578
    -2.414     0.000     6.032
    -5.815     0.000     5.862
    -8.014     0.000     5.251
    -7.956     0.000     3.151
    -5.333     0.000    -0.518
    -1.297     0.000    -4.561
     1.978     0.000    -7.679
     3.005     0.000    -9.391
     1.997     0.000    -9.667
    -0.081     0.000    -8.547
    -2.692     0.000    -6.629
    -5.147     0.000    -5.151
    -5.638     0.000    -4.743
    -2.567     0.000    -4.481
     2.936     0.000    -2.956
     7.313     0.000    -0.112
     8.162     0.000     2.751
     6.562     0.000     4.743
     5.051     0.000     6.372
     4.323     0.000     8.561
     3.048     0.000    11.280
     0.279     0.000    13.578
    -3.391     0.000    14.564
    -6.839     0.000    13.973
    -9.254     0.000    11.999
    -9.955     0.000     9.052
    -8.735     0.000     5.694
    -6.780     0.000     2.467
    -5.965     0.000    -0.364
    -6.471     0.000    -2.796
    -6.011     0.000    -4.821
    -2.453     0.000    -6.404
     3.378     0.000    -7.817
     8.459     0.000    -9.602
    10.727     0.000   -11.782
    10.534     0.000   -13.171
     9.244     0.000   -12.091
     7.637     0.000    -8.194
     5.900     0.000    -0.936
     4.209     0.000     0.000
     2.756     0.000     0.000
     1.690     0.000     0.000
     1.320     0.000     0.000
     1.802     0.000     0.000
     2.375     0.000     0.000
     1.672     0.000     0.000
    -0.535     0.000     0.000
    -2.422     0.000     0.000
    -1.764     0.000     0.000
     1.587     0.000     0.000
     5.431     0.000     0.000
     7.350     0.000     0.000
     6.631     0.000     0.000
     4.253     0.000     0.000
     1.663     0.000     0.000
    -0.311     0.000     0.000
    -1.899     0.000     0.000
    -3.979     0.000     0.000
    -6.912     0.000     0.000
    -9.708     0.000     0.000
   -10.702     0.000     0.000
    -9.158     0.000     0.000
    -5.892     0.000     0.000
    -2.349     0.000     0.000
     0.386     0.000     0.000
     1.672     0.000     0.000
     1.284     0.000     0.000
    -0.165     0.000     0.000
    -1.412     0.000     0.000
    -1.791     0.000     0.000
    -1.840     0.000     0.000
    -2.048     0.000     0.000
    -1.640     0.000     0.000
     0.294     0.000     0.000
     2.748     0.000     0.000
     3.314     0.000     0.000
     4.732     0.000     0.000
     4.732     0.000     0.000
