********************************************************************************
                       INSTITUTO DE INGENIERIA, UNAM
                   Coordinacion de Instrumentacion Sismica
  Ciudad Universitaria, Apartado Postal 70-472, Coyoacan 04510, Mexico, D.F.
 Tel.(52-5)622-3414    Fax.(52-5)616-1514    e-mail: isismica@pumas.iingen.unam.mx
********************************************************************************
ARCHIVO ESTANDAR DE ACELERACION:
VERSION DEL FORMATO                    : 2.0
NOMBRE DEL ARCHIVO                     : OAXM8107.211
FECHA Y HORA DE CREACION               : Fri Feb 27 14:56:43 1998
REF. CATALOGO ACELEROGRAMAS, SMIS 1995 : REGISTRO No. 278 /PAG. 54


================================================================================
DATOS DE LA ESTACION:
NOMBRE DE LA ESTACION                  : OAXACA FACULTAD DE MEDICINA
CLAVE DE LA ESTACION                   : OAXM
LOCALIZACION DE LA ESTACION            : Fuente de las 7 Regiones, a 2 km del
                                       : centro, Oaxaca.
                                       :
                                       :
                                       :
COORDENADAS DE LA ESTACION             : 17.082872 LAT. N
                                       : 96.718744 LONG. W
ALTITUD (msnm)                         : 1600
TIPO DE SUELO                          : ALUVIAL
                                       : 
                                       : 
INSTITUCION RESPONSABLE                : INSTITUTO DE INGENIERIA UNAM
                                       :

================================================================================
DATOS DEL ACELEROGRAFO:
MODELO DEL ACELEROGRAFO                : SMA-1
NUMERO DE SERIE DEL ACELEROGRAFO       : 0162
NUMERO DE CANALES                      : 3
ORIENTACION C1-C6 (rumbo;orientacion)  : /N00E/+V/N90W
ORIENTACION C7-C12 (rumbo;orientacion) :
VEL. DE MUESTREO, C1-C6 (muestras/s)   : /--/--/--
VEL. DE MUESTREO, C7-C12 (muestras/s)  :
ESC. COMPLETA DE SENSORES, C1-C6, (g)  : /1/1/1
ESC. COMPLETA DE SENSORES, C7-C12, (g) :
FREC. NAT. DE SENSORES, C1-C6, (Hz)    : /25.0/25.9/24.7
FREC. NAT. DE SENSORES, C7-C12, (Hz)   :
AMORTIGUAMIENTO DE SENSORES, C1-C6     : /0.6/0.6/0.6
AMORTIGUAMIENTO DE SENSORES, C7-C12    :
INTERVALO DE MUESTREO, C1-C6, (s)      : /0.02/0.02/0.02
INTERVALO DE MUESTREO, C7-C12, (s)     :
UMBRAL DE DISPARO, C1-C6, (Gal)       *: /--/10/--
UMBRAL DE DISPARO, C7-C12, (Gal)       :
MEMORIA DE PREEVENTO (s)               : 0
TIEMPO DE POSEVENTO (s)                : 8


================================================================================
DATOS DEL SISMO:
FECHA DEL SISMO [GMT]                  : 1981/07/21
HORA EPICENTRO (GMT)                   : 09:14:16,0
MAGNITUD(ES)                           : /Mb=5.10/Ms=4.70
COORDENADAS DEL EPICENTRO              : 15.910 LAT. N 
                                       : 98.660 LONG. W 
PROFUNDIDAD FOCAL (km)                 : 33 
FUENTES DE LOS DATOS EPICENTRALES      : SSN
                                       : INSTITUTO DE GEOFISICA, UNAM

================================================================================
DATOS DE ESTE REGISTRO:
HORA DE LA PRIMERA MUESTRA (GMT)       : --:--:--.-
EXACTITUD DEL TIEMPO (s)               : --    
DURACION DEL REGISTRO (s), C1-C6       : /10.88/11.96/10.9
DURACION DEL REGISTRO (s), C7-C12      :
NUM. TOTAL DE MUESTRAS, C1-C6          : /544/598/547   
NUM. TOTAL DE MUESTRAS, C7-C12         :
ACEL. MAX.(Gal), C1-C6                 : /40.050/-23.208/-33.408 
ACEL. MAX., C1-C6, EN LA MUESTRA       : /93/87/68      
ACEL. MAX.(Gal), C7-C12                :
ACEL. MAX., C7-C12, EN LA MUESTRA      :
UNIDADES DE LOS DATOS                  : Gal (cm/s/s)
FACTOR DE DECIMACION                   : 1
FORMATO DATOS (FORTRAN,10 campos/dato) : 3F10.3


===============================================================================
CALIDAD DEL ACELEROGRAMA:
REGISTRO ANALOGICO AL QUE FALTA UNA PARTE AL INICIO SIN TIEMPO
ABSOLUTO. DIGITALIZACION SEMIAUTOMATICA O MANUAL.

===============================================================================
COMENTARIOS:

          * Disparo por arrancador mecánico
            Registro en película fotográfica de 70 mm











===============================================================================
DATOS DE ACELERACION:
---------+---------+---------+---------+---------+---------+---------+---------+
   CANAL-1   CANAL-2   CANAL-3   CANAL-4   CANAL-5   CANAL-6   CANAL-7   CANAL-8
      N00E        +V      N90W
---------+---------+---------+---------+---------+---------+---------+---------+
   -26.283     0.838     8.926
   -33.711     8.952    -7.175
   -16.621    12.049    -3.665
    19.478     1.400     6.035
    32.644   -17.823     3.765
    21.927   -16.388    -4.596
    13.855     6.152   -16.532
     0.410    17.083    -6.838
   -23.275     6.672    12.782
   -22.197   -12.758     4.583
    -7.586   -10.426    -8.051
    -4.991     5.103     6.889
     2.439     9.116     3.770
     9.397    -1.906    -9.972
     5.257   -12.723     5.423
     4.441    -1.577    13.072
    -4.434     0.826     3.523
   -19.684    -3.695    -5.576
   -15.002     8.912   -10.518
     4.080     3.395    -9.619
     9.471    -5.475    -2.885
     2.126     3.680     7.905
     8.989     3.780     5.953
    12.969    -0.118    -9.860
     8.343     2.326   -15.892
     8.991     0.016    -2.103
   -11.665   -15.790    17.288
   -27.302   -15.079    19.608
   -14.475    10.811     8.332
     7.580    17.979     0.627
    24.708     4.138    -7.393
    10.610   -10.078    -6.650
    -1.144   -16.775    -3.419
     2.911    -5.669    -9.799
    -7.025    12.061    -8.324
   -16.430    14.902    -1.718
   -14.359     3.582     1.688
    -5.214   -10.017     2.730
     5.780   -14.172    11.203
    17.585    -1.829    15.528
    11.715     8.873     5.188
    -2.851     0.922     8.108
    -0.422    -8.287     7.402
     1.879     0.835   -14.449
     8.222    12.303   -25.863
     7.051     7.216   -16.045
   -18.121    -1.502    -0.313
   -25.849   -11.341     8.564
    -6.480   -12.212     7.632
    10.719     9.519     7.948
    25.350    19.983    15.043
    26.935     5.395    11.323
     8.588   -12.316    -0.214
   -12.461   -18.340    -8.267
   -17.659    -6.008   -17.063
    -5.931    14.204    -8.792
     6.381    15.441     2.104
     5.981    -3.044    -8.191
    -6.467    -6.806    -6.672
    -1.058     3.646     3.740
     5.518     7.442     4.522
    -9.099     0.679    11.615
   -11.232   -14.698    20.286
     1.000   -12.246    19.308
    14.694     5.448     8.493
    13.160    10.708    -9.761
    -5.419     8.381   -30.927
   -14.461     5.838   -33.408
    -7.602     2.425    -8.654
    -0.462    -8.223    17.763
     1.592   -14.243    22.862
     0.569     0.688     7.128
    -0.397    10.930    -1.215
    -1.237     3.359     1.560
     3.842    -2.874     0.877
    19.499    -4.388    -3.274
    13.428     1.350    -7.671
    -6.675     4.909    -3.045
   -13.958    -3.633     2.790
   -15.069    -3.359    -0.952
    -2.448    -4.956    -2.727
    12.558    -6.851    -0.450
    17.032     7.426    -1.805
    18.881    17.118     2.772
     7.277    11.987     5.930
   -17.711   -11.069    -1.076
   -28.656   -23.208     1.799
   -22.239    -8.969     6.473
   -12.123     8.402     1.118
   -11.215    19.938    -2.021
    -5.753    10.828    -3.531
    21.769    -6.041    -4.484
    40.050   -13.998    -2.368
    29.216   -15.745     1.449
     1.225     0.252     2.542
   -12.941    14.528    -1.687
   -18.480    11.577     1.100
   -22.277     6.969     5.054
    -0.932    -2.868     0.564
     9.687   -13.827    -1.998
    -4.053   -17.335    -6.064
    -8.882    -5.682    -7.361
     3.674    15.366    -3.078
    13.068    16.397    -1.374
     4.613     7.050     0.930
     1.251    -5.748     1.006
     3.760   -11.188     1.497
     7.105     0.401     2.717
     9.772    -4.300     1.480
    -0.945    -8.350    -0.417
   -12.382     7.317    -3.803
   -20.553    13.898    -5.723
   -18.320     7.226    -3.667
    -9.883    -0.522     2.420
    -5.485    -9.452     3.947
     7.991    -9.755     1.004
    14.326     0.817     2.651
    13.420     0.648     5.583
     9.186     1.029     5.496
    -2.657     5.485     3.989
    -7.594     1.270     0.483
    -9.096    -5.367    -3.612
    -8.007    -9.131    -2.631
    -4.787     4.197    -3.497
    -1.038    10.864    -6.359
    -1.686    -2.758   -10.124
     0.741    -5.695   -10.166
    16.928    -5.635     2.880
    18.217    -7.401     9.941
    -3.915     4.398     8.404
   -12.512    12.557     9.084
    -4.038     3.299     6.223
    -6.185    -3.867    -2.424
   -10.230    -1.904    -8.364
    -0.932    -2.043    -9.139
     9.022     0.516    -8.513
     7.714     3.502     2.101
     3.051     0.389    10.327
    -0.073     5.106     3.756
    -6.592     7.560    -2.349
   -11.168    -3.932     0.163
    -4.889    -7.602     3.531
     8.384    -6.380     0.017
    14.303    -5.610    -1.342
    12.189     2.012    -0.892
     3.503     1.447    -3.445
    -8.882    -4.067    -1.458
   -13.924    -1.445     4.531
    -6.375     2.983     6.726
     3.160     6.003     2.046
     4.443     5.423    -2.393
     3.530    -1.095    -7.142
    -0.483    -6.197    -8.771
    -1.513    -4.580     0.814
     4.365    -2.132    10.042
     6.440     2.224     9.054
    -2.252     6.242     1.311
    -9.535     2.126    -2.432
     0.654    -1.331    -1.007
    10.891    -4.274    -0.353
     8.017    -7.990    -2.540
    -3.035    -3.400    -2.737
   -12.064     4.639     1.217
    -2.999     8.103     0.691
     9.800     8.178    -0.450
     9.769     3.513    -0.734
     0.954    -2.824    -1.452
    -8.751    -2.729    -0.971
    -6.796    -1.326    -0.007
     0.269    -0.062     1.220
     5.778     1.865     0.377
     9.213     3.578     1.822
     2.670     1.552     1.448
    -3.072    -6.184     3.388
    -5.781    -5.821     6.204
    -4.644     2.121     0.443
     4.734     7.899    -1.891
     6.485     4.739    -0.888
    -3.423    -3.038    -2.040
    -7.128    -2.653    -3.637
     1.285     1.535    -3.732
     4.604     5.161    -3.626
     0.232     2.902    -0.556
     1.245    -7.336     7.264
    -0.624   -10.199     6.837
    -6.012    -4.666     1.767
    -3.542     0.012     1.040
    -1.266     5.735    -1.194
    -0.214     8.062    -4.899
     4.542    -0.585    -3.778
     5.954    -8.230    -0.747
     0.908    -1.564    -0.947
    -3.099     2.650    -2.194
    -1.239     1.276    -1.440
    -1.190     5.492     2.336
    -1.723    -0.974     4.864
    -4.532    -8.350     2.892
    -7.056    -0.305    -1.511
     1.094     6.272    -1.591
     7.964     2.522     0.771
     5.886    -6.060     0.815
     2.144    -6.069     4.463
     6.638     2.642     3.182
     7.522     7.856    -4.143
    -2.832     6.646    -3.102
   -10.124    -1.398     1.242
   -11.257    -7.853     0.802
    -5.197    -6.465    -5.241
     1.604    -0.908    -6.620
     4.305     6.248     1.913
     4.582     6.052     4.641
     1.801     0.205     0.711
    -2.337    -3.304     0.102
    -4.806    -6.516     1.042
     0.200    -6.584     0.849
     4.222    -0.428     0.172
     2.587     6.591    -1.721
    -0.841     3.396    -3.224
    -4.736    -3.655    -0.846
    -7.338    -0.066     0.647
    -4.334     6.489    -1.360
     8.706     3.052     0.937
    15.636    -5.755     6.828
     7.730    -5.380     4.226
     0.009    -1.934    -2.815
    -3.143     0.019    -4.596
    -5.454     2.568    -4.919
    -8.595     2.384    -3.257
    -5.163     5.818    -1.151
     1.518     4.917    -0.605
    -1.503    -2.176     0.263
    -3.368    -3.978    -2.075
     1.278    -2.539    -1.933
     5.163    -4.275     3.464
     6.958    -5.192     6.002
     7.053     2.735     5.784
     5.554     8.098     3.317
    -1.592     3.078     0.064
   -10.000    -4.202     0.941
   -10.075    -4.628    -0.776
     1.010    -0.045    -4.864
     8.131     1.533    -4.525
     3.099     4.569    -5.653
     1.764     4.501    -2.667
     2.779    -1.547     5.251
    -0.163     0.154     4.655
    -2.253     1.642     2.990
    -1.337    -6.030     5.658
    -0.646    -4.719     3.280
    -2.613     3.363    -5.310
    -2.040     3.972   -10.435
    -0.326     2.649    -5.503
    -1.493     1.812     1.449
    -1.447     1.040     3.226
     1.568    -0.907     2.577
     3.652    -1.971     4.048
     2.996     1.894     3.050
     0.935     3.940    -1.923
    -1.857     0.166    -2.188
    -2.978    -4.763     1.039
    -2.435     0.077     1.684
    -0.068     4.118    -0.427
     1.227    -0.049    -0.392
    -1.561     2.568     0.476
    -2.927     4.015    -0.029
    -1.687    -2.251     1.153
    -2.614    -6.486     1.666
    -4.306    -3.305     0.628
    -0.778     1.581    -3.014
     5.497     4.438    -6.251
     6.281     2.740    -4.961
     3.768    -3.861    -0.102
     0.640    -1.567     3.677
    -2.598     1.452     5.330
    -1.628    -0.862     6.078
    -0.653    -1.641    -0.268
    -3.180    -3.360    -4.898
    -2.804    -2.172    -3.605
    -2.927     1.648    -2.501
    -2.919     2.108     1.631
     2.953    -1.373     4.471
     2.382    -4.782     3.707
    -1.956    -4.441     1.255
     2.927    -0.039    -0.907
     6.649    -1.664    -1.633
     0.920    -5.565    -1.756
    -4.288    -0.573    -1.211
    -0.795     3.493    -0.953
     2.893     2.993     0.394
    -0.564    -1.662     0.901
    -2.517    -7.311     0.797
     1.103    -9.209     2.060
     2.513    -5.243     2.266
     0.741     4.050     1.710
     1.992     7.110     0.857
     2.076     5.656    -1.242
    -2.046     5.409    -4.943
    -3.126     4.598    -5.738
    -0.929     4.087    -1.829
     0.890     3.456     1.715
     2.095     2.796     4.604
     0.700     2.247     5.280
    -0.803     1.631     2.354
     0.428     0.030    -0.126
    -0.879    -4.578    -1.510
    -5.078    -9.056    -2.298
    -5.168    -6.945    -2.862
    -0.848    -1.355    -3.291
     3.012     4.214    -1.906
     1.613     6.880    -0.613
    -0.237     2.565     0.462
     1.115    -3.099     2.455
     3.025    -4.583     3.220
     3.724     1.145     2.857
     0.475     3.842     2.399
    -0.720     0.139     1.082
    -1.687    -0.094    -2.969
    -6.259     1.719    -4.535
    -4.522     2.074    -0.244
     1.947     0.110     1.264
     2.341    -0.399    -0.384
     0.053    -3.054     1.565
     3.248    -1.721     4.491
     7.471     2.353     2.613
     5.291    -3.002    -0.942
    -3.734    -0.394    -2.455
    -8.735     6.312    -3.550
    -5.281     3.427    -2.898
    -0.814    -3.117    -0.841
     2.603    -4.260     0.779
     3.205     1.499     0.510
     1.282     2.784    -0.553
    -0.004     2.427     1.583
    -0.388    -1.104     3.023
    -3.058    -4.700     1.172
    -4.927    -0.261    -0.940
    -1.163     3.218    -2.780
     4.736     4.852    -3.255
     6.781     0.895    -2.391
     2.263    -5.086    -0.710
    -2.233    -1.253     0.913
     0.082     0.290     1.849
     3.515    -2.703     3.547
     0.808     1.333     4.014
    -2.786     1.344     3.524
    -2.145    -1.831     1.143
    -1.826     2.555    -4.562
    -2.575     2.234    -5.342
    -1.928    -2.576    -2.203
     0.411    -0.298    -1.348
     3.448     1.323     0.263
     5.933    -1.050     1.960
     4.637     1.068     1.300
     0.125     0.337     0.151
    -1.136    -3.190    -0.535
     0.318    -0.462    -0.638
     0.439     1.295    -1.064
    -1.468     1.313    -1.313
    -4.741     2.607     0.606
    -5.133     2.726     1.030
    -2.167    -0.999    -0.545
     0.818    -6.840    -1.053
     2.772    -6.314    -0.353
     3.905    -1.792     1.133
     4.297     2.022     0.975
     0.967     4.881    -1.173
    -2.982     3.334    -3.220
    -3.638    -1.180    -2.144
    -2.828    -3.405     0.518
     1.282    -2.602     1.537
     3.838    -2.345     1.628
    -0.502    -0.428     0.902
    -4.526     4.029    -0.869
    -2.219     4.419    -0.982
    -0.426     1.952     2.465
    -3.742    -1.015     2.859
    -2.795    -0.586    -0.112
     1.800     3.865    -2.339
     2.301     0.934    -1.674
     1.978    -3.960     2.736
     3.108    -0.313     1.953
     0.603     1.950    -1.119
    -2.017    -1.909     0.268
     0.470    -1.575     1.059
     3.066     1.133     0.448
     0.842    -3.118    -1.150
    -4.761    -3.779    -1.731
    -4.780     1.978    -0.344
     0.445    -0.071     0.242
     1.704    -1.714    -0.191
    -0.277     2.477     0.576
    -0.089    -0.259     3.020
     2.871    -2.262     1.978
     3.789    -0.510    -0.353
     3.656    -0.915     1.183
     2.617     2.636     1.039
    -0.795     2.406    -2.751
    -4.201    -0.930    -4.208
    -6.271    -0.218    -1.333
    -4.283    -0.540     0.274
    -1.144    -0.043    -1.479
     0.917     2.033    -2.489
     1.717     4.897    -0.251
     0.785     3.493     3.065
    -0.318     0.367     4.116
    -2.038     1.524     2.878
     2.123     0.196    -0.011
     6.515    -3.001    -1.160
     1.963    -2.297     0.685
    -1.313     2.179     0.239
     2.128     1.590    -1.920
     2.917    -1.727    -2.345
    -2.698     0.898    -1.731
    -1.895     0.930    -0.490
     1.948    -2.799     0.583
     0.088    -1.701     0.219
    -0.695    -0.599    -0.210
     0.277    -0.010     0.355
     0.164     4.314     0.469
    -1.332     1.474    -0.422
    -1.790    -3.823    -1.262
    -0.734    -1.917    -1.051
     2.915    -0.228    -0.091
     4.423     1.917     0.186
    -0.184     3.495    -0.592
    -2.146     0.028    -0.471
    -0.108    -3.869     1.339
     1.169    -1.911     0.943
    -0.259     0.617    -1.050
    -2.493    -1.393    -1.256
    -2.168    -3.503    -0.623
     0.374    -2.966     1.223
    -0.021     2.128     2.133
     0.841     5.345     0.458
     4.638     2.216    -0.166
     1.775    -2.649     0.951
    -3.601    -3.098     1.909
    -2.627     0.867     1.110
     2.400     2.276    -0.874
     0.455     1.714    -1.153
    -3.838    -0.221    -2.175
    -2.770     1.236    -3.715
    -1.694     3.016    -1.836
     1.402    -3.011     0.861
     0.006    -4.647     2.281
    -3.394    -0.835     0.859
    -1.224     0.679    -0.694
    -0.127    -0.114     0.370
    -0.142    -1.907     0.410
     0.014    -1.854    -1.047
     0.119    -0.531    -2.322
    -1.790     4.055    -2.123
    -2.419     5.677    -1.709
    -0.385    -0.488     1.353
     0.030    -4.185     4.639
    -0.600    -2.827     2.813
    -1.683     0.388     1.544
    -0.097     1.478     1.859
     1.616    -0.114     1.772
     0.886     0.875     0.313
     1.339     1.584    -2.049
     2.774     1.314    -2.948
     1.094     0.060    -2.919
    -2.684    -2.437    -1.166
    -1.849     0.623     0.511
     2.868     1.360     1.317
     5.297    -2.188     1.182
     2.145    -0.919     0.725
     0.314    -2.917     1.776
     0.958    -3.331     1.098
    -0.578     1.684    -0.846
    -0.964     1.499    -1.326
    -1.235     0.940    -0.891
    -2.457     1.407    -0.602
    -1.481     1.649    -1.278
     2.180     0.914    -0.864
     3.161    -1.446     1.067
     0.852     0.334     1.765
    -0.376     2.059     1.189
    -0.082     1.129     0.096
     1.633     1.477    -0.900
     1.161     0.055    -0.431
    -1.425    -3.691     0.424
    -4.232    -2.395     0.633
    -4.714     2.177     0.228
    -1.142     3.256    -0.200
     0.728     2.345     0.440
     0.785     0.235     0.509
     2.630    -2.086    -0.822
     3.849    -0.294    -1.528
     2.005     2.238    -0.562
    -0.911     1.271     0.874
    -4.354     2.691     1.390
    -5.519     2.235     1.235
    -1.849    -3.978     1.309
     1.464    -3.954     0.347
     2.535     1.921    -1.239
     3.674     3.472    -0.684
     4.341    -0.442    -0.477
     0.647    -3.938    -1.368
    -3.744    -2.420    -0.931
    -2.698     1.828    -0.322
     0.665     2.696     0.072
     2.686    -2.236     0.446
     1.126    -4.382     0.613
    -0.556     1.583     0.402
    -0.967     4.688     0.006
    -1.585     0.862    -0.170
    -1.335    -3.554    -0.506
    -0.467    -6.851    -0.668
     2.034    -5.973    -0.610
     2.157     0.822    -0.674
    -0.198     7.342    -1.028
    -2.443     6.153    -1.168
    -2.275    -1.589     0.288
     1.229    -6.014     2.756
     1.355    -1.981     2.996
     0.523     2.136     1.366
     1.661     1.262     0.101
     0.987    -0.356    -1.032
    -2.961    -1.723    -0.969
    -1.991     0.237     0.220
     5.054     1.335     1.102
     4.876    -1.931     0.353
     0.723    -1.104    -2.008
    -0.407     0.951    -3.046
    -0.707     1.484    -0.867
    -2.599     0.981     1.627
    -3.849     1.891     0.759
    -0.197     3.075    -0.124
     2.559    -0.839     0.462
     0.702    -1.287    -0.087
    -0.835    -2.022    -0.765
     0.197    -1.495    -0.453
    -0.904     3.610     0.614
    -2.031     3.590     0.989
     0.139     1.344     1.257
     0.429    -3.576     2.227
    -0.620    -4.184     1.124
    -0.994    -0.453    -1.418
     0.243    -0.191    -1.435
     1.336     2.173    -0.093
    -0.095     2.146    -0.610
    -0.634    -1.601    -0.759
     0.000    -0.072    -0.222
     0.000     2.258    -0.583
     0.000    -1.747    -0.394
     0.000    -2.885     0.000
     0.000     0.232     0.000
     0.000     0.618     0.000
     0.000    -0.217     0.000
     0.000    -0.324     0.000
     0.000     1.151     0.000
     0.000     0.113     0.000
     0.000    -3.298     0.000
     0.000    -3.443     0.000
     0.000    -0.192     0.000
     0.000     1.813     0.000
     0.000    -0.680     0.000
     0.000    -0.197     0.000
     0.000     2.414     0.000
     0.000    -1.257     0.000
     0.000    -1.618     0.000
     0.000     3.089     0.000
     0.000     1.935     0.000
     0.000    -1.214     0.000
     0.000    -0.869     0.000
     0.000     1.410     0.000
     0.000     2.542     0.000
     0.000    -1.268     0.000
     0.000    -3.260     0.000
     0.000     1.853     0.000
     0.000     5.333     0.000
     0.000     4.402     0.000
     0.000     0.603     0.000
     0.000    -4.465     0.000
     0.000    -3.324     0.000
     0.000     1.942     0.000
     0.000     3.870     0.000
     0.000     0.210     0.000
     0.000    -4.898     0.000
     0.000    -2.348     0.000
     0.000     1.559     0.000
     0.000     0.428     0.000
     0.000    -0.758     0.000
     0.000    -4.098     0.000
     0.000    -5.391     0.000
     0.000     0.044     0.000
     0.000     3.221     0.000
     0.000     2.813     0.000
     0.000     2.427     0.000
     0.000     0.976     0.000
     0.000    -0.179     0.000
     0.000    -3.417     0.000
     0.000    -2.079     0.000
     0.000     1.899     0.000
     0.000    -1.602     0.000
     0.000    -2.127     0.000
     0.000     0.000     0.000
     0.000     0.000     0.000
     0.000     0.000     0.000
