********************************************************************************
                       INSTITUTO DE INGENIERIA, UNAM
                   Coordinacion de Instrumentacion Sismica
  Ciudad Universitaria, Apartado Postal 70-472, Coyoacan 04510, Mexico, D.F.
 Tel.(52-5)622-3414    Fax.(52-5)616-1514    e-mail: isismica@pumas.iingen.unam.mx
**************************************************************************************
ARCHIVO ESTANDAR DE ACELERACION:
VERSION DEL FORMATO                    : 2.0
NOMBRE DEL ARCHIVO                     : OCLL8703.141
FECHA Y HORA DE CREACION               : Thu Mar 19 02:47:12 1998
REF. CATALOGO ACELEROGRAMAS, SMIS 1995 : REGISTRO No. 862 /PAG. 103


================================================================================
DATOS DE LA ESTACION:
NOMBRE DE LA ESTACION                  : OCOTILLO
CLAVE DE LA ESTACION                   : OCLL
LOCALIZACION DE LA ESTACION            : ATRAS DE LA COMISARIA MUNICIPAL DE OCOTILLO; A
                                       : 15KM DEL ENTRONQUE CON EL LIBRAMIENTO ACAPULCO-ZIHUATANEJO
                                       : Y DE LA CARRETERA FEDERAL ACAPULCO-CHILPANCINGO,
                                       : GUERRERO. 
                                       : 
COORDENADAS DE LA ESTACION             : 17.036585 LAT. N
                                       : 99.878515 LONG. W
ALTITUD (msnm)                         : 710
TIPO DE SUELO                          : ROCA
                                       : 
                                       : 
INSTITUCION RESPONSABLE                : INSTITUTO DE INGENIERIA UNAM 
                                       : 

================================================================================
DATOS DEL ACELEROGRAFO: 
MODELO DEL ACELEROGRAFO                : DCA-333
NUMERO DE SERIE DEL ACELEROGRAFO       : 100
NUMERO DE CANALES                      : 3
ORIENTACION C1-C6 (rumbo;orientacion)  : /V/N90E/N00E
ORIENTACION C7-C12 (rumbo;orientacion) :
VEL. DE MUESTREO, C1-C6 (muestras/s)   : /100/100/100
VEL. DE MUESTREO, C7-C12 (muestras/s)  :
ESC. COMPLETA DE SENSORES, C1-C6, (g)  : /2/2/2
ESC. COMPLETA DE SENSORES, C7-C12 (g)  :
FREC. NAT. DE SENSORES, C1-C6, (Hz)    : /30.0/30.0/31.0
FREC. NAT. DE SENSORES, C7-C12 (Hz)    :
AMORTIGUAMIENTO DE SENSORES, C1-C6     : /0.66/0.75/0.75
AMORTIGUAMIENTO DE SENSORES, C7-C12    :
INTERVALO DE MUESTREO, C1-C6 (s)       : /0.01/0.01/0.01
INTERVALO DE MUESTREO, C7-C12 (s)      :
UMBRAL DE DISPARO, C1-C6 (Gal)         : /6/6/6
UMBRAL DE DISPARO, C7-C12 (Gal)        :
MEMORIA DE PREEVENTO (s)               : 4
TIEMPO DE POSEVENTO (s)                : 15


================================================================================
DATOS DEL SISMO:
FECHA DEL SISMO [GMT]                  : 1987/03/14
HORA EPICENTRO (GMT)                   : 15:08:13.9
MAGNITUD(ES)                           : /Mc=3.30
COORDENADAS DEL EPICENTRO              : 17.071 LAT. N 
                                       : 99.913 LONG. W 
PROFUNDIDAD FOCAL (km)                 : 6  
FUENTES DE LOS DATOS EPICENTRALES      : INSTITUTO DE INGENIERIA UNAM
                                       : 

================================================================================
DATOS DE ESTE REGISTRO:
HORA DE LA PRIMERA MUESTRA (GMT)       : 15:08:13.15
EXACTITUD DEL TIEMPO (s)               : 1.00
DURACION DEL REGISTRO (s), C1-C6       : /15.33/15.33/15.33                      
DURACION DEL REGISTRO (s), C7-C12      : 
NUM. TOTAL DE MUESTRAS, C1-C6          : /1533/1533/1533                       
NUM. TOTAL DE MUESTRAS, C7-C12         : 
ACEL. MAX.(Gal), C1-C6                 : /-28.67/18.23/21.18                   
ACEL. MAX., C1-C6, EN LA MUESTRA       : /369/372/358                          
ACEL. MAX.(Gal), C7-C12                : 
ACEL. MAX., C7-C12,EN LA MUESTRA       : 
UNIDADES DE LOS DATOS                  : Gal (cm/s/s)
FACTOR DE DECIMACION                   : 1
FORMATO DATOS (FORTRAN,10 campos/dato) : 3F10.2


================================================================================
CALIDAD DEL ACELEROGRAMA:
REGISTRO DIGITAL COMPLETO CON TIEMPO ABSOLUTO CORRECTO.


===============================================================================
COMENTARIOS:














===============================================================================
DATOS DE ACELERACION:
---------+---------+---------+---------+---------+---------+---------+---------+
   CANAL-1   CANAL-2   CANAL-3
         V      N90E      N00E
---------+---------+---------+---------+---------+---------+---------+---------+
      0.04      0.05     -0.83
      0.04      0.05      0.13
      0.04      0.05     -0.83
      0.04      0.05      0.13
      0.04      0.05     -0.83
      0.04      0.05      0.13
      0.04      0.05      0.13
      0.04      0.05     -0.83
      0.04      0.05      0.13
      0.04      0.05      0.13
      0.04      0.05      0.13
      0.04      0.05      0.13
      0.04      0.05      0.13
      0.04      0.05      0.13
      0.04      0.05     -0.83
      0.04      0.05      0.13
      0.04      0.05     -0.83
      0.04      0.05      0.13
     -1.87      0.05      0.13
      0.04      0.05      0.13
      0.04      0.05      0.13
      0.04      0.05      0.13
      0.04      0.05      0.13
      0.04      0.05      0.13
      0.04      0.05      0.13
      0.04     -0.91      0.13
      0.04      0.05      0.13
      0.04      0.05      0.13
      0.04      0.05     -0.83
      0.04      0.05      0.13
      0.04      0.05      0.13
      0.04      0.05      0.13
      0.04      0.05     -0.83
      0.04      0.05      0.13
      0.04      0.05      0.13
      0.04      0.05      0.13
      0.04      0.05      0.13
      0.04      0.05      0.13
      0.04      0.05      0.13
      0.04      0.05      0.13
      0.04      0.05      0.13
      0.04      0.05      0.13
      0.04      0.05      0.13
      0.04      0.05      0.13
      0.04      0.05      0.13
      0.04      0.05      0.13
      0.04      0.05      0.13
      0.04      0.05      0.13
      0.04      0.05      0.13
      0.04      0.05      0.13
      0.04      0.05     -0.83
      0.04     -0.91      0.13
      0.04      0.05     -0.83
      0.04     -0.91      0.13
      0.04      0.05      0.13
      0.04      0.05      0.13
      0.04      0.05     -0.83
      0.04      0.05      0.13
      0.04      0.05      0.13
      0.04      0.05      0.13
      0.04      0.05      0.13
      0.04      0.05      0.13
      0.04      0.05      0.13
      0.04      0.05      0.13
      0.04      0.05      0.13
      0.04     -0.91      0.13
      0.04      0.05      0.13
      0.04      0.05      0.13
      0.04     -0.91      0.13
      0.04      0.05      0.13
      0.04      0.05      0.13
      0.04      0.05      0.13
      0.04      0.05      0.13
      0.04      0.05      0.13
      0.04      0.05      0.13
      0.04      0.05      0.13
      0.04      0.05     -0.83
      0.04      0.05     -0.83
      0.04      0.05      0.13
      0.04      0.05     -0.83
      0.04      0.05      0.13
      0.04      0.05      0.13
      0.04      0.05      0.13
      0.04      0.05      0.13
      0.04      0.05      0.13
      0.04      0.05      0.13
      0.04      0.05      0.13
      0.04     -0.91      0.13
      0.04      0.05      0.13
      0.04      0.05      0.13
      0.04      0.05     -0.83
      0.04      0.05      0.13
      0.04      0.05      0.13
      0.04      0.05      0.13
      0.04      0.05      0.13
      0.04      0.05      0.13
      0.04      0.05      0.13
      0.04      0.05      0.13
      0.04      0.05      0.13
      0.04      0.05      0.13
      0.04      0.05     -0.83
      0.04      0.05      0.13
      0.04      0.05      0.13
     -0.92      0.05      0.13
      0.04     -0.91     -0.83
      0.04      0.05     -0.83
      0.04      0.05      0.13
      0.04      0.05      0.13
      0.04      0.05     -0.83
      0.04      0.05     -0.83
      0.04      0.05      0.13
      0.04      0.05      0.13
      0.04      0.05      0.13
      0.04      0.05      0.13
      0.04      0.05      0.13
      0.04      0.05      0.13
      0.04      0.05      0.13
      0.04      0.05     -0.83
      0.04     -0.91     -0.83
      0.04      0.05     -0.83
      0.04      0.05      0.13
      0.04      0.05      0.13
      0.04      0.05      0.13
      0.04      0.05      0.13
      0.04      0.05      0.13
     -0.92      0.05      0.13
      0.04      0.05      0.13
      0.04      0.05      0.13
      0.04      0.05      0.13
      0.04      0.05      0.13
      0.04      0.05      0.13
      0.04      0.05      0.13
      0.04      0.05      0.13
      0.04      0.05      0.13
      0.04      0.05      0.13
     -0.92      0.05      0.13
      0.04      0.05      0.13
      0.04      0.05      0.13
      0.04      0.05      0.13
      0.04     -0.91      0.13
      0.04      0.05      0.13
      0.04      0.05      0.13
      0.04      0.05      0.13
      0.04      0.05      0.13
      0.04      0.05      0.13
      0.04      0.05     -0.83
      0.04      0.05      0.13
      0.04      0.05      0.13
      0.04      0.05      0.13
      0.04      0.05     -0.83
      0.04      0.05      0.13
      0.04      0.05      0.13
      0.04      0.05      0.13
      0.04     -0.91     -0.83
      0.04      0.05      0.13
      0.04      0.05      0.13
     -0.92      0.05      0.13
      0.04      0.05      0.13
      0.04      0.05      0.13
      0.04      0.05     -0.83
      0.04      0.05      0.13
      0.04      0.05      0.13
      0.04      0.05      0.13
      0.04      0.05      0.13
      0.04      0.05      0.13
     -0.92      0.05      0.13
      0.04      0.05      0.13
      0.04      0.05      0.13
      0.04      0.05      0.13
      0.04      0.05      0.13
     -0.92      0.05      0.13
      0.04      0.05      0.13
      0.04      0.05      0.13
      0.04      0.05      0.13
      0.04      0.05      0.13
      0.04      0.05     -0.83
      0.04      0.05      0.13
      0.04      0.05      0.13
      0.04      0.05      0.13
      0.04      0.05      0.13
      0.04      0.05      0.13
      0.04      0.05      0.13
      0.04      0.05      0.13
      0.04      0.05      0.13
      0.04      0.05      0.13
      0.04      0.05      0.13
      0.04      0.05      0.13
      0.04      0.05      0.13
      0.04      0.05      0.13
      0.04      0.05      0.13
      0.04      0.05      0.13
      0.04      0.05      0.13
      0.04      0.05      0.13
      0.04      0.05      0.13
      0.04      0.05      0.13
     -0.92      0.05      0.13
      0.04      0.05      0.13
      0.04      0.05      0.13
      0.04      0.05      0.13
      0.04      0.05      0.13
      0.04      0.05      0.13
      0.04      0.05      0.13
      0.04      0.05      0.13
      0.04      0.05      0.13
      0.04      0.05      0.13
     -0.92      0.05      0.13
      0.04      0.05      0.13
      0.04      0.05      0.13
      0.04      0.05      0.13
      0.04      0.05      0.13
      0.04      0.05      0.13
      0.04      0.05      0.13
      0.04      0.05      0.13
      0.04      0.05      0.13
      0.04      0.05      0.13
      0.04      0.05      0.13
      0.04      0.05      0.13
      0.04      0.05      0.13
      0.04      0.05      0.13
      0.04      0.05      0.13
      0.04      0.05      0.13
     -0.92      0.05      0.13
      0.04      0.05      0.13
      0.04      0.05     -0.83
      0.04      0.05     -0.83
      0.04      0.05     -0.83
      0.04      0.05      0.13
      0.04      0.05      0.13
      0.04      0.05      0.13
     -0.92      0.05      0.13
     -2.83      0.05      0.13
     -0.92     -0.91     -1.78
      3.87     -0.91     -2.74
      4.83      1.96      0.13
     -1.87      1.96      4.92
     -3.79     -1.86      0.13
     -0.92     -1.86     -3.70
     -0.92      1.01      0.13
      0.04      0.05      0.13
      3.87      0.05     -2.74
      0.04      1.96      0.13
     -2.83      0.05      2.04
     -3.79     -1.86     -1.78
      0.04      0.05     -2.74
      2.91      1.96      2.04
      1.95     -0.91      1.09
     -1.87      0.05     -3.70
     -2.83     -0.91     -0.83
      0.04      1.01      1.09
      0.04      1.01     -0.83
      1.00      1.01      1.09
     -0.92     -1.86      2.04
     -0.92     -0.91     -2.74
      0.04      1.01     -3.70
      0.04      1.01      3.00
     -0.92      0.05      2.04
     -0.92      0.05     -0.83
      0.04     -1.86     -0.83
      1.00      0.05     -1.78
      0.04      1.96      0.13
     -2.83      1.01      2.04
      0.04     -0.91     -3.70
      0.04      0.05     -1.78
      0.04     -1.86      1.09
      0.04     -0.91      0.13
      0.04      1.01     -0.83
     -1.87      1.96      0.13
      0.04     -0.91      0.13
     -0.92      1.01     -0.83
     -1.87      0.05      1.09
      0.04     -0.91     -0.83
      1.00      1.01     -2.74
      1.00      1.01      0.13
     -0.92     -1.86      3.96
     -2.83      0.05     -0.83
      0.04      0.05     -3.70
      1.95      0.05      1.09
     -2.83      1.96      3.96
     -2.83      0.05     -2.74
      2.91     -2.82     -3.70
      1.00      2.92      0.13
     -1.87      2.92      3.96
     -0.92     -3.78     -1.78
     -1.87     -1.86     -1.78
     -1.87      2.92      0.13
      0.04      1.01      3.00
      2.91     -3.78     -1.78
      0.04      2.92     -1.78
     -1.87      2.92      3.96
     -0.92     -2.82     -1.78
     -1.87     -0.91     -2.74
      1.00      1.01      1.09
      1.95      1.96      2.04
     -0.92      0.05     -1.78
     -1.87      0.05     -4.66
      0.04      0.05      1.09
      1.00      0.05      0.13
     -3.79      1.01      3.96
     -1.87     -0.91     -3.70
      1.95     -0.91     -0.83
      1.00      0.05      0.13
     -2.83      3.88      0.13
      0.04      1.01      0.13
      0.04     -1.86     -1.78
     -0.92     -0.91      1.09
      0.04     -1.86     -0.83
      0.04      1.01     -1.78
     -0.92      1.01      0.13
     -1.87      1.96      1.09
      0.04     -2.82     -1.78
      1.95     -1.86     -3.70
      0.04      1.96      3.00
     -1.87      1.96      3.00
     -5.70      0.05     -0.83
      0.04     -3.78     -7.53
      3.87      1.96      3.00
     -1.87      3.88      4.92
     -2.83     -1.86     -2.74
     -1.87     -2.82     -2.74
      1.00      1.01      0.13
      1.95      1.01      1.09
     -1.87      1.01      1.09
     -1.87      0.05     -3.70
      1.00     -1.86      0.13
      3.87      0.05      0.13
     -1.87      3.88      2.04
     -4.75      0.05      2.04
     -2.83     -2.82     -1.78
      1.00     -0.91     -5.61
      3.87     -0.91     -0.83
     -2.83      3.88      6.83
     -0.92     -1.86     -3.70
      1.00      1.01     -4.66
      0.04     -0.91      4.92
     -1.87      0.05      2.04
      0.04      1.01     -3.70
      1.00      0.05      0.13
     -2.83      0.05      2.04
     -3.79     -2.82     -4.66
      1.95     -0.91     -2.74
      2.91      3.88      3.96
      0.04     -0.91      1.09
     -0.92     -0.91     -1.78
     -1.87      0.05      2.04
      1.00      1.01     -0.83
      0.04      1.96      1.09
      0.04     -0.91     -0.83
      0.04     -1.86      0.13
     -0.92     -3.78      1.09
     -1.87     -1.86     -1.78
     -0.92      1.96      4.92
      1.95     -1.86      5.87
      1.00     -3.78      2.04
     -0.92     -1.86     -2.74
      1.95      3.88     -9.44
      3.87     14.41    -17.10
     -2.83     15.36    -17.10
     -8.57     -0.91      3.96
     -7.62    -10.48     21.18
      1.95    -12.39     21.18
     11.52     -3.78     11.61
     -4.75     17.28     -9.44
     -8.57     -3.78     -6.57
      9.61     -3.78     -1.78
      0.04     16.32    -16.14
    -15.27     -2.82    -16.14
      7.70    -12.39      7.79
     24.92     -6.65     21.18
     -8.57     -4.74      8.74
    -28.67    -11.43    -14.23
      2.91    -14.31    -15.18
     15.35      6.75      0.13
     -1.87     18.23      2.04
     -6.66      3.88      0.13
      0.04     -2.82      0.13
     -6.66      4.84      7.79
     -3.79     -7.61     -2.74
      1.95     -4.74    -10.40
      1.00      1.01      2.04
     -2.83      2.92      8.74
     -1.87      1.96     -0.83
      1.95      1.96     -8.48
      6.74      0.05      2.04
      3.87     -2.82      3.96
     -0.92     -5.69      0.13
     -5.70     -6.65     -1.78
     -7.62     -0.91     -6.57
     -2.83      3.88     -7.53
      0.04      5.79     -1.78
      1.00      1.01      5.87
      2.91      1.01      6.83
      1.00      1.01      3.96
      1.95     -1.86      4.92
      1.95      0.05      3.00
     -3.79      1.96     -5.61
     -5.70      1.96     -8.48
      1.00      4.84     -3.70
      3.87      6.75      3.00
      0.04      2.92      2.04
     -3.79     -6.65     -2.74
     -3.79     -8.56     -0.83
     -3.79     -5.69      2.04
      0.04     -0.91     -1.78
      1.95      1.96      0.13
      1.95      3.88      3.00
      1.95      3.88      0.13
      1.00      1.96      1.09
      0.04      1.96      1.09
     -1.87     -2.82     -3.70
     -5.70     -5.69     -4.66
     -3.79     -5.69     -4.66
      1.95     -2.82      0.13
      2.91      1.96      3.96
     -1.87      4.84      2.04
     -0.92      1.01     -0.83
      1.95     -0.91      0.13
      0.04      2.92      0.13
     -3.79      2.92     -3.70
      0.04     -0.91     -5.61
      2.91     -0.91     -1.78
      1.95      0.05      3.00
     -1.87      0.05      4.92
     -1.87     -1.86      2.04
      0.04     -1.86      0.13
      0.04      1.01      0.13
     -0.92      1.01      0.13
     -1.87      1.01     -0.83
      0.04     -2.82     -1.78
      0.04     -2.82      0.13
     -0.92      1.01     -1.78
      0.04      1.01     -1.78
      1.00      0.05      0.13
      0.04      1.01      0.13
     -2.83      3.88     -0.83
     -1.87      1.96     -3.70
      1.00      0.05      2.04
      1.95     -0.91      6.83
      0.04      0.05      3.00
     -1.87     -1.86     -1.78
      0.04      0.05     -2.74
      0.04      1.01     -0.83
     -1.87      1.01     -1.78
     -0.92     -1.86     -1.78
      1.00     -1.86      0.13
      0.04      0.05      0.13
     -0.92     -0.91     -1.78
      0.04     -1.86     -1.78
      0.04      0.05      0.13
     -0.92      1.01      2.04
      0.04      0.05      0.13
      1.00     -0.91     -0.83
      0.04      1.96      1.09
     -0.92      1.96      0.13
      1.00     -1.86     -0.83
      0.04      1.01      0.13
     -1.87      1.01      0.13
     -0.92     -0.91     -0.83
     -0.92     -1.86     -0.83
     -0.92     -0.91     -0.83
      0.04      1.01      0.13
      0.04      1.01      0.13
      0.04      0.05      0.13
      1.00      0.05     -0.83
      0.04      0.05      0.13
     -0.92     -0.91      1.09
      1.00      1.01      0.13
      0.04      2.92     -0.83
     -1.87      0.05     -1.78
      0.04     -1.86     -0.83
      0.04     -0.91      0.13
     -0.92      0.05      0.13
     -0.92      0.05      0.13
      0.04     -0.91      0.13
      0.04     -0.91     -0.83
      0.04      1.01      0.13
      0.04      2.92      0.13
      0.04      2.92     -0.83
      0.04      0.05     -0.83
      1.00     -0.91      0.13
     -0.92      0.05      1.09
     -0.92     -0.91      0.13
      0.04     -1.86      0.13
     -0.92     -1.86     -1.78
     -0.92      0.05     -1.78
      0.04      1.01     -0.83
      0.04      1.01     -0.83
     -1.87      1.01      0.13
     -1.87      0.05     -0.83
      0.04     -0.91     -1.78
      0.04      1.01      1.09
      0.04      1.96      1.09
      0.04      0.05     -0.83
      0.04      0.05     -0.83
     -0.92      1.01      0.13
     -0.92      0.05     -0.83
      0.04     -0.91     -0.83
      1.00      0.05     -0.83
      0.04      1.01      0.13
      0.04      0.05     -0.83
      0.04     -0.91     -0.83
      0.04      1.96      1.09
      0.04      1.01      0.13
     -0.92      0.05      0.13
     -0.92     -0.91      0.13
      0.04      0.05      0.13
     -0.92     -0.91      0.13
     -0.92     -0.91     -0.83
      0.04     -0.91     -1.78
      1.00      1.01     -0.83
      0.04      1.01      0.13
     -0.92      0.05      0.13
     -0.92      0.05      0.13
      0.04      0.05      0.13
      0.04      0.05      0.13
      0.04      0.05      0.13
     -0.92      0.05      0.13
     -0.92      0.05      0.13
      0.04      0.05      0.13
     -0.92      0.05      0.13
      0.04      1.01     -1.78
     -0.92      1.01     -0.83
     -0.92     -1.86     -0.83
     -1.87      0.05     -1.78
      1.00      0.05     -1.78
      0.04      0.05      0.13
      0.04      0.05      2.04
      0.04      0.05      0.13
      0.04      0.05     -1.78
      0.04      0.05      0.13
      0.04      1.01      0.13
     -0.92      1.96      0.13
      0.04     -0.91     -0.83
      0.04     -0.91      0.13
      0.04      0.05      0.13
      0.04      0.05      0.13
      0.04     -0.91      0.13
     -0.92      0.05      0.13
     -0.92      0.05     -1.78
      0.04      0.05      0.13
      0.04      1.01      2.04
      0.04      0.05      0.13
      0.04     -0.91     -0.83
      0.04     -0.91     -0.83
     -0.92      0.05      0.13
     -0.92      0.05     -0.83
     -0.92      0.05     -0.83
      0.04      0.05     -0.83
      0.04      0.05      0.13
      0.04      0.05      0.13
      0.04     -0.91      0.13
      0.04     -0.91     -0.83
      0.04      0.05     -0.83
      0.04      0.05      1.09
     -0.92      1.01      0.13
      0.04      0.05     -0.83
      0.04      1.01     -0.83
      0.04      1.01      0.13
      0.04      0.05     -0.83
     -0.92     -1.86     -0.83
      0.04      0.05      0.13
      0.04      1.01     -0.83
     -0.92      0.05      0.13
      0.04      0.05     -0.83
      0.04      0.05     -0.83
      0.04      0.05      0.13
      0.04      1.01      0.13
     -0.92      0.05     -0.83
     -0.92      0.05      0.13
      0.04     -0.91      0.13
     -0.92      0.05     -0.83
      0.04      1.01      0.13
      1.00      1.01      0.13
     -0.92      0.05      0.13
     -1.87      0.05     -0.83
      1.00     -0.91     -0.83
      0.04      0.05      0.13
     -0.92     -0.91      0.13
      0.04     -0.91     -1.78
      0.04      1.01      0.13
     -0.92      0.05      0.13
      0.04     -0.91     -0.83
      0.04      0.05      0.13
      0.04      1.01      0.13
      0.04      1.01     -0.83
      0.04      0.05     -0.83
      0.04     -0.91      0.13
      0.04      0.05      0.13
      0.04      0.05     -0.83
      0.04     -0.91     -0.83
      0.04      0.05      1.09
      0.04      0.05      0.13
      0.04      0.05     -0.83
      0.04      0.05     -0.83
     -0.92      0.05      0.13
      0.04      0.05     -0.83
      0.04      0.05     -0.83
     -0.92      0.05      0.13
      0.04      0.05      0.13
      0.04      0.05     -0.83
      0.04      0.05      0.13
     -0.92      0.05      0.13
      0.04     -0.91     -0.83
      0.04      0.05      0.13
      0.04      1.01      0.13
      0.04      1.01      0.13
      0.04      0.05     -0.83
      0.04      0.05      0.13
      0.04      0.05      0.13
      0.04      0.05     -0.83
      0.04      0.05     -0.83
      0.04     -0.91      0.13
      0.04     -0.91     -0.83
      0.04      0.05     -0.83
      0.04      0.05     -0.83
      0.04      0.05      0.13
      0.04      0.05     -0.83
      1.00      0.05      0.13
      0.04      1.01      0.13
      0.04      1.01      0.13
     -0.92      1.01      0.13
      0.04      0.05     -0.83
      0.04      0.05     -0.83
      0.04      0.05     -0.83
      0.04     -0.91      0.13
      0.04      0.05      0.13
      0.04      0.05      0.13
     -0.92      0.05      0.13
      0.04      1.01      0.13
      0.04      0.05     -0.83
      0.04      0.05     -0.83
     -0.92      0.05      0.13
     -0.92     -0.91     -0.83
      0.04     -0.91     -0.83
      0.04      0.05      0.13
      0.04      0.05      0.13
      0.04      0.05     -0.83
      0.04      0.05      0.13
      0.04      0.05      0.13
      0.04      1.01      0.13
      0.04     -0.91     -0.83
      0.04     -0.91      0.13
      0.04      0.05     -0.83
      0.04      1.01     -0.83
      0.04      0.05     -0.83
     -0.92      0.05     -0.83
      0.04      0.05     -0.83
      0.04      1.01      0.13
      0.04      0.05     -0.83
     -0.92      0.05      0.13
     -1.87      0.05      0.13
      0.04      0.05     -0.83
      0.04      0.05      0.13
      0.04      0.05      0.13
      0.04      0.05      0.13
      0.04      0.05      0.13
      0.04      1.01      0.13
      0.04      0.05     -0.83
      0.04     -0.91     -0.83
      0.04      0.05      0.13
      0.04      0.05      0.13
      0.04      0.05      0.13
      0.04     -0.91     -0.83
     -0.92      1.01      0.13
      0.04      1.01      0.13
      0.04      0.05     -0.83
      0.04      0.05      0.13
     -0.92      0.05      0.13
      0.04      0.05      0.13
      0.04      0.05      0.13
     -0.92      0.05     -0.83
     -0.92      0.05     -0.83
      0.04      0.05     -0.83
      0.04      0.05      0.13
     -0.92      0.05      0.13
      0.04     -0.91      0.13
      0.04      0.05      0.13
      0.04      0.05      0.13
      0.04      0.05      0.13
      0.04     -0.91     -0.83
     -0.92      1.01      0.13
      0.04      0.05     -0.83
      0.04      0.05      0.13
     -0.92      0.05      0.13
      0.04      0.05      0.13
      0.04      0.05      0.13
     -0.92      0.05      0.13
     -0.92     -0.91      0.13
      0.04      0.05      0.13
      0.04      0.05     -0.83
      0.04      0.05      0.13
     -0.92      0.05      0.13
      0.04     -0.91      0.13
      0.04      0.05      0.13
      0.04      1.01      0.13
      0.04      1.01      0.13
      0.04      0.05      0.13
      0.04      0.05      0.13
      0.04      0.05     -0.83
      0.04     -0.91     -0.83
      0.04      0.05      0.13
     -0.92      0.05      0.13
      0.04      0.05     -0.83
      0.04      0.05     -0.83
      0.04      0.05      0.13
      0.04      0.05      0.13
      0.04      0.05      0.13
      0.04      0.05      0.13
      0.04     -0.91      0.13
      0.04     -0.91      0.13
      0.04      0.05      0.13
      0.04      1.01      0.13
      0.04      1.01     -0.83
     -0.92      0.05     -0.83
      0.04      0.05      0.13
      0.04      0.05      0.13
     -0.92      0.05      0.13
     -0.92      0.05     -0.83
      0.04     -0.91     -0.83
      0.04      0.05     -0.83
      0.04      1.01      0.13
      0.04      0.05      0.13
     -0.92      0.05      0.13
      0.04     -0.91     -0.83
      0.04      0.05      0.13
      0.04      1.01     -0.83
      0.04      0.05     -0.83
      0.04      0.05     -0.83
      0.04      1.01      0.13
     -0.92      0.05      0.13
      0.04     -0.91     -0.83
      0.04      0.05     -1.78
     -0.92      0.05      0.13
      0.04      0.05      0.13
      0.04      0.05     -0.83
      0.04      0.05      0.13
      0.04      0.05      0.13
      0.04      0.05      0.13
      0.04      0.05     -0.83
      0.04      1.01      0.13
      0.04      0.05      0.13
     -0.92      0.05     -0.83
      0.04      1.01      0.13
      0.04      0.05      0.13
      0.04      0.05     -0.83
     -0.92      0.05     -0.83
      0.04      0.05      0.13
      0.04      0.05     -0.83
      0.04      1.01     -0.83
      0.04      0.05      0.13
      0.04     -0.91     -0.83
      0.04     -0.91     -0.83
      0.04      0.05      0.13
      0.04      0.05      0.13
      0.04      0.05      0.13
     -0.92      0.05      0.13
      0.04     -0.91      0.13
      0.04      0.05     -0.83
      0.04      0.05     -0.83
      0.04      0.05      0.13
      0.04      0.05      0.13
      0.04      0.05     -0.83
     -0.92      1.01      0.13
      0.04      0.05      0.13
      0.04      0.05      0.13
      0.04      0.05     -0.83
      0.04      0.05     -0.83
      0.04      0.05     -0.83
      0.04      0.05     -0.83
      0.04      0.05      0.13
      0.04     -0.91      0.13
      0.04      0.05     -0.83
      0.04      1.01     -0.83
      0.04      0.05      0.13
      0.04      0.05      0.13
      0.04      0.05      0.13
      0.04      0.05      0.13
      0.04      0.05      0.13
     -0.92      0.05      0.13
      0.04      0.05     -0.83
      0.04      0.05      0.13
      0.04      0.05      0.13
      0.04      0.05      0.13
      0.04      0.05      0.13
      0.04      0.05      0.13
      0.04      0.05      0.13
      0.04      0.05     -0.83
      0.04      0.05     -0.83
      0.04      0.05      0.13
      0.04      0.05     -0.83
      0.04      0.05     -0.83
      0.04      0.05      0.13
      0.04      0.05      0.13
      0.04      0.05      0.13
      0.04      0.05      0.13
      0.04      0.05      0.13
      0.04     -0.91     -0.83
     -0.92     -0.91     -1.78
      0.04     -0.91      0.13
      0.04      0.05     -0.83
      0.04      0.05     -1.78
      0.04      0.05      0.13
      0.04      1.01      0.13
     -0.92      1.01      0.13
      0.04      0.05      0.13
      0.04      0.05      0.13
      0.04      0.05      0.13
      0.04     -0.91     -0.83
      0.04      0.05      0.13
      0.04      0.05      0.13
      0.04      0.05     -0.83
      0.04      0.05      0.13
      0.04      0.05      0.13
     -0.92      1.01      0.13
      0.04      0.05      0.13
      0.04      0.05      0.13
      0.04      0.05      0.13
      0.04      0.05      0.13
      0.04      0.05     -0.83
     -0.92      0.05     -0.83
      0.04      0.05      0.13
      0.04      0.05      0.13
      0.04      0.05      0.13
      0.04      0.05     -0.83
      0.04      0.05      0.13
     -0.92      0.05      0.13
      0.04      0.05     -0.83
      0.04      0.05      0.13
      0.04      0.05      0.13
      0.04      0.05      0.13
     -0.92      0.05     -0.83
      0.04      1.01      0.13
      0.04      0.05      0.13
      0.04      0.05      0.13
      0.04     -0.91     -0.83
      0.04      0.05     -0.83
      0.04      0.05     -0.83
      0.04      0.05      0.13
      0.04      0.05      0.13
     -0.92      0.05      0.13
      0.04      1.01      0.13
      0.04      0.05      0.13
      0.04     -0.91     -0.83
      0.04      0.05      0.13
      0.04      0.05      0.13
      0.04      0.05     -0.83
      0.04      0.05      0.13
     -0.92      0.05      0.13
      0.04      0.05      0.13
      0.04      0.05      0.13
      0.04     -0.91      0.13
      0.04      0.05      0.13
      0.04      0.05      0.13
     -0.92      0.05     -0.83
      0.04      0.05      0.13
      0.04      0.05      0.13
      0.04     -0.91      0.13
      0.04      0.05     -0.83
      0.04      0.05     -0.83
      0.04      0.05      0.13
      0.04      0.05      0.13
      0.04      0.05      0.13
      0.04      0.05      0.13
      0.04      0.05      0.13
      0.04      0.05      0.13
      0.04      0.05      0.13
     -0.92      0.05      0.13
      0.04      0.05     -0.83
      1.00      0.05     -0.83
      0.04      0.05      0.13
      0.04      0.05      0.13
      0.04      0.05     -0.83
      0.04      0.05      0.13
      0.04      0.05      0.13
      0.04      0.05     -0.83
      0.04      1.01      0.13
      0.04      0.05      0.13
      0.04      0.05      0.13
      0.04      0.05      0.13
      0.04      1.01      0.13
      0.04      0.05      0.13
     -0.92      0.05     -0.83
      0.04      0.05      0.13
      0.04      1.01      0.13
     -0.92      1.01      0.13
     -0.92      0.05      0.13
      0.04     -0.91     -0.83
      0.04      0.05      0.13
      0.04      1.01      0.13
      0.04      0.05     -0.83
      0.04      0.05      0.13
      0.04      0.05      0.13
     -0.92      0.05      0.13
      0.04      0.05      0.13
      0.04      0.05     -0.83
      0.04      0.05      0.13
     -0.92      1.01      0.13
      0.04      0.05     -0.83
      0.04     -0.91      0.13
      0.04      1.01      0.13
      0.04      0.05     -0.83
      0.04     -0.91     -0.83
      0.04      0.05      0.13
      0.04      0.05      0.13
     -0.92      1.01     -0.83
      0.04      0.05     -0.83
      0.04      0.05      0.13
      0.04      0.05      0.13
      0.04      0.05     -0.83
      0.04      0.05      0.13
      0.04      0.05      0.13
      0.04      0.05      0.13
      0.04      0.05     -0.83
      0.04      0.05     -0.83
      0.04      0.05      0.13
      0.04      0.05     -0.83
      0.04      0.05      0.13
      0.04      0.05      0.13
      0.04      0.05      0.13
     -0.92      0.05     -0.83
      0.04      0.05     -0.83
      0.04      0.05      0.13
      0.04      0.05      0.13
      0.04      0.05      0.13
      0.04      0.05     -0.83
      0.04      0.05     -0.83
      0.04      0.05      0.13
     -0.92      1.01     -0.83
      0.04      0.05     -0.83
      0.04      0.05      0.13
      0.04      0.05      0.13
      0.04      0.05      0.13
      0.04     -0.91      0.13
      0.04      0.05      0.13
     -0.92      0.05     -0.83
      0.04      0.05     -0.83
      0.04      0.05      0.13
      0.04      0.05      0.13
      0.04      0.05      0.13
      0.04      0.05     -0.83
      0.04      0.05     -0.83
      0.04      0.05      0.13
      0.04      0.05      0.13
      0.04      0.05      0.13
      0.04      0.05     -0.83
      0.04      0.05      0.13
      0.04      0.05      0.13
      0.04      0.05      0.13
      0.04      0.05      0.13
      0.04      0.05      0.13
      0.04      0.05      0.13
      0.04      0.05      0.13
      0.04      1.01      0.13
      0.04      0.05     -0.83
      0.04      0.05      0.13
      0.04      0.05      0.13
      0.04     -0.91      0.13
     -0.92     -0.91      0.13
      0.04      0.05      0.13
      0.04      0.05     -0.83
      0.04      0.05      0.13
      0.04      0.05      0.13
      0.04      0.05      0.13
      0.04      0.05      0.13
      0.04      0.05     -0.83
      0.04      0.05      0.13
      0.04      0.05      0.13
      0.04      0.05     -0.83
      0.04      0.05     -0.83
      0.04      0.05      0.13
      0.04      0.05      0.13
     -0.92      1.01      0.13
      0.04      0.05      0.13
      0.04      0.05      0.13
      0.04      0.05      0.13
      0.04      0.05      0.13
      0.04      0.05      0.13
      0.04      0.05     -0.83
      0.04     -0.91      0.13
      0.04     -0.91      0.13
      0.04     -0.91      0.13
      0.04      0.05     -0.83
      0.04      0.05     -0.83
      0.04      0.05      0.13
      0.04      1.01      0.13
     -0.92      1.01      0.13
      0.04      0.05     -0.83
      0.04      0.05     -0.83
      0.04      0.05     -0.83
      0.04      0.05     -0.83
      0.04      0.05      0.13
      0.04      0.05     -0.83
     -0.92      0.05      0.13
      0.04      0.05      0.13
      0.04      0.05      0.13
      0.04      0.05      0.13
      0.04      0.05      0.13
     -0.92      0.05      0.13
      0.04      0.05     -0.83
      0.04      0.05      0.13
      0.04      0.05      0.13
      0.04      0.05      0.13
     -0.92      0.05     -0.83
      0.04      0.05      0.13
      0.04      0.05     -0.83
      0.04      0.05      0.13
      0.04      0.05      0.13
      0.04      0.05     -0.83
      0.04      0.05      0.13
      0.04      0.05      0.13
      0.04      0.05      0.13
     -0.92      0.05      0.13
      0.04      0.05      0.13
      0.04      0.05      0.13
      0.04      0.05     -0.83
      0.04      1.01      0.13
      0.04      0.05      0.13
     -0.92     -0.91      0.13
      0.04      0.05      0.13
      0.04      0.05      0.13
      0.04      0.05      0.13
      0.04      0.05      0.13
      0.04      0.05      0.13
      0.04     -0.91      0.13
      0.04      0.05      0.13
      0.04      0.05      0.13
      0.04      1.01      0.13
     -0.92      0.05      0.13
      0.04      0.05     -0.83
      0.04      0.05      0.13
      0.04      0.05      0.13
      0.04      0.05      0.13
      0.04      0.05     -0.83
      0.04      0.05      0.13
      0.04      0.05      0.13
      0.04      0.05      0.13
      0.04      0.05      0.13
      0.04      0.05      0.13
     -1.87      0.05      0.13
      0.04      0.05     -0.83
      0.04      0.05      0.13
      0.04      0.05      0.13
      0.04      1.01      0.13
      0.04      0.05      0.13
      0.04      0.05      0.13
      0.04      0.05     -0.83
      0.04      0.05     -0.83
      0.04      0.05      0.13
      0.04      0.05      0.13
      0.04      0.05     -0.83
      0.04      0.05      0.13
      0.04      0.05      0.13
      0.04      0.05      0.13
      0.04      0.05      0.13
     -0.92      0.05     -1.78
      0.04      0.05     -0.83
     -0.92      1.01      0.13
      0.04      0.05     -0.83
      0.04     -0.91     -0.83
      0.04      0.05      0.13
      0.04      0.05      0.13
      0.04      0.05      0.13
      0.04      0.05      0.13
      0.04      0.05     -0.83
      0.04      0.05      0.13
      0.04      0.05      0.13
      0.04      0.05      0.13
      0.04      0.05     -0.83
      0.04      0.05      0.13
      0.04      0.05     -0.83
      0.04      0.05     -0.83
      0.04      0.05      0.13
      0.04      0.05     -0.83
      0.04      0.05      0.13
      0.04      0.05      0.13
      0.04      0.05     -0.83
      0.04      0.05      0.13
      0.04      0.05      0.13
      0.04      0.05      0.13
      0.04      0.05     -0.83
      0.04      0.05      0.13
      0.04     -0.91      0.13
      0.04      0.05      0.13
     -0.92      0.05     -0.83
      0.04      0.05     -0.83
      0.04      0.05      0.13
      0.04      0.05      0.13
      0.04      0.05      0.13
      0.04      0.05      0.13
      0.04      0.05      0.13
      0.04      0.05      0.13
      0.04      0.05     -0.83
      0.04      0.05     -0.83
      0.04      0.05      0.13
      0.04      0.05      0.13
      0.04      0.05      0.13
      0.04      0.05      0.13
      0.04      0.05      0.13
      0.04      0.05     -0.83
      0.04      0.05     -0.83
      0.04     -0.91      0.13
     -0.92      0.05      0.13
      0.04      0.05     -0.83
      0.04      1.01     -0.83
      0.04      1.01      0.13
     -0.92      0.05      0.13
      0.04      0.05      0.13
      0.04      0.05      0.13
      0.04      0.05      0.13
      0.04      0.05      0.13
     -0.92      0.05      0.13
      0.04     -0.91     -0.83
      0.04      0.05      0.13
      0.04      0.05      0.13
      0.04      1.01      0.13
      0.04      0.05     -0.83
     -0.92     -0.91      0.13
      0.04      0.05      0.13
      0.04      1.01     -0.83
      0.04      0.05      0.13
      0.04      0.05      0.13
      0.04      0.05      0.13
      0.04      0.05      0.13
      0.04      0.05     -0.83
      0.04      0.05     -0.83
      0.04      1.01      0.13
      0.04      0.05      0.13
      0.04     -0.91      0.13
      0.04      0.05     -0.83
      0.04      1.01      0.13
      0.04      0.05      0.13
      0.04      0.05     -0.83
      0.04      0.05      0.13
      0.04      0.05     -0.83
      0.04      0.05      0.13
      0.04      0.05      0.13
     -0.92      0.05      0.13
      0.04      0.05     -0.83
      0.04      0.05     -0.83
      0.04      0.05      0.13
     -0.92      0.05      0.13
      0.04      0.05      0.13
      0.04      0.05      0.13
      0.04      0.05      0.13
      0.04      0.05      0.13
      0.04      0.05     -0.83
      1.00      0.05     -0.83
      0.04      0.05      0.13
      0.04      1.01      0.13
      0.04      0.05     -0.83
     -0.92      0.05      0.13
      0.04      0.05      0.13
     -0.92      0.05      0.13
      0.04      0.05      0.13
      0.04     -0.91      0.13
      0.04      0.05      0.13
      0.04      0.05      0.13
      0.04      0.05      0.13
      0.04      0.05      0.13
      0.04      0.05      0.13
      0.04      0.05     -0.83
      0.04      0.05      0.13
      0.04      0.05      0.13
      0.04      0.05     -0.83
     -0.92      0.05     -0.83
      0.04      0.05     -0.83
      0.04      0.05      0.13
      0.04      0.05      0.13
     -0.92      0.05     -0.83
      0.04      0.05      0.13
     -0.92      0.05      0.13
      0.04      0.05      0.13
      0.04      0.05     -0.83
      0.04      1.01      0.13
      0.04      0.05      0.13
      0.04      0.05     -0.83
      0.04      0.05     -0.83
      0.04      0.05      0.13
      0.04      0.05      0.13
      0.04      0.05      0.13
      0.04      0.05      0.13
      0.04      0.05      0.13
      0.04      0.05      0.13
     -0.92      0.05      0.13
     -0.92      0.05      0.13
      0.04      0.05     -0.83
      0.04      0.05      0.13
      0.04      0.05     -0.83
      0.04      0.05      0.13
      0.04      0.05      0.13
      0.04      0.05      0.13
     -0.92      0.05      0.13
      0.04      0.05      0.13
      0.04      0.05      0.13
      0.04      0.05      0.13
      0.04      0.05      0.13
      0.04      0.05      0.13
      0.04      0.05      0.13
      0.04      0.05     -0.83
      0.04      0.05      0.13
      0.04      0.05      0.13
      0.04      0.05      0.13
      0.04      0.05      0.13
      0.04     -0.91      0.13
      0.04      0.05      0.13
      0.04      0.05      0.13
      0.04      0.05      0.13
      0.04      0.05      0.13
      0.04      0.05      0.13
      0.04      0.05      0.13
     -0.92      0.05      0.13
      0.04      0.05      0.13
      0.04      0.05     -0.83
      0.04      1.01      0.13
      0.04      1.01      0.13
      0.04      0.05      0.13
      0.04      0.05      0.13
      0.04      0.05      0.13
      0.04     -0.91     -0.83
      0.04      0.05      0.13
      0.04      0.05      0.13
      0.04      0.05      0.13
      0.04      0.05      0.13
      0.04      0.05      0.13
      0.04      0.05     -0.83
      0.04      0.05      0.13
      0.04      0.05      0.13
      0.04      0.05      0.13
      0.04      0.05      0.13
      0.04      0.05      0.13
      0.04      0.05      0.13
      0.04      1.01      0.13
      0.04      0.05      0.13
      0.04      0.05      0.13
      0.04      0.05      0.13
      0.04      0.05      0.13
      0.04     -0.91      0.13
      0.04      0.05      0.13
      0.04      0.05      0.13
     -0.92      0.05     -0.83
      0.04      0.05     -0.83
      0.04      0.05      0.13
      0.04      0.05     -0.83
      0.04      0.05      0.13
      0.04      0.05      0.13
      0.04      0.05      0.13
      0.04      0.05     -0.83
      0.04      0.05      0.13
      0.04      0.05      0.13
      0.04      0.05      0.13
      0.04      0.05     -0.83
      0.04      0.05      0.13
      0.04      0.05      0.13
     -0.92      0.05      0.13
      0.04      0.05     -0.83
      0.04      0.05     -0.83
      0.04      0.05      0.13
      0.04     -0.91      0.13
      0.04      0.05      0.13
      0.04      0.05      0.13
      0.04      0.05      0.13
      0.04      0.05      0.13
      0.04      0.05     -0.83
      0.04      0.05      0.13
      0.04      0.05      0.13
      0.04      0.05      0.13
      0.04      0.05      0.13
      0.04      0.05      0.13
     -0.92      0.05     -0.83
      0.04      0.05     -0.83
      0.04      0.05      0.13
      0.04      0.05      0.13
      0.04      0.05     -0.83
      0.04      0.05      0.13
      0.04      0.05      0.13
      0.04      0.05      0.13
      0.04      0.05      0.13
      0.04      0.05     -0.83
      0.04      0.05      0.13
      0.04      0.05      0.13
      0.04      0.05     -1.78
      0.04      0.05      0.13
      0.04      0.05      0.13
      0.04      0.05      0.13
      0.04      0.05      0.13
      0.04      0.05      0.13
      0.04      0.05      0.13
      0.04      0.05      0.13
      0.04      0.05      0.13
      0.04      0.05      0.13
      0.04      0.05      0.13
      0.04      0.05      0.13
      0.04      0.05      0.13
      0.04      0.05      0.13
      0.04      0.05     -0.83
     -0.92      0.05     -0.83
      0.04      0.05      0.13
     -0.92      0.05      0.13
      0.04      0.05      0.13
      0.04      0.05      0.13
      0.04      0.05      0.13
      0.04      0.05      0.13
      0.04      0.05     -0.83
      0.04      0.05      0.13
      0.04      0.05      0.13
      0.04      0.05      0.13
      0.04      0.05      0.13
      0.04      0.05      0.13
      0.04      0.05     -0.83
      0.04      0.05      0.13
      0.04      0.05      0.13
      0.04      0.05      0.13
      0.04      0.05      0.13
      0.04      0.05      0.13
      0.04      0.05     -0.83
      0.04      0.05      0.13
      0.04     -0.91      0.13
      0.04      0.05      0.13
      0.04      0.05      0.13
      0.04      0.05      0.13
      0.04      0.05     -0.83
      0.04     -0.91     -0.83
      0.04      0.05     -0.83
      0.04      0.05     -0.83
      0.04      0.05     -1.78
      0.04      0.05      0.13
      0.04      0.05     -0.83
      0.04      0.05      0.13
      0.04      0.05      0.13
      0.04      0.05      0.13
      0.04      0.05      0.13
      0.04      0.05      0.13
      0.04      0.05      0.13
      0.04      0.05      0.13
      0.04      0.05      0.13
      0.04      0.05      0.13
      0.04      0.05     -0.83
      0.04      0.05      0.13
      0.04      0.05      0.13
      0.04      0.05     -0.83
      0.04      0.05     -0.83
      0.04      0.05      0.13
      0.04      0.05      0.13
      0.04      0.05      0.13
      0.04      0.05      0.13
      0.04      0.05      0.13
      0.04      0.05     -0.83
      0.04      0.05      0.13
      0.04      0.05      0.13
      0.04      0.05      0.13
      0.04      0.05      0.13
      0.04      0.05      0.13
      0.04      0.05      0.13
      0.04      0.05      0.13
      0.04      0.05      0.13
      0.04      0.05      0.13
      0.04      0.05      0.13
      0.04      0.05     -0.83
      0.04      0.05      0.13
      0.04      0.05      0.13
      0.04      0.05      0.13
      0.04     -0.91      0.13
      0.04      0.05      0.13
      0.04      0.05      0.13
     -0.92      0.05      0.13
      0.04      0.05      0.13
      0.04      0.05      0.13
      0.04      0.05      0.13
      0.04      0.05      0.13
      0.04      0.05      0.13
      0.04      0.05      0.13
      0.04      0.05      0.13
      0.04      0.05      0.13
      0.04      0.05      0.13
      0.04      0.05      0.13
      0.04      0.05      0.13
      0.04      0.05      0.13
      0.04      0.05      0.13
      0.04      0.05      0.13
      0.04      0.05      0.13
      0.04      0.05      0.13
      0.04      0.05     -0.83
      0.04      0.05      0.13
      0.04      0.05      0.13
      0.04      0.05     -0.83
      0.04      0.05      0.13
      0.04      0.05      0.13
      0.04      0.05      0.13
      0.04      0.05      0.13
      0.04      0.05      0.13
      0.04      0.05      0.13
      0.04      0.05     -0.83
      0.04      0.05      0.13
      0.04      0.05      0.13
      0.04      0.05      0.13
      0.04      0.05     -0.83
      0.04      0.05      0.13
      0.04     -0.91      0.13
      0.04      0.05      0.13
      0.04     -0.91      0.13
      0.04      0.05      0.13
      0.04      0.05      0.13
      0.04      0.05      0.13
      0.04      0.05     -0.83
      0.04      0.05     -0.83
      0.04      0.05      0.13
      0.04      0.05      0.13
      0.04      0.05      0.13
     -0.92      0.05      0.13
      0.04      0.05      0.13
      0.04      0.05     -0.83
      0.04      0.05      0.13
      0.04      0.05     -0.83
      0.04      0.05      0.13
      0.04      0.05      0.13
      0.04      0.05      0.13
      0.04     -0.91      0.13
      0.04      0.05      0.13
      0.04      0.05      0.13
      0.04      0.05      0.13
      0.04      0.05      0.13
      0.04      0.05     -0.83
      0.04      0.05      0.13
     -0.92      0.05      0.13
      0.04      0.05     -0.83
      0.04      0.05      0.13
     -0.92      0.05      0.13
      0.04      0.05      0.13
      0.04      0.05      0.13
      0.04      0.05     -0.83
      0.04      0.05      0.13
      0.04      0.05      0.13
      0.04      0.05      0.13
      0.04      0.05      0.13
      0.04      0.05      0.13
      0.04      1.01      0.13
      0.04      0.05     -0.83
      0.04      0.05      0.13
      0.04      0.05      0.13
      0.04      0.05      0.13
      0.04      0.05      0.13
      0.04      0.05     -0.83
      0.04      0.05      0.13
      0.04      0.05      0.13
      0.04      0.05      0.13
      0.04      0.05      0.13
      0.04      0.05      0.13
      0.04      0.05      0.13
      0.04      0.05      0.13
      0.04     -0.91     -0.83
      0.04      0.05      0.13
      0.04      0.05      0.13
      0.04      0.05      0.13
      0.04      0.05      0.13
     -1.87      0.05      0.13
      0.04      0.05      0.13
      0.04      0.05      0.13
      0.04      0.05     -0.83
      0.04      0.05      0.13
      0.04      0.05      0.13
      0.04      0.05     -0.83
      0.04      0.05      0.13
      0.04      0.05      0.13
      0.04      0.05      0.13
      0.04     -0.91      0.13
      0.04      0.05      0.13
      0.04      0.05      0.13
      0.04      0.05      0.13
      0.04      0.05     -0.83
      0.04      0.05      0.13
      0.04      0.05     -0.83
      0.04      0.05      0.13
      0.04      0.05      0.13
      0.04      0.05      0.13
      0.04      0.05     -0.83
      0.04      0.05      0.13
      0.04      0.05      0.13
      0.04      0.05      0.13
      0.04     -0.91      0.13
      0.04     -0.91      0.13
      0.04     -0.91     -0.83
      0.04      0.05      0.13
      0.04      0.05      0.13
      0.04      0.05      0.13
      0.04      0.05      0.13
      0.04      0.05      0.13
      0.04      0.05      0.13
      0.04      0.05      0.13
     -0.92      0.05      0.13
      0.04      0.05     -0.83
      0.04      0.05      0.13
      0.04      0.05      0.13
      0.04      0.05      0.13
      0.04      0.05      0.13
      0.04      0.05      0.13
      0.04      0.05      0.13
      0.04      0.05     -0.83
      0.04      0.05     -0.83
      0.04      0.05      0.13
      0.04      0.05      0.13
      0.04      0.05      0.13
      0.04      0.05      0.13
      0.04      0.05      0.13
     -0.92      0.05      0.13
      0.04      0.05      0.13
      0.04      0.05      0.13
     -1.87      0.05     -0.83
      0.04      0.05      0.13
      0.04      0.05      0.13
      0.04      0.05      0.13
      0.04      0.05      0.13
      0.04      0.05      0.13
      0.04      0.05      0.13
      0.04      0.05      0.13
      0.04     -0.91      0.13
      0.04      0.05      0.13
      0.04      0.05     -0.83
      0.04      0.05      0.13
      0.04      0.05      0.13
      0.04      0.05      0.13
      0.04      0.05      0.13
      0.04      0.05      0.13
      0.04      0.05      0.13
      0.04      0.05      0.13
      0.04      0.05      0.13
      0.04      0.05      0.13
      0.04      0.05      0.13
      0.04      0.05      0.13
      0.04      0.05      0.13
      0.04      0.05      0.13
     -0.92      0.05      0.13
      0.04      0.05      0.13
      0.04      0.05      0.13
      0.04      0.05      0.13
      0.04      0.05      0.13
