********************************************************************************
                       INSTITUTO DE INGENIERIA, UNAM
                   Coordinacion de Instrumentacion Sismica
  Ciudad Universitaria, Apartado Postal 70-472, Coyoacan 04510, Mexico, D.F.
 Tel.(52-5)622-3414    Fax.(52-5)616-1514    e-mail: isismica@pumas.iingen.unam.mx
**************************************************************************************
ARCHIVO ESTANDAR DE ACELERACION:
VERSION DEL FORMATO                    : 2.0
NOMBRE DEL ARCHIVO                     : OCLL8904.251
FECHA Y HORA DE CREACION               : Tue Mar 24 14:51:44 1998
REF. CATALOGO ACELEROGRAMAS, SMIS 1995 : REGISTRO No. 1488 /PAG. 156


================================================================================
DATOS DE LA ESTACION:
NOMBRE DE LA ESTACION                  : OCOTILLO
CLAVE DE LA ESTACION                   : OCLL
LOCALIZACION DE LA ESTACION            : Atras de la Comisaria Municipal de
                                       : Ocotillo, Guerrero.
                                       :
                                       :
                                       :
COORDENADAS DE LA ESTACION             : 17.036585 LAT. N
                                       : 99.878515 LONG. W
ALTITUD (msnm)                         : 700 
TIPO DE SUELO                          : ROCA
                                       : 
                                       : 
INSTITUCION RESPONSABLE                : INSTITUTO DE INGENIERIA UNAM
                                       :

================================================================================
DATOS DEL ACELEROGRAFO: 
MODELO DEL ACELEROGRAFO                : DCA-333
NUMERO DE SERIE DEL ACELEROGRAFO       : 108
NUMERO DE CANALES                      : 3
ORIENTACION C1-C6 (rumbo;orientacion)  : /V/N90E/N00E
ORIENTACION C7-C12 (rumbo;orientacion) :
VEL. DE MUESTREO, C1-C6 (muestras/s)   : /100/100/100
VEL. DE MUESTREO, C7-C12 (muestras/s)  :
ESC. COMPLETA DE SENSORES, C1-C6, (g)  : /2/2/2
ESC. COMPLETA DE SENSORES, C7-C12 (g)  :
FREC. NAT. DE SENSORES, C1-C6, (Hz)    : /30/30/30
FREC. NAT. DE SENSORES, C7-C12 (Hz)    :
AMORTIGUAMIENTO DE SENSORES, C1-C6     : /0.7/0.7/0.7
AMORTIGUAMIENTO DE SENSORES, C7-C12    :
INTERVALO DE MUESTREO, C1-C6 (s)       : /0.01/0.01/0.01
INTERVALO DE MUESTREO, C7-C12 (s)      :
UMBRAL DE DISPARO, C1-C6 (Gal)         : /6/6/6
UMBRAL DE DISPARO, C7-C12 (Gal)        :
MEMORIA DE PREEVENTO (s)               : 4 
TIEMPO DE POSEVENTO (s)                : 15


================================================================================
DATOS DEL SISMO:
FECHA DEL SISMO [GMT]                  : 1989/04/25
HORA EPICENTRO (GMT)                   : 14:29:00.4
MAGNITUD(ES)                           : /Mb=6.30/Ms=6.90/Mc=6.50
COORDENADAS DEL EPICENTRO              : 16.603 LAT. N 
                                       : 99.400 LONG. W 
PROFUNDIDAD FOCAL (km)                 : 19 
FUENTES DE LOS DATOS EPICENTRALES      : INSTITUTO DE INGENIERIA UNAM
                                       : 

================================================================================
DATOS DE ESTE REGISTRO:
HORA DE LA PRIMERA MUESTRA (GMT)       : 14:29:17.25
EXACTITUD DEL TIEMPO (s)               : 0.01
DURACION DEL REGISTRO (s), C1-C6       : /26.85/26.85/26.85                      
DURACION DEL REGISTRO (s), C7-C12      : 
NUM. TOTAL DE MUESTRAS, C1-C6          : /2685/2685/2685                       
NUM. TOTAL DE MUESTRAS, C7-C12         : 
ACEL. MAX.(Gal), C1-C6                 : /-35.24/30.93/28.66                   
ACEL. MAX., C1-C6, EN LA MUESTRA       : /618/623/620                          
ACEL. MAX.(Gal), C7-C12                : 
ACEL. MAX., C7-C12,EN LA MUESTRA       : 
UNIDADES DE LOS DATOS                  : Gal (cm/s/s)
FACTOR DE DECIMACION                   : 1
FORMATO DATOS (FORTRAN,10 campos/dato) : 3F10.2


================================================================================
CALIDAD DEL ACELEROGRAMA:
REGISTRO DIGITAL COMPLETO, CON TIEMPO ABSOLUTO CORRECTO.


===============================================================================
COMENTARIOS:














===============================================================================
DATOS DE ACELERACION:
---------+---------+---------+---------+---------+---------+---------+---------+
   CANAL-1   CANAL-2   CANAL-3
         V      N90E      N00E
---------+---------+---------+---------+---------+---------+---------+---------+
      0.17     -1.61     -1.96
     -3.66      0.30      0.91
     -2.70      1.26     -1.01
      4.00      0.30     -2.92
      5.91      2.21     -1.01
     -0.79      5.09      2.82
     -5.57      1.26     -0.05
     -2.70     -0.66     -2.92
      3.04      1.26      0.91
      4.00      2.21      3.78
     -0.79     -0.66     -1.01
     -3.66     -2.57     -3.88
     -3.66     -1.61     -2.92
     -4.62      1.26     -1.96
     -3.66      2.21     -1.96
      2.08     -0.66     -2.92
      4.00     -0.66     -1.01
      1.13      1.26      0.91
      0.17     -0.66      0.91
      0.17      0.30      1.86
     -1.74      2.21      4.74
     -0.79     -0.66      2.82
      0.17     -1.61     -0.05
      2.08     -0.66     -1.96
      4.96      0.30     -0.05
      2.08      1.26      2.82
     -0.79     -0.66      1.86
     -1.74     -2.57      1.86
     -0.79     -2.57     -0.05
      3.04     -0.66     -2.92
      2.08     -0.66     -1.01
     -2.70      1.26     -0.05
     -2.70      2.21     -2.92
      2.08      0.30     -3.88
      3.04     -0.66      0.91
     -2.70      1.26      2.82
     -3.66      2.21      0.91
      1.13     -0.66     -1.01
      2.08     -0.66     -0.05
     -1.74      2.21     -1.01
     -1.74      2.21     -3.88
      2.08     -0.66     -3.88
      1.13     -0.66      1.86
     -2.70     -1.61      2.82
      0.17     -2.57     -2.92
      4.00     -2.57     -1.96
      3.04      0.30      4.74
      0.17     -0.66      4.74
     -1.74     -1.61      0.91
      1.13     -0.66     -0.05
      2.08      1.26      1.86
     -0.79      3.17      2.82
      0.17      3.17     -1.01
      4.00     -0.66     -2.92
      0.17     -1.61     -0.05
     -4.62      1.26     -0.05
     -2.70      1.26     -2.92
      0.17     -1.61     -2.92
     -3.66      3.17      0.91
     -5.57      4.13     -0.05
      0.17      0.30     -5.79
      3.04     -0.66     -2.92
     -1.74      1.26      2.82
     -0.79     -0.66     -0.05
      2.08     -3.53     -2.92
      1.13     -0.66      1.86
      2.08      0.30      2.82
      0.17      0.30      1.86
     -2.70      1.26      0.91
     -2.70      1.26     -0.05
     -1.74      1.26     -0.05
      0.17     -0.66     -1.96
      3.04     -0.66     -1.96
      2.08      0.30     -0.05
     -1.74     -0.66     -1.01
     -4.62     -2.57     -2.92
     -0.79     -2.57     -1.96
      3.04      1.26     -0.05
      0.17      1.26      3.78
     -1.74     -0.66      1.86
     -0.79      0.30     -0.05
      0.17      1.26     -1.01
     -0.79      2.21     -0.05
     -0.79      1.26     -1.01
      0.17      1.26     -2.92
      3.04     -0.66     -1.01
      3.04      0.30      0.91
     -1.74      1.26      2.82
     -3.66      1.26     -0.05
      0.17     -0.66     -3.88
      2.08      0.30     -1.96
      1.13      2.21     -1.01
     -0.79      0.30     -0.05
     -3.66     -1.61     -0.05
     -2.70     -3.53     -1.01
      1.13     -3.53     -1.01
      1.13     -0.66      1.86
      1.13      2.21      1.86
      1.13      0.30     -0.05
      0.17      0.30     -1.01
      0.17      3.17      0.91
      1.13      4.13      2.82
      0.17      3.17      0.91
     -3.66      1.26     -1.01
     -1.74     -0.66     -2.92
      1.13     -2.57     -2.92
      1.13     -0.66     -0.05
      0.17      0.30      3.78
     -1.74     -1.61      2.82
      0.17     -2.57     -1.01
      2.08     -0.66     -1.96
      1.13      1.26      0.91
      0.17      0.30     -1.01
     -0.79     -0.66     -2.92
     -1.74      0.30     -2.92
      0.17      0.30     -1.96
      1.13      0.30      0.91
      0.17     -0.66      2.82
      1.13     -1.61      2.82
      2.08     -1.61      2.82
      1.13      0.30      2.82
     -1.74      1.26      2.82
     -2.70      1.26     -0.05
     -0.79      0.30     -2.92
      2.08      0.30     -1.01
      2.08     -1.61      0.91
      2.08     -3.53      0.91
      1.13     -2.57      1.86
      1.13     -1.61      2.82
      0.17     -1.61      1.86
      3.04     -1.61      0.91
      3.04     -0.66      0.91
      1.13     -0.66      1.86
     -0.79     -0.66      0.91
     -0.79     -1.61      0.91
     -0.79      0.30      2.82
      1.13     -0.66      2.82
      3.04      0.30      0.91
      4.00      1.26     -1.01
      3.04      0.30      0.91
     -2.70      0.30      1.86
     -3.66     -0.66     -1.01
     -1.74     -2.57     -2.92
      1.13     -1.61     -1.01
      0.17      1.26     -1.01
     -2.70      3.17     -2.92
     -1.74      1.26     -4.84
      0.17      1.26     -1.01
      0.17      2.21      2.82
      0.17      1.26      2.82
      0.17     -0.66      1.86
     -1.74     -0.66      1.86
     -0.79      0.30      0.91
     -0.79      2.21      0.91
     -1.74      1.26      2.82
      1.13     -1.61     -1.01
      3.04     -2.57     -1.96
     -0.79      0.30      1.86
     -1.74     -0.66     -0.05
      0.17     -2.57     -1.96
      1.13     -1.61     -0.05
      1.13     -0.66      0.91
      0.17      0.30      0.91
     -3.66      0.30      0.91
     -0.79     -0.66     -1.01
      2.08     -0.66     -0.05
      3.04      0.30      1.86
      2.08      0.30      0.91
      0.17     -2.57     -1.01
      0.17     -2.57     -1.01
      2.08      0.30     -0.05
      2.08      2.21      2.82
      1.13      2.21      1.86
      0.17      1.26     -0.05
     -1.74     -0.66     -1.96
     -1.74     -1.61     -4.84
      1.13     -0.66     -2.92
      0.17      2.21      1.86
     -1.74     -0.66      0.91
     -1.74     -2.57     -1.01
     -1.74      0.30      0.91
      0.17      0.30      2.82
      1.13     -2.57      1.86
     -0.79     -0.66      0.91
     -3.66      1.26      0.91
     -1.74     -0.66     -1.01
      0.17     -2.57     -1.01
     -0.79      1.26      0.91
      0.17      1.26      1.86
      1.13     -0.66      1.86
      0.17     -2.57      0.91
     -0.79     -0.66     -1.01
     -0.79      0.30     -2.92
      2.08      1.26     -2.92
      1.13      2.21      0.91
     -0.79      1.26      0.91
     -0.79      0.30     -1.01
      0.17     -0.66     -0.05
      1.13     -0.66     -1.01
      1.13      1.26     -0.05
      2.08     -0.66     -1.01
      4.96     -3.53     -1.01
      3.04     -1.61      2.82
     -0.79      0.30      2.82
     -1.74      1.26     -0.05
     -1.74      0.30     -0.05
     -1.74      0.30      0.91
     -3.66      0.30      0.91
     -4.62      2.21     -1.96
     -2.70      2.21     -1.96
      0.17      2.21      0.91
      2.08      0.30      1.86
      4.00      0.30      2.82
      1.13      0.30      4.74
     -0.79     -0.66      1.86
      0.17     -2.57     -1.01
      1.13     -2.57     -1.01
      3.04     -1.61      1.86
      2.08     -0.66      1.86
     -0.79     -2.57      1.86
     -1.74     -3.53     -1.01
      2.08     -2.57     -2.92
      4.00      1.26      0.91
      2.08      3.17      2.82
      0.17      2.21      0.91
      0.17     -0.66     -1.01
      1.13     -0.66     -1.01
      1.13      0.30      1.86
      0.17      0.30      1.86
     -1.74      0.30     -1.01
     -4.62      0.30     -2.92
     -5.57     -0.66     -2.92
     -4.62      1.26     -3.88
     -1.74      3.17     -1.01
      0.17      1.26      0.91
      2.08     -2.57      1.86
      3.04     -3.53     -0.05
      4.96     -3.53      0.91
      5.91     -1.61      2.82
      3.04     -1.61      3.78
     -0.79     -2.57      1.86
     -1.74     -0.66      0.91
     -1.74      1.26     -1.01
     -2.70      1.26     -1.96
      0.17      3.17     -1.01
      0.17      5.09      1.86
     -0.79      0.30      2.82
     -0.79     -3.53      0.91
      3.04     -4.49     -0.05
      3.04     -0.66      2.82
     -0.79      1.26      1.86
      0.17      2.21     -2.92
      0.17      4.13     -2.92
     -1.74      6.04     -0.05
      0.17      4.13     -1.01
      2.08      0.30     -1.01
     -0.79     -2.57      0.91
     -3.66     -4.49     -0.05
     -2.70     -6.40     -4.84
      1.13     -6.40     -3.88
      0.17     -3.53     -0.05
     -1.74      1.26      1.86
     -1.74      2.21     -1.01
      0.17      2.21     -1.01
      1.13      2.21      1.86
      3.04      2.21      0.91
      2.08     -0.66      0.91
      1.13     -3.53      0.91
      2.08     -6.40     -0.05
      0.17     -5.44      1.86
     -1.74     -1.61      1.86
      0.17      0.30     -2.92
      1.13      0.30     -4.84
     -2.70      2.21     -2.92
     -4.62      3.17     -1.96
     -0.79      1.26     -3.88
      2.08      0.30     -1.01
      2.08      1.26      1.86
      0.17      0.30      0.91
      0.17     -1.61      0.91
     -0.79     -0.66      1.86
      0.17      1.26      0.91
      0.17      1.26     -1.96
     -1.74      0.30     -1.96
     -3.66     -0.66     -2.92
     -1.74     -0.66     -2.92
     -0.79      2.21     -2.92
     -2.70      5.09     -2.92
     -1.74      3.17     -1.01
      1.13     -0.66      0.91
      1.13     -1.61      0.91
      0.17     -1.61     -0.05
      1.13      0.30     -1.01
      0.17      0.30     -1.01
     -2.70     -1.61     -0.05
     -3.66     -1.61     -1.01
     -0.79     -2.57     -0.05
      2.08     -1.61      0.91
      0.17     -0.66      0.91
     -0.79     -1.61     -1.96
     -3.66      0.30     -3.88
     -4.62      2.21     -3.88
     -3.66      2.21     -3.88
     -1.74      2.21     -4.84
      0.17      0.30     -3.88
      0.17     -0.66     -1.01
     -1.74     -1.61     -1.01
     -1.74     -4.49     -1.01
      0.17     -4.49     -1.01
      1.13     -0.66     -0.05
      0.17      3.17     -0.05
     -2.70      4.13     -0.05
     -2.70      3.17     -0.05
     -0.79      3.17      0.91
      0.17      3.17      2.82
      0.17      3.17      2.82
     -0.79      0.30      1.86
     -1.74     -0.66      3.78
     -2.70      1.26      5.69
     -0.79      2.21      5.69
      1.13      2.21      2.82
      1.13      2.21      1.86
      2.08      1.26      0.91
      4.96      0.30     -0.05
      3.04      3.17      0.91
      0.17      4.13     -0.05
     -1.74      1.26     -3.88
     -4.62      0.30     -2.92
     -5.57      1.26     -1.96
     -3.66      0.30     -1.01
     -3.66     -0.66     -1.01
     -2.70     -1.61      0.91
     -1.74     -2.57      1.86
      2.08     -2.57     -0.05
      2.08     -0.66     -1.01
     -1.74      2.21      0.91
     -1.74      0.30     -1.01
      0.17     -0.66     -2.92
     -0.79      3.17     -0.05
     -2.70      5.09      0.91
     -2.70      3.17     -1.01
      0.17      0.30     -0.05
      2.08     -2.57      2.82
      2.08     -3.53      3.78
      3.04     -5.44      0.91
      4.96     -6.40     -0.05
      4.96     -6.40      0.91
      3.04     -4.49      2.82
     -3.66     -1.61      2.82
     -6.53      2.21      0.91
     -2.70      3.17     -1.96
      2.08      5.09     -0.05
      4.00      7.96     -0.05
      4.96      7.00     -0.05
      5.91      4.13     -1.01
      3.04      2.21     -1.01
     -1.74      2.21     -1.01
     -0.79      2.21     -2.92
      1.13      2.21     -1.96
     -0.79      1.26     -1.01
     -3.66      2.21     -1.96
     -1.74      4.13     -3.88
      4.00      3.17     -3.88
      8.78      2.21     -1.01
      8.78     -0.66      1.86
      4.00     -1.61      3.78
     -0.79     -3.53      3.78
     -3.66     -3.53      0.91
     -6.53     -1.61     -2.92
     -5.57      1.26     -4.84
     -0.79      0.30     -5.79
      2.08     -1.61     -4.84
     -2.70     -2.57     -1.96
     -4.62     -3.53     -5.79
      0.17     -4.49     -9.62
      3.04     -5.44     -6.75
      1.13     -3.53     -1.01
     -2.70     -1.61     -0.05
     -2.70     -1.61     -2.92
     -2.70     -1.61     -1.01
     -1.74      1.26      0.91
      2.08      2.21      0.91
      1.13      0.30      1.86
     -3.66      0.30      2.82
     -1.74     -2.57     -1.96
      4.00     -3.53     -5.79
      6.87     -0.66     -2.92
      2.08      2.21      1.86
     -4.62      1.26      0.91
     -5.57     -1.61     -2.92
     -2.70     -0.66     -4.84
     -0.79      3.17     -4.84
     -0.79      4.13     -3.88
     -1.74      2.21     -2.92
     -2.70     -1.61     -1.96
      0.17     -1.61     -3.88
      2.08      0.30     -3.88
      2.08      1.26     -2.92
     -0.79     -2.57     -3.88
     -3.66     -4.49     -3.88
     -1.74     -4.49     -3.88
      2.08     -1.61     -2.92
     -2.70      4.13      2.82
     -6.53      4.13      3.78
     -4.62      1.26      0.91
     -3.66      3.17      1.86
     -1.74      7.00      2.82
      1.13      3.17     -1.01
      1.13     -2.57     -2.92
      0.17     -5.44     -3.88
     -0.79     -6.40     -2.92
     -2.70     -6.40     -4.84
     -1.74     -5.44     -5.79
     -1.74     -4.49     -3.88
     -0.79     -5.44     -2.92
     -2.70     -3.53     -1.01
     -3.66     -1.61     -1.01
      1.13      0.30     -1.96
      5.91      2.21     -1.01
      7.83      1.26      0.91
      6.87      0.30      1.86
      4.00     -3.53      0.91
      3.04     -4.49     -1.01
     -1.74     -1.61     -1.96
     -3.66      1.26     -1.96
     -3.66      1.26     -1.01
     -6.53      0.30      0.91
     -7.49      2.21      0.91
     -5.57      0.30     -1.01
     -0.79     -1.61     -4.84
     -1.74     -1.61     -4.84
     -3.66     -3.53     -6.75
     -2.70     -6.40     -6.75
     -3.66     -8.31     -6.75
     -5.57     -3.53     -4.84
     -5.57      0.30     -1.96
     -3.66      2.21     -0.05
     -2.70      1.26      3.78
     -3.66      1.26      6.65
     -2.70      2.21      4.74
      0.17      0.30      2.82
      0.17      2.21      3.78
     -2.70      6.04      5.69
     -1.74      6.04      1.86
      1.13      5.09     -1.01
      1.13      6.04      0.91
      0.17      6.04     -1.01
      2.08      3.17     -3.88
      4.00      2.21     -2.92
      4.00      2.21     -1.01
      4.96     -0.66     -1.96
      3.04     -3.53     -3.88
     -3.66     -3.53     -1.96
     -6.53     -5.44     -1.01
     -4.62     -6.40     -1.96
     -4.62     -2.57     -1.01
     -5.57      1.26     -1.01
     -1.74     -1.61     -5.79
     -1.74     -3.53     -5.79
     -1.74     -1.61     -1.96
     -0.79     -2.57     -2.92
     -2.70     -4.49     -4.84
    -10.36     -3.53     -1.96
    -12.27     -4.49     -4.84
     -7.49     -5.44     -6.75
     -3.66     -5.44     -2.92
     -0.79     -5.44      0.91
      1.13     -6.40     -1.96
      1.13     -3.53     -5.79
     -0.79      1.26     -6.75
     -3.66      5.09     -6.75
     -5.57      8.91     -6.75
     -6.53      9.87     -1.96
     -8.44     10.83      5.69
    -10.36      7.96      8.56
     -8.44      4.13     10.48
     -8.44      1.26     16.22
    -10.36     -0.66     15.26
    -13.23     -5.44      4.74
     -9.40    -11.18     -6.75
     -9.40    -11.18     -8.66
    -12.27    -10.23     -8.66
    -10.36    -11.18     -8.66
     -8.44    -10.23     -2.92
     -9.40     -8.31      8.56
    -10.36     -5.44     15.26
    -13.23     -3.53     15.26
    -10.36     -2.57     14.31
     -8.44     -1.61     13.35
     -6.53     -0.66     10.48
     -5.57      0.30      8.56
     -3.66      1.26      9.52
      0.17      3.17     10.48
      4.00      7.96     10.48
     12.61     15.61     10.48
     19.31     20.40     12.39
     19.31     22.31     11.43
     15.48     20.40      9.52
     14.53     13.70      7.61
     12.61      7.96      7.61
     11.65      4.13      7.61
      9.74     -0.66     10.48
      7.83     -3.53     10.48
      4.96     -6.40      7.61
      5.91     -3.53      3.78
      8.78      1.26      0.91
     10.70      6.04     -0.05
      9.74      7.96     -0.05
      6.87      7.96     -0.05
      5.91      6.04     -2.92
      6.87      5.09     -7.71
      5.91      5.09     -7.71
      2.08      2.21     -5.79
     -5.57     -3.53     -4.84
    -10.36     -6.40     -7.71
    -10.36    -10.23    -12.49
     -5.57    -10.23    -15.36
     -4.62     -5.44    -11.53
     -2.70     -0.66     -4.84
      2.08      3.17      2.82
      6.87      6.04     11.43
     10.70     10.83     20.05
     17.40     14.66     21.00
     22.18     15.61     14.31
     23.14     15.61      5.69
     23.14     11.78     -1.01
     22.18      8.91     -2.92
     16.44      6.04     -0.05
      5.91      3.17      3.78
     -2.70     -1.61      3.78
     -6.53     -3.53      1.86
     -7.49      0.30      2.82
     -9.40      4.13      1.86
    -10.36      3.17     -1.01
    -12.27     -3.53     -3.88
    -13.23    -10.23      0.91
    -14.19    -14.06      5.69
    -13.23    -17.88      5.69
    -10.36    -20.75     -1.01
    -10.36    -17.88     -5.79
    -13.23    -10.23    -10.58
    -13.23     -3.53     -9.62
     -9.40      0.30     -2.92
     -5.57      3.17      5.69
     -3.66      5.09      8.56
     -5.57      1.26      9.52
     -8.44     -0.66      6.65
     -9.40     -1.61      4.74
     -4.62     -4.49      1.86
      4.00     -5.44     -1.01
     12.61     -1.61      1.86
     19.31      4.13      8.56
     22.18      7.96     13.35
     21.22     11.78     14.31
     16.44     15.61     16.22
      4.96     19.44     19.09
     -6.53     16.57     17.18
    -12.27     13.70     13.35
    -14.19     14.66     14.31
    -13.23     18.48     15.26
     -1.74     18.48     11.43
     11.65     14.66      7.61
     20.27     15.61      5.69
     24.10     16.57     -1.01
     27.92     14.66     -8.66
     25.05     10.83     -9.62
     17.40      7.00     -5.79
     10.70      0.30     -2.92
      3.04     -6.40     -0.05
     -3.66     -9.27      4.74
     -7.49    -13.10      2.82
     -6.53    -15.97     -5.79
     -2.70    -15.97    -15.36
      2.08    -12.14    -19.19
      8.78     -6.40    -23.98
     12.61     -6.40    -23.98
     14.53     -5.44    -21.10
     13.57     -9.27    -18.23
     10.70    -16.93    -19.19
      7.83    -25.54    -20.15
      5.91    -27.45    -18.23
      0.17    -24.58    -15.36
     -3.66    -19.80    -14.41
     -0.79    -14.06    -14.41
      6.87     -6.40    -15.36
     13.57      3.17    -15.36
     16.44      5.09    -14.41
     12.61      2.21    -15.36
      4.96     -2.57    -17.28
     -3.66     -8.31    -15.36
    -10.36    -12.14    -11.53
    -12.27    -15.97     -7.71
    -10.36    -18.84     -6.75
     -6.53    -18.84     -7.71
     -1.74    -15.01    -11.53
      4.00    -11.18    -17.28
      4.96     -5.44    -19.19
      2.08     -1.61    -18.23
      1.13     -1.61    -18.23
      1.13     -2.57    -21.10
     -3.66      0.30    -20.15
     -9.40      3.17    -16.32
    -10.36      1.26     -5.79
    -14.19     -4.49      8.56
    -15.14    -12.14     17.18
    -10.36    -17.88     15.26
     -7.49    -15.97      8.56
     -7.49     -9.27      0.91
     -6.53     -6.40     -7.71
     -5.57     -9.27    -14.41
     -6.53    -10.23    -16.32
     -5.57    -13.10    -14.41
     -5.57    -16.93    -10.58
     -7.49    -16.93     -6.75
    -10.36    -15.01     -4.84
    -14.19    -12.14     -0.05
    -23.76     -6.40      4.74
    -32.37     -3.53      9.52
    -35.24     -2.57     16.22
    -32.37      0.30     22.92
    -24.71      9.87     28.66
    -15.14     19.44     28.66
     -4.62     27.10     23.88
      2.08     30.93     21.00
      5.91     28.05     18.13
      6.87     20.40     16.22
      4.96     10.83     18.13
      3.04      2.21     21.96
      0.17     -4.49     20.05
     -2.70     -6.40     10.48
     -3.66     -6.40     -0.05
      1.13     -3.53     -7.71
      6.87      1.26     -8.66
     11.65      5.09     -5.79
     14.53      8.91     -1.96
     12.61      7.96      0.91
      6.87      6.04      3.78
      4.96      5.09      2.82
      5.91      8.91      2.82
      7.83     12.74      4.74
      9.74     15.61      6.65
      9.74     15.61      8.56
      9.74     14.66     12.39
      6.87     11.78     15.26
      4.00      7.00     15.26
      3.04      0.30      9.52
      0.17     -4.49      7.61
     -0.79    -11.18      4.74
      2.08    -15.01      1.86
      5.91    -16.93      0.91
     10.70    -15.97      1.86
     13.57    -13.10      5.69
     14.53     -8.31      7.61
     14.53     -1.61      9.52
     15.48      5.09     12.39
     15.48      7.96     12.39
     13.57      9.87      8.56
     10.70     10.83      4.74
      7.83      9.87      3.78
      5.91      9.87      4.74
      7.83     10.83      5.69
      9.74     13.70      8.56
      7.83     15.61     11.43
      4.96     14.66     11.43
      8.78     14.66     11.43
      8.78     16.57     12.39
      5.91     17.53     12.39
      9.74     14.66      8.56
     12.61     11.78      6.65
     10.70     10.83      6.65
      7.83      7.96      3.78
      4.00      2.21     -1.96
     -2.70     -4.49     -4.84
    -10.36     -8.31     -3.88
    -16.10     -6.40     -4.84
    -13.23     -1.61    -10.58
     -5.57      4.13    -11.53
     -1.74      9.87    -15.36
      0.17     11.78    -20.15
      4.00      7.96    -22.06
      3.04      1.26    -20.15
     -0.79     -4.49    -19.19
     -3.66    -10.23    -17.28
     -6.53    -16.93    -11.53
     -9.40    -20.75     -9.62
    -10.36    -18.84    -10.58
     -9.40    -13.10    -10.58
     -7.49     -6.40    -11.53
     -6.53     -6.40    -11.53
     -7.49     -6.40     -9.62
     -8.44    -10.23     -6.75
     -9.40    -10.23     -6.75
    -10.36    -11.18    -10.58
    -10.36    -13.10    -17.28
    -14.19    -15.97    -19.19
    -21.84    -17.88    -18.23
    -20.88    -19.80    -16.32
     -8.44    -19.80    -11.53
      5.91    -15.01     -6.75
     11.65     -9.27     -4.84
      8.78     -4.49     -4.84
      4.96     -3.53     -2.92
      4.96     -2.57     -0.05
      4.00      1.26      2.82
      3.04      5.09      4.74
      2.08      6.04      8.56
      1.13      7.00     12.39
      0.17     12.74     12.39
      3.04     18.48     10.48
      6.87     16.57     11.43
     12.61     10.83     10.48
     14.53      6.04      9.52
     13.57      3.17      7.61
     11.65      1.26      3.78
     10.70      0.30     -1.96
      9.74      0.30     -7.71
      7.83     -0.66    -11.53
      4.00     -1.61    -11.53
      3.04     -3.53     -8.66
      4.00     -2.57     -1.96
      4.00      2.21      5.69
      3.04      8.91      8.56
      1.13     13.70      7.61
      2.08     16.57      6.65
      3.04     18.48      7.61
      4.00     17.53     10.48
      4.00     13.70     11.43
      3.04      7.00     10.48
      1.13      0.30      7.61
     -0.79     -6.40      1.86
     -1.74    -10.23     -1.96
     -1.74    -14.06     -6.75
     -4.62    -13.10     -8.66
     -8.44     -9.27     -8.66
    -12.27     -6.40     -6.75
    -14.19    -12.14     -5.79
    -15.14    -16.93     -1.01
    -15.14    -17.88      2.82
    -10.36    -16.93      2.82
     -5.57    -14.06     -0.05
     -1.74     -8.31     -0.05
     -5.57     -4.49     -0.05
     -5.57     -5.44     -1.01
      1.13     -9.27      0.91
      7.83     -8.31      2.82
      7.83     -5.44      1.86
      5.91     -5.44     -3.88
      7.83     -5.44    -10.58
      8.78     -2.57    -11.53
      5.91      4.13     -8.66
      2.08      6.04     -3.88
      0.17      3.17      1.86
     -5.57      2.21      9.52
     -9.40      4.13      9.52
     -6.53      7.00      5.69
     -2.70      9.87      5.69
     -5.57     12.74      6.65
     -9.40     10.83      3.78
     -8.44      3.17     -0.05
     -1.74     -3.53      1.86
      2.08     -4.49      5.69
      1.13     -6.40      3.78
      2.08     -9.27     -3.88
      0.17     -4.49     -5.79
     -3.66      1.26     -4.84
     -6.53      3.17     -4.84
     -8.44      2.21     -1.96
     -8.44     -3.53     -0.05
     -6.53     -8.31     -1.01
     -2.70    -11.18     -1.01
      1.13    -13.10      1.86
      4.00    -12.14      5.69
      3.04     -7.36      6.65
      6.87     -0.66      5.69
     12.61      7.00      6.65
     11.65     13.70      9.52
      8.78     17.53      9.52
      7.83     15.61      6.65
      7.83     13.70      2.82
      4.00     12.74      1.86
      3.04     10.83     -1.96
      7.83      7.96     -3.88
     10.70      8.91     -1.01
      9.74      9.87     -0.05
      9.74      7.96     -1.96
      7.83      5.09     -1.96
      4.00      1.26      0.91
      1.13     -2.57      5.69
     -0.79     -2.57      8.56
     -0.79     -0.66      8.56
     -2.70      1.26      6.65
     -4.62      4.13      2.82
     -5.57      5.09     -1.96
     -5.57      5.09     -4.84
     -3.66      4.13     -5.79
     -1.74      3.17     -4.84
     -2.70      1.26     -4.84
     -6.53     -0.66     -4.84
     -6.53      2.21     -3.88
     -3.66      8.91     -0.05
     -0.79     16.57      5.69
     -0.79     18.48      9.52
     -1.74     16.57     12.39
     -3.66     12.74     14.31
      0.17      7.00     10.48
      5.91      3.17      5.69
      8.78      1.26      3.78
      5.91     -0.66      2.82
      2.08     -2.57      1.86
      1.13     -3.53     -0.05
      1.13     -0.66      0.91
      4.00      3.17      2.82
      4.96      2.21      2.82
      3.04     -2.57     -0.05
     -0.79     -6.40     -3.88
     -4.62     -8.31     -2.92
     -6.53     -6.40     -0.05
     -6.53     -4.49      0.91
     -8.44     -2.57     -1.01
     -8.44     -2.57     -4.84
     -4.62     -4.49     -6.75
     -1.74     -6.40     -4.84
      1.13    -12.14     -2.92
      2.08    -18.84     -6.75
      0.17    -21.71     -8.66
     -2.70    -15.97     -8.66
     -6.53     -6.40     -7.71
     -8.44      1.26     -6.75
     -8.44      6.04     -2.92
     -3.66      8.91      1.86
     -1.74     10.83      7.61
     -1.74      9.87      9.52
     -0.79      6.04      8.56
      2.08      5.09      4.74
      3.04      5.09      0.91
      5.91      3.17     -3.88
      5.91      2.21     -6.75
      4.00      3.17     -5.79
      4.00      4.13     -3.88
      4.96      4.13     -1.01
      3.04      1.26      1.86
     -0.79     -0.66      3.78
     -1.74     -0.66      3.78
     -3.66      0.30      3.78
     -3.66     -0.66      2.82
     -0.79     -3.53      1.86
      4.00     -8.31     -0.05
      6.87    -12.14     -1.01
      7.83    -11.18      0.91
      7.83     -6.40      2.82
      9.74     -1.61      3.78
     10.70      3.17      2.82
      8.78      9.87      2.82
      7.83     16.57      2.82
     12.61     17.53     -1.96
     13.57     15.61     -3.88
      8.78     12.74     -3.88
      5.91      9.87     -1.96
      0.17      5.09     -0.05
     -3.66      1.26      2.82
      0.17     -1.61      8.56
      4.96      1.26     11.43
      5.91      5.09      9.52
      4.96      5.09      7.61
      3.04      5.09      6.65
      0.17      6.04      5.69
     -1.74      5.09      2.82
     -1.74      1.26      2.82
     -3.66     -1.61      2.82
     -7.49     -3.53      0.91
    -10.36     -2.57      0.91
     -7.49     -2.57     -0.05
     -4.62     -0.66      0.91
     -4.62      1.26     -0.05
     -4.62      0.30     -3.88
     -2.70      0.30     -6.75
     -0.79     -0.66     -6.75
      3.04      0.30     -6.75
      4.96      2.21     -3.88
      4.96      0.30     -1.01
      3.04     -4.49      2.82
     -1.74     -6.40      5.69
     -5.57     -4.49      3.78
     -3.66     -1.61      0.91
     -2.70     -0.66      0.91
     -4.62     -2.57      0.91
     -6.53     -6.40     -1.01
     -6.53     -8.31     -3.88
     -3.66    -10.23     -6.75
     -0.79     -9.27    -10.58
      2.08     -6.40    -14.41
      3.04     -1.61    -16.32
      2.08      0.30    -14.41
      1.13     -0.66    -11.53
     -3.66     -2.57     -9.62
     -5.57     -6.40     -7.71
     -6.53    -11.18     -2.92
     -5.57    -13.10      0.91
     -2.70    -12.14      0.91
      0.17     -6.40     -1.01
     -2.70      1.26     -1.01
     -4.62      7.96     -1.96
     -4.62      8.91     -2.92
     -3.66      7.00     -2.92
     -2.70      3.17     -5.79
     -0.79     -2.57     -8.66
     -2.70     -6.40    -10.58
     -6.53     -6.40     -9.62
     -5.57     -3.53     -4.84
     -0.79      3.17      1.86
      2.08      8.91      3.78
      4.96     11.78      1.86
      7.83     11.78      0.91
      8.78      8.91      0.91
      2.08      6.04      2.82
     -1.74      0.30      4.74
      0.17     -5.44      7.61
      5.91     -8.31     11.43
      5.91     -9.27     14.31
      7.83     -6.40     13.35
     10.70     -2.57      8.56
     10.70      6.04     10.48
      5.91      9.87     11.43
      4.96      8.91     11.43
      7.83      7.96     10.48
      7.83      9.87     10.48
      6.87     11.78      9.52
      4.96      7.96      9.52
      3.04      3.17      6.65
      3.04      0.30      2.82
      4.96     -2.57      1.86
      4.96     -4.49      2.82
      4.96     -4.49      2.82
      4.96     -3.53      0.91
      6.87     -2.57     -1.01
      7.83     -0.66     -1.96
      5.91      3.17     -2.92
      6.87      5.09     -3.88
      6.87      6.04     -1.01
      2.08      8.91      1.86
     -0.79      7.96      0.91
     -0.79      5.09      0.91
      0.17      3.17      1.86
      0.17      2.21      2.82
      0.17      0.30      0.91
      1.13      2.21     -1.96
     -0.79      3.17     -1.01
     -3.66      4.13     -1.01
     -5.57      3.17     -2.92
     -5.57      1.26     -1.96
     -3.66     -0.66     -1.01
     -2.70     -1.61     -1.01
     -3.66     -4.49     -1.01
     -5.57     -6.40     -1.01
     -9.40     -8.31     -1.01
     -7.49     -6.40     -2.92
     -2.70     -5.44     -4.84
     -0.79     -4.49     -3.88
     -2.70     -2.57     -2.92
     -4.62     -2.57     -4.84
     -6.53     -0.66     -5.79
     -5.57      1.26     -6.75
     -1.74      0.30     -8.66
     -2.70      0.30     -7.71
     -5.57     -0.66     -7.71
     -6.53     -2.57     -6.75
     -5.57     -2.57     -5.79
     -4.62     -0.66     -1.96
     -3.66      0.30     -0.05
     -2.70     -0.66     -1.01
     -2.70      0.30     -4.84
     -0.79      0.30     -8.66
      0.17      1.26     -5.79
      0.17      0.30     -4.84
     -1.74     -2.57     -8.66
     -4.62     -3.53    -11.53
     -3.66     -3.53     -9.62
      0.17     -3.53     -1.96
      4.00     -1.61      3.78
      4.00      1.26      3.78
      4.00      3.17     -2.92
      5.91      5.09     -8.66
      6.87      8.91     -8.66
      4.96     11.78     -4.84
      1.13     10.83     -2.92
     -0.79      9.87     -1.01
      1.13      7.00      3.78
      3.04      6.04      7.61
      1.13      8.91      8.56
      0.17      8.91      9.52
      3.04      5.09      8.56
      4.00      3.17      7.61
      4.00      3.17      4.74
      4.96      3.17      2.82
      4.96      4.13      5.69
      3.04      5.09      9.52
      4.00      5.09      8.56
      5.91      3.17      7.61
      4.00      0.30      7.61
      2.08     -2.57      4.74
      0.17     -6.40      0.91
     -0.79     -6.40      0.91
     -0.79     -5.44      1.86
     -1.74     -2.57      0.91
     -2.70     -0.66     -0.05
     -3.66      3.17      0.91
     -4.62      6.04      2.82
     -5.57      7.00      4.74
     -3.66      7.00      4.74
     -3.66      6.04      7.61
     -5.57      4.13      9.52
     -8.44      4.13      9.52
    -10.36      5.09     10.48
    -10.36      4.13     12.39
    -10.36      1.26     10.48
    -10.36      1.26      4.74
     -7.49      2.21     -1.96
     -2.70      3.17     -6.75
      0.17      3.17     -8.66
      0.17      1.26     -9.62
     -2.70     -0.66    -11.53
     -1.74     -3.53    -14.41
     -0.79     -3.53    -14.41
     -1.74     -3.53    -11.53
      0.17     -3.53    -10.58
      1.13     -4.49     -6.75
      0.17     -5.44     -2.92
      0.17     -5.44     -0.05
      1.13     -6.40     -0.05
      1.13     -3.53     -1.01
      3.04     -2.57     -4.84
      4.96     -2.57     -5.79
      2.08     -2.57     -1.01
     -0.79     -3.53     -1.01
      2.08     -5.44     -4.84
      2.08     -2.57     -3.88
      1.13     -3.53     -1.01
      3.04     -6.40     -1.01
      4.00     -8.31     -1.01
      3.04     -6.40     -0.05
      3.04     -4.49     -0.05
      2.08     -0.66     -1.96
      1.13      0.30     -2.92
     -0.79     -0.66     -1.01
     -0.79     -1.61      1.86
      1.13     -0.66      3.78
      4.00      1.26      4.74
      3.04      2.21      5.69
      0.17      4.13      1.86
      1.13      5.09      0.91
      2.08      7.00      1.86
      0.17      7.96      2.82
      1.13      4.13      1.86
      2.08      0.30      1.86
      0.17      0.30      3.78
     -1.74      3.17      4.74
     -1.74      7.00      4.74
     -1.74      7.96      4.74
     -0.79      7.00      4.74
     -1.74      4.13      5.69
     -3.66      1.26      2.82
     -4.62      0.30     -0.05
     -1.74      0.30     -1.01
      1.13      2.21      1.86
      1.13      4.13      2.82
     -0.79      7.00      2.82
     -2.70      7.96     -1.01
     -1.74      7.00     -8.66
     -1.74      5.09    -10.58
     -4.62      3.17     -7.71
     -4.62      1.26     -6.75
     -2.70     -1.61     -5.79
     -0.79     -2.57     -4.84
     -1.74     -1.61     -2.92
      0.17      2.21     -3.88
      0.17      4.13     -2.92
     -1.74      4.13      1.86
     -2.70      3.17      3.78
     -1.74      1.26      1.86
     -0.79      2.21      1.86
     -2.70      4.13      1.86
     -2.70      3.17     -1.01
     -0.79      2.21     -1.96
     -1.74      1.26      1.86
     -4.62     -0.66      0.91
     -4.62     -2.57     -4.84
     -1.74     -1.61     -5.79
     -2.70      1.26     -3.88
     -2.70      1.26     -1.96
      0.17     -0.66     -2.92
      0.17     -0.66     -1.96
     -1.74      0.30     -1.96
      1.13     -0.66     -4.84
      1.13     -0.66     -2.92
      1.13     -2.57     -1.01
      0.17     -4.49     -1.01
      0.17     -5.44     -0.05
      3.04     -5.44      1.86
      4.00     -3.53      2.82
      4.00     -0.66      1.86
      4.00      4.13      1.86
      7.83      6.04      2.82
      9.74      6.04      2.82
      8.78      6.04      1.86
      4.96      7.00     -0.05
      3.04      3.17     -1.01
      2.08      0.30     -1.01
     -0.79     -1.61      0.91
     -2.70     -0.66      0.91
     -2.70     -1.61      1.86
     -2.70     -2.57      1.86
     -2.70     -2.57      1.86
     -3.66      0.30      3.78
     -4.62      2.21      1.86
     -2.70      1.26     -3.88
     -1.74      0.30     -7.71
     -3.66      2.21     -8.66
     -3.66      1.26     -7.71
     -1.74     -0.66     -6.75
     -1.74      0.30     -4.84
     -3.66      2.21     -3.88
     -2.70      1.26     -1.96
     -1.74      0.30     -1.96
     -3.66      3.17     -1.01
     -4.62      2.21     -1.01
     -3.66     -2.57     -2.92
     -2.70     -5.44     -3.88
     -3.66     -4.49     -1.01
     -3.66     -4.49     -0.05
     -3.66     -3.53     -1.01
     -4.62     -2.57     -2.92
     -4.62     -0.66     -4.84
     -4.62     -0.66     -6.75
     -3.66     -2.57     -6.75
     -4.62     -4.49     -4.84
     -4.62     -6.40     -3.88
     -3.66     -9.27     -2.92
     -0.79     -6.40     -2.92
      1.13     -2.57     -1.96
      1.13     -0.66      0.91
      1.13     -1.61      1.86
      0.17     -3.53      0.91
      0.17     -5.44      0.91
      0.17     -6.40     -0.05
      0.17     -4.49     -1.01
      0.17     -2.57     -1.96
     -0.79     -2.57     -2.92
      0.17     -4.49     -1.96
      0.17     -6.40     -1.01
      2.08     -6.40     -0.05
      3.04     -2.57      1.86
     -1.74      0.30      2.82
     -5.57      2.21      0.91
     -3.66      1.26     -2.92
      0.17      2.21     -4.84
      1.13      2.21     -3.88
      1.13      0.30     -3.88
      0.17     -2.57     -2.92
     -0.79     -4.49     -2.92
     -0.79     -3.53     -2.92
      0.17     -2.57     -2.92
      1.13     -0.66     -2.92
      0.17      2.21     -2.92
      1.13      2.21     -1.96
      2.08      1.26      0.91
     -0.79      3.17      4.74
     -2.70      1.26      5.69
     -2.70     -2.57      2.82
     -2.70     -4.49      0.91
     -0.79     -2.57      1.86
      1.13      0.30      3.78
      1.13      0.30      5.69
      0.17     -1.61      4.74
      2.08     -2.57      3.78
      4.00     -3.53      3.78
      4.00     -2.57      2.82
      1.13     -1.61     -1.01
     -0.79     -0.66     -5.79
      0.17      1.26     -7.71
     -0.79      0.30     -5.79
     -1.74     -3.53     -1.96
     -1.74     -5.44     -1.01
     -0.79     -6.40     -2.92
      0.17     -8.31     -3.88
      0.17     -6.40     -1.01
     -0.79     -1.61     -1.96
     -2.70      0.30     -2.92
     -0.79     -1.61     -3.88
      1.13     -2.57     -1.96
      1.13     -2.57     -1.01
      2.08     -0.66     -2.92
      3.04     -1.61     -4.84
      1.13      0.30     -4.84
      1.13      3.17     -4.84
      1.13      4.13     -4.84
      0.17      4.13     -2.92
      0.17      6.04     -1.01
      1.13      7.00     -1.96
      4.00      4.13     -2.92
      3.04      2.21     -2.92
     -0.79      3.17     -1.01
     -0.79      3.17     -1.01
      1.13      3.17     -1.96
      0.17      4.13      0.91
      0.17      4.13      2.82
      2.08      4.13      4.74
      0.17      4.13      7.61
     -1.74      3.17     11.43
     -2.70      1.26      9.52
     -1.74     -0.66     10.48
     -2.70     -1.61      8.56
     -2.70      2.21      5.69
     -0.79      4.13      1.86
      2.08      5.09     -2.92
      4.00      4.13     -4.84
      1.13      4.13     -1.01
     -1.74      2.21     -1.01
     -2.70      0.30      0.91
     -2.70     -0.66      3.78
     -2.70     -1.61      4.74
     -1.74     -1.61      4.74
     -2.70      0.30      4.74
     -5.57      2.21      4.74
     -4.62      1.26      3.78
     -2.70     -0.66      5.69
     -0.79      1.26      6.65
     -1.74      2.21      3.78
     -2.70      3.17     -1.96
     -2.70      3.17     -4.84
     -2.70      4.13     -4.84
     -1.74      7.00     -3.88
     -1.74      6.04     -1.96
     -1.74      5.09     -0.05
     -4.62      4.13      1.86
     -6.53      1.26      2.82
     -6.53      0.30      4.74
     -4.62      0.30      6.65
     -4.62     -0.66      8.56
     -3.66     -1.61      4.74
     -1.74     -2.57      0.91
      0.17     -1.61      0.91
      1.13      0.30     -0.05
     -0.79      1.26     -1.96
     -0.79      0.30     -1.96
     -2.70     -0.66     -1.01
     -3.66      0.30      0.91
     -1.74      1.26     -0.05
     -1.74      3.17     -0.05
      0.17      3.17      1.86
      2.08      2.21     -0.05
      4.00      0.30      0.91
      1.13     -2.57      2.82
     -1.74     -3.53      3.78
      0.17     -2.57      1.86
      1.13      0.30      1.86
      3.04      1.26      0.91
      3.04     -0.66     -0.05
      2.08     -1.61     -2.92
      0.17     -2.57     -2.92
     -1.74     -2.57     -3.88
     -2.70     -2.57     -5.79
     -3.66     -3.53     -5.79
     -1.74     -1.61     -4.84
     -0.79     -0.66     -3.88
      0.17      0.30     -2.92
      1.13      0.30     -1.01
      1.13     -0.66      2.82
      1.13      0.30      4.74
      2.08     -0.66      2.82
      4.00     -2.57      2.82
      2.08     -3.53      3.78
      0.17     -4.49      4.74
      1.13     -3.53      5.69
      1.13     -1.61      7.61
      1.13      1.26      9.52
      2.08      4.13      6.65
      0.17      7.96      2.82
      0.17      9.87      0.91
      0.17      7.96      0.91
      2.08      6.04      3.78
      1.13      2.21      4.74
     -0.79     -1.61      4.74
     -1.74     -3.53      3.78
     -0.79     -3.53      4.74
      0.17     -1.61      5.69
      0.17      0.30      3.78
      0.17      1.26      0.91
     -0.79      0.30     -1.96
     -1.74      0.30     -3.88
     -2.70     -0.66     -4.84
     -3.66     -1.61     -4.84
     -6.53     -3.53     -4.84
     -6.53     -5.44     -4.84
     -6.53     -5.44     -4.84
     -5.57     -3.53     -6.75
     -2.70     -2.57     -7.71
      1.13     -3.53     -6.75
      0.17     -3.53     -4.84
     -3.66     -3.53     -5.79
     -4.62     -6.40     -7.71
     -3.66     -9.27     -5.79
     -3.66     -8.31     -1.96
     -5.57     -5.44     -1.01
     -6.53     -4.49     -1.01
     -3.66     -5.44     -0.05
     -1.74     -6.40      0.91
     -2.70     -6.40      1.86
     -0.79     -6.40      0.91
      1.13     -8.31     -0.05
      0.17     -6.40     -1.01
     -1.74     -5.44     -2.92
     -0.79     -3.53     -5.79
      2.08      0.30     -5.79
      4.00      2.21     -2.92
      5.91      1.26     -1.01
      4.00     -1.61      0.91
      3.04     -3.53      2.82
      3.04     -3.53      4.74
      2.08     -3.53      2.82
      1.13     -2.57     -1.01
      3.04     -2.57     -2.92
      5.91     -0.66     -1.96
      4.00      2.21     -1.96
      1.13      2.21     -3.88
     -0.79      2.21     -5.79
      0.17      0.30     -5.79
      0.17      0.30     -4.84
      0.17     -0.66     -4.84
      0.17     -0.66     -4.84
      0.17     -0.66     -1.96
     -2.70     -1.61      1.86
     -1.74     -1.61      4.74
      0.17     -1.61      6.65
      1.13      0.30      7.61
      1.13      0.30      5.69
     -0.79      1.26      0.91
     -0.79      1.26     -1.01
      1.13      3.17     -1.96
      2.08      4.13     -0.05
      3.04      3.17     -0.05
      3.04      2.21      1.86
      0.17      3.17      2.82
      0.17      4.13      1.86
      1.13      4.13      1.86
      1.13      3.17      3.78
      0.17      2.21      6.65
     -0.79      1.26      8.56
     -0.79      1.26      7.61
     -0.79      3.17      4.74
      0.17      4.13      1.86
      0.17      4.13     -1.01
     -1.74      4.13     -1.01
     -1.74      4.13     -1.96
     -0.79      4.13     -1.01
      0.17      5.09     -0.05
      0.17      3.17      1.86
      0.17      2.21      3.78
     -0.79      2.21      5.69
     -1.74      1.26      5.69
     -2.70     -1.61      4.74
     -1.74     -2.57      3.78
      0.17     -0.66      3.78
      2.08      0.30      5.69
      4.00     -0.66      5.69
      3.04     -0.66      4.74
      0.17     -0.66      0.91
      1.13     -2.57     -1.96
      1.13     -3.53     -2.92
      1.13     -2.57     -1.96
      0.17     -2.57     -1.01
      0.17     -4.49     -1.01
      0.17     -5.44     -0.05
     -0.79     -4.49      0.91
     -0.79     -1.61     -1.01
      1.13      1.26     -1.96
      4.00      2.21     -3.88
      4.00      1.26     -2.92
      0.17     -0.66     -1.01
     -0.79     -0.66     -1.96
      1.13     -3.53     -3.88
      1.13     -1.61     -3.88
      0.17     -1.61     -1.01
     -1.74     -2.57     -1.01
     -0.79     -2.57     -2.92
      0.17     -2.57     -1.96
      2.08     -2.57      1.86
      3.04     -3.53      1.86
      3.04     -1.61      1.86
      0.17      0.30      2.82
      0.17      2.21      2.82
      2.08      2.21      0.91
      4.00      3.17      2.82
      3.04      3.17      5.69
      1.13      0.30      4.74
      0.17     -3.53      2.82
     -0.79     -4.49      1.86
      2.08     -4.49      2.82
      3.04     -4.49      2.82
      1.13     -2.57      2.82
     -1.74     -0.66      4.74
     -1.74      0.30      5.69
     -0.79      3.17      5.69
     -1.74      4.13      6.65
     -0.79      4.13      4.74
      0.17      3.17      2.82
     -0.79      2.21      0.91
     -2.70      0.30     -0.05
     -3.66     -0.66     -1.96
     -3.66     -2.57     -2.92
     -2.70     -3.53     -2.92
     -3.66     -3.53     -0.05
     -3.66     -3.53      0.91
     -2.70     -3.53     -0.05
     -2.70     -1.61     -0.05
     -1.74      0.30      1.86
     -1.74      0.30      0.91
     -1.74     -0.66     -0.05
     -1.74     -1.61     -1.01
     -0.79     -0.66     -1.01
      1.13      1.26     -1.96
      0.17      2.21     -1.01
     -0.79      2.21     -0.05
     -0.79      1.26     -0.05
      1.13      0.30     -0.05
      0.17      1.26     -0.05
     -0.79      2.21     -1.01
     -1.74      1.26     -2.92
     -0.79      1.26     -0.05
     -0.79      3.17      2.82
      0.17      3.17      3.78
      2.08      2.21      4.74
      2.08      2.21      6.65
      1.13      2.21      5.69
      1.13      1.26      4.74
      3.04      0.30      2.82
      3.04      0.30      2.82
      0.17     -0.66      0.91
     -1.74      0.30     -0.05
     -1.74      1.26     -1.01
     -2.70      0.30     -1.96
     -2.70     -0.66     -1.96
     -1.74     -0.66     -1.01
     -0.79     -1.61     -0.05
     -1.74     -1.61      1.86
     -1.74     -0.66      2.82
     -1.74     -0.66      2.82
      0.17     -1.61      2.82
      0.17     -1.61      2.82
      1.13     -0.66      1.86
      1.13     -0.66     -1.01
      1.13     -1.61     -2.92
      1.13     -0.66     -4.84
      0.17      0.30     -5.79
      0.17      1.26     -4.84
      2.08      0.30     -1.96
      2.08      0.30     -1.96
      3.04      1.26     -2.92
      3.04      0.30     -3.88
      4.00      0.30     -4.84
      4.96     -0.66     -5.79
      4.96     -2.57     -5.79
      4.96     -2.57     -5.79
      4.96     -2.57     -4.84
      4.00     -0.66     -2.92
      4.00      0.30     -2.92
      4.00      1.26     -3.88
      4.96      2.21     -2.92
      5.91      2.21     -1.96
      4.96      1.26     -1.01
      2.08     -0.66     -1.01
      0.17     -1.61     -1.96
      0.17     -0.66     -1.01
      1.13     -0.66     -1.01
      1.13     -1.61     -3.88
      1.13     -2.57     -4.84
      2.08     -2.57     -2.92
      2.08     -3.53     -1.96
      2.08     -2.57     -0.05
      2.08     -1.61     -1.01
      2.08     -0.66     -1.96
      0.17      0.30     -1.96
     -0.79      0.30     -1.01
     -2.70     -0.66     -1.01
     -1.74      0.30     -1.01
     -0.79     -1.61     -1.01
     -0.79     -2.57     -0.05
     -1.74     -2.57     -1.01
     -1.74     -2.57     -1.96
     -0.79     -2.57     -1.96
     -0.79      0.30     -1.96
     -0.79      1.26     -1.01
     -2.70      0.30     -1.01
     -3.66      0.30     -1.96
     -2.70      1.26     -1.96
     -1.74      2.21      1.86
     -1.74      1.26      4.74
     -0.79      1.26      3.78
      0.17      1.26      2.82
     -0.79      0.30      0.91
      0.17     -1.61     -0.05
     -0.79     -0.66     -1.01
     -1.74     -0.66     -1.96
     -1.74     -1.61     -2.92
     -2.70     -1.61     -2.92
     -3.66     -0.66     -1.96
     -2.70      0.30     -0.05
     -1.74      0.30     -0.05
     -2.70     -0.66     -0.05
     -1.74     -0.66      0.91
     -2.70     -1.61      0.91
     -3.66     -1.61     -0.05
     -2.70     -2.57     -1.96
     -1.74     -2.57     -1.01
     -0.79     -0.66     -0.05
     -0.79      1.26      0.91
     -1.74      2.21      1.86
     -2.70      2.21      0.91
     -2.70      2.21     -0.05
      0.17      1.26     -1.01
      2.08      0.30     -1.01
      3.04      0.30      0.91
      3.04      0.30      1.86
      2.08     -1.61      1.86
      1.13     -0.66      2.82
      0.17      0.30      1.86
     -0.79     -1.61      0.91
     -0.79     -3.53     -1.01
      0.17     -5.44     -1.96
      1.13     -5.44     -1.01
      0.17     -2.57     -1.01
     -2.70     -0.66     -1.01
     -1.74     -0.66     -1.01
      1.13      1.26      0.91
      3.04      2.21      2.82
      4.00      2.21      2.82
      4.00      1.26      2.82
      4.00     -0.66      3.78
      1.13     -1.61      4.74
      0.17     -0.66      2.82
      1.13     -0.66      1.86
      1.13      0.30      1.86
      0.17      0.30     -0.05
      0.17      0.30     -2.92
     -0.79      0.30     -2.92
     -1.74     -1.61     -1.01
      0.17     -2.57     -1.01
      1.13     -0.66     -0.05
      0.17      0.30      0.91
     -0.79      1.26     -0.05
     -2.70      1.26     -1.01
     -2.70      0.30     -1.01
     -0.79     -0.66     -1.01
      0.17      0.30      0.91
     -0.79      0.30      0.91
     -1.74      1.26     -0.05
     -3.66      3.17     -0.05
     -2.70      4.13     -0.05
      1.13      3.17      1.86
      2.08      2.21      3.78
      1.13      0.30      2.82
      0.17      0.30      1.86
     -0.79      0.30     -1.01
      0.17      1.26     -0.05
      0.17      1.26     -0.05
      1.13      2.21     -1.01
      1.13      2.21     -0.05
      0.17      2.21     -0.05
     -0.79      2.21      0.91
     -0.79      2.21      1.86
     -0.79      2.21      1.86
      0.17      1.26      2.82
      0.17      0.30      2.82
     -0.79      1.26      2.82
     -0.79      1.26      1.86
     -0.79      1.26     -0.05
      0.17      1.26     -1.96
      2.08      0.30     -2.92
      3.04      0.30     -2.92
      3.04     -1.61     -2.92
      4.00     -2.57     -2.92
      4.00     -1.61     -1.96
      4.00      0.30     -2.92
      4.96      1.26     -3.88
      5.91      1.26     -3.88
      5.91      0.30     -1.96
      5.91      1.26     -1.96
      6.87      2.21     -1.96
      5.91      3.17     -1.96
      5.91      2.21     -1.96
      4.96      2.21     -1.96
      3.04      2.21     -1.01
      3.04      2.21     -1.01
      2.08      1.26     -1.01
      3.04     -0.66     -1.01
      4.96     -1.61     -0.05
      3.04     -0.66      0.91
      1.13     -1.61     -0.05
      1.13     -3.53     -1.01
      1.13     -4.49     -0.05
      0.17     -3.53      1.86
      1.13     -3.53      1.86
      2.08     -2.57      1.86
      0.17     -1.61      2.82
      0.17      0.30      2.82
      0.17      2.21      3.78
      2.08      3.17      3.78
      2.08      4.13      4.74
      3.04      3.17      4.74
      1.13      0.30      4.74
      0.17     -1.61      3.78
     -0.79     -2.57      3.78
      2.08     -2.57      3.78
      4.00     -1.61      4.74
      2.08      0.30      4.74
      0.17      1.26      2.82
      0.17      2.21      0.91
      0.17      0.30     -0.05
      0.17      0.30     -0.05
     -0.79     -1.61     -0.05
     -2.70     -2.57     -0.05
     -1.74     -3.53      0.91
     -0.79     -1.61      2.82
      0.17      0.30      2.82
     -0.79      0.30      1.86
     -0.79      0.30     -0.05
      0.17     -1.61     -1.96
      0.17     -0.66     -2.92
      0.17     -1.61     -2.92
     -0.79     -1.61     -2.92
     -1.74     -1.61     -1.01
     -0.79     -2.57     -1.01
      0.17     -1.61     -1.01
      1.13     -0.66     -1.96
      2.08     -0.66     -2.92
      2.08     -0.66     -2.92
      0.17     -0.66     -2.92
     -0.79     -0.66     -3.88
     -0.79      0.30     -3.88
      0.17      2.21     -3.88
      1.13      1.26     -2.92
      1.13      1.26     -1.96
      1.13      1.26      0.91
      1.13      0.30      0.91
      1.13      0.30     -0.05
      0.17      1.26     -1.01
     -0.79      2.21     -1.01
     -0.79      1.26     -1.01
     -0.79      2.21     -1.96
     -0.79      4.13     -2.92
     -0.79      5.09     -2.92
     -2.70      5.09     -1.01
     -4.62      4.13     -1.01
     -3.66      3.17     -1.01
     -3.66      2.21     -1.96
     -1.74      1.26     -1.96
     -0.79      0.30     -0.05
     -1.74     -0.66      1.86
     -2.70     -0.66      0.91
     -1.74      0.30     -0.05
     -1.74      2.21     -0.05
     -2.70      2.21     -1.01
     -2.70      1.26     -0.05
     -1.74      0.30     -0.05
      0.17      0.30      0.91
      1.13     -0.66      1.86
     -0.79     -1.61      0.91
     -2.70     -1.61     -0.05
     -3.66     -0.66      0.91
     -2.70      1.26      0.91
     -0.79      2.21     -0.05
      1.13      2.21     -0.05
      0.17      1.26     -0.05
      1.13     -1.61     -1.01
      2.08     -2.57     -1.01
      3.04     -1.61     -1.01
      4.00     -2.57     -1.96
      3.04     -2.57     -1.96
      2.08     -1.61     -1.01
      1.13      0.30     -1.01
      2.08      0.30     -0.05
      2.08      0.30      0.91
      1.13     -0.66      1.86
     -0.79     -0.66      1.86
     -1.74     -1.61      2.82
     -2.70     -0.66      2.82
     -3.66     -0.66      3.78
     -3.66     -0.66      2.82
     -2.70     -1.61      0.91
     -1.74     -0.66     -1.01
     -1.74     -0.66     -1.01
      0.17      0.30     -1.01
      1.13      0.30     -0.05
      0.17      1.26     -0.05
     -1.74      1.26     -0.05
     -1.74      1.26     -1.01
     -2.70      1.26     -0.05
     -2.70      1.26      0.91
     -2.70      1.26      0.91
     -1.74      0.30     -0.05
      0.17     -0.66     -1.01
      0.17     -0.66     -0.05
      0.17     -1.61     -0.05
     -0.79     -1.61     -1.01
     -0.79     -1.61     -1.01
     -1.74     -1.61     -1.96
     -0.79     -1.61     -1.01
      0.17     -0.66     -1.01
      1.13     -1.61     -1.01
      0.17     -0.66     -1.01
     -0.79     -1.61     -1.01
     -0.79     -3.53     -1.96
      0.17     -3.53     -1.01
     -1.74     -2.57     -1.01
     -1.74     -2.57     -2.92
     -1.74     -3.53     -3.88
     -1.74     -3.53     -3.88
     -1.74     -3.53     -1.96
     -0.79     -2.57     -1.96
     -0.79     -1.61     -1.96
      0.17     -0.66     -1.01
      0.17     -0.66     -0.05
      1.13     -0.66     -0.05
      2.08      0.30     -0.05
      1.13      0.30     -1.01
      0.17      1.26     -1.01
      0.17      0.30     -1.01
      0.17      0.30     -0.05
      1.13      1.26     -0.05
      0.17      2.21     -1.96
      1.13      0.30     -2.92
      1.13     -0.66     -1.96
      2.08     -1.61     -0.05
      2.08     -1.61      0.91
      2.08     -1.61      0.91
      3.04     -1.61      1.86
      2.08     -0.66     -0.05
      2.08      2.21     -1.01
      1.13      3.17     -1.01
      2.08      3.17     -1.01
      3.04      2.21      0.91
      2.08      2.21      0.91
      0.17      1.26      1.86
      0.17      0.30      2.82
      1.13      0.30      4.74
      2.08      0.30      4.74
      3.04      2.21      0.91
      3.04      2.21     -0.05
      2.08      1.26      0.91
     -0.79      1.26     -0.05
     -1.74      0.30     -0.05
      0.17      1.26     -1.01
      2.08      3.17     -1.01
      0.17      4.13     -0.05
     -1.74      5.09     -0.05
     -1.74      5.09     -1.96
      0.17      5.09     -1.96
      1.13      4.13     -1.01
     -0.79      2.21     -1.01
     -1.74      1.26     -1.01
     -0.79      0.30     -0.05
      0.17      0.30     -0.05
     -0.79      1.26     -1.01
      0.17      1.26     -1.01
      0.17      0.30     -0.05
     -0.79      0.30     -0.05
      0.17      1.26     -0.05
      1.13      0.30     -0.05
      1.13      0.30     -0.05
      0.17      0.30     -0.05
      0.17      0.30     -0.05
      0.17      1.26     -1.01
      1.13      1.26     -1.01
      2.08      2.21     -1.01
      1.13      2.21     -1.01
      0.17      2.21     -1.01
     -0.79      1.26     -1.01
     -0.79      1.26     -1.01
      0.17      1.26     -1.96
      0.17      0.30     -2.92
      0.17     -0.66     -2.92
     -0.79     -1.61     -1.01
     -0.79     -2.57      0.91
     -1.74     -3.53      0.91
     -1.74     -2.57     -1.01
     -0.79     -1.61     -2.92
      0.17     -0.66     -3.88
     -0.79      0.30     -4.84
     -1.74     -0.66     -4.84
      0.17     -1.61     -2.92
      0.17     -1.61      1.86
     -0.79     -1.61      2.82
      0.17      0.30      0.91
      0.17      1.26      1.86
      0.17      3.17     -0.05
     -0.79      3.17     -1.01
     -0.79      3.17     -1.01
     -0.79      1.26     -0.05
     -1.74      0.30     -0.05
     -2.70      0.30     -1.01
     -1.74      1.26     -1.96
      0.17      3.17     -1.01
      0.17      3.17     -1.01
      0.17      3.17     -1.01
     -0.79      2.21      0.91
     -0.79      1.26      1.86
     -1.74      0.30      1.86
     -1.74      0.30      1.86
     -1.74      0.30      0.91
     -2.70      1.26     -0.05
     -3.66      1.26     -0.05
     -3.66      2.21     -1.01
     -2.70      2.21     -1.01
     -1.74      3.17     -0.05
     -1.74      3.17      0.91
     -3.66      2.21      1.86
     -2.70      0.30      0.91
     -3.66      0.30      0.91
     -3.66      0.30      0.91
     -2.70     -0.66      0.91
     -1.74     -0.66      0.91
     -0.79      0.30      0.91
     -1.74      0.30      1.86
     -1.74      0.30      1.86
     -0.79      1.26      1.86
      0.17      1.26      2.82
      0.17      1.26      3.78
      0.17      0.30      1.86
      0.17      0.30      0.91
     -0.79      0.30      0.91
     -0.79      0.30      2.82
      0.17      0.30      2.82
      1.13     -0.66      2.82
      0.17     -0.66      1.86
      0.17     -0.66      0.91
      1.13     -0.66     -1.01
      1.13      0.30     -1.96
      1.13      0.30     -1.01
      0.17      0.30     -0.05
      1.13      0.30     -0.05
      1.13     -0.66      0.91
      0.17      0.30      1.86
     -0.79      0.30      1.86
     -0.79     -0.66      0.91
     -0.79     -0.66      0.91
     -0.79     -0.66     -0.05
      0.17      0.30      0.91
      0.17      0.30      1.86
      0.17      0.30      1.86
     -0.79      1.26      2.82
     -1.74      1.26      1.86
     -1.74      1.26      1.86
     -0.79     -0.66      0.91
      0.17     -0.66      1.86
      1.13      0.30      1.86
      0.17      1.26      0.91
      0.17      1.26     -0.05
     -0.79      0.30      0.91
     -0.79      0.30      1.86
     -0.79      0.30      1.86
      0.17      0.30      1.86
      0.17      0.30      1.86
      0.17     -0.66      1.86
      0.17     -1.61      0.91
      1.13     -0.66      0.91
      1.13     -0.66      0.91
      0.17     -1.61      0.91
      0.17     -1.61     -0.05
      0.17     -1.61     -1.01
      0.17      0.30      0.91
      0.17      2.21     -1.01
      1.13      2.21     -0.05
      1.13      1.26     -0.05
      0.17      1.26      0.91
      1.13     -0.66     -0.05
      1.13     -1.61     -1.01
      0.17     -2.57     -1.01
     -0.79     -2.57     -1.01
     -1.74     -1.61     -1.96
     -0.79     -0.66     -2.92
     -0.79      0.30     -2.92
      0.17      0.30     -1.96
      0.17      0.30     -1.01
      0.17     -0.66     -1.01
      0.17     -0.66     -1.01
      0.17     -1.61     -1.01
      1.13     -1.61     -0.05
      0.17     -1.61      0.91
      0.17     -1.61      1.86
     -0.79     -1.61      0.91
      0.17     -2.57     -0.05
      0.17     -3.53     -1.01
      0.17     -4.49     -1.96
     -0.79     -3.53     -1.96
     -1.74     -4.49     -1.96
      0.17     -2.57     -1.96
      1.13      0.30     -1.01
      1.13      1.26     -1.01
      0.17      2.21     -0.05
     -0.79      1.26     -0.05
     -0.79      0.30     -1.01
     -0.79     -1.61     -1.96
     -0.79     -1.61     -1.96
     -0.79     -2.57     -1.01
     -0.79     -2.57     -1.96
     -0.79     -1.61     -1.01
     -0.79     -1.61     -0.05
      0.17     -0.66     -0.05
      3.04     -1.61     -0.05
      3.04     -1.61      0.91
      1.13     -1.61      0.91
      0.17     -2.57      0.91
     -0.79     -1.61      0.91
      1.13     -0.66      0.91
      1.13      0.30      2.82
      0.17      2.21      2.82
      0.17      1.26      1.86
      0.17      1.26      2.82
      1.13      1.26      2.82
      1.13      1.26      2.82
      0.17      1.26      2.82
     -0.79      1.26      2.82
     -0.79      0.30      1.86
      0.17      0.30      1.86
      1.13     -0.66      1.86
      1.13     -1.61      1.86
     -0.79     -1.61     -0.05
     -1.74     -1.61     -1.96
     -0.79     -1.61     -3.88
     -0.79     -0.66     -2.92
     -0.79      1.26     -2.92
      0.17      1.26     -2.92
     -0.79      0.30     -2.92
     -1.74     -0.66     -3.88
     -0.79     -0.66     -2.92
      0.17      1.26     -1.01
      1.13      1.26     -0.05
      1.13      0.30     -0.05
      1.13     -0.66      0.91
      0.17     -0.66     -0.05
      0.17     -1.61     -1.96
      0.17     -1.61     -2.92
      0.17     -2.57     -2.92
      1.13     -1.61     -1.96
      0.17     -0.66     -1.96
      0.17      1.26     -1.01
      0.17      3.17     -1.01
      0.17      4.13     -1.01
      0.17      3.17     -0.05
      1.13      3.17      0.91
      2.08      2.21      0.91
      0.17      2.21      0.91
     -0.79      0.30     -0.05
     -1.74     -0.66     -1.01
     -0.79     -1.61     -1.01
      0.17     -0.66     -1.01
      2.08      0.30     -1.01
      1.13      1.26     -1.01
      0.17      1.26     -1.96
      0.17      1.26     -1.01
      2.08      0.30     -0.05
      3.04      0.30      0.91
      3.04      1.26      0.91
      2.08      0.30     -0.05
      2.08      0.30     -1.01
      3.04      0.30     -0.05
      3.04      2.21     -0.05
      2.08      2.21     -0.05
      1.13      1.26     -0.05
      0.17      0.30     -1.01
      0.17      1.26     -1.01
      1.13      2.21     -1.01
      1.13      3.17     -0.05
      1.13      3.17     -0.05
      1.13      2.21     -0.05
      2.08      3.17     -0.05
      1.13      4.13     -1.01
      1.13      3.17     -1.01
      1.13      2.21     -0.05
      0.17      2.21     -1.01
      0.17      1.26     -1.01
      0.17      1.26     -0.05
      0.17      0.30      0.91
      1.13      0.30      0.91
      0.17      0.30      1.86
      0.17     -0.66      2.82
      0.17     -2.57      2.82
      1.13     -1.61      2.82
      0.17     -0.66      3.78
      0.17      0.30      2.82
      0.17      1.26      0.91
      0.17      2.21      1.86
      0.17      2.21      0.91
     -0.79      0.30      0.91
     -1.74     -0.66      0.91
     -2.70     -0.66     -0.05
     -2.70     -0.66     -1.01
     -1.74      0.30     -1.96
     -0.79      0.30     -1.96
     -0.79      0.30     -1.96
     -0.79      0.30     -1.96
     -0.79     -0.66     -1.01
     -1.74     -0.66     -1.96
     -0.79     -0.66     -1.96
     -0.79      0.30     -1.96
     -0.79      0.30     -1.96
     -0.79      0.30     -1.96
      0.17     -0.66     -1.01
      1.13     -0.66     -0.05
      0.17     -1.61      0.91
     -0.79     -1.61      0.91
     -0.79     -2.57     -0.05
     -0.79     -1.61     -0.05
      0.17     -0.66     -1.01
      0.17      0.30     -0.05
      1.13     -0.66     -0.05
      1.13      0.30     -0.05
     -0.79      0.30     -0.05
     -0.79      0.30     -1.01
     -0.79      0.30     -1.96
      0.17      0.30     -1.96
      0.17      0.30     -1.01
     -0.79     -1.61     -1.01
     -0.79     -2.57     -1.01
      0.17     -2.57     -1.96
      1.13     -1.61     -1.01
      1.13     -1.61     -1.01
      2.08     -1.61     -1.01
      1.13     -0.66     -1.01
      0.17     -0.66     -0.05
      1.13     -0.66      0.91
      2.08      0.30      2.82
      2.08      0.30      2.82
      1.13     -0.66      0.91
      2.08     -0.66     -0.05
      0.17     -1.61     -0.05
      0.17     -1.61     -1.01
      0.17     -2.57     -2.92
      1.13     -2.57     -2.92
      1.13     -2.57     -1.01
     -0.79     -2.57      0.91
     -0.79     -0.66      0.91
     -0.79      0.30     -0.05
     -0.79     -0.66      0.91
     -0.79     -0.66      0.91
     -0.79     -1.61     -0.05
     -1.74     -1.61     -0.05
     -2.70     -1.61     -1.01
     -1.74     -1.61     -0.05
     -0.79     -0.66     -0.05
     -1.74     -0.66     -0.05
     -2.70     -0.66     -0.05
     -2.70      0.30     -1.01
     -1.74      0.30     -1.01
     -2.70      0.30     -0.05
     -1.74     -1.61     -1.01
     -2.70     -2.57     -1.01
     -2.70     -3.53     -0.05
     -2.70     -2.57      0.91
     -2.70     -2.57      0.91
     -1.74     -2.57     -0.05
     -0.79     -1.61     -0.05
      0.17     -0.66      0.91
     -1.74     -0.66     -0.05
     -1.74     -0.66     -1.01
     -0.79     -0.66     -1.01
     -0.79     -0.66     -1.01
     -0.79     -0.66     -1.01
     -1.74     -0.66     -1.01
     -2.70     -0.66     -1.01
     -1.74      0.30     -0.05
      0.17      1.26      1.86
      0.17      2.21      2.82
      0.17      2.21      2.82
     -0.79      1.26      0.91
     -0.79      0.30      0.91
      0.17     -0.66     -1.01
      0.17     -1.61     -1.01
      0.17     -0.66     -1.96
     -0.79      0.30     -2.92
     -1.74      1.26     -1.96
      0.17      1.26     -1.96
      1.13      2.21     -1.01
      0.17      2.21     -0.05
     -0.79      1.26      0.91
     -0.79     -0.66     -1.01
     -0.79     -0.66     -1.01
      0.17      0.30     -1.01
     -0.79      1.26     -0.05
     -0.79      1.26     -1.01
      0.17      2.21     -1.01
      1.13      1.26     -1.01
      2.08      2.21     -1.01
      1.13      1.26     -0.05
      1.13      0.30      0.91
      0.17      0.30      1.86
      0.17      0.30      1.86
      0.17      0.30      0.91
      0.17      0.30      0.91
      0.17      0.30     -0.05
      1.13     -0.66     -1.01
      2.08     -1.61     -1.96
      2.08     -1.61     -1.01
      1.13     -1.61     -1.01
      0.17     -2.57     -1.01
      1.13     -2.57     -1.96
      2.08     -2.57     -1.01
      2.08     -2.57      0.91
      2.08     -2.57      0.91
      2.08     -2.57     -0.05
      2.08     -2.57      0.91
      3.04     -1.61      1.86
      3.04     -0.66      2.82
      3.04     -0.66      2.82
      2.08     -1.61      2.82
      2.08     -1.61      1.86
      2.08     -1.61      0.91
      1.13     -0.66      0.91
      2.08     -0.66      0.91
      2.08     -0.66      0.91
      2.08      0.30      0.91
      1.13      0.30      0.91
      1.13     -0.66      0.91
      0.17     -0.66     -0.05
      0.17     -1.61     -0.05
      0.17     -1.61     -0.05
      0.17     -0.66     -1.01
      0.17      0.30     -1.01
      0.17      1.26     -0.05
      0.17      2.21      0.91
      0.17      2.21      0.91
     -0.79      2.21      0.91
     -0.79      1.26     -0.05
     -0.79      1.26     -1.01
     -0.79      0.30     -1.96
     -0.79      0.30     -1.96
     -0.79      0.30     -1.01
     -0.79      1.26     -1.01
     -0.79      0.30     -1.01
     -0.79      0.30     -1.96
     -0.79      0.30     -1.96
      0.17      0.30     -1.96
     -0.79      0.30     -1.01
      0.17      0.30     -1.01
      0.17      0.30     -0.05
      1.13      0.30      0.91
      2.08      1.26      2.82
      2.08      2.21      2.82
      2.08      3.17      1.86
      1.13      1.26      0.91
      2.08      2.21      0.91
      2.08      1.26      0.91
      2.08      0.30      0.91
      2.08      0.30      1.86
      2.08     -0.66      1.86
      1.13     -0.66      1.86
      0.17     -0.66      1.86
      0.17      0.30      1.86
     -0.79      0.30      1.86
     -0.79      0.30      0.91
      0.17      1.26     -0.05
      1.13      1.26      0.91
      1.13      0.30     -0.05
      0.17      0.30      0.91
      0.17     -0.66     -0.05
      0.17     -0.66     -0.05
      0.17      1.26     -0.05
      0.17      1.26     -1.01
      0.17      1.26     -1.01
      0.17      1.26     -1.01
      0.17      2.21     -0.05
      0.17      2.21      0.91
      0.17      2.21      0.91
     -0.79      2.21     -0.05
     -0.79      2.21     -0.05
      0.17      1.26      0.91
      1.13      0.30      0.91
      1.13      0.30      0.91
      0.17      0.30      0.91
     -0.79      0.30     -1.01
      0.17      0.30     -1.01
      0.17      0.30     -1.01
      1.13      2.21     -1.01
      1.13      1.26     -1.01
      0.17      1.26     -0.05
      0.17      0.30      0.91
      0.17      0.30     -0.05
      1.13      0.30     -0.05
      1.13     -0.66     -1.01
      1.13     -0.66     -1.96
      0.17     -0.66     -1.96
     -0.79     -0.66     -1.96
     -0.79      0.30     -1.96
     -0.79      1.26     -1.96
     -0.79      1.26     -2.92
     -0.79      1.26     -2.92
     -1.74      1.26     -2.92
     -1.74      0.30     -2.92
     -1.74     -0.66     -2.92
     -1.74     -0.66     -1.96
     -1.74     -0.66     -1.96
     -0.79     -0.66     -1.01
     -1.74     -0.66     -0.05
     -1.74     -0.66     -1.01
     -0.79     -0.66     -1.01
     -0.79     -0.66     -1.01
     -1.74     -0.66     -1.96
     -1.74     -1.61     -2.92
     -1.74     -0.66     -3.88
     -1.74      0.30     -2.92
     -1.74     -0.66     -2.92
     -1.74     -0.66     -1.96
     -1.74     -1.61     -0.05
     -1.74     -0.66      0.91
     -1.74     -0.66      1.86
     -1.74     -0.66      2.82
     -0.79     -0.66      2.82
     -0.79     -0.66      2.82
     -0.79     -1.61      1.86
      0.17     -1.61      0.91
      0.17     -1.61      0.91
      0.17     -1.61     -0.05
      1.13      0.30      0.91
      1.13      0.30      0.91
      0.17      1.26      1.86
     -1.74      0.30      0.91
      0.17      0.30      0.91
      0.17      0.30     -0.05
     -0.79      0.30     -0.05
     -0.79      0.30     -0.05
      0.17     -0.66     -0.05
      0.17      0.30     -0.05
      0.17      1.26      0.91
      0.17      2.21      0.91
      0.17      1.26      0.91
      0.17      0.30      0.91
      0.17      0.30      1.86
      0.17      0.30      0.91
      0.17      0.30     -0.05
      0.17      1.26      0.91
      0.17      1.26      0.91
      0.17      0.30      1.86
      0.17      0.30      1.86
      1.13      0.30      1.86
      1.13     -0.66      0.91
      0.17     -0.66      0.91
      0.17     -1.61     -0.05
      1.13     -1.61     -0.05
      1.13     -1.61      0.91
      0.17     -0.66      0.91
      0.17     -0.66      0.91
      0.17     -1.61      0.91
      0.17     -0.66     -0.05
      0.17      0.30     -0.05
      0.17      1.26     -0.05
      0.17      2.21     -1.01
      0.17      1.26     -0.05
      1.13      1.26     -0.05
      1.13      2.21     -0.05
      2.08      2.21     -0.05
      2.08      2.21     -0.05
      1.13      2.21     -0.05
      0.17      2.21     -0.05
      0.17      2.21      0.91
      0.17      2.21      0.91
      0.17      1.26      0.91
      0.17      1.26      0.91
     -0.79      2.21     -0.05
     -0.79      2.21      0.91
      0.17      2.21      1.86
      1.13      3.17      1.86
     -0.79      2.21      0.91
     -0.79      1.26      0.91
     -0.79      0.30     -0.05
     -0.79      0.30     -0.05
     -0.79      1.26     -0.05
      0.17      1.26     -1.01
      0.17      0.30     -1.01
     -0.79      0.30     -0.05
     -1.74      0.30     -0.05
     -0.79      2.21     -0.05
     -0.79      2.21     -0.05
     -0.79      1.26      0.91
      0.17      0.30      1.86
      0.17      0.30      1.86
      0.17      0.30      2.82
     -0.79      0.30      2.82
     -0.79      0.30      1.86
      0.17     -0.66      1.86
      0.17      0.30      1.86
      1.13      1.26      0.91
      0.17      1.26     -0.05
      0.17      1.26     -0.05
      0.17      1.26     -0.05
      0.17      1.26     -1.01
      1.13      1.26     -0.05
      1.13      0.30     -1.01
      0.17      0.30     -1.01
     -0.79     -0.66     -1.96
      0.17     -0.66     -1.96
      0.17      0.30     -1.01
      0.17      0.30     -0.05
      0.17     -0.66     -0.05
     -0.79     -0.66     -0.05
     -0.79      0.30      0.91
     -0.79      0.30      1.86
     -1.74      0.30      1.86
     -1.74      0.30      1.86
     -1.74      0.30      2.82
     -1.74      0.30      1.86
     -1.74      0.30      0.91
     -1.74     -0.66      0.91
     -0.79     -0.66     -0.05
     -0.79     -0.66     -0.05
      0.17     -0.66     -1.01
      0.17      0.30     -1.01
      0.17      0.30     -1.01
      0.17      0.30     -1.01
      0.17      0.30     -1.96
      1.13     -0.66     -1.01
      1.13     -0.66     -1.01
     -0.79      0.30     -1.01
     -0.79      0.30     -1.96
      0.17      0.30     -1.96
      1.13      0.30     -1.96
      0.17      0.30     -1.01
      0.17      1.26     -0.05
      0.17      0.30      0.91
      0.17      0.30      1.86
      1.13     -0.66      1.86
      0.17      0.30      1.86
      0.17      0.30      0.91
      0.17      0.30     -0.05
     -0.79     -0.66      0.91
     -0.79      0.30     -0.05
      0.17      0.30     -0.05
      0.17      0.30     -0.05
      0.17      0.30     -0.05
      0.17      0.30     -0.05
      0.17     -0.66      0.91
      0.17     -0.66      0.91
      0.17     -1.61      1.86
     -0.79     -1.61      1.86
     -0.79     -1.61      0.91
     -0.79     -1.61     -1.01
     -0.79     -1.61     -1.01
     -1.74     -1.61     -1.01
     -1.74     -1.61     -1.96
     -1.74     -1.61     -1.96
     -0.79     -1.61     -1.01
     -0.79     -0.66     -1.01
     -0.79     -0.66     -1.01
     -0.79     -1.61     -1.01
      0.17     -1.61     -1.01
      0.17     -1.61     -1.01
     -0.79     -1.61     -1.01
     -0.79     -1.61     -1.01
     -0.79     -0.66     -0.05
      0.17     -0.66     -0.05
      0.17     -0.66      0.91
      0.17      0.30      1.86
     -0.79      0.30      1.86
     -0.79     -1.61      0.91
     -0.79      0.30     -1.01
      0.17      0.30     -1.01
      0.17      1.26     -1.96
      0.17      1.26     -1.96
      0.17      1.26     -1.96
      0.17      0.30     -1.01
      0.17      0.30     -1.01
      1.13      0.30     -0.05
      1.13      0.30     -0.05
      1.13      0.30      0.91
      1.13      0.30     -0.05
      0.17      1.26     -0.05
      0.17      1.26     -1.01
      0.17      1.26     -1.01
      1.13      1.26     -1.96
      0.17      1.26     -1.96
     -0.79      0.30     -1.96
      0.17      2.21     -1.96
      0.17      1.26     -1.01
     -0.79      1.26     -1.01
     -1.74      1.26     -1.96
     -1.74     -0.66     -1.96
     -2.70     -0.66     -1.96
     -1.74     -0.66     -1.96
     -1.74      0.30     -1.96
     -0.79      1.26     -1.96
     -1.74      0.30     -1.01
     -0.79      1.26     -0.05
      0.17      2.21      0.91
      0.17      2.21      0.91
      0.17      2.21      1.86
      0.17      1.26      0.91
      0.17      0.30      0.91
      1.13      1.26      0.91
      2.08      0.30      0.91
      1.13      0.30      1.86
      1.13     -0.66      2.82
      1.13     -0.66      2.82
      1.13      0.30      1.86
      2.08      0.30      1.86
      1.13      0.30      1.86
      1.13      0.30      2.82
      1.13      0.30      1.86
      1.13      0.30      1.86
      0.17      0.30      0.91
      0.17      0.30     -0.05
      0.17      0.30     -1.01
      0.17      0.30     -0.05
     -0.79     -0.66     -0.05
      0.17     -0.66     -1.96
      0.17     -1.61     -0.05
     -0.79     -1.61     -0.05
     -0.79     -1.61     -0.05
      0.17     -1.61     -0.05
      1.13     -0.66     -0.05
      1.13     -0.66      0.91
      1.13     -0.66      0.91
      0.17     -0.66      0.91
      0.17     -1.61     -0.05
      1.13     -1.61      0.91
      1.13     -1.61     -0.05
      0.17     -2.57      0.91
      1.13     -2.57      0.91
      1.13     -1.61      0.91
      1.13      0.30      0.91
      0.17      0.30     -0.05
      0.17      1.26     -0.05
      0.17      2.21     -0.05
      0.17      1.26     -0.05
      1.13      1.26      0.91
      0.17      1.26      0.91
     -0.79      0.30     -0.05
     -0.79      0.30     -0.05
     -0.79      0.30     -0.05
     -0.79      0.30     -0.05
      0.17      0.30      0.91
     -0.79      0.30      0.91
     -0.79      0.30      0.91
     -0.79      0.30     -0.05
     -0.79      0.30     -0.05
      0.17     -0.66     -1.01
      0.17     -0.66     -0.05
     -0.79     -0.66     -1.01
     -0.79     -1.61     -1.01
     -0.79     -1.61     -1.96
     -0.79     -1.61     -1.96
     -0.79     -1.61     -1.96
     -0.79     -1.61     -1.96
     -0.79     -1.61     -1.96
     -0.79     -0.66     -1.01
     -0.79     -0.66     -1.01
     -0.79     -0.66     -1.01
     -1.74     -0.66     -1.01
     -1.74     -0.66     -1.01
     -1.74     -0.66     -0.05
     -1.74     -0.66      0.91
     -1.74     -0.66      0.91
     -0.79      0.30     -0.05
     -0.79      0.30     -1.01
      0.17      0.30     -0.05
      0.17      0.30     -0.05
      0.17      0.30     -0.05
     -0.79      0.30     -0.05
      0.17      0.30     -0.05
      0.17      0.30      0.91
      0.17      0.30      0.91
      0.17      0.30      1.86
      0.17     -0.66      0.91
      0.17     -0.66      0.91
      1.13     -1.61      0.91
      0.17     -0.66     -0.05
      0.17     -0.66     -1.01
      0.17     -1.61     -1.01
      1.13     -1.61     -0.05
      0.17     -2.57     -0.05
      0.17     -1.61     -0.05
      0.17     -0.66      0.91
      0.17      0.30      1.86
      0.17      0.30      0.91
      1.13     -0.66      0.91
      1.13      0.30      0.91
      0.17     -0.66     -0.05
      0.17      0.30      0.91
      1.13      0.30      0.91
      1.13      0.30      0.91
      0.17      0.30     -0.05
      0.17     -0.66     -0.05
      0.17     -0.66     -1.01
      1.13      0.30     -1.96
      0.17      0.30     -1.96
      0.17      0.30     -1.01
     -0.79      0.30     -1.01
      0.17      0.30     -1.01
      0.17      1.26     -0.05
      0.17      1.26      0.91
      2.08      0.30     -0.05
      2.08      0.30     -0.05
      1.13     -0.66      0.91
      0.17     -1.61     -0.05
      0.17     -1.61     -0.05
      0.17     -1.61      0.91
     -0.79     -1.61      0.91
     -0.79     -0.66     -0.05
     -0.79      0.30     -1.01
     -0.79      0.30     -1.01
     -0.79      0.30     -1.01
     -0.79      1.26     -1.96
     -0.79      0.30     -1.96
      0.17      0.30     -1.01
      0.17      0.30     -1.01
     -0.79      0.30     -1.01
      0.17      0.30     -1.01
      0.17      0.30     -0.05
      0.17     -0.66     -0.05
      0.17      0.30     -0.05
      0.17      0.30     -1.01
      0.17      0.30     -1.01
      0.17     -0.66     -1.01
      1.13     -0.66     -0.05
      1.13      0.30     -0.05
      1.13      1.26     -0.05
      1.13      2.21      0.91
      2.08      2.21      0.91
      2.08      2.21      1.86
      1.13      2.21      1.86
      1.13      0.30      1.86
      1.13      0.30      1.86
      1.13      0.30      1.86
      1.13      0.30      0.91
      0.17      0.30      0.91
      0.17      1.26      0.91
      1.13      1.26     -0.05
      2.08      1.26     -1.01
      2.08      1.26      0.91
      1.13      2.21     -0.05
      1.13      2.21     -1.01
      0.17      1.26     -0.05
     -0.79      0.30     -0.05
      1.13      0.30     -1.01
      1.13     -0.66     -1.01
      0.17      0.30     -1.01
      1.13      0.30     -0.05
     -0.79     -0.66     -0.05
      0.17      0.30     -0.05
      0.17      0.30      0.91
      0.17      1.26     -0.05
      1.13      2.21     -0.05
      1.13      2.21     -0.05
      0.17      2.21     -0.05
     -0.79      2.21     -0.05
     -0.79      0.30     -0.05
      0.17      0.30      0.91
     -0.79     -0.66      0.91
     -0.79     -0.66      0.91
     -1.74     -1.61      0.91
     -1.74     -0.66      0.91
     -1.74     -0.66      0.91
     -0.79     -0.66      0.91
      0.17     -0.66      0.91
     -0.79     -1.61      1.86
     -1.74     -1.61      1.86
     -1.74     -1.61      0.91
     -1.74     -1.61     -0.05
     -0.79     -2.57     -1.01
     -0.79     -1.61     -1.01
     -0.79     -0.66     -1.01
     -1.74     -1.61     -1.96
     -0.79     -1.61     -1.96
     -1.74     -1.61     -1.01
     -0.79     -1.61     -1.01
     -0.79     -1.61     -0.05
     -0.79     -1.61     -1.01
     -0.79     -0.66     -1.01
     -0.79     -0.66     -1.01
      0.17      0.30     -0.05
      1.13      0.30     -1.01
      0.17      0.30     -1.01
      0.17     -0.66     -1.96
      1.13     -0.66     -1.96
      1.13     -0.66     -2.92
      0.17      0.30     -2.92
      0.17      0.30     -2.92
      0.17      0.30     -2.92
      0.17      0.30     -1.96
      0.17      0.30     -1.01
      2.08      1.26     -1.01
      1.13      1.26     -1.01
      0.17      2.21     -1.01
      0.17      2.21     -1.96
      2.08      3.17     -1.96
      1.13      3.17     -1.96
      2.08      2.21     -1.96
      2.08      2.21     -1.01
      1.13      1.26     -1.01
      0.17      1.26     -0.05
      1.13      1.26     -0.05
      2.08      0.30     -0.05
      1.13      0.30      0.91
      1.13     -0.66     -0.05
      1.13     -0.66     -1.01
      1.13     -0.66     -1.01
      0.17     -0.66     -1.01
     -0.79      0.30     -1.96
      0.17     -0.66     -1.01
      1.13      0.30     -1.01
      1.13      1.26     -0.05
      1.13      1.26      0.91
      1.13      0.30      0.91
      1.13      0.30      1.86
      1.13     -0.66      0.91
      1.13     -0.66      1.86
      1.13      0.30      1.86
      1.13      1.26      0.91
      1.13      2.21      1.86
      1.13      1.26      1.86
      2.08      1.26      2.82
      1.13      1.26      2.82
      0.17      0.30      2.82
      0.17      0.30      1.86
      0.17      0.30      1.86
      0.17      0.30      1.86
      0.17      0.30      0.91
     -0.79      0.30      2.82
     -0.79      0.30      2.82
     -0.79      0.30      2.82
      0.17      0.30      3.78
     -0.79      1.26      3.78
     -0.79      0.30      2.82
     -0.79      0.30      3.78
     -0.79     -0.66      2.82
      0.17     -1.61      2.82
      0.17     -1.61      1.86
      0.17     -1.61      0.91
     -0.79     -0.66     -0.05
     -1.74     -1.61     -1.01
     -1.74     -0.66     -0.05
     -0.79     -0.66     -0.05
     -1.74     -0.66     -0.05
     -0.79     -1.61     -0.05
     -1.74     -0.66     -1.01
     -0.79     -0.66     -1.01
     -0.79     -0.66     -1.96
     -0.79      0.30     -1.96
     -1.74     -0.66     -1.01
     -0.79     -1.61     -1.01
     -1.74     -1.61     -1.01
     -1.74     -1.61     -1.01
     -1.74     -1.61     -1.01
     -2.70     -0.66     -1.01
     -2.70     -0.66     -1.01
     -1.74      0.30     -1.01
     -0.79      0.30     -1.96
     -0.79      0.30     -1.96
     -0.79      0.30     -1.01
      0.17      0.30     -1.01
      0.17      0.30     -0.05
      0.17     -0.66     -0.05
      0.17      0.30     -1.01
     -0.79      0.30     -1.01
     -0.79      1.26     -1.01
     -1.74      2.21     -1.01
     -0.79      2.21     -1.96
      0.17      1.26     -1.96
     -0.79      1.26     -1.01
     -1.74      1.26     -1.01
     -1.74      1.26     -1.01
     -0.79      1.26     -0.05
     -0.79      2.21     -0.05
     -0.79      2.21     -0.05
      0.17      1.26     -0.05
     -0.79      0.30     -0.05
      0.17      0.30     -0.05
      0.17      1.26     -0.05
      0.17      1.26     -0.05
     -0.79      2.21     -1.01
     -0.79      2.21     -1.01
     -1.74      1.26     -1.01
     -0.79      1.26     -1.01
     -1.74      1.26     -1.01
     -0.79      0.30      0.91
     -1.74     -0.66     -0.05
     -1.74     -0.66     -0.05
     -0.79     -0.66     -0.05
     -0.79     -0.66     -0.05
