********************************************************************************
                       INSTITUTO DE INGENIERIA, UNAM
                   Coordinacion de Instrumentacion Sismica
  Ciudad Universitaria, Apartado Postal 70-472, Coyoacan 04510, Mexico, D.F.
 Tel.(52-5)622-3414    Fax.(52-5)616-1514    e-mail: isismica@pumas.iingen.unam.mx
**************************************************************************************
ARCHIVO ESTANDAR DE ACELERACION:
VERSION DEL FORMATO                    : 2.0
NOMBRE DEL ARCHIVO                     : OCTT8706.091
FECHA Y HORA DE CREACION               : Thu Mar 19 02:48:03 1998
REF. CATALOGO ACELEROGRAMAS, SMIS 1995 : REGISTRO No. 950 /PAG. 111


================================================================================
DATOS DE LA ESTACION:
NOMBRE DE LA ESTACION                  : EL OCOTITO
CLAVE DE LA ESTACION                   : OCTT
LOCALIZACION DE LA ESTACION            : ESCUELA CREPE, A 20 KM DE TIERRA COLORADA, CARRETERA
                                       : FEDERAL CHILPANCINGO-ACAPULCO. OCOTITO 
                                       : 
                                       : 
                                       : 
COORDENADAS DE LA ESTACION             : 17.25267 LAT. N
                                       : 99.50587 LONG. W
ALTITUD (msnm)                         : 718
TIPO DE SUELO                          : ROCA
                                       : 
                                       : 
INSTITUCION RESPONSABLE                : INSTITUTO DE INGENIERIA UNAM 
                                       : 

================================================================================
DATOS DEL ACELEROGRAFO: 
MODELO DEL ACELEROGRAFO                : DCA-333
NUMERO DE SERIE DEL ACELEROGRAFO       : 104
NUMERO DE CANALES                      : 3
ORIENTACION C1-C6 (rumbo;orientacion)  : /V/N90E/N00E
ORIENTACION C7-C12 (rumbo;orientacion) :
VEL. DE MUESTREO, C1-C6 (muestras/s)   : /100/100/100
VEL. DE MUESTREO, C7-C12 (muestras/s)  :
ESC. COMPLETA DE SENSORES, C1-C6, (g)  : /2/2/2
ESC. COMPLETA DE SENSORES, C7-C12 (g)  :
FREC. NAT. DE SENSORES, C1-C6, (Hz)    : /29.0/30.0/30.0
FREC. NAT. DE SENSORES, C7-C12 (Hz)    :
AMORTIGUAMIENTO DE SENSORES, C1-C6     : /0.7/0.7/0.70
AMORTIGUAMIENTO DE SENSORES, C7-C12    :
INTERVALO DE MUESTREO, C1-C6 (s)       : /0.01/0.01/0.01
INTERVALO DE MUESTREO, C7-C12 (s)      :
UMBRAL DE DISPARO, C1-C6 (Gal)         : /6/6/6
UMBRAL DE DISPARO, C7-C12 (Gal)        :
MEMORIA DE PREEVENTO (s)               : 4
TIEMPO DE POSEVENTO (s)                : 15


================================================================================
DATOS DEL SISMO:
FECHA DEL SISMO [GMT]                  : 1987/06/09
HORA EPICENTRO (GMT)                   : 15:37:05.4
MAGNITUD(ES)                           : /Mb=4.20/Mc=4.00
COORDENADAS DEL EPICENTRO              : 16.943 LAT. N 
                                       : 99.844 LONG. W 
PROFUNDIDAD FOCAL (km)                 : 30 
FUENTES DE LOS DATOS EPICENTRALES      : INSTITUTO DE INGENIERIA UNAM
                                       : 

================================================================================
DATOS DE ESTE REGISTRO:
HORA DE LA PRIMERA MUESTRA (GMT)       : 15:37:18.00
EXACTITUD DEL TIEMPO (s)               : 1.00
DURACION DEL REGISTRO (s), C1-C6       : /16.87/16.87/16.87                      
DURACION DEL REGISTRO (s), C7-C12      : 
NUM. TOTAL DE MUESTRAS, C1-C6          : /1687/1687/1687                       
NUM. TOTAL DE MUESTRAS, C7-C12         : 
ACEL. MAX.(Gal), C1-C6                 : /-9.77/21.76/-8.48                    
ACEL. MAX., C1-C6, EN LA MUESTRA       : /199/215/168                          
ACEL. MAX.(Gal), C7-C12                : 
ACEL. MAX., C7-C12,EN LA MUESTRA       : 
UNIDADES DE LOS DATOS                  : Gal (cm/s/s)
FACTOR DE DECIMACION                   : 1
FORMATO DATOS (FORTRAN,10 campos/dato) : 3F10.2


================================================================================
CALIDAD DEL ACELEROGRAMA:
REGISTRO DIGITAL COMPLETO CON TIEMPO ABSOLUTO CORRECTO.


===============================================================================
COMENTARIOS:














===============================================================================
DATOS DE ACELERACION:
---------+---------+---------+---------+---------+---------+---------+---------+
   CANAL-1   CANAL-2   CANAL-3
         V      N90E      N00E
---------+---------+---------+---------+---------+---------+---------+---------+
     -1.16      0.71     -0.83
      0.76      0.71     -0.83
      1.71      0.71     -0.83
      1.71     -0.25     -1.78
      1.71     -1.21      1.09
      0.76     -1.21      1.09
     -1.16      0.71      1.09
     -1.16      1.66     -0.83
     -1.16      1.66     -0.83
     -0.20      0.71      0.13
     -0.20      2.62      1.09
      0.76      1.66      1.09
      1.71     -0.25      0.13
      0.76     -1.21      0.13
      0.76     -1.21      0.13
      0.76     -0.25      1.09
      0.76     -1.21      1.09
     -0.20     -0.25      0.13
     -1.16      0.71      0.13
     -0.20      0.71      1.09
     -1.16      0.71      0.13
     -1.16      1.66      0.13
     -0.20      0.71      1.09
      0.76     -0.25      1.09
      0.76     -1.21      1.09
      0.76     -2.16      1.09
      0.76      0.71      1.09
      0.76      0.71     -0.83
     -0.20     -0.25     -0.83
     -0.20     -1.21     -0.83
     -0.20     -0.25      1.09
     -0.20      0.71      0.13
     -1.16      1.66     -0.83
     -1.16      1.66     -0.83
     -1.16      1.66      1.09
     -0.20      2.62      1.09
      0.76      1.66      1.09
      0.76      0.71      1.09
      1.71      0.71      1.09
      2.67     -1.21      0.13
      1.71     -2.16      0.13
      0.76     -2.16     -0.83
     -1.16     -1.21     -0.83
     -2.11     -2.16     -0.83
     -2.11     -1.21      0.13
     -0.20     -0.25      0.13
     -0.20      0.71      0.13
     -0.20      1.66      0.13
     -0.20      1.66      0.13
      1.71      0.71     -0.83
      0.76     -0.25     -1.78
     -0.20     -1.21     -0.83
     -1.16     -0.25      1.09
     -0.20      0.71      2.04
      1.71      1.66      2.04
      0.76      0.71      1.09
      0.76      0.71      0.13
      0.76      1.66      1.09
      1.71      1.66      1.09
      1.71     -0.25     -0.83
      0.76     -0.25     -0.83
     -0.20     -0.25     -1.78
     -2.11     -0.25     -2.74
     -3.07     -0.25     -2.74
     -4.03     -1.21     -0.83
     -2.11     -1.21      1.09
     -0.20      0.71      2.04
      1.71      2.62      2.04
      3.63      2.62      2.04
      3.63      1.66      2.04
      2.67     -0.25      1.09
      1.71     -2.16      0.13
      0.76     -2.16     -1.78
     -0.20     -2.16     -1.78
     -1.16     -1.21     -2.74
     -2.11     -1.21     -1.78
     -2.11      0.71     -0.83
     -2.11      2.62      0.13
     -1.16      2.62      1.09
     -0.20      3.58      2.04
     -0.20      2.62      1.09
      1.71      1.66      1.09
      1.71     -0.25      0.13
      0.76     -2.16      0.13
     -0.20     -2.16     -0.83
      0.76     -1.21     -0.83
      0.76     -1.21     -0.83
      0.76     -1.21      0.13
     -1.16     -0.25      1.09
     -2.11      0.71      1.09
     -0.20      0.71     -0.83
     -0.20     -0.25     -1.78
     -0.20     -0.25      0.13
     -0.20     -0.25      0.13
     -1.16      1.66     -0.83
     -2.11      2.62     -0.83
     -1.16      0.71      1.09
     -0.20     -0.25      1.09
      1.71      0.71      1.09
      2.67      1.66      1.09
      2.67      0.71      2.04
      1.71     -0.25      1.09
      0.76     -0.25     -0.83
     -1.16     -1.21     -1.78
     -0.20     -1.21     -2.74
      0.76     -1.21     -2.74
     -2.11     -1.21     -1.78
     -1.16     -0.25     -0.83
     -1.16      1.66      1.09
     -1.16      2.62      1.09
     -1.16      2.62      0.13
     -1.16      1.66      1.09
     -0.20      0.71      3.00
      1.71      0.71      3.00
      1.71     -0.25      3.00
      1.71     -2.16      1.09
      0.76     -2.16      1.09
     -0.20     -1.21     -1.78
     -1.16      0.71     -2.74
     -0.20     -0.25     -2.74
      0.76     -0.25     -1.78
      0.76     -0.25     -0.83
      0.76      0.71      0.13
     -0.20      0.71      0.13
     -1.16      1.66      0.13
     -2.11      1.66      0.13
     -1.16      2.62      1.09
     -1.16      2.62      1.09
     -0.20      0.71      0.13
      1.71     -0.25     -0.83
      3.63     -1.21     -1.78
      3.63     -2.16     -1.78
      2.67     -2.16     -0.83
      1.71     -2.16      1.09
      0.76     -2.16      1.09
     -0.20     -2.16      0.13
     -0.20     -0.25     -0.83
     -1.16      1.66      0.13
     -2.11      2.62      1.09
     -2.11      2.62      3.00
     -1.16      2.62      3.96
     -1.16      0.71      3.00
     -2.11      0.71      1.09
     -2.11      1.66      1.09
     -2.11     -0.25      1.09
     -2.11     -4.08      1.09
     -2.11     -5.99      1.09
     -1.16     -4.08      0.13
      1.71      0.71      1.09
      1.71      6.45      1.09
      3.63      7.41      1.09
      2.67      6.45     -0.83
      0.76      3.58     -3.70
     -1.16     -0.25     -4.66
     -1.16     -5.04     -5.61
     -1.16    -10.78     -3.70
     -2.11    -10.78     -2.74
     -4.99     -6.95     -2.74
     -6.90     -1.21     -2.74
     -6.90      2.62     -0.83
     -4.03      7.41      3.96
      1.71     11.23      6.83
      7.46     13.15      5.87
      7.46      7.41      3.96
      6.50     -1.21      1.09
      4.59     -9.82     -0.83
      1.71    -13.65     -2.74
     -1.16    -11.73     -6.57
     -3.07     -5.04     -8.48
     -4.03      2.62     -8.48
     -2.11      8.36     -4.66
     -1.16     10.28     -2.74
     -0.20     14.11     -2.74
      0.76     15.06      1.09
      2.67     12.19      5.87
      1.71      5.49      7.79
     -0.20     -4.08      4.92
     -3.07     -9.82      2.04
     -5.94    -12.69      2.04
     -3.07    -12.69      3.00
      0.76    -12.69      3.00
      2.67    -10.78      1.09
      0.76     -8.86     -3.70
      1.71     -7.91     -4.66
      1.71     -6.95     -2.74
      2.67     -1.21     -2.74
      0.76      6.45     -4.66
     -2.11     10.28     -6.57
     -4.99     12.19     -2.74
     -4.99     14.11      3.00
     -3.07     15.06      5.87
      0.76     12.19      3.00
      2.67      6.45      0.13
      3.63     -0.25      0.13
      5.54     -7.91      2.04
      7.46    -14.61      3.00
      6.50    -16.52      1.09
      0.76    -14.61     -2.74
     -5.94     -8.86     -3.70
     -9.77     -4.08     -1.78
     -8.81     -0.25      1.09
     -4.99      2.62      1.09
     -1.16      8.36     -1.78
      2.67     12.19     -3.70
      4.59      9.32     -3.70
      3.63      2.62     -0.83
      2.67     -2.16      2.04
      2.67     -0.25      4.92
      3.63      2.62      4.92
      1.71     -0.25      1.09
     -1.16     -5.99     -0.83
     -3.07     -9.82     -0.83
     -4.03     -7.91      1.09
     -4.99      2.62      3.00
     -4.03     16.02      2.04
     -2.11     21.76      1.09
      1.71     13.15      1.09
      5.54      3.58      0.13
      5.54     -0.25     -3.70
      4.59      0.71     -5.61
      2.67     -1.21     -5.61
      1.71    -10.78     -5.61
     -1.16    -19.39     -2.74
     -4.03    -19.39      1.09
     -6.90    -10.78      3.96
     -5.94     -2.16      1.09
     -3.07      4.54     -2.74
     -1.16     12.19     -2.74
      0.76     14.11      1.09
      5.54      7.41      4.92
      5.54     -1.21      3.00
      1.71     -3.12      1.09
     -2.11     -2.16     -1.78
     -2.11     -3.12      0.13
     -2.11     -4.08      2.04
     -2.11     -0.25      1.09
     -4.03      2.62     -2.74
     -3.07      1.66     -3.70
     -1.16     -3.12      1.09
      1.71     -4.08      4.92
      4.59      0.71      3.00
      2.67      4.54     -1.78
     -1.16      3.58     -5.61
     -3.07     -0.25     -4.66
     -2.11     -3.12     -1.78
      1.71     -2.16     -1.78
      1.71     -1.21     -3.70
      1.71     -0.25     -3.70
     -0.20      0.71     -0.83
     -3.07      0.71      1.09
     -4.03      0.71      3.96
     -2.11      4.54      7.79
     -1.16     10.28      6.83
     -0.20     14.11      2.04
      1.71      8.36     -0.83
      2.67     -2.16     -0.83
      1.71     -5.04      0.13
      0.76     -4.08      1.09
      0.76     -5.04     -1.78
      0.76     -5.99     -1.78
     -1.16     -5.04     -3.70
     -2.11     -1.21     -3.70
     -0.20      0.71     -2.74
      2.67      2.62     -2.74
      4.59      0.71     -3.70
      2.67     -3.12     -5.61
     -1.16     -5.04     -3.70
     -3.07     -5.99      1.09
     -3.07     -4.08      4.92
     -3.07      0.71      4.92
     -4.03      3.58      3.00
     -3.07      3.58      1.09
     -0.20      2.62      2.04
      3.63      4.54      2.04
      5.54      6.45      1.09
      6.50      6.45     -0.83
      5.54      3.58     -1.78
      1.71     -0.25     -0.83
     -2.11     -3.12      1.09
     -4.99     -5.04      1.09
     -5.94     -4.08     -0.83
     -5.94     -2.16     -0.83
     -4.03     -1.21     -1.78
     -0.20     -1.21     -0.83
      2.67      0.71      2.04
      5.54      4.54      3.96
      5.54      7.41      1.09
      2.67      5.49     -0.83
     -0.20      0.71     -2.74
     -2.11     -3.12     -1.78
     -3.07     -5.04     -0.83
     -4.99     -7.91     -2.74
     -6.90     -6.95     -2.74
     -4.99     -3.12     -1.78
     -2.11     -0.25      0.13
      2.67      0.71      1.09
      5.54      3.58      2.04
      8.41      6.45      2.04
      8.41      4.54      1.09
      3.63      0.71      1.09
     -1.16     -2.16     -0.83
     -5.94     -1.21     -2.74
     -6.90     -0.25     -2.74
     -5.94     -0.25     -1.78
     -2.11      1.66      0.13
     -0.20      4.54      2.04
     -0.20      6.45      2.04
     -1.16      3.58      1.09
     -1.16     -0.25      1.09
      0.76     -5.04      1.09
      3.63     -9.82      1.09
      4.59     -9.82      1.09
      3.63     -7.91     -0.83
      2.67     -5.99     -3.70
     -0.20     -2.16     -3.70
     -2.11      3.58     -2.74
     -2.11      9.32     -0.83
     -1.16     11.23      1.09
     -0.20     10.28      2.04
      0.76      6.45      2.04
      0.76      2.62      1.09
     -1.16     -0.25      1.09
     -4.03     -0.25      1.09
     -4.03     -0.25      1.09
     -3.07      0.71      1.09
     -2.11      2.62      1.09
      0.76      2.62      1.09
      5.54     -0.25      1.09
      6.50     -1.21      1.09
      5.54     -1.21      1.09
      3.63     -3.12     -1.78
     -0.20     -5.04     -5.61
     -4.03     -8.86     -4.66
     -6.90     -9.82     -1.78
     -5.94     -5.99      0.13
     -3.07     -2.16      0.13
     -1.16     -0.25      0.13
     -0.20      3.58      1.09
      1.71      6.45      1.09
      1.71      8.36      1.09
      1.71      7.41      1.09
      2.67      5.49      1.09
      2.67      3.58      1.09
      1.71      0.71     -0.83
     -0.20     -3.12     -0.83
     -1.16     -4.08     -2.74
     -2.11     -4.08     -3.70
     -2.11     -0.25     -3.70
     -1.16      1.66     -3.70
     -0.20      1.66     -1.78
      0.76     -0.25      0.13
      0.76     -1.21      2.04
      1.71     -1.21      3.00
      1.71     -2.16      2.04
      1.71     -3.12      1.09
     -0.20     -4.08     -0.83
     -3.07     -3.12     -0.83
     -4.99     -0.25      1.09
     -3.07      2.62      2.04
     -0.20      3.58      2.04
      1.71      2.62      1.09
     -0.20      1.66      1.09
     -1.16      2.62     -0.83
     -0.20      3.58     -0.83
      0.76      2.62     -0.83
     -0.20      2.62     -1.78
     -0.20      1.66     -2.74
      0.76     -1.21     -3.70
      0.76     -1.21     -1.78
     -0.20     -0.25     -0.83
      0.76      0.71      1.09
      1.71      1.66      1.09
      1.71     -0.25      1.09
      0.76     -2.16      1.09
     -1.16     -4.08      1.09
     -2.11     -4.08      3.00
     -2.11     -1.21      2.04
     -1.16      2.62      1.09
     -1.16      3.58      0.13
     -1.16      3.58     -0.83
     -0.20      2.62     -1.78
      0.76      3.58     -1.78
      1.71      2.62     -0.83
      4.59     -1.21      1.09
      2.67     -4.08      1.09
      1.71     -4.08     -1.78
     -1.16     -2.16     -2.74
     -2.11     -0.25     -3.70
     -3.07      1.66     -1.78
     -3.07      2.62      1.09
     -0.20      2.62      1.09
      0.76      2.62     -0.83
      1.71      1.66      1.09
      1.71     -1.21      2.04
      1.71     -2.16      3.00
      1.71     -2.16      3.00
      0.76     -1.21      1.09
     -0.20      0.71     -0.83
     -2.11      0.71     -3.70
     -2.11     -1.21     -3.70
     -2.11     -1.21     -2.74
     -2.11      0.71     -2.74
     -2.11      0.71     -1.78
     -0.20     -0.25      1.09
      0.76     -1.21      3.00
      1.71     -0.25      3.96
      2.67      0.71      3.00
      1.71      1.66      1.09
      0.76      0.71      0.13
     -0.20      0.71      1.09
     -1.16      2.62     -0.83
     -2.11      3.58     -0.83
     -2.11      2.62      1.09
     -1.16     -1.21      1.09
      0.76     -3.12      1.09
      1.71     -2.16     -0.83
      1.71     -1.21     -2.74
      0.76     -2.16     -2.74
     -0.20     -2.16     -3.70
     -0.20     -1.21     -3.70
     -0.20      1.66     -2.74
     -1.16      2.62     -1.78
     -0.20      0.71      1.09
     -0.20     -0.25      3.00
     -0.20     -0.25      3.96
     -1.16     -0.25      3.00
     -2.11     -1.21      1.09
     -1.16     -1.21      1.09
     -0.20     -0.25      0.13
      0.76      0.71     -0.83
      1.71      2.62     -1.78
      0.76      3.58     -1.78
      0.76      2.62     -0.83
      0.76      0.71     -0.83
     -0.20     -1.21     -0.83
     -2.11     -3.12      1.09
     -3.07     -4.08      1.09
     -2.11     -3.12      1.09
     -2.11     -0.25      1.09
     -0.20      0.71      1.09
      0.76      2.62      1.09
      0.76      2.62      2.04
      0.76      1.66      1.09
      1.71      0.71     -0.83
      0.76     -1.21     -1.78
     -0.20     -2.16     -2.74
     -0.20     -0.25     -0.83
     -1.16      0.71      0.13
     -1.16     -0.25      1.09
     -1.16      0.71      1.09
     -1.16      1.66      1.09
     -0.20      1.66      2.04
      0.76      2.62      1.09
      0.76      3.58     -0.83
     -1.16      2.62      0.13
     -1.16      0.71      1.09
      0.76     -0.25      2.04
      2.67      0.71      1.09
      2.67     -0.25     -0.83
      1.71     -0.25     -3.70
      0.76     -2.16     -4.66
     -0.20     -3.12     -4.66
     -1.16     -2.16     -4.66
     -1.16      0.71     -3.70
     -2.11      0.71     -0.83
     -1.16     -0.25      2.04
     -1.16      1.66      1.09
     -1.16      2.62      1.09
     -0.20      1.66      2.04
      1.71     -0.25      2.04
      3.63     -0.25      1.09
      3.63     -1.21      0.13
      2.67     -3.12      0.13
     -0.20     -3.12      0.13
     -2.11     -1.21      1.09
     -3.07      0.71      0.13
     -4.03      2.62      0.13
     -2.11      2.62     -0.83
     -1.16      1.66      0.13
     -0.20     -0.25      1.09
      0.76     -1.21      1.09
      0.76     -1.21      1.09
      0.76     -1.21     -0.83
      0.76     -1.21      1.09
      0.76     -1.21      1.09
      1.71     -0.25      0.13
     -0.20     -0.25     -0.83
     -1.16      0.71     -0.83
     -0.20      0.71     -0.83
     -0.20     -1.21      0.13
     -1.16     -2.16      0.13
     -1.16     -1.21     -0.83
     -1.16     -0.25      0.13
     -2.11      0.71      1.09
     -2.11      1.66     -0.83
     -0.20      1.66     -1.78
      0.76      1.66     -1.78
      1.71      0.71     -0.83
      1.71     -0.25      1.09
      1.71     -1.21      2.04
      1.71     -1.21      2.04
     -1.16      0.71      1.09
     -2.11      2.62      1.09
     -1.16      4.54      2.04
     -1.16      3.58      2.04
     -0.20      1.66      1.09
      0.76      0.71     -0.83
     -0.20     -0.25     -3.70
     -0.20     -1.21     -3.70
     -0.20     -2.16     -3.70
      0.76     -2.16     -2.74
      0.76     -0.25     -0.83
      0.76      0.71      1.09
      0.76      0.71      1.09
     -0.20      0.71      2.04
     -1.16      0.71      2.04
     -1.16      1.66      3.00
     -1.16      1.66      1.09
      0.76     -0.25     -0.83
     -0.20     -2.16     -1.78
     -1.16     -3.12     -1.78
     -0.20     -2.16     -0.83
     -0.20      0.71     -1.78
     -1.16      0.71      0.13
     -0.20      0.71      0.13
     -0.20      0.71      1.09
     -0.20      0.71      1.09
     -0.20      0.71      1.09
      0.76     -0.25      1.09
      0.76     -0.25     -1.78
     -0.20      0.71     -2.74
     -0.20     -0.25     -2.74
     -0.20     -2.16     -0.83
     -0.20     -2.16     -0.83
     -0.20     -1.21     -0.83
     -0.20     -1.21     -0.83
     -0.20     -1.21      0.13
     -1.16     -0.25      1.09
     -2.11      0.71      1.09
     -2.11      2.62      1.09
     -1.16      4.54      1.09
      0.76      4.54      1.09
      1.71      3.58      0.13
      2.67      0.71      0.13
      1.71     -1.21      0.13
      0.76     -1.21      0.13
     -2.11     -0.25      1.09
     -2.11     -0.25      1.09
     -0.20     -1.21      2.04
     -0.20     -1.21      2.04
     -0.20     -0.25      1.09
     -0.20      0.71      0.13
     -0.20      0.71     -0.83
     -0.20      0.71     -1.78
     -0.20      0.71     -1.78
     -0.20     -0.25     -0.83
     -0.20     -1.21      0.13
     -0.20     -1.21      0.13
     -0.20      1.66     -0.83
     -0.20      2.62     -0.83
     -0.20      1.66      0.13
     -0.20      0.71      1.09
      0.76     -0.25      1.09
     -0.20      0.71      1.09
      0.76      0.71     -0.83
     -0.20     -0.25     -0.83
     -0.20     -0.25      1.09
     -1.16      0.71      1.09
     -1.16      1.66      0.13
     -2.11      1.66      1.09
     -2.11      1.66      1.09
     -1.16      1.66      1.09
      0.76      0.71      1.09
      1.71     -0.25     -0.83
      1.71     -1.21     -1.78
      0.76     -2.16     -1.78
     -0.20     -2.16     -1.78
     -1.16     -1.21     -1.78
     -0.20     -0.25     -0.83
     -0.20     -0.25      0.13
      0.76     -1.21      0.13
     -0.20     -0.25      1.09
     -1.16      0.71      1.09
     -1.16      1.66      0.13
     -0.20      1.66      2.04
     -0.20      1.66      3.00
     -0.20      1.66      2.04
      0.76      0.71      2.04
     -0.20     -1.21      0.13
     -0.20     -1.21     -1.78
      0.76      0.71     -1.78
      0.76      0.71     -0.83
      0.76     -0.25      0.13
      0.76     -0.25     -0.83
     -1.16      1.66     -0.83
     -1.16      1.66     -1.78
     -0.20     -0.25     -1.78
     -0.20     -1.21     -1.78
      0.76     -1.21     -1.78
     -0.20     -2.16     -1.78
      0.76     -2.16     -0.83
     -0.20     -2.16      0.13
     -0.20     -0.25      1.09
     -1.16      2.62      1.09
     -0.20      3.58      1.09
      0.76      2.62      2.04
      0.76      2.62      2.04
      0.76      1.66      1.09
     -0.20     -0.25      0.13
     -1.16     -2.16      0.13
     -1.16     -2.16     -0.83
     -2.11     -1.21     -0.83
     -1.16      0.71     -2.74
     -0.20      1.66     -1.78
     -0.20      1.66      1.09
      0.76      0.71      1.09
      1.71     -0.25      1.09
      1.71     -0.25      1.09
      0.76     -0.25      0.13
     -1.16     -1.21     -1.78
     -2.11     -1.21     -1.78
     -2.11     -0.25     -1.78
     -1.16      1.66     -1.78
     -0.20      2.62     -0.83
      0.76      2.62      1.09
      1.71      2.62      1.09
     -0.20      0.71      1.09
     -0.20     -0.25      1.09
     -1.16     -2.16      2.04
     -0.20     -1.21      1.09
     -0.20      0.71      1.09
      0.76      0.71      1.09
      0.76     -0.25      1.09
      0.76     -0.25      1.09
      0.76      0.71      0.13
     -0.20      0.71     -2.74
     -0.20      0.71     -2.74
     -0.20     -0.25     -3.70
     -0.20     -1.21     -1.78
     -1.16     -2.16     -1.78
     -0.20     -2.16     -0.83
     -0.20     -0.25      1.09
      0.76      2.62      2.04
      1.71      2.62      1.09
      1.71      1.66     -0.83
     -0.20     -0.25     -1.78
     -1.16     -1.21     -0.83
     -1.16     -0.25      0.13
     -0.20     -1.21      1.09
     -0.20     -2.16      1.09
     -1.16     -2.16      1.09
     -1.16     -0.25      1.09
     -1.16      2.62      0.13
     -0.20      3.58     -0.83
     -0.20      2.62     -0.83
      0.76      1.66      0.13
      1.71     -0.25      1.09
      1.71     -1.21      1.09
     -0.20     -2.16      1.09
     -2.11     -1.21      1.09
     -2.11     -0.25      0.13
     -0.20      0.71      0.13
      0.76     -0.25      0.13
      1.71     -0.25     -1.78
      1.71     -0.25     -0.83
      0.76     -0.25     -2.74
      0.76     -1.21     -0.83
     -0.20     -1.21      0.13
     -1.16     -0.25      1.09
     -0.20      0.71      1.09
     -1.16      0.71      1.09
     -1.16      0.71      1.09
     -1.16      0.71      1.09
      0.76      1.66      1.09
      1.71      1.66      0.13
      1.71      1.66      0.13
     -0.20      1.66      1.09
     -1.16     -0.25      1.09
     -1.16     -1.21      1.09
     -0.20     -2.16      0.13
     -1.16     -0.25     -0.83
     -0.20      0.71     -3.70
      0.76      0.71     -2.74
      0.76     -0.25     -0.83
      0.76     -0.25      0.13
      0.76     -1.21      0.13
      0.76      0.71     -0.83
     -0.20     -0.25     -0.83
     -1.16     -1.21      0.13
     -1.16     -1.21      1.09
     -1.16      0.71      1.09
     -1.16      1.66      1.09
     -0.20      0.71      1.09
     -0.20      0.71      1.09
     -0.20      0.71     -0.83
      0.76      0.71     -0.83
      1.71     -1.21     -0.83
      0.76     -2.16      1.09
     -0.20     -1.21      0.13
     -1.16     -0.25      0.13
     -1.16      0.71      1.09
     -1.16      1.66      1.09
     -0.20      2.62      1.09
     -0.20      0.71     -0.83
      0.76     -0.25      1.09
      0.76      0.71      0.13
     -0.20      0.71      1.09
     -1.16     -0.25      0.13
     -1.16     -0.25      1.09
     -1.16     -2.16      1.09
     -0.20     -2.16      1.09
      0.76     -1.21      1.09
      1.71      0.71      1.09
      0.76      1.66     -0.83
     -0.20      0.71     -0.83
     -0.20      0.71      0.13
     -1.16      0.71      1.09
     -1.16      0.71      1.09
     -1.16      1.66      1.09
     -0.20      1.66      0.13
     -0.20     -0.25      1.09
     -0.20     -1.21     -0.83
      0.76     -1.21     -0.83
      0.76     -1.21     -0.83
     -0.20      0.71      1.09
     -0.20      0.71      1.09
     -0.20      0.71      1.09
     -0.20      0.71      1.09
     -0.20      1.66     -0.83
      0.76      0.71     -0.83
      0.76     -0.25     -0.83
      0.76     -1.21      0.13
     -0.20     -1.21      1.09
     -1.16     -1.21      1.09
     -1.16     -1.21      1.09
     -1.16      0.71      1.09
     -0.20      0.71      1.09
     -0.20      0.71      1.09
      0.76      0.71      1.09
      0.76      2.62      1.09
      0.76      1.66      0.13
      0.76      1.66      0.13
     -0.20     -0.25     -0.83
     -0.20     -1.21     -1.78
     -1.16     -0.25     -1.78
     -0.20     -0.25     -0.83
     -0.20      0.71     -0.83
     -0.20      0.71      0.13
     -1.16     -0.25      0.13
     -0.20     -0.25      1.09
     -0.20      0.71      0.13
      0.76     -1.21      1.09
      0.76     -1.21      1.09
      0.76     -1.21      0.13
      0.76     -0.25     -0.83
     -0.20     -0.25     -0.83
     -0.20     -1.21     -0.83
     -1.16     -0.25      0.13
     -0.20      0.71      0.13
     -0.20      1.66      0.13
     -0.20      1.66      0.13
     -0.20      1.66      1.09
      0.76      0.71      1.09
      0.76     -0.25      1.09
     -0.20     -0.25      0.13
     -0.20     -0.25     -0.83
     -0.20     -1.21     -0.83
     -1.16     -1.21     -0.83
     -1.16     -1.21     -0.83
     -0.20     -1.21     -0.83
      0.76     -1.21      0.13
      0.76      0.71      0.13
      0.76      2.62      1.09
     -0.20      3.58      1.09
     -0.20      3.58      1.09
     -0.20      1.66      1.09
     -0.20     -0.25      1.09
      0.76     -1.21      1.09
     -0.20     -1.21      0.13
     -0.20     -1.21      0.13
     -1.16     -0.25      1.09
     -2.11     -0.25      1.09
     -1.16      0.71      1.09
      0.76      1.66      0.13
      2.67      0.71     -0.83
      1.71     -0.25     -0.83
      0.76     -1.21     -1.78
     -0.20     -2.16      0.13
     -1.16     -1.21      0.13
     -1.16     -1.21     -0.83
     -0.20     -0.25      0.13
     -1.16      0.71      0.13
     -0.20      0.71      0.13
     -0.20     -0.25      0.13
     -0.20     -1.21      0.13
     -0.20     -0.25     -0.83
     -0.20      0.71     -0.83
     -0.20      0.71     -0.83
     -0.20      0.71      0.13
     -0.20      0.71      0.13
     -0.20      1.66      1.09
      0.76      2.62      0.13
      0.76      2.62     -0.83
      0.76      0.71      0.13
     -1.16      0.71      0.13
     -1.16     -0.25      0.13
     -1.16     -1.21      1.09
     -1.16     -1.21      1.09
     -0.20     -1.21      1.09
     -0.20     -1.21      0.13
     -0.20     -0.25      0.13
     -0.20     -0.25      1.09
     -0.20      0.71      1.09
      0.76      1.66     -0.83
      0.76      1.66      0.13
     -0.20      1.66      1.09
     -0.20     -0.25      1.09
     -0.20      0.71      1.09
     -0.20      0.71      1.09
     -0.20     -0.25      0.13
     -0.20     -1.21     -0.83
     -1.16     -1.21     -0.83
     -1.16     -0.25     -0.83
     -0.20      0.71      0.13
     -0.20      0.71      1.09
      0.76      0.71      1.09
      0.76      1.66     -0.83
      0.76      2.62     -0.83
      0.76      2.62     -0.83
      0.76      0.71     -0.83
     -0.20     -1.21      0.13
     -1.16     -3.12      0.13
     -3.07     -3.12      0.13
     -1.16     -2.16      0.13
     -1.16     -1.21      1.09
     -0.20     -0.25      1.09
      0.76      1.66      0.13
      1.71      0.71     -0.83
      0.76      0.71     -0.83
      0.76      0.71      1.09
     -0.20      0.71      1.09
     -1.16     -0.25      0.13
     -1.16     -1.21      1.09
     -0.20     -0.25      0.13
     -1.16      0.71     -0.83
     -1.16      0.71     -0.83
     -1.16      0.71     -0.83
     -0.20      0.71      0.13
     -0.20      0.71      1.09
      0.76      0.71      0.13
      0.76      0.71      0.13
     -0.20      0.71     -0.83
     -1.16      0.71      0.13
     -1.16     -0.25      1.09
     -0.20     -0.25      1.09
      0.76     -0.25      1.09
      0.76      0.71      1.09
      0.76     -0.25      0.13
     -0.20     -1.21     -0.83
     -0.20     -1.21      1.09
     -0.20     -0.25      1.09
     -0.20     -1.21      0.13
     -0.20     -0.25     -0.83
      0.76     -0.25     -0.83
      0.76     -1.21      1.09
      0.76     -0.25      1.09
     -0.20      0.71      0.13
     -0.20      0.71     -0.83
     -0.20      0.71     -0.83
     -0.20      0.71      0.13
     -0.20      1.66      0.13
     -0.20      1.66     -0.83
     -0.20      0.71     -0.83
      0.76     -1.21      0.13
      1.71     -0.25      0.13
      0.76      0.71      0.13
     -0.20      0.71      0.13
     -0.20      0.71      1.09
     -1.16      0.71      1.09
     -0.20      0.71      1.09
     -0.20     -0.25      1.09
     -0.20     -0.25      0.13
     -0.20     -1.21     -0.83
     -0.20     -2.16     -0.83
      0.76     -1.21     -1.78
     -0.20     -1.21     -0.83
     -0.20     -0.25      1.09
     -1.16      0.71      0.13
     -0.20      0.71     -0.83
     -0.20      1.66     -0.83
     -0.20      0.71     -0.83
     -0.20      0.71     -0.83
     -0.20     -0.25     -0.83
     -0.20     -0.25      1.09
     -0.20     -1.21      1.09
     -0.20     -1.21      1.09
     -0.20     -0.25      1.09
     -0.20      0.71      1.09
     -0.20      1.66     -0.83
      0.76      1.66     -0.83
      0.76     -0.25     -0.83
     -0.20      0.71     -0.83
     -0.20      0.71      1.09
     -0.20      0.71      1.09
     -0.20     -0.25      0.13
     -0.20     -0.25     -0.83
     -1.16     -0.25     -0.83
     -0.20     -0.25      0.13
      0.76      0.71      0.13
     -0.20      0.71      1.09
     -0.20      0.71      1.09
     -0.20     -0.25      1.09
     -0.20     -0.25      1.09
     -0.20     -0.25      1.09
     -1.16     -0.25      1.09
     -1.16     -0.25      0.13
      0.76     -0.25      1.09
      0.76     -0.25     -0.83
      0.76     -0.25     -1.78
      0.76     -0.25     -1.78
     -0.20     -0.25     -1.78
     -0.20     -0.25     -0.83
     -0.20      0.71      0.13
     -0.20     -0.25      1.09
     -0.20      0.71      1.09
     -0.20      0.71      1.09
     -1.16      0.71      1.09
     -1.16     -0.25      1.09
     -0.20     -0.25      1.09
     -0.20     -0.25      0.13
      0.76      0.71      0.13
      0.76      0.71      0.13
      0.76     -0.25     -0.83
      1.71      0.71     -0.83
      0.76     -0.25      0.13
     -0.20     -0.25      0.13
     -1.16     -1.21      1.09
     -1.16     -0.25      1.09
     -1.16      0.71      1.09
     -1.16      0.71      1.09
     -3.07     -0.25      1.09
     -1.16      0.71      0.13
      0.76     -0.25     -0.83
      1.71     -0.25     -0.83
      1.71      0.71     -0.83
      1.71     -0.25      0.13
     -0.20     -0.25      0.13
     -0.20     -0.25      0.13
     -0.20      0.71     -0.83
     -1.16      0.71      0.13
     -0.20     -0.25      1.09
     -0.20      0.71      1.09
     -0.20      0.71      0.13
     -1.16     -0.25     -0.83
     -2.11     -0.25      0.13
     -1.16     -0.25      1.09
     -0.20      0.71      1.09
      0.76      0.71      0.13
      0.76     -0.25      1.09
      0.76     -0.25      1.09
      0.76      0.71      1.09
     -0.20      1.66     -0.83
     -1.16      0.71     -1.78
     -1.16     -1.21     -1.78
     -3.07     -1.21     -0.83
     -1.16     -1.21     -0.83
     -0.20     -0.25     -0.83
      0.76     -0.25      0.13
     -0.20     -0.25      1.09
     -0.20     -0.25      1.09
     -0.20      1.66      1.09
      0.76      2.62      1.09
      0.76      0.71      1.09
     -0.20     -1.21      1.09
     -0.20     -2.16      1.09
     -0.20     -1.21      0.13
     -1.16     -1.21     -0.83
     -1.16     -0.25     -2.74
     -1.16      0.71     -1.78
     -0.20      0.71     -0.83
      0.76      0.71      1.09
      0.76      0.71      1.09
      0.76      1.66      1.09
     -0.20      1.66      1.09
      0.76      0.71      0.13
     -0.20      0.71      0.13
     -0.20     -0.25      1.09
     -1.16     -0.25      1.09
     -0.20     -0.25      0.13
     -0.20     -1.21     -0.83
     -0.20     -0.25     -0.83
     -0.20     -0.25      0.13
     -0.20      0.71      1.09
      0.76      0.71      1.09
     -0.20     -0.25     -0.83
     -0.20     -0.25     -1.78
     -1.16     -0.25     -0.83
     -0.20     -0.25     -1.78
     -0.20     -0.25      0.13
      0.76     -0.25      0.13
      0.76      0.71      0.13
     -0.20      0.71      1.09
     -0.20      1.66      1.09
     -1.16      1.66      1.09
     -2.11      2.62      1.09
     -0.20      0.71      1.09
     -0.20     -1.21      0.13
     -0.20     -0.25     -0.83
     -0.20     -0.25     -0.83
     -0.20     -0.25      0.13
      0.76     -0.25      0.13
     -0.20     -0.25      0.13
     -0.20      0.71      0.13
     -0.20      0.71      1.09
     -0.20      0.71      0.13
     -1.16      0.71      0.13
     -1.16     -0.25     -0.83
     -0.20     -0.25     -0.83
     -0.20     -1.21      0.13
     -0.20     -0.25      0.13
     -0.20      0.71      1.09
      0.76     -0.25      1.09
      0.76     -0.25      1.09
     -0.20      0.71      1.09
     -0.20      0.71      1.09
     -0.20      0.71      1.09
     -0.20      0.71      1.09
     -1.16     -1.21      0.13
     -0.20     -1.21     -0.83
     -0.20     -0.25     -0.83
     -0.20      0.71     -0.83
      0.76     -0.25     -1.78
      1.71     -0.25     -1.78
      0.76     -1.21     -0.83
     -0.20      0.71      1.09
     -1.16      1.66      1.09
     -1.16      1.66      1.09
     -1.16      0.71      1.09
     -1.16     -0.25      1.09
     -0.20     -0.25      1.09
      0.76      0.71      1.09
      0.76     -0.25      0.13
      0.76     -1.21     -0.83
     -0.20     -1.21      0.13
     -0.20     -1.21      1.09
     -1.16     -0.25      1.09
     -1.16      0.71     -1.78
     -0.20      1.66     -0.83
     -0.20      0.71     -0.83
      0.76     -0.25     -0.83
     -0.20     -2.16      0.13
      0.76     -0.25     -0.83
      0.76      0.71     -0.83
     -0.20      1.66      0.13
     -1.16      1.66      0.13
     -1.16     -0.25      1.09
     -1.16     -0.25      1.09
     -1.16      0.71      1.09
     -0.20     -0.25     -0.83
     -0.20     -0.25      0.13
      0.76     -1.21      1.09
      0.76     -0.25      1.09
      0.76      0.71      0.13
      1.71      0.71      0.13
      0.76      0.71      1.09
      0.76     -0.25      1.09
      0.76     -1.21      1.09
     -0.20     -1.21      0.13
     -1.16     -0.25     -1.78
     -1.16      0.71     -1.78
     -1.16      0.71     -0.83
     -0.20      0.71      0.13
      0.76      0.71      1.09
     -0.20      1.66      1.09
      0.76      1.66      0.13
      0.76      0.71      1.09
      0.76     -0.25      1.09
     -0.20      0.71      0.13
     -0.20      0.71      0.13
     -1.16     -0.25      1.09
     -0.20     -1.21      1.09
     -0.20     -0.25      0.13
     -0.20     -0.25     -0.83
     -0.20     -0.25     -0.83
     -0.20     -0.25     -1.78
     -0.20      0.71     -0.83
     -0.20      0.71     -0.83
     -0.20      1.66      0.13
     -0.20      1.66      0.13
     -0.20      1.66      0.13
     -0.20     -0.25     -0.83
     -0.20     -1.21      0.13
      0.76     -1.21      1.09
      0.76      0.71      1.09
     -0.20     -0.25      1.09
     -0.20     -0.25      1.09
     -0.20     -0.25      0.13
     -1.16     -0.25      1.09
     -1.16     -1.21      1.09
     -0.20     -0.25     -0.83
     -0.20     -0.25     -0.83
     -0.20      0.71     -0.83
     -0.20      0.71     -0.83
     -0.20      0.71     -0.83
      0.76      0.71      0.13
      0.76     -0.25     -0.83
     -0.20     -0.25      1.09
     -0.20     -0.25      0.13
     -0.20     -0.25      0.13
     -0.20     -0.25      0.13
     -0.20     -0.25      0.13
     -0.20      0.71      0.13
     -0.20      0.71      1.09
     -0.20      0.71      0.13
      0.76      0.71      1.09
      0.76     -0.25      1.09
     -0.20     -0.25     -0.83
     -1.16      0.71      0.13
     -1.16      0.71      0.13
     -1.16     -0.25      0.13
     -0.20     -1.21      0.13
     -1.16     -1.21      0.13
      0.76     -1.21      0.13
      0.76     -0.25      1.09
      0.76     -0.25     -0.83
      0.76      0.71     -1.78
      0.76     -0.25     -1.78
     -0.20     -0.25     -0.83
     -0.20      0.71      1.09
     -0.20      0.71      1.09
     -0.20      1.66      1.09
     -0.20      1.66      0.13
     -1.16      1.66      1.09
     -0.20     -0.25      1.09
      0.76      0.71      1.09
      1.71     -0.25      1.09
      0.76     -0.25     -0.83
     -0.20     -0.25     -0.83
     -0.20     -1.21     -0.83
     -0.20     -1.21     -0.83
     -1.16     -0.25     -0.83
      0.76     -0.25      0.13
     -0.20      0.71     -0.83
     -0.20      0.71     -0.83
     -1.16     -0.25     -0.83
     -1.16     -1.21     -0.83
     -1.16     -0.25      0.13
     -0.20      0.71      1.09
     -0.20      1.66      1.09
     -0.20      1.66      1.09
     -0.20      0.71      1.09
     -0.20     -0.25      0.13
      0.76      0.71      1.09
      0.76      0.71      1.09
     -0.20      0.71      0.13
     -0.20     -0.25      0.13
     -1.16     -0.25      0.13
     -1.16     -0.25     -0.83
     -1.16     -0.25     -0.83
     -0.20     -0.25     -0.83
     -0.20     -1.21     -0.83
     -0.20     -1.21     -0.83
     -0.20     -1.21     -0.83
     -0.20     -0.25     -0.83
     -0.20      0.71      0.13
     -0.20      1.66      1.09
      0.76      1.66      1.09
      0.76      1.66      1.09
     -0.20      1.66      1.09
     -0.20      0.71      1.09
     -0.20      1.66      1.09
     -0.20      0.71      1.09
     -0.20     -0.25      1.09
     -0.20     -0.25     -0.83
      0.76     -1.21      0.13
     -0.20     -1.21      0.13
     -0.20     -1.21     -0.83
      0.76     -1.21     -0.83
     -0.20     -0.25     -0.83
     -0.20      0.71     -0.83
     -0.20      1.66      0.13
     -0.20      0.71      0.13
     -0.20     -0.25      0.13
     -0.20     -1.21      1.09
     -0.20     -1.21      0.13
     -1.16     -0.25     -0.83
     -0.20      0.71     -0.83
     -0.20      0.71      0.13
     -0.20     -0.25      0.13
     -0.20      0.71      1.09
     -0.20      1.66      0.13
      0.76      0.71      0.13
     -0.20     -0.25      1.09
     -0.20     -0.25      1.09
     -0.20     -0.25      0.13
     -0.20      0.71      1.09
     -0.20      0.71      1.09
     -0.20     -0.25      1.09
     -0.20     -0.25     -0.83
     -0.20     -0.25     -0.83
     -0.20     -0.25     -0.83
     -0.20     -0.25     -0.83
     -0.20     -0.25     -0.83
     -0.20      0.71      0.13
      0.76      0.71     -1.78
      0.76      0.71      0.13
      0.76      0.71      1.09
     -0.20      0.71      1.09
     -0.20      0.71     -0.83
     -1.16     -0.25     -0.83
     -1.16     -0.25      0.13
     -1.16     -0.25      1.09
     -0.20     -0.25      1.09
      0.76     -0.25      1.09
      0.76      0.71      1.09
     -0.20      0.71      0.13
      0.76      0.71     -0.83
     -0.20      0.71     -0.83
      0.76     -0.25     -0.83
      0.76     -0.25     -0.83
     -0.20     -0.25      0.13
     -1.16     -0.25      0.13
     -1.16     -0.25      1.09
     -1.16      0.71      1.09
     -1.16      0.71      1.09
     -1.16      1.66      0.13
     -0.20      0.71      0.13
     -0.20     -0.25     -0.83
      0.76     -1.21      0.13
     -0.20     -1.21      1.09
      0.76     -1.21      0.13
      0.76     -1.21      1.09
     -0.20      0.71      1.09
     -1.16      1.66      0.13
     -1.16      1.66     -0.83
      0.76      0.71      0.13
      0.76     -0.25      0.13
      0.76     -0.25     -0.83
      0.76      0.71     -0.83
     -0.20      0.71      0.13
     -0.20      0.71      0.13
     -1.16     -0.25     -0.83
     -0.20     -0.25      0.13
      0.76      0.71      1.09
      0.76      0.71      1.09
      0.76      0.71      1.09
     -0.20     -0.25      1.09
     -0.20     -0.25      0.13
     -1.16     -0.25      1.09
     -1.16     -0.25      1.09
     -0.20     -0.25      0.13
      0.76     -0.25     -0.83
     -0.20     -0.25     -0.83
      0.76     -0.25     -0.83
      0.76     -0.25      0.13
      0.76     -0.25      1.09
      0.76     -0.25      0.13
     -0.20      0.71      1.09
     -1.16      0.71      1.09
     -1.16     -0.25      1.09
     -0.20      0.71      0.13
     -0.20      0.71      0.13
     -0.20      0.71      0.13
      0.76     -0.25     -0.83
      0.76     -0.25     -1.78
     -0.20     -0.25     -0.83
     -0.20     -0.25     -1.78
     -0.20     -0.25     -1.78
     -0.20     -1.21      1.09
     -0.20     -0.25      0.13
     -0.20      0.71      0.13
     -0.20      0.71      0.13
     -0.20     -0.25     -0.83
     -1.16     -0.25      0.13
     -0.20      0.71     -0.83
     -0.20      0.71     -0.83
      0.76      0.71      0.13
      0.76      0.71      1.09
     -0.20     -0.25      1.09
     -0.20     -0.25      1.09
     -0.20      0.71      1.09
     -0.20      0.71      1.09
     -0.20      0.71      0.13
     -0.20     -0.25      0.13
     -0.20     -1.21     -0.83
     -0.20     -0.25     -0.83
     -0.20     -0.25     -0.83
     -0.20      0.71     -0.83
     -0.20      0.71      0.13
      0.76     -1.21      0.13
     -0.20     -1.21      1.09
     -0.20     -0.25      1.09
      0.76      0.71      1.09
     -0.20      0.71      1.09
     -0.20     -0.25     -1.78
     -0.20      0.71     -0.83
     -0.20     -0.25     -0.83
     -0.20     -0.25      0.13
     -0.20      0.71      1.09
      0.76      2.62      1.09
      0.76      1.66      1.09
      0.76      0.71      1.09
     -0.20     -0.25      0.13
      0.76     -0.25     -0.83
     -0.20     -0.25      0.13
     -0.20     -0.25      0.13
     -0.20     -0.25      1.09
      0.76     -0.25      0.13
      0.76     -0.25     -0.83
      0.76     -0.25     -0.83
     -0.20     -0.25      0.13
     -0.20     -0.25      1.09
     -0.20      0.71      1.09
     -1.16      1.66      0.13
     -0.20      0.71      0.13
     -0.20      0.71      1.09
     -0.20     -0.25      1.09
     -0.20     -0.25      1.09
     -0.20      0.71     -0.83
     -0.20      1.66      0.13
     -0.20     -0.25      1.09
     -0.20     -1.21      1.09
     -0.20     -1.21     -0.83
     -1.16     -1.21     -0.83
     -1.16      0.71     -0.83
     -0.20      0.71      0.13
     -0.20      0.71      0.13
      0.76     -0.25      0.13
      0.76     -0.25      0.13
     -0.20      0.71      0.13
     -0.20     -0.25      1.09
      0.76     -0.25      1.09
     -0.20      0.71      1.09
     -0.20      0.71      0.13
     -1.16      0.71     -0.83
     -0.20      0.71      0.13
     -0.20     -0.25      1.09
     -0.20     -0.25      1.09
     -0.20      0.71      0.13
     -0.20      0.71      1.09
     -0.20     -0.25      0.13
     -0.20     -0.25     -0.83
     -0.20     -0.25     -0.83
     -0.20      0.71     -0.83
      0.76      0.71      0.13
     -0.20      0.71      1.09
     -0.20      0.71      0.13
     -0.20     -0.25      0.13
     -0.20     -0.25     -0.83
     -0.20     -0.25     -0.83
      0.76     -0.25     -0.83
     -0.20     -0.25      0.13
     -0.20     -0.25      0.13
     -0.20     -0.25      1.09
     -0.20     -0.25      1.09
     -0.20      0.71      0.13
      0.76      1.66      0.13
      0.76      0.71      1.09
      0.76     -0.25      0.13
     -1.16     -0.25      1.09
     -1.16     -0.25      1.09
     -0.20     -0.25      1.09
     -0.20      0.71      0.13
     -0.20      0.71      0.13
     -0.20      0.71      0.13
      0.76     -0.25      0.13
     -0.20     -0.25      1.09
     -0.20     -0.25     -0.83
     -0.20     -0.25     -0.83
     -2.11     -0.25     -0.83
     -0.20     -0.25     -0.83
     -0.20     -0.25     -0.83
     -0.20      1.66      0.13
     -0.20      1.66      1.09
     -0.20      1.66      1.09
      0.76      1.66      1.09
      0.76      0.71      1.09
     -0.20     -0.25      1.09
     -0.20     -1.21      1.09
     -0.20     -1.21      1.09
     -1.16     -1.21      0.13
     -0.20     -0.25      0.13
      0.76     -0.25      0.13
      0.76      0.71     -0.83
     -0.20      0.71     -0.83
     -0.20      1.66     -0.83
      0.76      0.71     -0.83
     -0.20      0.71      0.13
     -0.20     -0.25      0.13
     -0.20     -0.25     -0.83
     -0.20     -0.25      0.13
     -0.20      0.71      1.09
     -0.20      0.71      1.09
      0.76      1.66      1.09
      0.76      0.71      1.09
      0.76     -0.25      1.09
     -0.20     -0.25      1.09
     -0.20     -1.21      1.09
     -0.20     -1.21      0.13
     -1.16     -1.21      0.13
     -0.20     -1.21     -0.83
     -0.20     -1.21     -0.83
     -0.20     -1.21     -0.83
     -0.20      0.71     -0.83
      0.76      1.66     -0.83
      0.76      1.66     -0.83
      0.76      1.66      0.13
     -0.20      1.66      1.09
     -0.20      0.71      1.09
     -0.20     -0.25      1.09
     -0.20     -0.25      1.09
     -0.20      0.71      1.09
     -0.20     -0.25     -0.83
     -0.20     -0.25      0.13
     -0.20     -1.21      0.13
     -0.20     -1.21      1.09
     -0.20     -1.21      1.09
     -0.20     -0.25      1.09
     -0.20     -0.25      1.09
     -0.20     -0.25      1.09
     -1.16     -0.25      1.09
     -0.20     -0.25      0.13
     -0.20     -0.25     -0.83
      0.76     -0.25     -0.83
      0.76     -0.25     -0.83
     -0.20     -0.25     -0.83
     -0.20     -0.25      1.09
     -0.20     -0.25      1.09
     -0.20      0.71      0.13
     -0.20      1.66      0.13
     -0.20      1.66      0.13
     -0.20      0.71      1.09
     -0.20      0.71      0.13
     -0.20      0.71     -0.83
     -0.20      0.71     -0.83
     -0.20      0.71     -0.83
     -0.20      0.71      1.09
     -0.20      0.71      1.09
      0.76      0.71      1.09
     -0.20      0.71      1.09
      0.76     -0.25     -0.83
     -0.20     -1.21     -0.83
     -0.20     -1.21     -0.83
     -0.20     -1.21     -0.83
     -0.20     -1.21     -0.83
     -0.20     -0.25     -0.83
     -0.20      0.71      1.09
     -0.20      0.71      1.09
     -0.20      0.71      1.09
     -0.20      0.71      1.09
     -0.20      0.71      0.13
     -0.20      0.71      0.13
     -0.20     -0.25      1.09
      0.76     -0.25      1.09
      0.76     -0.25      1.09
      0.76     -0.25     -0.83
     -0.20     -0.25     -0.83
     -0.20     -0.25     -0.83
     -1.16     -0.25      0.13
     -0.20     -0.25      0.13
     -0.20      0.71      0.13
     -1.16      0.71      1.09
      0.76      1.66      1.09
      0.76      0.71      1.09
     -0.20      0.71      1.09
     -0.20      0.71      0.13
      0.76      0.71      0.13
      0.76      0.71     -0.83
     -0.20     -0.25      0.13
     -0.20     -1.21      0.13
     -0.20     -1.21      1.09
     -0.20     -1.21      1.09
     -0.20     -0.25      1.09
      0.76      0.71      0.13
      0.76      0.71      0.13
      0.76     -0.25      0.13
     -0.20     -0.25     -0.83
     -0.20     -0.25     -0.83
     -0.20     -0.25      0.13
     -0.20      0.71      0.13
     -1.16     -0.25      0.13
     -1.16      0.71      0.13
     -1.16     -0.25      0.13
     -0.20      0.71      1.09
     -0.20      0.71      1.09
      0.76      0.71      1.09
     -0.20      0.71      0.13
      0.76     -0.25     -0.83
     -0.20     -1.21     -0.83
     -0.20     -1.21     -0.83
     -0.20     -1.21     -0.83
     -0.20     -0.25      0.13
     -0.20      1.66      0.13
     -0.20      1.66      0.13
     -0.20      1.66      1.09
     -0.20      1.66      1.09
     -0.20      1.66      1.09
     -0.20      0.71      0.13
     -1.16     -0.25     -0.83
     -0.20     -0.25     -0.83
     -0.20     -1.21      0.13
     -0.20     -0.25      0.13
     -0.20     -0.25      0.13
     -1.16     -0.25      1.09
     -0.20      0.71      1.09
     -0.20     -0.25      0.13
      0.76     -0.25      0.13
     -1.16     -0.25      0.13
     -0.20      0.71      0.13
     -0.20      0.71      0.13
     -0.20      1.66      0.13
     -1.16      0.71      0.13
     -0.20      0.71      0.13
     -0.20     -0.25     -0.83
      0.76     -0.25     -0.83
     -0.20     -1.21     -0.83
     -0.20     -2.16      0.13
     -0.20     -1.21      1.09
     -0.20     -0.25      1.09
     -0.20     -0.25      1.09
     -0.20      0.71      1.09
     -0.20      0.71      0.13
      0.76      0.71     -0.83
     -0.20     -0.25     -0.83
     -0.20      0.71     -0.83
     -0.20      0.71     -0.83
     -0.20      0.71      0.13
     -0.20      0.71     -0.83
     -0.20      0.71      0.13
     -0.20      0.71      0.13
     -0.20      0.71     -0.83
     -0.20     -0.25     -0.83
      0.76     -0.25      0.13
      0.76     -1.21      0.13
     -0.20     -1.21      0.13
      0.76     -0.25     -0.83
     -0.20     -0.25      0.13
     -0.20     -0.25      1.09
     -0.20      0.71      1.09
     -0.20      0.71      0.13
     -0.20      1.66     -0.83
     -1.16      1.66     -0.83
     -0.20      1.66      0.13
     -0.20      0.71      1.09
     -0.20      0.71      1.09
     -0.20      0.71      0.13
     -0.20      0.71      0.13
     -0.20     -0.25      0.13
     -0.20     -1.21      0.13
      0.76     -1.21      0.13
      0.76     -1.21      1.09
      0.76     -1.21      0.13
     -0.20     -0.25      1.09
     -1.16     -0.25      0.13
     -1.16      0.71      0.13
     -0.20      0.71      0.13
     -0.20      0.71      0.13
     -0.20      0.71     -0.83
     -0.20      0.71     -0.83
      0.76     -0.25     -0.83
      0.76     -0.25     -0.83
     -0.20     -0.25      0.13
     -0.20     -0.25      0.13
     -0.20      0.71     -0.83
     -0.20      0.71      1.09
     -0.20      0.71      1.09
     -0.20      0.71      1.09
     -1.16      0.71      1.09
     -1.16     -0.25      0.13
     -1.16     -0.25     -0.83
     -0.20      0.71      0.13
      0.76      0.71      0.13
      0.76      0.71      0.13
      0.76     -0.25      0.13
      0.76     -0.25      0.13
     -0.20     -0.25      0.13
     -0.20     -0.25      0.13
     -0.20     -0.25      0.13
     -1.16     -0.25     -0.83
     -0.20     -0.25      0.13
     -0.20      0.71     -0.83
     -0.20      0.71      0.13
      0.76      0.71      0.13
      0.76      0.71      0.13
      0.76     -0.25      0.13
      0.76      0.71      0.13
     -0.20     -0.25      1.09
     -0.20     -0.25      1.09
     -0.20     -0.25      1.09
     -0.20     -0.25      0.13
     -0.20     -0.25     -0.83
     -0.20     -0.25      0.13
     -0.20     -1.21      0.13
     -0.20     -1.21     -0.83
      0.76     -1.21      0.13
     -0.20     -0.25      1.09
     -0.20      0.71      1.09
     -0.20      0.71      0.13
     -0.20      0.71      0.13
     -0.20      0.71      0.13
     -0.20     -0.25      1.09
     -0.20      0.71      0.13
     -0.20      0.71      1.09
      0.76      0.71      0.13
     -0.20      0.71     -0.83
     -0.20     -0.25      0.13
     -0.20     -0.25      0.13
     -0.20     -0.25      0.13
     -0.20     -0.25      1.09
     -0.20     -0.25      0.13
     -0.20     -0.25      1.09
      0.76     -0.25      1.09
      0.76     -0.25      1.09
      0.76      0.71      0.13
     -0.20      0.71      0.13
     -0.20     -0.25     -0.83
     -0.20     -0.25     -0.83
     -1.16     -1.21     -0.83
     -0.20     -0.25      1.09
     -0.20     -0.25      1.09
     -0.20      0.71      1.09
     -0.20      0.71      1.09
     -0.20      0.71      0.13
     -0.20      0.71      1.09
     -0.20      0.71      0.13
     -0.20      0.71     -0.83
      0.76     -0.25     -0.83
     -0.20     -0.25      0.13
     -0.20     -1.21      1.09
     -1.16     -0.25      0.13
     -0.20     -0.25      0.13
     -0.20      0.71     -0.83
     -0.20     -0.25      0.13
     -0.20      0.71      0.13
     -1.16      0.71      0.13
     -0.20      0.71      0.13
     -0.20      0.71      1.09
     -0.20      0.71      0.13
     -0.20     -0.25      1.09
      0.76     -1.21      1.09
     -0.20     -1.21      0.13
     -0.20     -0.25      0.13
     -0.20      0.71     -0.83
     -0.20      0.71      0.13
     -0.20     -0.25      0.13
     -0.20      0.71      0.13
     -0.20      0.71      0.13
      0.76      0.71     -0.83
     -0.20     -0.25      0.13
     -0.20     -0.25     -0.83
     -0.20     -0.25     -0.83
     -0.20     -0.25      0.13
     -0.20     -1.21      1.09
     -0.20     -0.25      1.09
     -0.20      0.71      1.09
     -0.20      0.71      0.13
     -0.20      0.71      0.13
     -0.20      0.71     -0.83
     -0.20      0.71     -0.83
     -0.20     -0.25     -0.83
     -0.20     -0.25     -0.83
      0.76     -0.25      0.13
     -0.20     -0.25      0.13
     -1.16     -0.25      0.13
     -0.20     -0.25      0.13
     -0.20     -0.25      1.09
     -0.20     -0.25      1.09
     -0.20      0.71      1.09
      0.76      0.71      1.09
      0.76      0.71      0.13
     -0.20     -0.25      1.09
     -0.20      0.71      0.13
     -0.20      0.71      0.13
     -0.20      0.71     -0.83
     -0.20      0.71     -0.83
     -0.20     -0.25     -0.83
     -0.20     -0.25     -0.83
     -0.20     -0.25      0.13
     -0.20     -0.25      0.13
     -0.20     -0.25      0.13
     -0.20     -0.25      0.13
     -0.20     -0.25      0.13
     -0.20     -0.25     -0.83
     -0.20     -0.25      0.13
     -0.20     -0.25      0.13
     -0.20     -0.25     -0.83
     -0.20      0.71      1.09
     -0.20      0.71      1.09
