********************************************************************************
                       INSTITUTO DE INGENIERIA, UNAM
                   Coordinacion de Instrumentacion Sismica
  Ciudad Universitaria, Apartado Postal 70-472, Coyoacan 04510, Mexico, D.F.
 Tel.(52-5)622-3414    Fax.(52-5)616-1514    e-mail: isismica@pumas.iingen.unam.mx
**************************************************************************************
ARCHIVO ESTANDAR DE ACELERACION:
VERSION DEL FORMATO                    : 2.0
NOMBRE DEL ARCHIVO                     : OCTT9705.221
FECHA Y HORA DE CREACION               : Mon Aug 25 17:29:40 1997
REF. CATALOGO ACELEROGRAMAS, SMIS 1995 : REGISTRO NO.      /PAG.    


================================================================================
DATOS DE LA ESTACION:
NOMBRE DE LA ESTACION                  : EL OCOTITO
CLAVE DE LA ESTACION                   : OCTT
LOCALIZACION DE LA ESTACION            : Escuela "CREPE"
                                       : Carretera Chilpancingo-
                                       : Acapulco
                                       : Ocotito, Guerrero.
                                       :
COORDENADAS DE LA ESTACION             : 17.25267 LAT. N
                                       : 99.50587 LONG. W
ALTITUD (msnm)                         : 700
TIPO DE SUELO                          : ROCA
                                       :
                                       :
INSTITUCION RESPONSABLE                : INSTITUTO DE INGENIERIA UNAM
                                       :

================================================================================
DATOS DEL ACELEROGRAFO: 
MODELO DEL ACELEROGRAFO                : DCA-333
NUMERO DE SERIE DEL ACELEROGRAFO       : 104
NUMERO DE CANALES                      : 3
ORIENTACION C1-C6 (rumbo;orientacion)  : /V/N90E/N00E
ORIENTACION C7-C12 (rumbo;orientacion) :
VEL. DE MUESTREO, C1-C6 (muestras/s)   : /100/100/100
VEL. DE MUESTREO, C7-C12 (muestras/s)  :
ESC. COMPLETA DE SENSORES, C1-C6, (g)  : /2/2/2
ESC. COMPLETA DE SENSORES, C7-C12 (g)  :
FREC. NAT. DE SENSORES, C1-C6, (Hz)    : /29.0/30.0/30.0
FREC. NAT. DE SENSORES, C7-C12 (Hz)    :
AMORTIGUAMIENTO DE SENSORES, C1-C6     : /0.70/0.70/0.70
AMORTIGUAMIENTO DE SENSORES, C7-C12    :
INTERVALO DE MUESTREO, C1-C6 (s)       : /0.01/0.01/0.01
INTERVALO DE MUESTREO, C7-C12 (s)      :
UMBRAL DE DISPARO, C1-C6 (Gal)         : /6/6/6
UMBRAL DE DISPARO, C7-C12 (Gal)        :
MEMORIA DE PREEVENTO (s)               : 4
TIEMPO DE POSEVENTO (s)                : 15


================================================================================
DATOS DEL SISMO:
FECHA DEL SISMO [GMT]                  : 1997/05/22
HORA EPICENTRO (GMT)                   : 07:50:55.7
MAGNITUD(ES)                           : /Mb=5.9/Ms=6.0
COORDENADAS DEL EPICENTRO              : 18.410 LAT. N
                                       : 101.810 LONG. W
PROFUNDIDAD FOCAL (Km)                 : 59
FUENTE DE LOS DATOS EPICENTRALES       : Instituto de Geofisica, UNAM
                                       : SSN

================================================================================
DATOS DE ESTE REGISTRO:
HORA DE LA PRIMERA MUESTRA (GMT)       : 07:52:20.85 
EXACTITUD DEL TIEMPO (s)               : 0.01  
DURACION DEL REGISTRO (s), C1-C6       : /14.92/14.92/14.92                      
DURACION DEL REGISTRO (s), C7-C12      : 
NUM. TOTAL DE MUESTRAS, C1-C6          : /1492/1492/1492                       
NUM. TOTAL DE MUESTRAS, C7-C12         : 
ACEL. MAX.(Gal), C1-C6                 : /-3.24/-6.72/7.18                     
ACEL. MAX., C1-C6, EN LA MUESTRA       : /151/131/164                          
ACEL. MAX.(Gal), C7-C12                : 
ACEL. MAX., C7-C12,EN LA MUESTRA       : 
UNIDADES DE LOS DATOS                  : Gal (cm/s/s)
FACTOR DE DECIMACION                   : 1
FORMATO DATOS (FORTRAN,10 campos/dato) : 3F10.2


================================================================================
CALIDAD DEL ACELEROGRAMA:
REGISTRO DIGITAL COMPLETO, CON TIEMPO ABSOLUTO CORRECTO.


================================================================================
COMENTARIOS:
Sentido en Guadalajara y Cd. Guzman, Jal. En Mexico, D.F. fue sentido fuerte.













================================================================================
DATOS DE ACELERACION:
---------+---------+---------+---------+---------+---------+---------+---------+
   CANAL-1   CANAL-2   CANAL-3
         V      N90E      N00E
---------+---------+---------+---------+---------+---------+---------+---------+
     -0.37      1.89     -0.48
     -0.37     -0.02     -1.43
      0.59     -0.02     -2.39
      0.59     -0.02     -2.39
      0.59     -1.93     -1.43
      0.59     -1.93     -1.43
      1.54     -1.93     -0.48
      0.59     -2.89      0.48
      0.59     -3.85      2.39
      0.59     -2.89      2.39
      0.59     -2.89      1.44
      0.59     -3.85      1.44
      0.59     -3.85      0.48
      0.59     -4.81      0.48
      0.59     -4.81      0.48
      0.59     -3.85     -0.48
     -0.37     -1.93     -0.48
     -0.37     -0.98     -1.43
     -0.37     -0.02     -1.43
      0.59     -0.02     -2.39
      0.59     -0.02     -2.39
      0.59     -0.02     -3.35
      0.59     -0.02     -3.35
      0.59     -0.02     -2.39
     -0.37     -0.98     -2.39
     -0.37     -0.98     -2.39
     -0.37     -0.02     -1.43
     -0.37     -0.02     -1.43
     -0.37      0.94     -0.48
     -0.37      1.89      0.48
     -0.37      0.94      0.48
     -0.37      1.89      1.44
     -1.33      1.89      2.39
     -1.33      1.89      3.35
     -1.33      0.94      3.35
     -0.37     -0.02      3.35
     -0.37     -0.02      3.35
     -0.37     -0.02      3.35
      0.59     -0.02      3.35
      1.54     -0.02      2.39
      1.54     -0.02      1.44
      0.59     -0.02      1.44
      0.59     -0.02      1.44
     -0.37     -0.02      0.48
     -0.37      1.89      1.44
     -0.37      2.85      1.44
     -0.37      2.85      1.44
     -0.37      2.85      2.39
     -0.37      3.81      2.39
     -0.37      4.77      2.39
     -0.37      4.77      2.39
     -1.33      2.85      3.35
     -0.37      0.94      2.39
      0.59     -0.02      1.44
      0.59     -0.98      0.48
      0.59     -1.93     -0.48
      0.59     -1.93     -2.39
      0.59     -1.93     -2.39
      0.59     -1.93     -2.39
      0.59     -1.93     -3.35
      0.59     -1.93     -3.35
      0.59     -2.89     -3.35
     -0.37     -2.89     -3.35
      0.59     -2.89     -3.35
     -0.37     -1.93     -2.39
     -0.37     -1.93     -0.48
      0.59     -0.02     -0.48
      0.59     -0.02      0.48
      1.54     -0.02      1.44
      1.54      0.94      1.44
      0.59      0.94      1.44
      0.59      0.94      1.44
      0.59      0.94      1.44
     -0.37      0.94      0.48
     -1.33      0.94      1.44
     -2.28     -0.02      1.44
     -2.28     -0.02      1.44
     -1.33     -0.02      0.48
     -1.33     -0.02      0.48
     -1.33      0.94      0.48
     -0.37      0.94     -0.48
     -1.33      1.89     -0.48
     -1.33      1.89     -1.43
     -0.37      0.94     -0.48
     -0.37      1.89     -0.48
     -0.37      1.89     -0.48
     -0.37      2.85     -0.48
     -1.33      1.89     -0.48
     -1.33     -0.02     -0.48
     -2.28     -0.02     -0.48
     -2.28     -0.02     -0.48
     -1.33     -0.02     -0.48
     -1.33     -0.02      0.48
      0.59     -0.98      0.48
      0.59     -1.93      0.48
      0.59     -1.93     -1.43
      0.59     -1.93      0.48
      0.59     -1.93     -0.48
      0.59     -3.85      0.48
      0.59     -3.85      1.44
      0.59     -3.85      1.44
      0.59     -0.98      1.44
      0.59     -0.02      0.48
      0.59     -0.02     -0.48
      0.59     -0.02     -0.48
      0.59     -0.02     -0.48
      1.54      0.94     -1.43
      1.54      0.94     -1.43
      1.54      0.94     -0.48
      0.59      0.94     -0.48
      0.59     -0.02     -0.48
     -0.37     -0.02     -1.43
      0.59     -0.02     -0.48
      0.59     -0.02     -1.43
      0.59     -0.02     -1.43
      0.59     -0.02     -1.43
      0.59      0.94     -0.48
      0.59      3.81      0.48
      0.59      5.72      1.44
      1.54      5.72      0.48
      1.54      5.72      0.48
      0.59      4.77      0.48
      0.59      3.81      0.48
      0.59      2.85      0.48
      0.59      1.89      0.48
      0.59     -0.02      0.48
      0.59     -0.02      0.48
      0.59     -1.93      0.48
      0.59     -3.85      1.44
      1.54     -4.81      1.44
      0.59     -5.76      2.39
      0.59     -6.72      2.39
     -1.33     -6.72      0.48
     -0.37     -6.72      1.44
     -1.33     -5.76      1.44
     -1.33     -4.81      0.48
     -1.33     -2.89      0.48
     -0.37     -1.93      0.48
     -1.33     -0.02     -0.48
     -1.33      1.89     -1.43
     -0.37      2.85     -1.43
      0.59      3.81     -1.43
      1.54      3.81     -2.39
      1.54      3.81     -2.39
      0.59      3.81     -1.43
      1.54      2.85     -1.43
      0.59      2.85     -0.48
      0.59      0.94      0.48
      0.59      0.94      0.48
     -0.37     -0.02      0.48
      0.59     -1.93     -0.48
     -3.24     -2.89     -2.39
     -0.37     -2.89     -2.39
      0.59     -1.93     -1.43
      0.59     -0.02     -1.43
     -0.37      0.94     -0.48
     -1.33      2.85     -0.48
     -1.33      2.85      0.48
     -0.37      2.85      2.39
     -0.37      1.89      2.39
     -0.37      1.89      3.35
     -0.37      0.94      4.31
     -0.37     -0.02      6.22
     -0.37     -0.02      6.22
     -0.37     -0.02      7.18
     -1.33     -0.02      6.22
     -1.33     -0.02      4.31
     -0.37      0.94      3.35
     -0.37      0.94      2.39
     -0.37      0.94     -0.48
     -1.33      0.94     -1.43
     -3.24      0.94     -2.39
     -1.33      0.94     -3.35
     -0.37     -0.02     -3.35
     -0.37     -0.02     -2.39
     -0.37     -0.02     -3.35
      0.59     -0.02     -2.39
      0.59     -0.02     -1.43
      0.59     -0.02     -0.48
     -0.37     -0.02     -0.48
      0.59     -0.98     -0.48
     -0.37     -0.02     -1.43
     -0.37     -0.02     -0.48
      0.59     -0.02     -0.48
     -0.37     -0.02     -2.39
      0.59     -0.02     -2.39
      0.59     -0.02     -3.35
      0.59     -0.98     -4.31
      0.59     -0.02     -4.31
      0.59     -0.02     -4.31
      0.59     -0.02     -4.31
      0.59     -0.02     -3.35
      0.59     -0.02     -3.35
      0.59      0.94     -2.39
     -0.37      1.89     -1.43
     -0.37      1.89     -0.48
     -0.37      0.94      0.48
     -1.33      0.94      3.35
     -0.37      0.94      4.31
     -0.37      0.94      5.27
      0.59      0.94      4.31
     -0.37     -0.02      4.31
      0.59     -0.02      3.35
     -0.37     -0.02      2.39
     -1.33     -0.02      0.48
     -2.28     -0.98     -0.48
     -1.33     -2.89     -2.39
     -0.37     -3.85     -2.39
     -0.37     -5.76     -3.35
     -0.37     -5.76     -3.35
      0.59     -3.85     -2.39
      0.59     -3.85     -2.39
      1.54     -2.89     -1.43
      0.59     -2.89      0.48
      0.59     -0.02      1.44
      0.59      0.94      1.44
     -0.37      1.89      2.39
     -0.37      2.85      2.39
     -0.37      0.94      3.35
     -0.37      2.85      4.31
     -1.33      2.85      3.35
     -0.37      3.81      1.44
     -1.33      2.85      1.44
      0.59      1.89      0.48
      0.59      1.89     -0.48
      0.59      1.89     -0.48
      0.59      1.89     -1.43
      0.59      0.94     -1.43
      0.59      0.94     -1.43
     -0.37      0.94     -2.39
     -0.37      0.94     -2.39
     -0.37     -0.02     -2.39
     -0.37     -0.02     -1.43
     -0.37     -0.02     -1.43
     -1.33     -0.02     -1.43
     -0.37     -0.98     -0.48
     -0.37     -0.98      0.48
     -0.37     -0.02      0.48
      0.59     -0.98      0.48
     -0.37     -0.02      0.48
      0.59     -0.98      0.48
      0.59     -1.93     -0.48
     -0.37     -1.93     -1.43
     -0.37     -0.98     -1.43
     -0.37     -1.93     -0.48
     -0.37     -1.93      0.48
      0.59     -0.98      1.44
     -0.37     -0.02      1.44
     -0.37     -0.02      2.39
      0.59     -0.02      2.39
      0.59      0.94      2.39
      0.59     -0.02      1.44
      0.59     -0.02      2.39
      0.59     -0.02      2.39
     -0.37     -0.02      3.35
     -1.33     -0.02      3.35
     -2.28     -0.02      2.39
     -2.28     -0.02      3.35
     -2.28     -1.93      3.35
     -1.33     -2.89      2.39
     -0.37     -3.85      0.48
      0.59     -3.85      0.48
      1.54     -3.85      0.48
      1.54     -4.81     -1.43
      0.59     -4.81     -3.35
      0.59     -3.85     -3.35
      0.59     -1.93     -4.31
      0.59     -0.02     -5.26
      0.59     -0.02     -5.26
     -0.37     -0.02     -4.31
     -0.37     -0.02     -2.39
      0.59      0.94     -0.48
      0.59      2.85     -0.48
      0.59      3.81      0.48
      0.59      3.81      1.44
     -0.37      3.81      2.39
     -1.33      3.81      3.35
     -0.37      3.81      3.35
     -0.37      3.81      3.35
     -0.37      3.81      3.35
     -1.33      3.81      1.44
     -1.33      3.81      1.44
     -1.33      3.81     -0.48
     -1.33      2.85     -0.48
     -0.37      2.85     -1.43
     -0.37      2.85     -1.43
     -0.37      0.94     -1.43
      0.59     -0.02     -0.48
     -0.37     -0.02     -0.48
     -0.37      0.94     -0.48
     -0.37     -0.02     -0.48
     -0.37     -0.02     -0.48
     -0.37     -0.02     -0.48
      0.59     -1.93     -0.48
      0.59     -1.93     -1.43
      0.59     -1.93     -2.39
     -0.37     -0.98     -3.35
      0.59     -0.98     -3.35
     -0.37     -0.98     -2.39
      0.59     -1.93     -0.48
      0.59     -1.93      0.48
     -0.37     -1.93      0.48
     -0.37     -1.93      0.48
     -0.37     -1.93      0.48
     -0.37     -1.93      1.44
     -0.37     -0.98      1.44
     -0.37     -0.98      3.35
      0.59     -0.98      4.31
      0.59     -0.98      4.31
     -0.37     -1.93      4.31
     -0.37     -1.93      3.35
     -0.37     -0.98      2.39
     -1.33     -1.93      1.44
     -1.33     -1.93      0.48
     -1.33     -1.93      0.48
     -0.37     -1.93     -0.48
      0.59     -1.93     -0.48
      0.59     -0.98     -0.48
     -1.33     -0.98     -1.43
      0.59     -0.98     -2.39
     -0.37     -0.02     -1.43
     -0.37     -0.02     -1.43
      0.59      0.94     -2.39
      0.59      0.94     -2.39
      0.59      0.94     -1.43
      0.59      0.94     -1.43
      0.59      0.94     -1.43
      0.59      0.94     -0.48
     -0.37      0.94      0.48
     -0.37      1.89      0.48
     -0.37      1.89      0.48
     -0.37      1.89      0.48
      0.59      1.89      0.48
      0.59      0.94      0.48
      0.59     -0.02     -1.43
      0.59     -0.02     -1.43
     -0.37      0.94     -2.39
      0.59      0.94     -2.39
      0.59      0.94     -1.43
      0.59      0.94     -1.43
      0.59     -0.02     -0.48
      0.59     -0.02      0.48
     -0.37     -0.98      1.44
     -0.37     -0.98      1.44
     -1.33     -0.98      2.39
     -0.37     -0.02      2.39
     -0.37     -0.02      1.44
      0.59     -0.02      1.44
     -0.37     -0.02      1.44
      0.59     -0.02      0.48
      0.59     -0.02      0.48
      0.59     -0.02      0.48
     -0.37     -0.02     -0.48
      0.59     -0.02     -0.48
      0.59     -0.02     -0.48
      0.59     -0.02     -0.48
     -0.37     -0.02     -0.48
     -0.37      0.94      0.48
      0.59      1.89      1.44
      0.59      0.94      0.48
      0.59     -0.02      2.39
      0.59     -0.02      2.39
     -0.37     -0.02      3.35
     -0.37     -0.02      2.39
     -1.33     -0.02      1.44
     -1.33     -0.02      1.44
     -1.33     -0.02      0.48
     -0.37     -0.02     -0.48
     -0.37      0.94     -1.43
     -0.37      1.89     -1.43
     -0.37      0.94     -2.39
      0.59      0.94     -2.39
      0.59     -0.02     -1.43
      0.59     -0.02     -0.48
     -0.37     -0.02     -0.48
     -1.33     -0.02     -1.43
     -0.37     -0.02      0.48
     -0.37     -0.02      0.48
     -0.37      0.94      1.44
     -0.37     -0.02      2.39
      0.59      0.94      2.39
     -0.37     -0.02      2.39
     -0.37     -0.02      2.39
     -1.33     -1.93      2.39
     -1.33     -1.93      1.44
     -0.37     -0.98      1.44
     -0.37     -0.98     -0.48
      0.59     -0.02     -1.43
      0.59     -1.93     -2.39
      0.59     -1.93     -2.39
      0.59     -1.93     -3.35
      0.59     -1.93     -3.35
     -0.37     -1.93     -2.39
      0.59     -1.93     -2.39
     -0.37     -1.93     -1.43
     -0.37     -1.93     -0.48
     -0.37     -0.02      0.48
      0.59     -0.02      0.48
      0.59     -0.02      0.48
     -0.37      0.94      1.44
      0.59      0.94      2.39
     -0.37      1.89      2.39
      0.59      2.85      1.44
     -0.37      2.85      1.44
     -0.37      1.89      0.48
     -0.37      0.94      0.48
      0.59      0.94     -0.48
      0.59     -0.02     -1.43
      0.59     -0.02     -1.43
     -0.37     -0.02     -1.43
     -0.37     -0.02     -0.48
     -0.37     -0.02      0.48
     -0.37     -0.02      0.48
     -0.37     -0.02      0.48
     -0.37     -0.02      0.48
     -0.37     -0.02     -1.43
     -0.37      0.94     -1.43
     -1.33      1.89     -1.43
     -0.37      1.89     -0.48
      0.59      2.85     -1.43
      0.59      2.85     -1.43
      0.59      3.81     -1.43
      0.59      2.85     -0.48
      0.59      1.89      0.48
      0.59      0.94      0.48
     -0.37     -0.02      0.48
     -0.37     -0.02      1.44
     -0.37     -0.02      1.44
     -1.33     -0.98      0.48
     -0.37     -1.93      0.48
     -0.37     -2.89     -0.48
     -0.37     -2.89     -0.48
     -0.37     -2.89     -0.48
      0.59     -2.89     -0.48
     -0.37     -2.89     -0.48
     -0.37     -2.89     -0.48
     -0.37     -2.89      0.48
      0.59     -2.89     -0.48
      0.59     -2.89     -0.48
      1.54     -2.89     -1.43
      1.54     -1.93     -0.48
      0.59     -1.93     -0.48
      0.59     -0.98     -0.48
     -0.37     -0.02      0.48
     -0.37     -0.02      1.44
     -0.37     -0.02      1.44
      0.59      0.94      0.48
     -0.37      1.89      0.48
     -0.37      2.85      0.48
     -0.37      1.89      0.48
     -0.37      2.85      0.48
     -0.37      1.89     -0.48
      0.59      2.85      0.48
      0.59      3.81      0.48
      0.59      3.81      0.48
      0.59      3.81      0.48
     -0.37      3.81      0.48
     -0.37      3.81      2.39
     -0.37      5.72      2.39
     -0.37      4.77      2.39
     -0.37      3.81      2.39
     -0.37      2.85      3.35
     -0.37      1.89      2.39
     -1.33      0.94      0.48
     -1.33     -0.02      1.44
     -1.33     -1.93      1.44
     -1.33     -2.89      1.44
     -0.37     -5.76      1.44
     -0.37     -6.72      0.48
      0.59     -6.72      0.48
     -0.37     -6.72     -1.43
     -0.37     -5.76     -2.39
     -0.37     -4.81     -3.35
     -0.37     -2.89     -3.35
      0.59     -2.89     -4.31
     -0.37     -0.98     -5.26
     -0.37     -0.02     -4.31
      0.59     -0.02     -4.31
      0.59      0.94     -3.35
      0.59      1.89     -2.39
      0.59      2.85     -0.48
      0.59      2.85      0.48
     -0.37      3.81      1.44
      0.59      3.81      1.44
      1.54      3.81      1.44
      1.54      2.85      2.39
      0.59      0.94      2.39
      0.59     -0.02      1.44
      0.59     -0.02      1.44
     -0.37     -1.93      2.39
     -0.37     -1.93      2.39
     -0.37     -1.93      1.44
     -0.37     -1.93      0.48
     -0.37     -2.89     -0.48
     -0.37     -3.85     -1.43
     -0.37     -2.89     -1.43
     -0.37     -1.93     -1.43
     -0.37     -0.98     -2.39
      0.59     -0.02     -2.39
      0.59     -0.02     -1.43
      0.59      0.94     -1.43
      0.59      1.89     -0.48
      0.59      1.89     -0.48
      0.59      1.89      0.48
      0.59      1.89      0.48
      0.59      1.89      2.39
      0.59      1.89      2.39
     -0.37      0.94      2.39
     -0.37     -0.02      3.35
     -0.37     -0.02      3.35
     -1.33     -0.02      3.35
     -0.37     -0.98      2.39
      0.59     -0.02      0.48
      0.59     -0.02     -0.48
      0.59     -0.02     -1.43
      0.59     -1.93     -1.43
      0.59     -1.93     -0.48
     -0.37     -0.98     -0.48
     -0.37     -0.98     -0.48
     -1.33     -0.98      0.48
     -1.33     -1.93      1.44
     -1.33     -1.93      2.39
     -0.37     -0.98      1.44
      0.59     -0.98      1.44
      0.59     -0.02      0.48
      0.59     -0.02      0.48
      1.54     -0.02      0.48
      1.54     -0.02     -0.48
      1.54     -0.02     -0.48
      0.59     -0.02     -1.43
     -0.37     -0.02     -2.39
     -0.37      0.94     -2.39
     -0.37      0.94     -4.31
     -1.33      0.94     -4.31
     -0.37      0.94     -3.35
     -0.37     -0.02     -2.39
     -0.37     -0.02     -1.43
      0.59     -0.02     -0.48
     -0.37     -0.02      0.48
     -0.37     -0.02      1.44
     -0.37     -0.02      2.39
     -1.33     -0.02      1.44
     -1.33     -0.02      2.39
     -1.33     -0.02      2.39
     -1.33     -0.02      2.39
     -1.33     -0.02      1.44
     -1.33     -0.02      1.44
     -2.28      0.94      0.48
     -1.33      0.94      0.48
     -0.37      0.94     -0.48
      0.59      0.94     -1.43
      0.59      0.94     -1.43
      0.59      0.94     -1.43
      0.59      0.94     -1.43
      0.59      0.94     -1.43
      0.59      0.94     -1.43
     -0.37      1.89     -1.43
     -0.37      1.89     -0.48
     -0.37      0.94      0.48
     -0.37      0.94      0.48
      0.59     -0.02      1.44
      0.59     -0.02      2.39
     -0.37     -0.02      2.39
      0.59     -0.02      2.39
     -0.37     -0.02      2.39
     -0.37     -0.02      2.39
     -0.37     -0.02      2.39
     -0.37     -0.02      1.44
     -0.37     -0.98      1.44
      0.59     -1.93     -0.48
      0.59     -2.89     -1.43
      0.59     -1.93     -1.43
      1.54     -1.93     -1.43
      1.54     -1.93     -1.43
      0.59     -0.98     -1.43
      1.54     -0.02     -1.43
      0.59     -0.98     -1.43
      0.59     -0.02     -1.43
      0.59     -0.02     -2.39
     -0.37     -0.98     -2.39
     -0.37     -0.98     -2.39
     -0.37     -0.98     -2.39
     -1.33     -0.98     -1.43
     -1.33     -0.02     -0.48
     -2.28     -0.02     -0.48
     -1.33     -0.02      0.48
     -1.33      0.94      0.48
     -0.37      1.89      1.44
     -0.37      2.85      2.39
      0.59      1.89      2.39
      0.59      2.85      3.35
      0.59      2.85      3.35
      0.59      2.85      3.35
     -0.37      2.85      2.39
     -0.37      2.85      2.39
     -1.33      2.85      2.39
     -2.28      2.85      3.35
     -0.37      1.89      3.35
      0.59     -0.02      2.39
      1.54     -0.02      2.39
      1.54     -0.02      1.44
      1.54     -1.93      0.48
      0.59     -2.89     -0.48
      0.59     -3.85     -0.48
     -0.37     -2.89     -0.48
      0.59     -2.89     -1.43
      0.59     -2.89     -1.43
     -1.33     -2.89     -1.43
      0.59     -2.89     -1.43
      0.59     -1.93     -1.43
      0.59     -0.02     -1.43
      0.59     -0.02     -0.48
      0.59      0.94      0.48
      0.59     -0.02      0.48
      0.59      0.94     -0.48
      0.59      0.94      0.48
      0.59      1.89     -0.48
      0.59      0.94     -1.43
      0.59      0.94     -1.43
     -0.37      0.94     -1.43
     -1.33      0.94     -1.43
     -0.37      0.94     -1.43
     -0.37      0.94     -1.43
     -0.37      0.94     -2.39
      0.59     -0.02     -1.43
      0.59     -0.02     -1.43
      0.59     -0.02     -1.43
      0.59     -0.02     -0.48
     -0.37     -0.02      0.48
     -0.37     -0.02      1.44
     -1.33     -0.02      1.44
     -1.33     -0.02      1.44
     -1.33     -0.02      2.39
     -1.33     -0.02      2.39
     -1.33     -0.02      2.39
     -0.37     -0.02      1.44
     -0.37     -0.02      1.44
     -0.37     -0.02      1.44
     -0.37     -0.02      0.48
     -0.37     -0.02     -0.48
     -0.37     -0.02     -0.48
     -0.37     -0.02      0.48
     -1.33     -0.02      0.48
     -1.33      0.94     -0.48
     -1.33      0.94      0.48
     -1.33      0.94      0.48
     -1.33     -0.02      1.44
     -0.37     -0.02      1.44
     -0.37      0.94      2.39
     -0.37      1.89      2.39
     -1.33      0.94      0.48
     -0.37      0.94      0.48
     -1.33      0.94      1.44
     -0.37     -0.02      0.48
     -0.37     -0.02      0.48
     -0.37     -0.02     -0.48
     -0.37     -0.02     -1.43
     -0.37     -0.02     -2.39
     -0.37     -0.02     -2.39
     -0.37     -0.02     -1.43
     -1.33     -0.02     -0.48
     -0.37     -1.93     -0.48
      0.59     -3.85     -0.48
      0.59     -3.85     -0.48
     -0.37     -4.81     -0.48
      0.59     -2.89     -0.48
     -0.37     -1.93     -0.48
      0.59     -0.02      0.48
      0.59     -0.02      0.48
      0.59     -0.02      0.48
      0.59     -0.02      0.48
      0.59     -0.02     -0.48
     -0.37      0.94      0.48
      0.59     -0.02      0.48
     -0.37     -0.02      0.48
      0.59     -0.02     -0.48
     -0.37     -0.02     -0.48
     -0.37     -0.02     -0.48
      0.59     -0.02      0.48
      0.59     -0.02      0.48
      1.54     -0.02      0.48
      0.59     -0.02     -0.48
      0.59     -0.02     -0.48
     -0.37     -0.02     -1.43
     -0.37     -0.02     -1.43
     -0.37     -0.02     -1.43
     -0.37     -0.02     -1.43
     -0.37      0.94     -1.43
      0.59      1.89     -0.48
      0.59      2.85     -1.43
      1.54      4.77     -0.48
      1.54      4.77      0.48
      1.54      4.77      0.48
      1.54      4.77      0.48
      0.59      3.81      0.48
      0.59      2.85      1.44
     -0.37      2.85      1.44
     -0.37      1.89      1.44
     -0.37      0.94      1.44
     -1.33      0.94      0.48
     -0.37     -0.02      1.44
     -0.37     -0.02      1.44
     -0.37     -0.02      1.44
      0.59     -0.02      1.44
     -0.37     -0.02      0.48
     -1.33     -0.98      1.44
     -1.33     -1.93      2.39
     -1.33     -1.93      2.39
     -1.33     -1.93      2.39
     -0.37     -1.93      2.39
     -0.37     -1.93      2.39
     -0.37     -1.93      1.44
      0.59     -0.98      0.48
     -0.37     -0.02      0.48
     -0.37     -0.02     -0.48
      0.59     -0.02     -1.43
     -0.37      0.94     -2.39
      0.59      0.94     -3.35
      0.59     -0.02     -3.35
      0.59      0.94     -3.35
     -0.37      0.94     -2.39
     -0.37     -0.02     -2.39
     -0.37     -0.02     -2.39
     -0.37     -0.02     -2.39
     -0.37     -0.02     -1.43
     -0.37     -0.02     -0.48
     -0.37     -0.02      0.48
     -0.37     -0.02      1.44
     -0.37     -0.02      2.39
     -0.37      0.94      3.35
     -1.33      0.94      2.39
     -0.37      0.94      1.44
     -1.33      0.94      0.48
     -1.33     -0.02      0.48
     -1.33     -0.02      0.48
     -0.37     -1.93      0.48
     -0.37     -2.89      0.48
     -0.37     -3.85      0.48
     -0.37     -3.85      0.48
      0.59     -3.85      0.48
      0.59     -3.85     -0.48
      0.59     -3.85     -1.43
     -0.37     -3.85     -2.39
      0.59     -2.89     -1.43
      0.59     -0.98     -0.48
      0.59     -0.02     -0.48
      0.59     -0.02     -0.48
      0.59     -0.02     -0.48
      0.59      0.94      0.48
     -0.37      0.94      0.48
      0.59      0.94      0.48
      0.59      0.94      0.48
      0.59      0.94      1.44
      0.59     -0.02      1.44
     -0.37     -0.02      0.48
     -0.37     -0.02      0.48
     -0.37      0.94     -0.48
     -0.37      1.89     -0.48
     -0.37      1.89     -0.48
     -0.37      2.85     -0.48
     -0.37      3.81     -0.48
     -0.37      4.77     -0.48
     -0.37      5.72     -0.48
     -0.37      5.72      0.48
     -1.33      4.77      0.48
     -0.37      4.77      1.44
     -0.37      3.81      2.39
     -0.37      3.81      3.35
     -1.33      1.89      3.35
     -1.33      0.94      2.39
     -1.33     -0.02      1.44
     -1.33     -0.02      0.48
     -0.37     -0.98      0.48
     -1.33     -1.93      0.48
     -0.37     -0.98      0.48
      0.59     -1.93     -0.48
     -0.37     -1.93     -0.48
      0.59     -2.89     -0.48
     -0.37     -2.89     -0.48
     -0.37     -2.89     -0.48
     -1.33     -2.89     -0.48
     -0.37     -4.81     -0.48
     -0.37     -3.85     -0.48
      0.59     -3.85      0.48
     -0.37     -2.89     -0.48
      0.59     -2.89      0.48
      0.59     -1.93     -0.48
      0.59     -1.93     -0.48
      0.59     -0.98     -1.43
      0.59     -0.98     -3.35
      0.59     -0.98     -4.31
      0.59     -0.98     -4.31
      0.59     -1.93     -4.31
      0.59     -1.93     -3.35
      0.59     -1.93     -2.39
      1.54     -0.98     -1.43
      1.54     -0.98     -1.43
      1.54     -0.02     -1.43
      1.54     -0.02      0.48
      1.54      0.94      1.44
      1.54      1.89      1.44
      0.59      1.89      1.44
     -0.37      1.89      2.39
     -1.33      1.89      3.35
     -1.33      1.89      3.35
     -1.33      1.89      3.35
     -1.33      1.89      3.35
     -0.37      1.89      2.39
     -0.37      1.89      3.35
     -0.37      0.94      3.35
      0.59      0.94      2.39
      1.54     -0.02      2.39
      1.54     -0.02      0.48
      0.59     -0.02     -0.48
     -0.37     -0.02     -1.43
     -0.37     -0.98     -1.43
     -1.33     -0.98     -1.43
     -1.33     -0.02     -2.39
     -1.33     -0.02     -1.43
     -0.37      1.89     -1.43
     -0.37      2.85     -0.48
     -0.37      2.85     -0.48
     -0.37      2.85      0.48
      0.59      1.89      0.48
     -0.37      0.94      1.44
      0.59     -0.02      0.48
      0.59     -0.02      0.48
      0.59     -0.02     -0.48
     -0.37     -0.02     -1.43
     -0.37     -0.98     -1.43
      0.59     -0.02     -2.39
      0.59     -0.02     -2.39
      0.59     -0.02     -2.39
      0.59     -0.98     -1.43
      0.59     -0.98     -1.43
      0.59     -1.93     -0.48
      0.59     -0.02     -1.43
     -0.37     -0.02     -1.43
     -0.37     -0.02     -1.43
     -0.37      0.94     -1.43
     -0.37      1.89     -2.39
     -0.37      1.89     -2.39
     -0.37      2.85     -2.39
     -1.33      1.89     -1.43
     -0.37      1.89     -0.48
     -0.37      0.94      1.44
     -0.37      0.94      1.44
     -0.37      0.94      2.39
     -0.37      1.89      3.35
     -0.37      1.89      3.35
     -0.37     -0.02      3.35
     -0.37     -0.02      3.35
     -0.37     -1.93      3.35
     -0.37     -2.89      2.39
     -0.37     -3.85      2.39
     -0.37     -4.81      0.48
     -0.37     -4.81     -0.48
     -0.37     -3.85     -0.48
      0.59     -2.89     -0.48
     -0.37     -1.93     -1.43
      0.59     -0.98     -2.39
      1.54     -0.02     -3.35
      0.59     -0.02     -3.35
      0.59     -0.02     -2.39
      0.59     -0.02     -2.39
      1.54     -0.02     -1.43
      0.59     -0.02     -1.43
      0.59     -0.02     -0.48
     -0.37     -0.02      0.48
     -0.37     -0.02      0.48
     -0.37      0.94      0.48
     -0.37      0.94      1.44
     -0.37      1.89      2.39
     -0.37      1.89      3.35
     -0.37      1.89      3.35
     -0.37      1.89      2.39
     -0.37      1.89      2.39
     -0.37      1.89      2.39
     -0.37      1.89      2.39
     -1.33      1.89      2.39
     -1.33      1.89      2.39
     -1.33      1.89      2.39
     -0.37      1.89      2.39
     -0.37     -0.02      1.44
     -0.37     -0.02      1.44
     -0.37     -0.02      1.44
     -0.37     -0.98      0.48
     -0.37     -4.81      0.48
     -0.37     -2.89      0.48
     -0.37     -3.85     -0.48
     -0.37     -2.89     -1.43
     -0.37     -2.89     -1.43
      0.59     -1.93     -2.39
      0.59     -1.93     -2.39
      1.54     -0.98     -2.39
      0.59     -0.02     -3.35
      1.54     -0.02     -1.43
      1.54     -0.02     -0.48
      0.59      0.94     -0.48
      0.59      0.94      0.48
      0.59      1.89      0.48
      0.59      2.85      0.48
      0.59      3.81      0.48
      0.59      3.81      1.44
      0.59      2.85      1.44
     -0.37      1.89      1.44
      0.59      1.89      2.39
      0.59      0.94      2.39
      0.59     -0.02      2.39
     -0.37     -0.02      2.39
     -0.37     -0.98      1.44
     -0.37     -1.93      1.44
     -0.37     -2.89      0.48
     -1.33     -2.89     -0.48
     -0.37     -3.85     -2.39
     -0.37     -3.85     -2.39
     -0.37     -3.85     -3.35
     -0.37     -3.85     -3.35
     -0.37     -2.89     -3.35
      0.59     -2.89     -3.35
     -0.37     -2.89     -2.39
     -0.37     -0.02     -1.43
      0.59     -0.02     -0.48
     -0.37      0.94      0.48
     -0.37      1.89      0.48
     -0.37      1.89      1.44
     -0.37      1.89      0.48
     -0.37      0.94      1.44
     -1.33      0.94      2.39
     -1.33      0.94      1.44
     -0.37      0.94      1.44
     -0.37      0.94     -0.48
     -0.37      1.89      0.48
      0.59      1.89     -0.48
     -0.37      2.85     -1.43
     -0.37      2.85     -4.31
     -0.37      1.89     -2.39
     -0.37      0.94     -2.39
      0.59     -0.02     -1.43
      0.59     -0.02     -1.43
      0.59     -0.02     -1.43
     -0.37     -0.02     -0.48
      0.59     -0.02     -0.48
     -1.33     -0.02      0.48
     -0.37     -0.02      0.48
     -0.37     -0.02      0.48
     -0.37     -0.02      1.44
     -1.33     -0.02      1.44
     -0.37     -0.02      1.44
     -0.37     -0.98      0.48
     -0.37     -0.98      1.44
      0.59     -0.02      0.48
      0.59     -0.02      0.48
      0.59     -0.02     -0.48
      0.59     -0.02     -0.48
      0.59     -0.02     -1.43
      0.59     -0.02     -1.43
      0.59     -0.02     -1.43
     -0.37     -0.02     -1.43
     -0.37     -0.02     -2.39
     -0.37     -0.02     -1.43
     -0.37     -0.02     -0.48
      0.59     -0.02      0.48
      0.59      0.94      1.44
     -0.37     -0.02      1.44
     -1.33      0.94      1.44
     -0.37      0.94      0.48
     -0.37      0.94      0.48
     -0.37      0.94      0.48
      0.59     -0.02     -0.48
      0.59     -0.02     -0.48
      0.59     -0.02     -1.43
      0.59     -0.02     -1.43
      0.59     -0.02     -1.43
      0.59      0.94     -0.48
      0.59      1.89      0.48
      0.59      1.89      0.48
      0.59      1.89      1.44
      0.59      1.89      2.39
      0.59      1.89      2.39
      0.59      1.89      3.35
     -0.37      0.94      3.35
      0.59     -0.02      2.39
      0.59     -0.02      2.39
      0.59     -1.93      2.39
      0.59     -3.85      1.44
     -0.37     -5.76      0.48
     -0.37     -5.76      0.48
     -0.37     -6.72      0.48
     -0.37     -5.76     -0.48
     -0.37     -4.81     -0.48
     -0.37     -3.85     -0.48
     -0.37     -2.89     -0.48
     -0.37     -1.93     -0.48
     -0.37     -0.02     -0.48
     -0.37     -0.02     -0.48
     -0.37     -0.02     -0.48
     -0.37      0.94     -0.48
     -0.37      1.89     -0.48
      0.59      2.85     -0.48
      0.59      3.81     -0.48
      0.59      3.81     -0.48
      0.59      3.81     -0.48
      0.59      3.81     -0.48
      0.59      3.81     -0.48
      0.59      3.81      0.48
     -0.37      3.81      0.48
     -0.37      2.85      1.44
     -0.37      1.89      0.48
     -0.37      1.89      0.48
     -0.37      0.94      0.48
     -0.37     -0.02     -0.48
      0.59     -0.02     -0.48
      0.59     -0.02     -0.48
     -0.37     -0.02     -0.48
     -0.37     -0.02     -0.48
     -0.37     -0.02     -0.48
     -0.37     -0.02     -1.43
     -0.37     -0.02     -1.43
      0.59     -0.98     -2.39
      0.59     -1.93     -1.43
      0.59     -0.98     -1.43
      0.59     -0.98     -0.48
      0.59     -0.98     -0.48
      0.59     -0.02      0.48
      0.59     -0.02      0.48
      0.59     -0.02      0.48
     -0.37     -0.02      1.44
     -0.37     -0.02      2.39
     -0.37     -0.02      3.35
      0.59     -0.02      3.35
     -0.37     -0.02      2.39
     -0.37     -0.02      2.39
     -0.37     -1.93      2.39
     -0.37     -2.89      2.39
     -0.37     -2.89      2.39
     -0.37     -2.89      1.44
     -0.37     -1.93      0.48
     -0.37     -1.93      0.48
     -0.37     -1.93     -0.48
     -0.37     -0.98     -1.43
      0.59     -0.02     -1.43
      0.59     -0.02     -1.43
     -0.37     -0.98     -2.39
      0.59     -0.98     -3.35
      0.59     -1.93     -3.35
     -0.37     -1.93     -3.35
      0.59     -0.02     -3.35
     -0.37     -0.02     -3.35
      0.59     -0.02     -2.39
      0.59     -0.02     -1.43
      0.59      1.89     -1.43
     -0.37      1.89     -1.43
      0.59      1.89     -0.48
     -0.37      1.89      0.48
     -0.37      2.85      0.48
     -0.37      3.81      0.48
     -0.37      3.81      1.44
     -0.37      3.81      2.39
     -0.37      3.81      3.35
     -0.37      3.81      3.35
      0.59      2.85      2.39
     -0.37      1.89      1.44
     -0.37      0.94      0.48
     -0.37     -0.02      0.48
     -1.33     -0.02     -0.48
     -0.37     -0.02      0.48
     -0.37     -0.02      0.48
     -0.37     -0.02      0.48
     -0.37     -0.02      1.44
     -0.37     -0.02      1.44
     -0.37     -0.02      0.48
     -0.37     -0.02      1.44
     -0.37     -0.98      0.48
     -1.33     -0.98      1.44
     -1.33     -1.93      0.48
     -0.37     -2.89      0.48
     -0.37     -3.85     -0.48
     -0.37     -3.85     -1.43
      0.59     -2.89     -1.43
      0.59     -2.89     -2.39
      0.59     -2.89     -2.39
     -1.33     -1.93     -1.43
      0.59     -1.93     -1.43
      0.59     -1.93     -1.43
      0.59     -0.98     -1.43
      0.59     -0.02     -0.48
      0.59     -0.02      0.48
     -0.37     -0.02      0.48
     -0.37     -0.02      1.44
     -0.37     -0.02      2.39
     -0.37     -0.02      1.44
     -0.37      0.94      1.44
     -0.37      1.89      0.48
     -0.37      1.89      0.48
     -0.37      1.89     -0.48
     -0.37      2.85     -0.48
     -0.37      2.85      0.48
     -0.37      1.89      0.48
     -0.37      1.89      0.48
     -0.37      0.94      0.48
     -0.37     -0.02      0.48
     -0.37     -0.02      1.44
     -0.37     -1.93      1.44
     -0.37     -2.89      2.39
     -1.33     -2.89      1.44
     -1.33     -1.93      1.44
     -0.37     -1.93      0.48
     -0.37     -0.98      0.48
     -0.37     -0.02      0.48
     -0.37     -0.02      0.48
     -0.37      1.89     -0.48
     -0.37      1.89     -0.48
      0.59      1.89     -1.43
      0.59      1.89     -0.48
      0.59      1.89     -0.48
      0.59      1.89     -0.48
     -0.37      1.89     -0.48
      0.59      0.94     -0.48
      0.59     -0.02     -0.48
      0.59     -0.02     -0.48
      0.59     -0.02     -0.48
      0.59     -0.02     -1.43
     -0.37     -0.02     -1.43
     -0.37     -0.02     -1.43
     -0.37     -0.02     -1.43
     -0.37     -0.02     -0.48
      0.59     -0.02     -0.48
      0.59     -0.02     -0.48
      0.59     -0.02     -0.48
      0.59     -0.02      0.48
      0.59     -0.98      0.48
      0.59     -0.02      0.48
      0.59     -0.02      0.48
      0.59      0.94      0.48
      0.59     -0.02      1.44
      0.59     -0.02      2.39
     -0.37     -0.02      2.39
     -0.37      0.94      2.39
     -0.37     -0.02      2.39
     -1.33     -0.02      0.48
     -0.37     -0.02      2.39
     -0.37     -0.02      1.44
      0.59     -0.02      0.48
      0.59     -0.02      0.48
      0.59     -1.93      0.48
      0.59     -1.93     -1.43
     -0.37     -1.93     -0.48
     -0.37     -0.02     -1.43
      0.59     -0.02     -1.43
     -0.37     -0.02     -1.43
      0.59     -0.02     -0.48
     -0.37     -0.02     -1.43
     -0.37     -0.02     -1.43
      0.59     -0.02     -1.43
      0.59     -0.02     -1.43
      0.59     -0.02     -1.43
     -0.37     -0.02     -1.43
     -0.37     -0.02     -0.48
      0.59     -0.02     -1.43
      0.59     -0.02     -1.43
      0.59     -0.02     -2.39
      0.59     -0.02     -3.35
     -1.33     -0.02     -3.35
     -0.37     -0.02     -3.35
      0.59     -0.02     -2.39
     -0.37     -0.02     -2.39
     -0.37     -0.98     -0.48
     -0.37     -0.02      0.48
     -0.37     -0.02      0.48
     -0.37     -0.02      1.44
     -0.37      0.94      2.39
     -0.37      0.94      1.44
     -0.37      1.89      1.44
     -0.37      1.89      1.44
      0.59      1.89      2.39
     -0.37      1.89      1.44
     -1.33      0.94      1.44
     -0.37     -0.02      1.44
     -0.37     -0.02      0.48
     -0.37     -1.93      1.44
      0.59     -2.89      0.48
      0.59     -2.89      0.48
      0.59     -3.85     -0.48
     -0.37     -2.89     -0.48
     -0.37     -2.89     -0.48
     -0.37     -1.93     -0.48
     -0.37     -0.98     -0.48
     -0.37     -0.02      0.48
     -0.37     -0.02     -0.48
     -0.37     -0.02     -0.48
      0.59      1.89     -1.43
     -0.37      1.89     -2.39
     -0.37      2.85     -1.43
     -0.37      2.85     -1.43
     -0.37      3.81     -0.48
      0.59      3.81     -0.48
      0.59      2.85     -0.48
      0.59      2.85      0.48
     -0.37      1.89      0.48
      0.59      1.89      1.44
     -0.37      1.89      2.39
      0.59      0.94      2.39
     -0.37     -0.02      2.39
     -0.37     -0.02      1.44
     -0.37     -0.02      1.44
     -0.37     -0.02      0.48
     -0.37     -0.02      0.48
     -0.37     -0.02     -0.48
     -0.37     -0.02     -0.48
     -0.37     -1.93     -1.43
     -0.37     -1.93     -1.43
     -0.37     -1.93     -3.35
      0.59     -2.89     -2.39
     -0.37     -1.93     -2.39
     -0.37     -1.93     -1.43
     -0.37     -0.98     -2.39
     -0.37     -0.02     -1.43
     -0.37     -0.02     -0.48
     -0.37     -0.02      0.48
     -0.37     -0.02      1.44
     -0.37     -0.02      2.39
      0.59     -0.02      2.39
     -0.37      0.94      2.39
     -0.37      0.94      1.44
     -0.37     -0.02      1.44
      0.59     -0.02      0.48
     -0.37     -0.02      0.48
     -0.37     -0.02      0.48
     -1.33     -0.02     -0.48
     -0.37     -0.02     -1.43
     -0.37     -0.98     -1.43
      0.59     -0.02     -1.43
     -0.37     -0.98     -0.48
      0.59     -0.02     -0.48
      0.59     -0.02      0.48
      0.59     -0.02      1.44
      0.59     -0.02      2.39
      0.59     -0.02      2.39
      0.59     -0.02      3.35
      0.59     -0.02      3.35
      0.59      0.94      2.39
      0.59      0.94      2.39
      0.59     -0.02      1.44
      0.59     -0.02      0.48
     -0.37     -0.02     -0.48
     -0.37     -0.02     -1.43
     -0.37     -0.02     -1.43
      0.59      0.94     -2.39
      0.59      1.89     -2.39
      0.59      1.89     -2.39
      0.59      1.89     -2.39
      0.59      1.89     -1.43
      1.54      1.89     -0.48
      0.59      2.85     -0.48
      0.59      1.89     -0.48
      0.59      1.89      0.48
      0.59      0.94      0.48
      0.59      0.94      0.48
      0.59      0.94      1.44
     -0.37      0.94      1.44
     -0.37     -0.02      2.39
     -0.37     -0.02      2.39
     -0.37     -0.98      2.39
     -1.33     -0.98      1.44
     -1.33     -0.98      1.44
     -0.37     -0.02      0.48
     -1.33     -0.98      0.48
     -0.37     -1.93      0.48
     -0.37     -1.93     -0.48
     -0.37     -1.93     -0.48
     -0.37     -1.93     -1.43
     -0.37     -1.93     -0.48
     -0.37     -1.93     -0.48
     -0.37     -1.93     -0.48
     -1.33     -1.93     -0.48
     -1.33     -1.93     -0.48
     -0.37     -1.93     -0.48
     -0.37     -0.02     -0.48
      0.59     -0.02     -0.48
      0.59     -0.02      0.48
      0.59     -0.02      0.48
      0.59     -0.02      0.48
      0.59     -0.02     -0.48
      0.59      0.94     -0.48
     -0.37      0.94     -1.43
      0.59      0.94     -1.43
     -0.37     -0.02     -1.43
      0.59     -0.02     -1.43
     -0.37     -0.02     -0.48
     -0.37     -0.02     -0.48
     -1.33     -0.02      0.48
     -0.37     -0.02      0.48
     -0.37     -0.02      0.48
      0.59     -0.02      0.48
     -0.37     -0.02      0.48
     -0.37     -0.02      0.48
     -0.37     -0.02      1.44
     -0.37     -0.02      0.48
     -0.37     -0.02     -0.48
     -0.37     -0.02     -0.48
     -0.37     -0.02     -0.48
     -0.37     -0.02     -0.48
     -0.37     -0.02     -0.48
      0.59      0.94     -1.43
      0.59      0.94     -1.43
      0.59     -0.02     -0.48
      0.59      0.94      0.48
      0.59      0.94      1.44
     -0.37      1.89      2.39
     -0.37      1.89      2.39
     -1.33      0.94      2.39
     -1.33     -0.02      2.39
     -1.33     -0.02      1.44
     -0.37     -0.02      0.48
     -0.37     -0.02      0.48
     -0.37     -0.02     -0.48
      0.59     -0.02     -0.48
      0.59     -0.02     -1.43
      0.59     -0.02     -2.39
      0.59     -0.02     -3.35
      0.59      0.94     -3.35
      0.59      0.94     -3.35
      0.59      0.94     -2.39
      0.59     -0.02     -1.43
      0.59      0.94     -0.48
      0.59      0.94     -1.43
     -0.37      1.89      1.44
     -0.37      0.94      2.39
     -0.37      0.94      2.39
     -0.37      0.94      2.39
     -0.37     -0.02      2.39
      0.59     -0.02      2.39
      0.59     -0.02      1.44
     -1.33     -0.98      1.44
     -0.37     -1.93      0.48
     -0.37     -1.93      0.48
     -0.37     -1.93     -0.48
     -0.37     -1.93     -0.48
     -0.37     -2.89     -1.43
     -0.37     -2.89     -0.48
      0.59     -1.93     -0.48
      0.59     -1.93     -0.48
     -0.37     -1.93     -0.48
      0.59     -1.93     -0.48
     -0.37     -0.98      0.48
     -0.37     -0.02      0.48
     -0.37     -0.02      0.48
     -1.33     -0.02      0.48
     -0.37     -0.02      0.48
      0.59     -0.02      0.48
      0.59      0.94     -0.48
      0.59      0.94     -0.48
     -0.37      0.94     -0.48
     -0.37      0.94     -0.48
      0.59      0.94     -0.48
     -0.37      0.94     -0.48
     -0.37      0.94     -0.48
     -0.37     -0.02      0.48
     -0.37     -0.02      0.48
     -0.37     -0.02      0.48
      0.59     -0.02      0.48
     -0.37     -0.02      0.48
     -0.37     -0.02      0.48
     -0.37      0.94      0.48
     -0.37      0.94      1.44
      0.59      0.94      0.48
     -0.37      0.94      0.48
     -0.37      1.89      0.48
     -0.37      1.89      0.48
     -0.37      1.89      0.48
      0.59      1.89      0.48
      0.59      1.89      0.48
      0.59      0.94      0.48
      0.59     -0.02      0.48
      0.59     -0.02      1.44
      0.59     -0.02      1.44
      0.59     -0.98      1.44
      0.59     -0.98      1.44
      0.59     -1.93      1.44
      0.59     -2.89      0.48
      0.59     -2.89      0.48
      0.59     -1.93     -0.48
     -0.37     -1.93     -0.48
     -0.37     -0.98     -1.43
     -0.37     -0.98     -1.43
     -0.37     -0.02     -1.43
     -0.37     -0.98     -1.43
      0.59     -1.93     -0.48
      0.59     -1.93     -0.48
      0.59     -1.93     -0.48
      0.59     -1.93     -0.48
      0.59     -0.98     -0.48
      0.59     -0.98     -1.43
     -0.37     -0.02     -1.43
     -0.37     -0.02     -1.43
     -0.37     -0.02     -1.43
     -0.37     -0.02     -1.43
     -1.33     -0.02     -0.48
     -0.37      0.94     -0.48
     -0.37      1.89      0.48
     -0.37      1.89      0.48
     -0.37      1.89      1.44
     -0.37      2.85      1.44
     -0.37      1.89      1.44
      0.59      0.94      1.44
      0.59     -0.02      1.44
     -0.37     -0.02      1.44
     -0.37     -0.02      1.44
     -1.33     -0.02      1.44
     -1.33     -0.02      1.44
     -1.33      0.94      1.44
     -1.33      0.94      1.44
     -1.33     -0.02      0.48
     -1.33     -0.02      0.48
     -0.37     -0.02     -1.43
     -0.37     -0.02     -1.43
     -0.37     -0.02     -1.43
      0.59     -0.02     -1.43
      0.59     -0.02     -1.43
      0.59     -0.02     -1.43
      0.59     -0.02     -1.43
      0.59      0.94     -1.43
     -0.37     -0.02     -0.48
     -0.37     -0.02     -0.48
     -0.37      0.94     -0.48
     -0.37     -0.02     -0.48
      0.59     -0.02     -0.48
      0.59     -0.02      0.48
      0.59     -0.02      0.48
     -0.37     -0.02      0.48
      0.59     -0.02      0.48
      0.59     -0.02     -0.48
      0.59     -0.02     -0.48
     -0.37     -0.02     -0.48
      0.59     -0.02     -0.48
      0.59     -0.02     -0.48
      0.59      0.94     -0.48
      0.59     -0.02     -0.48
      0.59      0.94     -0.48
      0.59      0.94     -0.48
     -0.37     -0.02     -0.48
     -0.37     -0.02      0.48
     -0.37     -0.02      0.48
     -0.37     -0.02      0.48
     -0.37     -0.02      0.48
     -0.37     -0.02      0.48
     -0.37     -0.02      0.48
     -0.37     -0.02      0.48
      0.59     -0.98      1.44
     -0.37     -0.98      0.48
     -0.37     -1.93      0.48
     -0.37     -2.89      0.48
     -0.37     -2.89      2.39
     -1.33     -2.89      2.39
     -1.33     -1.93      2.39
     -1.33     -1.93      2.39
     -1.33     -1.93      1.44
     -1.33     -0.02      0.48
     -0.37     -0.02      0.48
     -0.37     -0.02     -0.48
      0.59     -0.02     -1.43
      0.59     -0.02     -1.43
      0.59     -0.02     -1.43
      0.59     -0.02     -2.39
      0.59      0.94     -2.39
      0.59      0.94     -1.43
      0.59      0.94     -1.43
      0.59      0.94     -2.39
      0.59     -0.02     -0.48
      0.59     -0.02      0.48
      0.59     -0.02      0.48
     -0.37     -0.02      1.44
     -0.37     -0.02      1.44
     -0.37     -0.02      1.44
      0.59     -0.02      1.44
      0.59     -0.02      1.44
      0.59      0.94      1.44
      0.59     -0.02      0.48
      0.59     -0.02     -0.48
      0.59     -0.02     -0.48
      0.59     -0.02     -0.48
      0.59     -0.02     -0.48
      0.59     -0.02     -0.48
      0.59     -0.02      0.48
      0.59     -0.02      1.44
      0.59     -0.02      1.44
     -0.37     -0.02      1.44
     -0.37     -0.02      1.44
      0.59     -0.02      1.44
     -0.37      0.94      0.48
     -0.37      0.94      0.48
     -0.37      0.94      0.48
