********************************************************************************
                       INSTITUTO DE INGENIERIA, UNAM
                   Coordinacion de Instrumentacion Sismica
  Ciudad Universitaria, Apartado Postal 70-472, Coyoacan 04510, Mexico, D.F.
 Tel.(52-5)622-3414    Fax.(52-5)616-1514    e-mail: isismica@pumas.iingen.unam.mx
**************************************************************************************
ARCHIVO ESTANDAR DE ACELERACION:
VERSION DEL FORMATO                    : 2.0
NOMBRE DEL ARCHIVO                     : OCTT9708.271
FECHA Y HORA DE CREACION               : Fri Nov 07 17:16:46 1997
REF. CATALOGO ACELEROGRAMAS, SMIS 1995 : REGISTRO NO.      /PAG.    


================================================================================
DATOS DE LA ESTACION:
NOMBRE DE LA ESTACION                  : EL OCOTITO
CLAVE DE LA ESTACION                   : OCTT
LOCALIZACION DE LA ESTACION            : Escuela "CREPE"
                                       : Carretera Chilpancingo-
                                       : Acapulco
                                       : Ocotito, Guerrero.
                                       :
COORDENADAS DE LA ESTACION             : 17.25267 LAT. N
                                       : 99.50587 LONG. W
ALTITUD (msnm)                         : 700
TIPO DE SUELO                          : ROCA
                                       :
                                       :
INSTITUCION RESPONSABLE                : INSTITUTO DE INGENIERIA UNAM
                                       :

================================================================================
DATOS DEL ACELEROGRAFO: 
MODELO DEL ACELEROGRAFO                : DCA-333
NUMERO DE SERIE DEL ACELEROGRAFO       : 104
NUMERO DE CANALES                      : 3
ORIENTACION C1-C6 (rumbo;orientacion)  : /V/N90E/N00E
ORIENTACION C7-C12 (rumbo;orientacion) :
VEL. DE MUESTREO, C1-C6 (muestras/s)   : /100/100/100
VEL. DE MUESTREO, C7-C12 (muestras/s)  :
ESC. COMPLETA DE SENSORES, C1-C6, (g)  : /2/2/2
ESC. COMPLETA DE SENSORES, C7-C12 (g)  :
FREC. NAT. DE SENSORES, C1-C6, (Hz)    : /29.0/30.0/30.0
FREC. NAT. DE SENSORES, C7-C12 (Hz)    :
AMORTIGUAMIENTO DE SENSORES, C1-C6     : /0.70/0.70/0.70
AMORTIGUAMIENTO DE SENSORES, C7-C12    :
INTERVALO DE MUESTREO, C1-C6 (s)       : /0.01/0.01/0.01
INTERVALO DE MUESTREO, C7-C12 (s)      :
UMBRAL DE DISPARO, C1-C6 (Gal)         : /6/6/6
UMBRAL DE DISPARO, C7-C12 (Gal)        :
MEMORIA DE PREEVENTO (s)               : 4
TIEMPO DE POSEVENTO (s)                : 15


================================================================================
DATOS DEL SISMO:
FECHA DEL SISMO [GMT]                  : 1997/08/27
HORA EPICENTRO (GMT)                   : 00:13:26.1
MAGNITUD(ES)                           : /Mb=5.0/Mc=4.6
COORDENADAS DEL EPICENTRO              : 16.760 LAT. N
                                       : 99.880 LONG. W
PROFUNDIDAD FOCAL (Km)                 : 28
FUENTE DE LOS DATOS EPICENTRALES       : Instituto de Geofisica, UNAM
                                       : SSN

================================================================================
DATOS DE ESTE REGISTRO:
HORA DE LA PRIMERA MUESTRA (GMT)       : 00:13:33    
EXACTITUD DEL TIEMPO (s)               : 0.5  
DURACION DEL REGISTRO (s), C1-C6       : /25.65/25.65/25.65                      
DURACION DEL REGISTRO (s), C7-C12      : 
NUM. TOTAL DE MUESTRAS, C1-C6          : /2565/2565/2565                       
NUM. TOTAL DE MUESTRAS, C7-C12         : 
ACEL. MAX.(Gal), C1-C6                 : /-15.05/-29.02/-16.09                 
ACEL. MAX., C1-C6, EN LA MUESTRA       : /839/944/978                          
ACEL. MAX.(Gal), C7-C12                : 
ACEL. MAX., C7-C12,EN LA MUESTRA       : 
UNIDADES DE LOS DATOS                  : Gal (cm/s/s)
FACTOR DE DECIMACION                   : 1
FORMATO DATOS (FORTRAN,10 campos/dato) : 3F10.2


================================================================================
CALIDAD DEL ACELEROGRAMA:
REGISTRO DIGITAL COMPLETO, CON TIEMPO ABSOLUTO CORRECTO.


================================================================================
COMENTARIOS:














================================================================================
DATOS DE ACELERACION:
---------+---------+---------+---------+---------+---------+---------+---------+
   CANAL-1   CANAL-2   CANAL-3
         V      N90E      N00E
---------+---------+---------+---------+---------+---------+---------+---------+
      0.26     -0.31      0.18
      0.26     -0.31      0.18
      0.26     -0.31      0.18
      0.26     -0.31      0.18
     -0.70     -0.31     -0.78
      0.26     -0.31      0.18
      0.26     -0.31      0.18
      0.26     -0.31     -0.78
      0.26     -0.31      0.18
      0.26      0.65      0.18
      0.26     -0.31      0.18
      0.26     -0.31      0.18
      0.26      0.65      0.18
      0.26     -0.31      0.18
      0.26     -0.31      0.18
     -0.70     -0.31      0.18
      0.26      0.65      0.18
      0.26     -0.31      0.18
      0.26     -0.31      0.18
     -0.70     -0.31      0.18
      0.26     -0.31      0.18
     -0.70     -0.31      0.18
      0.26      0.65      0.18
      0.26     -0.31      0.18
      0.26     -0.31      0.18
     -1.65     -0.31      0.18
      0.26      0.65      0.18
      0.26     -0.31      0.18
      0.26     -0.31     -0.78
      0.26      0.65      0.18
     -0.70      0.65      0.18
      0.26     -0.31     -0.78
      0.26     -0.31      0.18
      0.26      0.65      0.18
      0.26     -0.31      0.18
      0.26      0.65      0.18
      0.26      0.65      0.18
      0.26      0.65      0.18
      0.26     -0.31      0.18
      0.26      0.65      0.18
      0.26     -0.31      0.18
      0.26     -0.31      0.18
      0.26      0.65      0.18
      0.26      0.65      0.18
      0.26     -0.31      0.18
      0.26     -0.31      0.18
      0.26      0.65      0.18
      0.26     -0.31      0.18
      0.26      0.65      0.18
     -1.65      0.65      0.18
      0.26     -0.31      0.18
      0.26     -0.31      0.18
      0.26     -0.31      0.18
      0.26      0.65      0.18
      0.26     -0.31      0.18
     -0.70     -0.31     -0.78
     -0.70     -0.31      0.18
      0.26      0.65      0.18
      0.26     -0.31      0.18
      0.26     -0.31      0.18
      0.26     -0.31      0.18
      0.26      0.65      0.18
      0.26     -0.31      0.18
      0.26     -0.31      0.18
      0.26     -0.31      0.18
     -1.65     -0.31      0.18
      0.26     -0.31      0.18
      0.26     -0.31      0.18
     -0.70      0.65      0.18
      0.26     -0.31      0.18
     -0.70     -0.31      0.18
      0.26     -0.31      0.18
      0.26     -0.31      0.18
      0.26     -0.31      0.18
      0.26     -0.31      0.18
     -0.70     -0.31      0.18
     -0.70     -0.31      0.18
      0.26      0.65      0.18
      1.22      0.65      0.18
      0.26      0.65      0.18
      0.26     -0.31      0.18
     -0.70     -0.31      0.18
     -1.65     -0.31      0.18
      0.26      0.65      0.18
      2.17      0.65     -0.78
      0.26      0.65     -0.78
      0.26     -0.31      0.18
     -2.61     -1.27      1.14
     -2.61     -0.31      1.14
     -0.70      0.65      0.18
      0.26     -0.31     -0.78
      0.26      0.65     -1.73
     -0.70     -0.31     -0.78
     -2.61     -1.27      0.18
     -2.61     -0.31      1.14
      0.26      0.65      0.18
      1.22      0.65     -0.78
      2.17      0.65     -1.73
      0.26     -1.27     -0.78
     -1.65     -2.22      0.18
     -2.61     -0.31      1.14
      0.26     -0.31      1.14
      4.09      0.65     -0.78
      4.09      1.60     -0.78
     -1.65     -0.31     -0.78
     -2.61     -3.18      1.14
      2.17     -0.31      2.09
      6.96      3.52      0.18
      6.00      1.60     -0.78
      1.22     -1.27      0.18
     -4.53     -4.14      4.01
     -5.48     -0.31      5.92
     -2.61      1.60      2.09
     -5.48      1.60     -2.69
     -7.40      2.56     -5.56
     -1.65      1.60     -2.69
      4.09      1.60      0.18
      1.22      1.60     -0.78
     -2.61      0.65     -1.73
      1.22     -4.14     -0.78
      6.96     -2.22      1.14
      6.00      0.65      2.09
      4.09      0.65      2.09
      5.05     -3.18      1.14
      1.22     -3.18      2.09
     -2.61     -2.22      3.05
      1.22     -0.31      3.05
      0.26      6.39      1.14
     -7.40      3.52     -0.78
     -8.35     -4.14     -2.69
     -2.61     -3.18     -2.69
     -2.61      2.56     -2.69
     -1.65      5.43     -2.69
      6.00      3.52     -0.78
     13.66      0.65      1.14
     10.79     -1.27      1.14
      2.17     -1.27      3.05
     -2.61     -0.31      4.01
     -6.44     -0.31      4.97
     -5.48     -1.27      2.09
     -4.53      0.65     -1.73
     -8.35      2.56     -3.65
     -8.35      1.60     -4.61
     -1.65      1.60     -3.65
      5.05      2.56     -2.69
      3.13      0.65     -3.65
      3.13     -5.10     -2.69
      5.05     -6.05      2.09
      3.13     -4.14      5.92
     -1.65     -5.10      4.01
     -2.61     -3.18      0.18
     -0.70     -0.31     -2.69
     -0.70      2.56     -1.73
     -1.65      2.56     -1.73
      0.26      3.52     -1.73
      4.09      4.48     -2.69
      5.05     -0.31     -2.69
      1.22     -4.14     -1.73
     -2.61     -2.22      1.14
     -5.48      0.65      3.05
    -10.27     -2.22      3.05
     -6.44     -3.18      1.14
     -0.70      1.60     -0.78
      4.09      7.35     -3.65
      5.05      4.48     -5.56
      5.05     -1.27     -6.52
      4.09     -5.10     -2.69
      4.09     -4.14      4.01
      3.13     -0.31      5.92
      0.26     -0.31      4.01
     -3.57     -3.18      1.14
     -5.48     -1.27      3.05
     -6.44      2.56      4.97
     -4.53      4.48      3.05
     -0.70      2.56      3.05
      3.13      0.65      2.09
      3.13     -2.22     -2.69
      2.17     -4.14     -4.61
      2.17     -4.14     -5.56
      3.13     -3.18     -7.48
      3.13     -1.27     -6.52
      1.22      0.65     -4.61
     -2.61      2.56      1.14
     -4.53      4.48      4.97
     -2.61      4.48      4.01
      0.26      4.48      1.14
      1.22      3.52     -0.78
     -0.70      1.60      1.14
     -0.70     -2.22      4.01
      0.26     -2.22      4.01
      1.22     -2.22      1.14
      3.13     -2.22      0.18
      3.13     -3.18     -1.73
     -0.70     -3.18      0.18
     -4.53     -1.27      0.18
     -5.48      2.56      2.09
     -3.57      4.48      1.14
     -0.70      3.52     -3.65
      4.09      2.56     -5.56
      6.00      1.60     -4.61
      5.05     -1.27     -1.73
      4.09     -4.14      2.09
      2.17     -5.10      4.01
     -1.65     -4.14      4.97
     -5.48     -1.27      3.05
     -5.48      1.60     -0.78
     -2.61      2.56     -5.56
     -2.61      1.60     -8.43
      1.22      0.65     -6.52
      3.13     -0.31     -1.73
      3.13     -1.27      4.01
      1.22     -2.22      5.92
     -1.65     -3.18      4.97
     -2.61     -0.31      4.01
     -1.65      3.52      3.05
     -0.70      6.39      0.18
     -0.70      4.48     -0.78
      0.26      1.60      0.18
      2.17     -0.31      2.09
      1.22     -1.27      1.14
      1.22     -1.27      0.18
      0.26     -3.18     -0.78
     -0.70     -5.10     -3.65
     -1.65     -5.10     -3.65
     -1.65     -2.22     -0.78
     -1.65      1.60     -1.73
     -1.65      3.52     -2.69
     -0.70      4.48     -2.69
      0.26      2.56     -1.73
      4.09     -0.31     -2.69
      0.26     -1.27      0.18
     -1.65     -1.27      4.01
      0.26     -2.22      6.88
      1.22     -2.22      6.88
      0.26      0.65      4.97
     -0.70      2.56      1.14
     -0.70      1.60      0.18
     -1.65      0.65     -0.78
     -0.70     -0.31     -1.73
      1.22      0.65     -0.78
      1.22      1.60     -0.78
      0.26     -1.27     -2.69
      1.22     -2.22     -4.61
      1.22     -0.31     -4.61
      1.22      0.65     -3.65
     -0.70     -0.31     -0.78
     -0.70     -0.31      3.05
     -1.65     -0.31      5.92
     -2.61      1.60      5.92
     -2.61     -0.31      3.05
      0.26     -0.31      1.14
      3.13      1.60      0.18
      3.13      0.65     -1.73
      1.22     -3.18     -1.73
      0.26     -3.18      0.18
      1.22     -0.31     -0.78
      1.22      0.65     -3.65
      0.26     -0.31     -6.52
     -2.61     -0.31     -4.61
     -2.61     -1.27      1.14
     -1.65      0.65      4.97
     -1.65      0.65      4.97
     -1.65      2.56      4.01
      1.22      4.48      4.01
      2.17      2.56      2.09
      1.22      0.65      0.18
      2.17      0.65     -1.73
      3.13      0.65     -1.73
      1.22     -1.27     -2.69
     -0.70     -3.18     -1.73
     -1.65     -3.18     -0.78
     -2.61     -2.22     -0.78
     -3.57     -0.31     -2.69
     -4.53      0.65     -2.69
     -1.65      1.60     -0.78
      1.22      3.52      1.14
      0.26      1.60      2.09
     -0.70     -1.27      4.01
      2.17     -3.18      3.05
      3.13     -2.22      1.14
      1.22     -1.27     -1.73
      0.26     -1.27     -2.69
      0.26     -1.27     -0.78
     -1.65     -2.22      0.18
     -2.61     -1.27      0.18
      0.26      2.56      0.18
      2.17      4.48      0.18
      1.22      4.48     -1.73
     -0.70      1.60     -1.73
     -0.70     -1.27     -2.69
      0.26     -0.31     -0.78
      1.22      1.60      0.18
      1.22     -0.31      0.18
     -0.70     -1.27     -0.78
     -1.65     -1.27      3.05
     -2.61     -1.27      4.01
     -1.65     -1.27      3.05
      2.17      0.65      1.14
      4.09      1.60     -1.73
      3.13     -0.31     -2.69
      1.22     -2.22     -0.78
     -0.70     -0.31      0.18
     -0.70      1.60      0.18
      1.22      0.65     -1.73
      0.26     -0.31     -1.73
     -2.61     -1.27     -0.78
     -2.61     -2.22      0.18
     -2.61     -1.27      1.14
     -1.65     -0.31      2.09
      0.26     -1.27      1.14
      0.26     -2.22      1.14
      0.26     -1.27      1.14
      0.26      0.65      2.09
      2.17      0.65      1.14
      3.13     -0.31      0.18
      5.05      1.60     -1.73
      3.13      2.56     -0.78
     -0.70      0.65      0.18
     -2.61      0.65      0.18
     -2.61      1.60     -0.78
     -0.70      2.56     -2.69
     -0.70      2.56     -2.69
     -1.65      0.65     -0.78
     -0.70     -0.31      1.14
      2.17     -0.31      1.14
      1.22     -0.31     -0.78
      1.22     -1.27     -0.78
      0.26     -1.27      2.09
     -0.70     -0.31      3.05
     -1.65      0.65      1.14
     -0.70      0.65     -0.78
      0.26     -0.31     -0.78
      0.26     -0.31     -0.78
     -0.70      0.65     -0.78
      0.26      0.65      0.18
      2.17      0.65      0.18
      2.17     -1.27     -0.78
     -0.70     -3.18     -0.78
     -2.61     -2.22     -0.78
     -1.65     -1.27      1.14
     -1.65      0.65      1.14
     -2.61      0.65      0.18
     -1.65     -0.31     -1.73
      0.26     -0.31     -1.73
      2.17      0.65     -0.78
      1.22      1.60      0.18
      0.26      0.65      0.18
      1.22     -0.31      1.14
      1.22      0.65      1.14
      1.22      1.60      0.18
      0.26      0.65     -0.78
      0.26     -1.27     -2.69
     -1.65     -1.27     -0.78
     -3.57     -0.31      0.18
     -3.57     -0.31      1.14
     -1.65      0.65      2.09
      1.22      1.60      1.14
      3.13     -0.31      1.14
      3.13     -0.31      0.18
      2.17     -1.27      0.18
     -1.65     -1.27      1.14
     -2.61     -0.31      1.14
     -2.61     -0.31      0.18
     -0.70      0.65     -1.73
      0.26      1.60     -4.61
      1.22      1.60     -4.61
      2.17     -0.31     -2.69
      3.13     -2.22     -0.78
      0.26     -2.22      1.14
     -1.65     -1.27      2.09
     -1.65     -1.27      3.05
     -0.70     -0.31      1.14
     -0.70      0.65     -0.78
     -1.65      0.65     -1.73
     -0.70     -0.31     -0.78
      1.22     -1.27      1.14
      1.22     -0.31      3.05
      0.26      0.65      4.01
      2.17      1.60      2.09
      2.17      2.56      1.14
      0.26      1.60     -0.78
     -2.61     -0.31     -0.78
     -2.61     -0.31      0.18
     -2.61      0.65      1.14
     -0.70      0.65     -0.78
      0.26      0.65     -3.65
      2.17      1.60     -3.65
      3.13      0.65     -2.69
      2.17     -1.27     -0.78
      0.26     -1.27      1.14
      0.26     -1.27      3.05
     -0.70     -0.31      4.01
     -1.65     -1.27      2.09
     -1.65     -0.31      1.14
     -2.61      0.65      0.18
     -1.65      0.65      0.18
     -0.70      0.65      0.18
      1.22      0.65      0.18
      3.13     -0.31     -0.78
      3.13     -0.31     -2.69
      1.22     -1.27     -2.69
     -0.70     -2.22     -1.73
     -0.70     -1.27     -0.78
     -1.65     -0.31      0.18
     -2.61      0.65      0.18
     -2.61      1.60      1.14
     -1.65      1.60      1.14
     -0.70      2.56      0.18
      0.26      2.56     -1.73
      2.17      1.60     -0.78
      4.09      0.65      3.05
      4.09      0.65      4.01
      1.22     -2.22      4.01
     -2.61     -3.18      2.09
     -2.61     -2.22      0.18
     -2.61     -0.31     -1.73
     -1.65      0.65     -2.69
      0.26     -0.31     -2.69
      0.26     -0.31     -1.73
      0.26     -2.22     -1.73
      0.26     -1.27     -2.69
      1.22      0.65     -1.73
      2.17      2.56      1.14
      2.17      1.60      1.14
     -0.70      0.65      3.05
     -2.61     -1.27      3.05
     -2.61      0.65      3.05
     -2.61      2.56      2.09
     -2.61      1.60      0.18
      0.26     -0.31     -0.78
      2.17     -0.31     -0.78
      2.17     -0.31     -1.73
      2.17     -0.31     -1.73
      2.17     -2.22     -1.73
      1.22     -2.22     -0.78
     -0.70     -1.27     -1.73
     -2.61     -0.31     -0.78
     -2.61      0.65     -0.78
     -1.65     -0.31     -0.78
     -1.65     -0.31     -0.78
      0.26     -0.31      0.18
      1.22      1.60      1.14
      2.17      1.60      2.09
      1.22      0.65      3.05
      1.22      0.65      1.14
      0.26     -0.31      1.14
     -2.61     -0.31      1.14
     -2.61     -0.31      0.18
     -1.65      0.65     -0.78
      0.26      1.60     -1.73
      0.26      1.60     -3.65
      1.22     -0.31     -3.65
      2.17     -1.27     -0.78
      1.22     -1.27      1.14
     -0.70     -1.27      2.09
     -1.65     -1.27      1.14
     -0.70     -1.27      0.18
     -0.70     -1.27      0.18
     -1.65      0.65     -1.73
     -1.65      0.65     -0.78
      1.22      0.65     -0.78
      2.17     -0.31     -0.78
      1.22     -2.22      0.18
     -0.70     -1.27      1.14
      0.26      0.65      2.09
      0.26      1.60      0.18
     -0.70      0.65     -1.73
      0.26      1.60     -0.78
      2.17      1.60      1.14
      0.26      2.56      2.09
     -2.61      2.56      1.14
     -2.61      1.60      1.14
     -0.70     -0.31      1.14
     -0.70     -0.31      0.18
     -1.65     -1.27     -0.78
      0.26     -2.22     -0.78
      0.26      0.65      0.18
      1.22      0.65      0.18
      1.22     -1.27     -0.78
      1.22     -3.18     -1.73
      0.26     -3.18     -1.73
     -0.70     -2.22     -1.73
     -0.70     -2.22     -0.78
     -0.70     -1.27      1.14
      0.26     -0.31      1.14
      0.26      1.60      1.14
      1.22      3.52      1.14
      1.22      2.56      2.09
     -0.70      1.60      2.09
     -1.65      0.65      2.09
     -1.65      2.56      1.14
     -0.70      2.56      1.14
     -0.70      2.56     -1.73
     -0.70      0.65     -3.65
     -0.70     -0.31     -3.65
      0.26     -0.31     -1.73
      1.22     -0.31     -0.78
      0.26     -1.27      0.18
      0.26     -3.18      0.18
      0.26     -2.22      0.18
      0.26     -1.27      1.14
      0.26     -0.31      0.18
     -0.70      0.65     -0.78
     -0.70     -0.31      0.18
      1.22     -1.27      2.09
      1.22     -1.27      4.01
      1.22      0.65      1.14
      0.26      0.65     -0.78
      0.26     -0.31     -2.69
     -0.70     -0.31     -1.73
     -1.65      0.65     -0.78
     -1.65     -0.31      0.18
     -0.70      0.65     -1.73
     -1.65      1.60     -2.69
     -0.70      1.60     -2.69
      1.22      1.60     -0.78
      2.17      1.60      0.18
      1.22      1.60      1.14
      1.22     -0.31      3.05
      1.22     -1.27      4.01
      0.26     -1.27      4.01
     -1.65     -0.31      2.09
     -2.61     -1.27      1.14
     -1.65     -0.31      1.14
     -0.70      1.60      0.18
     -0.70      0.65     -0.78
      0.26     -0.31     -2.69
      1.22     -3.18     -1.73
      1.22     -3.18     -1.73
      1.22     -2.22     -1.73
      1.22     -2.22     -1.73
      1.22     -1.27     -1.73
     -0.70      0.65     -0.78
     -0.70      1.60      0.18
     -0.70      1.60      1.14
      0.26      0.65      0.18
      0.26     -0.31      1.14
      0.26      0.65      2.09
      1.22      0.65      2.09
      1.22     -0.31      1.14
      0.26     -0.31      1.14
     -0.70      0.65      0.18
      0.26      0.65      0.18
     -0.70      0.65      0.18
     -0.70      0.65      0.18
     -0.70      1.60     -0.78
     -0.70      0.65     -0.78
     -0.70      0.65      0.18
     -0.70      0.65      0.18
      0.26     -0.31     -0.78
      1.22     -0.31     -0.78
      0.26     -0.31      0.18
     -0.70     -1.27      0.18
     -0.70     -2.22     -0.78
     -1.65     -1.27      0.18
     -0.70      0.65     -0.78
      0.26     -1.27     -0.78
      0.26     -0.31      0.18
      0.26      1.60     -0.78
      0.26      1.60     -0.78
      1.22      0.65     -0.78
      1.22      0.65      0.18
     -1.65      1.60      1.14
     -0.70      2.56      1.14
     -0.70      1.60      1.14
      0.26      1.60      1.14
      0.26      1.60     -0.78
      1.22     -0.31      0.18
      0.26     -2.22      0.18
     -1.65     -3.18      0.18
     -1.65     -2.22     -0.78
     -2.61     -1.27     -1.73
     -2.61     -0.31     -2.69
     -1.65     -0.31     -2.69
      0.26      0.65     -2.69
      1.22      0.65     -1.73
     -0.70      0.65     -0.78
      0.26     -0.31      1.14
      1.22     -0.31      4.01
      1.22      0.65      4.01
      2.17      2.56      2.09
      2.17      1.60      1.14
      0.26     -1.27      1.14
      0.26     -1.27      0.18
      0.26     -1.27     -0.78
     -1.65     -2.22     -0.78
     -2.61     -3.18      0.18
     -1.65     -2.22      0.18
     -1.65      0.65     -0.78
     -1.65      1.60     -1.73
      0.26      2.56     -1.73
      0.26      2.56     -1.73
      0.26      0.65     -1.73
      1.22     -0.31     -0.78
      1.22     -2.22     -0.78
      0.26     -1.27      0.18
      0.26     -0.31     -0.78
      0.26     -0.31      0.18
      1.22     -0.31      2.09
      0.26     -0.31      4.01
     -0.70      1.60      4.01
     -0.70      1.60      3.05
     -1.65      1.60      1.14
     -2.61      0.65      0.18
     -1.65     -0.31     -1.73
     -0.70     -0.31     -2.69
      0.26     -1.27     -2.69
      2.17     -0.31     -0.78
      2.17      0.65      0.18
      2.17      0.65     -0.78
      0.26     -2.22     -1.73
     -0.70     -2.22     -1.73
      0.26     -2.22     -0.78
     -0.70     -1.27     -0.78
     -0.70     -1.27      0.18
     -0.70     -0.31      1.14
     -0.70      0.65      1.14
     -0.70      1.60      1.14
     -0.70      2.56      1.14
      0.26      2.56      1.14
      0.26      2.56      2.09
      0.26      2.56      2.09
      1.22      1.60      0.18
      0.26      0.65     -0.78
      1.22      0.65     -0.78
     -0.70      0.65      0.18
     -0.70     -1.27      0.18
     -0.70     -2.22      1.14
      0.26     -1.27      1.14
      1.22     -0.31     -0.78
      0.26     -0.31     -2.69
      0.26     -0.31     -1.73
      0.26     -1.27     -0.78
     -1.65     -2.22      0.18
     -2.61     -2.22      0.18
     -1.65      0.65      0.18
     -0.70      2.56      0.18
     -0.70      2.56     -0.78
      0.26      0.65     -1.73
      0.26      0.65     -1.73
      1.22      0.65     -0.78
      1.22      0.65     -0.78
      2.17     -1.27     -0.78
      0.26     -3.18      0.18
     -1.65     -3.18      1.14
     -1.65     -1.27      1.14
     -0.70      0.65      1.14
     -0.70      2.56      0.18
      0.26      1.60      0.18
      1.22      0.65      0.18
      2.17     -1.27      0.18
      0.26     -1.27      0.18
     -1.65     -1.27     -0.78
     -0.70     -1.27      0.18
     -0.70     -1.27      1.14
     -0.70      0.65      2.09
      0.26      1.60      1.14
     -0.70      1.60      1.14
     -1.65      2.56      0.18
     -1.65      2.56      0.18
     -0.70      1.60     -0.78
      0.26     -0.31     -1.73
      1.22     -0.31     -2.69
      1.22     -1.27     -1.73
      0.26     -2.22     -0.78
      0.26     -1.27      0.18
      1.22     -0.31      1.14
      2.17     -2.22      1.14
      2.17     -2.22      0.18
      1.22     -2.22      0.18
      1.22     -1.27      1.14
      1.22     -0.31      1.14
      1.22     -0.31      1.14
     -0.70     -0.31      1.14
     -2.61      1.60      0.18
     -2.61      2.56     -0.78
     -1.65      2.56      1.14
     -0.70      3.52      0.18
      0.26      3.52      1.14
      1.22      2.56      2.09
      1.22      1.60      2.09
      1.22     -0.31      0.18
      0.26     -1.27     -1.73
      3.13     -1.27     -2.69
      2.17     -2.22     -3.65
      1.22     -2.22     -2.69
     -0.70     -1.27      0.18
     -2.61     -2.22      1.14
     -2.61     -3.18      1.14
     -2.61     -1.27      1.14
     -1.65      0.65      1.14
     -0.70      1.60      2.09
     -0.70      1.60      4.01
     -0.70     -0.31      4.01
      0.26      1.60      4.01
      1.22      2.56      2.09
      3.13      0.65      0.18
      4.09     -2.22     -1.73
      4.09     -1.27     -3.65
      1.22     -0.31     -4.61
     -0.70      0.65     -3.65
     -1.65      1.60     -2.69
     -2.61      2.56     -2.69
     -2.61      2.56     -1.73
     -2.61      2.56     -1.73
     -1.65      2.56      0.18
      0.26      0.65      2.09
     -0.70     -2.22      3.05
     -0.70     -4.14      3.05
      0.26     -4.14      4.01
      1.22     -2.22      3.05
      1.22     -0.31      1.14
      1.22      0.65      1.14
      2.17      1.60      0.18
      2.17      0.65      0.18
      1.22     -0.31      0.18
     -0.70     -1.27     -0.78
     -1.65     -1.27     -1.73
     -2.61     -1.27     -2.69
     -5.48      0.65     -1.73
     -4.53      1.60     -0.78
     -2.61      2.56     -0.78
      1.22      2.56      0.18
      4.09      1.60      1.14
      6.96     -0.31      1.14
      6.00     -1.27      0.18
      2.17     -1.27      0.18
      0.26     -2.22      1.14
     -1.65     -2.22      1.14
     -2.61     -2.22      0.18
     -2.61     -0.31      0.18
     -1.65      1.60     -1.73
     -1.65      2.56     -1.73
     -1.65      2.56     -0.78
     -1.65      2.56     -0.78
      0.26      2.56      1.14
      1.22      0.65      3.05
      2.17     -2.22      4.97
      1.22     -3.18      4.01
      0.26     -2.22      2.09
     -1.65     -1.27     -1.73
     -1.65     -0.31     -2.69
     -0.70      0.65     -3.65
      1.22      1.60     -3.65
      2.17      0.65     -3.65
      3.13     -2.22     -3.65
      0.26     -4.14     -3.65
     -0.70     -2.22     -2.69
     -1.65      0.65     -0.78
     -1.65      2.56      1.14
     -1.65      3.52      2.09
      0.26      4.48      4.01
      0.26      4.48      4.97
     -0.70      3.52      4.97
      0.26      2.56      4.97
      0.26      0.65      4.01
      1.22     -1.27      1.14
      0.26     -4.14     -0.78
      0.26     -6.05     -1.73
     -1.65     -6.05     -2.69
     -2.61     -3.18     -3.65
     -2.61      0.65     -4.61
     -0.70      2.56     -4.61
      0.26      2.56     -3.65
      0.26      1.60     -2.69
      1.22      0.65     -1.73
      1.22      0.65     -1.73
      1.22     -0.31     -0.78
     -0.70     -1.27      1.14
     -1.65     -0.31      3.05
     -2.61      1.60      4.01
     -2.61      2.56      3.05
      0.26      1.60      2.09
      3.13      1.60      0.18
      2.17     -0.31      0.18
      1.22     -3.18     -0.78
      0.26     -3.18      0.18
     -1.65     -1.27     -0.78
     -0.70     -0.31     -1.73
     -0.70     -1.27     -2.69
     -0.70     -1.27     -2.69
     -2.61     -0.31     -1.73
     -1.65      1.60      0.18
     -0.70      1.60      1.14
      0.26      0.65      2.09
      0.26     -1.27      1.14
      0.26     -2.22     -0.78
      1.22     -1.27     -1.73
      2.17     -0.31     -2.69
      3.13      1.60     -2.69
      3.13      2.56     -2.69
      4.09      3.52     -0.78
      3.13      4.48      0.18
      0.26      1.60      1.14
      1.22      0.65      2.09
      1.22     -0.31      0.18
      0.26      3.52     -2.69
     -1.65      4.48     -3.65
     -2.61      2.56     -2.69
     -2.61      0.65      1.14
     -1.65     -1.27      4.01
      0.26     -0.31      4.01
      0.26     -1.27      3.05
     -0.70     -4.14      5.92
     -2.61     -8.92      7.84
     -3.57    -13.71      6.88
     -5.48    -13.71      3.05
     -5.48     -9.88     -1.73
     -3.57     -5.10     -5.56
     -1.65     -2.22     -6.52
      3.13      2.56     -4.61
      6.96      8.30     -0.78
      8.87     12.13      1.14
      6.96     15.00      2.09
      2.17     15.00      2.09
     -2.61      8.30     -1.73
     -7.40     -1.27     -5.56
     -8.35     -6.05     -4.61
     -4.53     -7.01      1.14
     -1.65     -8.92      5.92
      1.22     -7.01      6.88
      3.13      1.60      5.92
      3.13      8.30      4.97
     -0.70      7.35      2.09
     -2.61      1.60     -4.61
     -2.61     -7.01     -9.39
     -1.65    -13.71     -3.65
     -1.65    -16.58      2.09
     -2.61    -14.67      4.97
     -0.70     -8.92      2.09
     -0.70     -3.18     -3.65
     -0.70      2.56     -9.39
      3.13      7.35    -10.35
      8.87     15.96     -6.52
     11.74     24.57     -5.56
     13.66     25.53     -0.78
      9.83     16.92      6.88
      1.22      3.52      9.75
     -9.31     -5.10      6.88
    -15.05     -9.88      4.01
    -15.05     -9.88      4.01
    -10.27     -7.01      4.01
     -5.48     -8.92      3.05
      0.26    -15.62      3.05
      5.05    -12.75      2.09
      7.92     -3.18     -1.73
      6.96      7.35     -3.65
      6.00     15.96     -2.69
      6.00     17.87     -1.73
      7.92     10.22      1.14
      6.96     -1.27      2.09
      1.22     -8.92     -2.69
     -3.57    -10.84     -9.39
     -8.35     -8.92    -10.35
     -9.31     -7.97     -5.56
    -10.27     -1.27     -0.78
     -4.53     14.05     -0.78
      0.26     23.62     -0.78
      6.00     20.74      4.97
      9.83      8.30     13.58
     10.79     -7.01     15.49
      9.83    -18.49      8.79
      4.09    -24.24      0.18
     -2.61    -23.28     -4.61
     -9.31    -18.49     -4.61
     -9.31    -11.79     -5.56
     -2.61     -4.14     -7.48
      6.00      8.30     -5.56
      9.83     21.70     -0.78
      9.83     28.40      0.18
      5.05     25.53      0.18
     -1.65     15.00      0.18
     -6.44      3.52      4.97
    -10.27     -4.14      4.01
    -10.27     -7.97      0.18
     -6.44    -11.79     -1.73
     -2.61    -12.75      2.09
      1.22     -7.97      4.97
      3.13     -4.14      4.97
      6.00     -5.10      4.01
      6.00     -6.05      0.18
      4.09     -6.05     -2.69
      1.22     -6.05     -6.52
     -0.70     -7.01     -5.56
      0.26     -6.05     -4.61
     -0.70     -4.14     -6.52
     -2.61     -1.27     -8.43
     -6.44      0.65     -5.56
     -5.48      2.56      3.05
     -2.61      5.43      8.79
     -2.61     10.22      8.79
     -2.61     15.00      4.97
     -3.57     17.87      4.01
     -2.61     13.09      4.01
      2.17     -3.18      4.97
      6.00    -11.79      2.09
      7.92    -10.84     -3.65
      6.00     -7.97     -7.48
      3.13     -4.14     -9.39
     -0.70     -1.27    -10.35
     -3.57     -1.27    -10.35
     -6.44     -4.14     -6.52
     -6.44     -4.14      0.18
     -3.57     -0.31      3.05
     -0.70      5.43      3.05
      1.22     10.22      2.09
      3.13     10.22      5.92
      4.09      7.35      8.79
      4.09      7.35     10.71
      3.13      8.30     11.66
      0.26      8.30     10.71
     -1.65      2.56      6.88
     -2.61     -4.14      0.18
     -3.57    -12.75     -5.56
     -4.53    -16.58    -10.35
     -2.61    -16.58    -13.22
     -1.65    -13.71    -12.26
      1.22     -6.05    -10.35
      4.09      2.56     -7.48
      5.05      9.26     -2.69
      6.96     11.17      1.14
      7.92     10.22      4.01
      6.96      7.35      4.01
      5.05      4.48      4.01
      1.22      2.56      7.84
     -3.57      4.48     10.71
     -8.35      7.35     11.66
    -10.27     12.13     11.66
     -8.35     13.09      7.84
     -3.57      6.39      3.05
      2.17     -4.14     -2.69
      6.00    -17.54     -7.48
      8.87    -25.19    -10.35
      7.92    -24.24    -14.18
      2.17    -20.41    -13.22
     -2.61    -14.67     -8.43
     -5.48     -2.22      2.09
     -7.40     13.09      7.84
     -4.53     23.62     10.71
     -0.70     27.44      9.75
      4.09     21.70      4.97
      8.87      7.35      1.14
      9.83    -10.84     -1.73
      6.00    -23.28     -5.56
      1.22    -29.02     -4.61
     -2.61    -24.24     -2.69
     -8.35     -7.97     -0.78
    -11.22     10.22      1.14
     -9.31     20.74      4.97
     -3.57     24.57      5.92
      3.13     25.53      4.01
      6.96     13.09      0.18
      7.92     -5.10     -0.78
      6.96    -17.54     -3.65
      1.22    -24.24     -8.43
     -2.61    -26.15     -9.39
     -6.44    -23.28     -4.61
     -4.53    -11.79      3.05
     -0.70      5.43      5.92
      4.09     15.96      4.97
      7.92     21.70      2.09
      8.87     22.66     -1.73
      6.00     18.83     -4.61
      3.13     10.22     -6.52
     -1.65     -4.14     -4.61
     -2.61    -14.67      0.18
     -2.61    -15.62      5.92
     -5.48     -6.05      8.79
     -8.35      6.39      4.01
     -9.31     13.09     -0.78
     -8.35     13.09     -1.73
     -2.61      5.43      1.14
      6.00     -1.27      4.01
     12.70     -7.01      5.92
     13.66    -12.75      4.97
      9.83    -17.54      0.18
      1.22    -17.54     -6.52
     -7.40    -12.75    -13.22
    -12.18     -9.88    -16.09
    -13.14     -9.88    -12.26
     -9.31     -4.14     -5.56
     -2.61      6.39      4.97
      2.17     19.79     10.71
      3.13     27.44     11.66
      5.05     27.44     11.66
      6.00     18.83      8.79
      6.00      7.35      4.97
      5.05     -3.18      1.14
      4.09     -9.88     -1.73
      0.26    -12.75     -4.61
     -3.57    -13.71     -5.56
     -7.40    -12.75     -6.52
     -8.35     -7.97     -6.52
     -6.44     -0.31     -7.48
     -2.61      2.56     -5.56
      3.13      2.56     -1.73
      7.92     -3.18      0.18
      9.83     -9.88      1.14
      8.87    -12.75      3.05
      4.09     -7.97      2.09
     -2.61     -1.27      1.14
     -8.35      5.43      2.09
    -10.27     11.17      4.97
     -7.40     14.05      6.88
     -0.70     11.17      7.84
      6.00      5.43      5.92
      9.83      2.56      4.01
      7.92     -0.31      2.09
      2.17     -1.27     -1.73
     -1.65      0.65     -4.61
     -3.57      2.56    -10.35
     -2.61     -0.31    -10.35
     -1.65     -2.22     -6.52
      1.22     -3.18     -1.73
      4.09     -3.18      2.09
      3.13     -1.27      5.92
      0.26     -0.31      5.92
     -2.61     -1.27      4.01
     -4.53     -7.01      2.09
     -5.48     -8.92      1.14
     -2.61     -7.97      1.14
      1.22     -5.10      1.14
      4.09     -0.31     -0.78
      4.09      5.43     -1.73
      3.13     11.17     -6.52
      1.22     13.09     -9.39
      0.26     13.09     -5.56
     -0.70      8.30      0.18
      0.26      3.52      4.01
      2.17     -2.22      3.05
      0.26     -7.01     -1.73
     -2.61     -8.92     -6.52
     -4.53     -7.97    -10.35
     -4.53     -8.92     -9.39
     -3.57     -7.97     -4.61
     -2.61     -6.05      4.01
     -0.70     -5.10     10.71
      1.22     -6.05     14.54
      2.17     -5.10      8.79
      2.17     -0.31      3.05
      1.22      5.43      0.18
      2.17      5.43     -0.78
      2.17      3.52      0.18
     -0.70      5.43     -0.78
     -1.65      4.48     -0.78
     -2.61      5.43     -1.73
     -3.57      7.35     -1.73
     -0.70     10.22     -1.73
      0.26      8.30     -2.69
     -0.70      5.43     -3.65
      0.26      0.65     -1.73
      1.22     -1.27      0.18
     -0.70     -1.27      2.09
      0.26     -2.22      2.09
      0.26     -2.22      2.09
      1.22     -1.27      1.14
      2.17     -1.27     -0.78
      2.17     -1.27     -0.78
     -0.70     -1.27     -0.78
     -2.61     -2.22      0.18
     -2.61     -6.05      2.09
     -4.53     -8.92      3.05
     -2.61     -8.92      3.05
     -1.65     -5.10      3.05
      1.22     -1.27      0.18
      3.13     -0.31     -1.73
      4.09      0.65     -3.65
      3.13      2.56     -3.65
      1.22      4.48     -5.56
      0.26      6.39     -1.73
      1.22     11.17      4.01
      1.22     13.09      4.97
     -0.70     15.00      2.09
     -1.65     10.22      0.18
     -2.61      1.60      0.18
     -2.61     -8.92     -0.78
     -2.61    -16.58     -1.73
     -2.61    -16.58     -2.69
     -2.61    -12.75     -2.69
     -1.65     -8.92     -2.69
      0.26     -5.10     -3.65
      3.13     -0.31     -1.73
      5.05      2.56      0.18
      6.00      4.48      4.01
      5.05      2.56      7.84
      2.17      0.65      8.79
     -1.65     -2.22      5.92
     -4.53     -4.14      2.09
     -5.48     -4.14     -2.69
     -4.53     -1.27     -3.65
     -2.61      2.56     -2.69
      0.26      6.39     -2.69
      3.13      9.26     -3.65
      6.00     11.17     -1.73
      6.96      9.26      0.18
      6.96      4.48     -0.78
      6.00     -1.27     -2.69
      4.09     -7.97     -3.65
      0.26     -8.92     -1.73
     -2.61    -10.84     -1.73
     -5.48     -9.88     -2.69
     -7.40     -4.14     -2.69
     -8.35     -0.31      0.18
     -5.48      0.65      4.01
     -0.70     -0.31      5.92
      3.13      0.65      5.92
      4.09      2.56      4.97
      4.09      2.56      5.92
      4.09      3.52      4.97
      3.13      4.48      1.14
      2.17      6.39     -3.65
      0.26      3.52     -6.52
     -0.70     -0.31     -5.56
     -2.61      0.65     -5.56
     -5.48      2.56     -5.56
     -5.48      4.48     -3.65
     -4.53      3.52     -2.69
     -2.61      0.65     -1.73
      0.26     -2.22     -0.78
      3.13     -3.18     -0.78
      6.96     -3.18     -0.78
      6.96     -3.18      1.14
      5.05     -5.10      2.09
      1.22     -6.05      1.14
     -2.61     -5.10      0.18
     -3.57     -3.18      1.14
     -5.48     -2.22      3.05
     -2.61      2.56      4.01
     -2.61      3.52      1.14
     -0.70      4.48     -0.78
      0.26      4.48     -1.73
      1.22      3.52     -0.78
      2.17      2.56      1.14
      2.17      0.65      2.09
      1.22      0.65      1.14
     -0.70      0.65      1.14
     -2.61      1.60      2.09
     -2.61      1.60      0.18
     -2.61     -0.31     -0.78
     -1.65     -2.22      0.18
      0.26     -5.10      3.05
      2.17     -4.14      3.05
      3.13     -3.18      0.18
      2.17     -1.27     -3.65
      0.26     -0.31     -4.61
     -0.70     -2.22     -2.69
     -0.70     -1.27      0.18
     -1.65     -0.31      3.05
     -1.65      0.65      3.05
     -0.70     -0.31      2.09
     -1.65     -1.27      1.14
     -0.70     -2.22     -0.78
     -0.70     -2.22     -2.69
     -0.70     -0.31     -3.65
      1.22      0.65     -2.69
      1.22      1.60     -4.61
      0.26      1.60     -4.61
      0.26      0.65     -3.65
      0.26      0.65     -1.73
      0.26      1.60      0.18
      0.26      2.56      1.14
      1.22      2.56      3.05
      3.13      3.52      4.01
      3.13      1.60      3.05
      2.17     -0.31      1.14
      0.26     -2.22      1.14
     -2.61     -1.27      1.14
     -3.57      0.65      1.14
     -2.61      2.56      1.14
     -1.65      4.48      2.09
      0.26      5.43      2.09
      1.22      4.48      0.18
      1.22      1.60     -1.73
      1.22     -2.22     -2.69
      1.22     -6.05     -1.73
      0.26     -7.97      0.18
      0.26     -7.01     -0.78
     -1.65     -3.18     -1.73
     -2.61     -2.22     -1.73
     -1.65     -1.27     -0.78
     -0.70      0.65      0.18
     -0.70      1.60      1.14
      0.26      0.65      3.05
      0.26      1.60      3.05
      0.26      3.52      4.01
     -0.70      4.48      3.05
     -1.65      6.39      3.05
     -0.70      7.35      1.14
      1.22      6.39      0.18
      2.17      3.52     -0.78
      4.09      0.65     -2.69
      5.05     -1.27     -3.65
      3.13     -3.18     -5.56
     -0.70     -5.10     -5.56
     -2.61     -6.05     -4.61
     -4.53     -5.10     -1.73
     -2.61     -1.27      1.14
     -2.61      1.60      3.05
     -0.70      1.60      2.09
      0.26      0.65      0.18
      1.22     -1.27      0.18
      0.26     -1.27      2.09
      1.22     -4.14      4.97
     -0.70     -4.14      5.92
      0.26     -1.27      4.97
      0.26     -1.27      4.01
      0.26     -1.27      3.05
     -0.70      0.65      0.18
     -0.70      5.43     -2.69
      0.26      6.39     -4.61
     -0.70      5.43     -3.65
     -0.70      1.60     -2.69
      0.26     -1.27     -2.69
      0.26     -2.22     -2.69
      1.22     -3.18     -2.69
      0.26     -3.18     -2.69
      0.26     -4.14     -2.69
     -1.65     -5.10     -1.73
     -0.70     -6.05     -0.78
      0.26     -4.14     -0.78
     -0.70     -4.14     -0.78
     -1.65     -2.22      0.18
     -1.65     -1.27      1.14
     -2.61      0.65      3.05
     -1.65      2.56      3.05
     -0.70      5.43      2.09
      0.26      6.39      1.14
      2.17      3.52      2.09
      3.13      0.65      3.05
      2.17     -0.31      3.05
      1.22     -0.31      2.09
      0.26     -0.31      2.09
     -0.70     -1.27      2.09
     -1.65     -0.31      2.09
     -0.70      0.65      1.14
      0.26      4.48     -0.78
      1.22      6.39     -2.69
      1.22      5.43     -3.65
      0.26      3.52     -3.65
      0.26     -1.27     -1.73
     -0.70     -4.14     -0.78
     -0.70     -5.10      0.18
     -1.65     -5.10      0.18
     -2.61     -5.10     -0.78
     -2.61     -3.18     -1.73
     -1.65     -1.27      0.18
      0.26      0.65     -0.78
      1.22      1.60      0.18
      2.17      0.65     -0.78
      2.17     -1.27     -0.78
      1.22     -1.27     -0.78
      0.26     -1.27      0.18
     -0.70     -0.31      0.18
     -1.65      1.60      0.18
     -1.65      2.56      0.18
     -0.70      1.60      1.14
      1.22      2.56      2.09
      1.22      2.56      1.14
      1.22      2.56     -1.73
      1.22      0.65     -2.69
      0.26      0.65     -3.65
     -0.70      1.60     -0.78
     -2.61      1.60      2.09
     -1.65      1.60      4.01
     -1.65      2.56      4.01
     -1.65      2.56      4.01
     -0.70      1.60      1.14
      0.26     -2.22      1.14
      1.22     -5.10      0.18
      2.17     -7.01      0.18
      1.22     -7.97     -2.69
      0.26     -4.14     -3.65
     -1.65     -1.27     -4.61
     -2.61      1.60     -3.65
     -1.65      3.52     -2.69
      0.26      3.52     -0.78
      1.22      3.52      2.09
      2.17      2.56      2.09
      2.17      1.60      1.14
      1.22      0.65      0.18
     -0.70     -0.31      0.18
     -2.61     -0.31      1.14
     -1.65     -0.31      1.14
     -0.70     -0.31      2.09
     -0.70      0.65      1.14
     -0.70      0.65      0.18
     -0.70     -1.27     -0.78
     -0.70     -3.18     -1.73
     -0.70     -3.18     -1.73
     -0.70     -1.27     -1.73
     -0.70     -0.31     -0.78
      0.26      0.65      1.14
      1.22      1.60      2.09
      1.22      1.60      0.18
      2.17      1.60     -1.73
      1.22      0.65     -1.73
     -0.70     -1.27      0.18
     -2.61     -1.27      0.18
     -2.61     -0.31      2.09
     -2.61     -0.31      3.05
     -1.65     -0.31      4.97
      0.26     -2.22      4.97
      1.22     -1.27      2.09
      1.22      0.65      0.18
      1.22      2.56     -0.78
      0.26      1.60     -0.78
      1.22     -0.31     -3.65
      1.22     -2.22     -2.69
      1.22     -2.22     -3.65
      1.22     -1.27     -3.65
      0.26     -0.31     -1.73
     -1.65      0.65     -3.65
      0.26      1.60     -1.73
     -0.70      1.60     -0.78
     -0.70      0.65      0.18
     -0.70      2.56      2.09
     -0.70      2.56      3.05
     -0.70      2.56      4.01
     -0.70      2.56      4.97
      0.26      2.56      4.97
      1.22      1.60      3.05
      1.22     -0.31      0.18
      0.26     -2.22     -0.78
      1.22     -3.18     -1.73
      0.26     -4.14     -2.69
      0.26     -3.18     -3.65
      0.26     -2.22     -2.69
      0.26     -0.31     -1.73
     -0.70     -0.31     -1.73
     -0.70     -1.27     -0.78
      0.26     -2.22      0.18
      1.22     -1.27     -0.78
      1.22     -1.27      0.18
      1.22     -2.22      0.18
     -0.70     -3.18     -0.78
     -1.65     -2.22     -0.78
     -2.61      0.65     -1.73
     -2.61      2.56     -1.73
     -1.65      3.52     -0.78
      0.26      4.48      0.18
      2.17      2.56      0.18
      1.22      1.60      1.14
      1.22      0.65      2.09
     -0.70      1.60      4.01
     -0.70      0.65      3.05
     -1.65     -1.27      2.09
     -2.61     -2.22      2.09
     -1.65     -3.18      3.05
     -1.65     -0.31      2.09
     -0.70      1.60      0.18
      0.26      2.56     -1.73
      1.22      1.60     -1.73
      1.22     -0.31     -2.69
      1.22     -2.22     -4.61
      1.22     -2.22     -6.52
      1.22     -1.27     -6.52
      0.26     -1.27     -4.61
     -0.70     -0.31     -1.73
     -1.65      1.60      0.18
     -2.61      2.56      2.09
     -1.65      1.60      3.05
     -0.70      1.60      4.01
      0.26      0.65      3.05
      1.22     -0.31      4.01
      2.17     -0.31      2.09
      1.22     -0.31      2.09
     -0.70      0.65      3.05
     -1.65      0.65      3.05
     -0.70      0.65      3.05
      0.26      0.65      2.09
      0.26      1.60      0.18
      1.22      1.60     -0.78
      2.17     -0.31     -2.69
      1.22     -1.27     -3.65
      1.22     -1.27     -4.61
      0.26     -1.27     -4.61
      0.26     -0.31     -5.56
      0.26     -0.31     -4.61
     -0.70     -1.27     -0.78
      0.26     -1.27      3.05
      1.22      1.60      4.01
     -0.70      3.52      3.05
     -1.65      4.48      3.05
     -1.65      3.52      3.05
     -0.70      0.65      3.05
      0.26     -2.22      2.09
      1.22     -3.18      0.18
      0.26     -2.22      1.14
      0.26     -2.22      1.14
     -0.70     -1.27      1.14
     -1.65      0.65     -0.78
     -2.61      2.56     -1.73
     -1.65      2.56     -0.78
      0.26      3.52     -0.78
      1.22      3.52      0.18
      2.17      2.56      0.18
      2.17     -0.31      1.14
      1.22     -4.14      1.14
      1.22     -5.10      0.18
     -0.70     -5.10     -0.78
     -1.65     -5.10     -1.73
     -0.70     -4.14     -1.73
     -0.70     -3.18     -2.69
      0.26     -3.18     -2.69
      0.26     -2.22     -1.73
      0.26     -0.31     -0.78
     -0.70      0.65      1.14
     -1.65      2.56      3.05
     -0.70      3.52      3.05
      0.26      2.56      2.09
      0.26      2.56      0.18
      0.26      1.60     -0.78
     -0.70      0.65      0.18
      0.26     -0.31      0.18
      0.26     -0.31     -0.78
      0.26      0.65     -1.73
     -0.70     -0.31     -0.78
     -1.65     -0.31      2.09
     -0.70      0.65      2.09
      0.26      2.56      1.14
      0.26      3.52      1.14
     -0.70      4.48      0.18
      0.26      2.56      0.18
      0.26      1.60      0.18
      0.26     -0.31      0.18
      0.26     -3.18      0.18
      0.26     -7.01      0.18
      0.26     -7.01     -0.78
     -0.70     -5.10     -1.73
     -1.65     -3.18     -2.69
     -1.65     -1.27     -3.65
     -1.65      0.65     -2.69
     -0.70      2.56     -1.73
      0.26      3.52     -0.78
      1.22      3.52      0.18
      2.17      2.56      1.14
      1.22      0.65      1.14
     -0.70     -0.31      1.14
     -1.65     -1.27      2.09
     -1.65     -0.31      1.14
     -0.70      1.60      0.18
      1.22      1.60     -1.73
      2.17      0.65     -2.69
      2.17      0.65     -2.69
      1.22      0.65     -2.69
      0.26      0.65     -0.78
     -1.65      1.60      1.14
     -1.65      1.60      1.14
     -1.65      0.65      1.14
     -1.65     -1.27      1.14
     -1.65     -3.18      2.09
     -0.70     -2.22      1.14
     -0.70     -2.22      1.14
     -0.70     -3.18      1.14
      0.26     -3.18      1.14
      0.26     -3.18      0.18
      1.22     -2.22     -1.73
      1.22      0.65     -2.69
      0.26      1.60     -2.69
     -1.65      0.65     -1.73
      0.26     -0.31     -0.78
     -0.70      0.65     -0.78
      0.26      2.56     -1.73
     -0.70      3.52     -2.69
      1.22      2.56     -1.73
      0.26      1.60     -0.78
      0.26      1.60      2.09
      0.26      0.65      4.01
      0.26     -0.31      4.01
     -0.70     -0.31      3.05
     -1.65     -1.27      2.09
     -1.65     -1.27      3.05
     -1.65     -2.22      4.01
     -0.70     -1.27      4.01
      1.22     -1.27      3.05
      1.22     -0.31      1.14
      0.26     -1.27     -0.78
     -0.70     -1.27     -2.69
      0.26      0.65     -2.69
      0.26      2.56     -3.65
      0.26      3.52     -1.73
      0.26      2.56     -0.78
      0.26      0.65     -0.78
      0.26     -1.27     -0.78
      1.22     -1.27     -1.73
      1.22     -1.27      0.18
      0.26     -0.31      2.09
     -0.70     -0.31      3.05
     -2.61     -1.27      3.05
     -2.61     -1.27      3.05
     -1.65     -0.31      2.09
     -1.65      0.65      1.14
      0.26      0.65     -0.78
      1.22     -1.27     -1.73
      1.22     -3.18     -1.73
      1.22     -3.18     -2.69
      1.22     -2.22     -2.69
      1.22     -1.27     -1.73
      0.26      0.65      0.18
      0.26      1.60      0.18
     -0.70      2.56     -0.78
     -0.70      2.56     -1.73
     -1.65      2.56     -1.73
     -0.70      1.60     -0.78
     -0.70      0.65      1.14
      0.26      0.65      2.09
     -0.70      0.65      2.09
     -1.65     -1.27      3.05
     -1.65     -2.22      3.05
     -0.70     -2.22      1.14
      0.26     -0.31      1.14
      0.26      1.60      2.09
      1.22      2.56      2.09
      2.17      0.65      2.09
      2.17     -2.22      0.18
      1.22     -3.18     -1.73
      0.26     -4.14     -2.69
     -0.70     -1.27     -2.69
     -1.65      0.65     -4.61
     -1.65      2.56     -4.61
     -1.65      2.56     -3.65
      0.26      2.56     -1.73
      1.22      4.48      0.18
      1.22      5.43      1.14
      1.22      5.43      1.14
      1.22      3.52      2.09
      1.22      0.65      1.14
      0.26     -1.27      1.14
     -0.70     -1.27      0.18
     -1.65     -2.22     -0.78
     -0.70     -2.22      0.18
     -0.70     -2.22      0.18
     -0.70     -3.18      1.14
      0.26     -2.22      1.14
      0.26     -0.31      0.18
     -0.70      0.65      1.14
     -0.70      0.65      1.14
     -0.70      0.65      2.09
     -1.65      0.65      1.14
     -1.65     -0.31      1.14
     -0.70     -2.22      0.18
      0.26     -2.22     -0.78
      0.26     -4.14     -1.73
      1.22     -1.27     -2.69
      0.26     -0.31     -2.69
      0.26     -0.31     -0.78
      0.26     -0.31     -0.78
      0.26     -1.27     -1.73
      0.26     -1.27     -1.73
     -0.70     -1.27     -0.78
     -1.65     -1.27      0.18
     -0.70      0.65      1.14
     -1.65      2.56      2.09
     -0.70      2.56      3.05
      0.26      2.56      4.01
      0.26      2.56      2.09
      0.26      1.60      1.14
      0.26      1.60      1.14
      0.26      0.65      0.18
      1.22     -1.27      0.18
      0.26     -1.27      0.18
      0.26     -1.27     -1.73
      0.26     -0.31     -2.69
      0.26     -0.31     -2.69
     -0.70      0.65     -3.65
     -1.65      1.60     -2.69
      0.26      0.65     -0.78
      0.26     -0.31      0.18
      0.26     -1.27      1.14
     -0.70     -2.22      2.09
     -1.65     -1.27      2.09
     -1.65     -1.27      1.14
     -1.65     -2.22      1.14
     -0.70     -1.27      0.18
      0.26     -0.31     -0.78
      2.17      0.65     -0.78
      3.13      0.65      0.18
      2.17      0.65      0.18
      1.22      1.60      0.18
     -0.70      2.56     -0.78
     -1.65      2.56      0.18
     -1.65      2.56      0.18
     -1.65      2.56      0.18
     -0.70      1.60      0.18
      0.26      0.65     -0.78
      0.26     -0.31      0.18
      1.22     -1.27      0.18
      1.22     -1.27     -0.78
      0.26     -1.27     -0.78
      0.26     -1.27     -1.73
      0.26     -1.27     -1.73
      1.22     -1.27     -1.73
      1.22     -2.22     -1.73
      1.22     -1.27     -0.78
     -1.65     -0.31      0.18
     -1.65      0.65      1.14
     -2.61      1.60      2.09
     -2.61      0.65      2.09
     -2.61     -0.31      2.09
     -0.70     -1.27      2.09
      1.22     -1.27      3.05
      2.17     -0.31      2.09
      3.13      1.60      0.18
      1.22      0.65     -1.73
      1.22      0.65     -2.69
      0.26     -0.31     -1.73
      1.22     -0.31     -1.73
      0.26     -0.31     -2.69
      0.26     -1.27     -2.69
     -0.70     -0.31     -1.73
     -1.65     -0.31     -0.78
     -1.65     -0.31      1.14
     -1.65      0.65      2.09
     -1.65      1.60      4.01
     -0.70      2.56      4.01
      0.26      2.56      4.97
      0.26      2.56      4.97
      0.26      0.65      4.01
      0.26     -1.27      2.09
      0.26     -1.27      1.14
      0.26     -2.22     -0.78
      1.22     -3.18     -2.69
      1.22     -3.18     -4.61
      1.22     -3.18     -5.56
      1.22     -3.18     -4.61
      1.22     -2.22     -3.65
      0.26     -1.27     -2.69
      0.26     -0.31      0.18
      0.26      1.60      1.14
     -0.70      2.56      1.14
     -1.65      2.56      2.09
     -1.65      3.52      3.05
     -1.65      3.52      2.09
     -0.70      2.56      1.14
      0.26      1.60      1.14
      1.22     -0.31      2.09
      1.22     -1.27      2.09
      1.22     -3.18      1.14
      1.22     -2.22      0.18
     -0.70     -2.22     -0.78
     -0.70     -1.27      0.18
     -1.65     -0.31      0.18
     -1.65      1.60     -0.78
     -1.65      1.60     -0.78
     -0.70      2.56     -0.78
      0.26      2.56     -0.78
      1.22      0.65     -0.78
      0.26      0.65      0.18
      0.26      0.65      1.14
      0.26      0.65      0.18
     -0.70     -1.27     -1.73
     -1.65     -1.27     -1.73
     -1.65     -1.27     -0.78
     -0.70     -1.27     -0.78
      0.26     -1.27      0.18
      1.22     -1.27      0.18
      1.22     -1.27      0.18
      0.26     -0.31      1.14
      0.26      0.65      1.14
     -0.70     -0.31      2.09
     -0.70      0.65      2.09
     -0.70      0.65      2.09
     -0.70      0.65      1.14
      0.26      1.60      1.14
      0.26      1.60      0.18
      0.26     -0.31     -0.78
      1.22      0.65     -1.73
      1.22     -0.31     -2.69
      0.26     -1.27     -2.69
      0.26     -0.31     -1.73
      0.26     -0.31     -3.65
      0.26      0.65     -2.69
      0.26      1.60     -3.65
     -0.70      0.65      1.14
     -0.70     -0.31      3.05
     -0.70     -0.31      2.09
     -0.70     -1.27      1.14
     -0.70     -1.27      2.09
      0.26     -1.27      1.14
      0.26     -2.22      1.14
      0.26     -1.27      1.14
      0.26     -0.31      1.14
      1.22      0.65      1.14
      0.26      0.65      1.14
     -0.70     -0.31      0.18
     -0.70      0.65      0.18
     -0.70     -0.31     -1.73
      0.26     -0.31     -2.69
      0.26     -0.31     -2.69
     -0.70     -0.31     -0.78
     -0.70      0.65      0.18
      0.26      0.65      0.18
      0.26      1.60      0.18
      0.26      1.60      0.18
      0.26      0.65      0.18
      0.26     -0.31      0.18
      0.26     -0.31     -0.78
      0.26     -1.27      0.18
      0.26     -1.27      1.14
      0.26     -1.27      1.14
     -1.65     -1.27      1.14
     -0.70     -0.31     -0.78
     -0.70      0.65      0.18
     -0.70      1.60     -0.78
     -0.70      1.60     -0.78
     -0.70      1.60     -0.78
      0.26      1.60      0.18
      0.26     -0.31      0.18
     -0.70      0.65      1.14
      0.26      0.65      0.18
      0.26      0.65      0.18
      0.26     -0.31      1.14
      0.26      0.65     -0.78
     -0.70     -0.31     -1.73
      0.26     -1.27     -1.73
      0.26     -3.18     -1.73
      0.26     -5.10     -0.78
     -0.70     -4.14      0.18
     -1.65     -3.18      1.14
     -1.65     -0.31      1.14
     -1.65      1.60      2.09
     -1.65      2.56      4.01
      0.26      3.52      4.01
      1.22      4.48      2.09
      1.22      3.52      1.14
      0.26      3.52      0.18
      0.26      2.56     -0.78
      0.26     -1.27     -0.78
      1.22     -2.22     -1.73
      0.26     -2.22     -2.69
      0.26     -2.22     -2.69
      0.26     -1.27     -2.69
      0.26     -0.31     -2.69
     -0.70      0.65     -1.73
     -0.70      0.65     -0.78
     -0.70     -0.31      0.18
      0.26     -0.31      0.18
      0.26     -1.27      1.14
      0.26     -0.31      2.09
      0.26     -0.31      2.09
     -0.70     -1.27      2.09
     -0.70     -2.22      2.09
     -0.70     -1.27      2.09
     -1.65     -0.31      2.09
     -0.70     -1.27      2.09
      0.26     -0.31      1.14
     -0.70      1.60      2.09
     -0.70      2.56      1.14
     -0.70      2.56      0.18
      0.26      2.56      0.18
      0.26      1.60     -0.78
      1.22      1.60     -1.73
      0.26      1.60     -0.78
      1.22      0.65     -0.78
      0.26      1.60     -0.78
      0.26      1.60      0.18
     -0.70      0.65     -0.78
      0.26     -0.31     -0.78
      0.26     -2.22     -1.73
     -0.70     -2.22     -2.69
     -0.70     -2.22     -2.69
      0.26     -3.18     -1.73
     -0.70     -2.22     -0.78
      0.26     -2.22     -0.78
      0.26     -1.27      1.14
      0.26     -1.27      2.09
      0.26     -1.27      3.05
      0.26     -0.31      3.05
     -0.70      1.60      2.09
     -0.70      1.60      0.18
     -1.65      1.60      0.18
     -1.65      0.65      0.18
     -1.65      0.65     -0.78
      0.26      0.65     -1.73
     -0.70      0.65     -1.73
      1.22      1.60     -1.73
      1.22      1.60     -1.73
      0.26      1.60     -0.78
      0.26     -0.31      0.18
     -1.65     -1.27      1.14
     -0.70     -2.22      0.18
     -0.70     -1.27      1.14
     -0.70     -1.27      0.18
     -0.70     -1.27     -0.78
      0.26     -0.31     -0.78
      0.26     -0.31     -0.78
      0.26      0.65     -0.78
      0.26      0.65      1.14
      1.22      0.65      1.14
      1.22     -0.31     -0.78
      0.26     -0.31     -1.73
     -0.70     -1.27     -1.73
     -1.65     -1.27      1.14
     -1.65     -0.31      2.09
     -0.70      1.60      2.09
     -0.70      2.56      1.14
     -0.70      2.56      0.18
      0.26      1.60      0.18
      1.22     -0.31     -0.78
      1.22     -2.22     -1.73
      1.22     -1.27     -1.73
      0.26     -0.31     -0.78
     -1.65      0.65      0.18
     -0.70      0.65     -0.78
     -0.70     -0.31     -0.78
      0.26     -0.31     -0.78
      0.26     -0.31     -1.73
     -0.70     -1.27     -1.73
      0.26     -1.27     -0.78
      0.26     -1.27      0.18
      0.26     -1.27      0.18
      0.26     -1.27      0.18
     -0.70     -0.31      3.05
     -0.70      0.65      4.01
     -0.70      0.65      4.01
      0.26      0.65      4.01
      1.22      0.65      2.09
      0.26      0.65      0.18
      0.26      0.65     -0.78
      0.26     -0.31     -1.73
     -0.70     -0.31     -1.73
     -0.70      1.60     -1.73
      0.26      1.60     -1.73
      0.26      1.60     -3.65
      0.26      0.65     -1.73
      0.26     -0.31     -0.78
      0.26      0.65      0.18
      0.26      0.65      0.18
      0.26      0.65      1.14
      0.26      0.65      1.14
      0.26     -0.31      1.14
      0.26     -1.27      1.14
     -0.70     -1.27      1.14
     -0.70     -0.31      1.14
     -0.70      0.65      1.14
     -0.70      0.65      1.14
     -1.65      0.65      1.14
     -0.70     -0.31      1.14
     -0.70     -0.31      0.18
     -0.70      0.65     -0.78
      0.26      0.65     -1.73
      1.22     -0.31     -1.73
      1.22     -0.31     -1.73
      1.22     -0.31     -0.78
      1.22     -0.31     -0.78
      1.22     -1.27     -0.78
      0.26     -1.27     -0.78
     -0.70     -1.27      0.18
     -0.70     -0.31      0.18
     -1.65      1.60      1.14
     -1.65      1.60      1.14
     -1.65      0.65      0.18
     -0.70     -0.31      0.18
      0.26     -0.31      0.18
      0.26      0.65      0.18
      1.22      0.65      1.14
      0.26      0.65      1.14
      0.26      0.65      0.18
     -0.70     -0.31     -0.78
      0.26     -1.27      0.18
      0.26     -0.31      0.18
      0.26     -1.27     -0.78
      0.26     -0.31     -1.73
     -0.70     -0.31      0.18
     -0.70     -0.31      0.18
     -0.70     -0.31      1.14
     -0.70     -0.31      2.09
      0.26      0.65      2.09
      1.22      0.65      1.14
      1.22      0.65      0.18
      1.22      0.65     -0.78
      0.26     -0.31     -0.78
      0.26     -0.31     -0.78
      0.26     -0.31     -0.78
      0.26      0.65      0.18
      0.26      0.65      0.18
      0.26      0.65      1.14
      0.26      0.65      0.18
     -1.65     -0.31     -0.78
     -0.70     -0.31      0.18
     -0.70     -1.27      1.14
     -0.70     -0.31      1.14
      0.26     -0.31      0.18
      1.22      0.65      0.18
      0.26      0.65     -0.78
      0.26     -0.31     -0.78
      0.26     -1.27     -0.78
      0.26     -1.27     -1.73
      0.26     -2.22     -2.69
      0.26     -2.22     -2.69
     -0.70     -2.22     -0.78
     -1.65     -1.27      0.18
     -1.65     -2.22      0.18
     -1.65     -1.27      0.18
     -0.70     -0.31      1.14
      0.26      1.60      2.09
      1.22      2.56      3.05
      1.22      3.52      2.09
      1.22      3.52      2.09
      1.22      3.52      2.09
      1.22      2.56      1.14
      0.26      1.60      1.14
     -0.70      1.60      1.14
     -0.70     -0.31      0.18
     -0.70     -2.22     -0.78
     -0.70     -2.22     -0.78
      0.26     -1.27     -1.73
     -0.70     -1.27     -1.73
      0.26     -1.27     -1.73
      0.26     -1.27     -0.78
      0.26     -1.27      0.18
      1.22     -1.27      0.18
      0.26     -1.27      0.18
     -0.70     -0.31      0.18
     -0.70     -0.31      0.18
     -0.70      0.65      1.14
     -0.70      1.60      1.14
     -0.70      0.65      0.18
      0.26      0.65     -0.78
      0.26     -0.31     -0.78
      0.26     -0.31      0.18
      0.26     -0.31      0.18
      0.26     -0.31      0.18
      0.26     -0.31      0.18
      0.26      0.65      1.14
      0.26      1.60      1.14
     -0.70      1.60      1.14
     -0.70      2.56      0.18
     -1.65      1.60      0.18
     -0.70      0.65     -1.73
      0.26     -0.31     -1.73
      0.26     -1.27     -1.73
      0.26     -1.27     -0.78
      0.26     -1.27     -0.78
      1.22     -1.27     -0.78
     -0.70     -1.27     -0.78
     -0.70     -0.31      0.18
     -0.70      0.65      0.18
     -0.70      1.60      0.18
     -0.70      1.60      0.18
      0.26      0.65     -0.78
      0.26     -1.27      0.18
      0.26     -1.27      0.18
      0.26     -1.27      1.14
     -0.70     -2.22      1.14
     -0.70     -0.31      0.18
     -1.65     -0.31      1.14
     -1.65      0.65      1.14
     -0.70      0.65      0.18
      0.26      1.60     -0.78
      1.22      0.65     -0.78
      1.22     -0.31     -3.65
      0.26     -1.27     -0.78
      0.26     -0.31      0.18
     -0.70      0.65      0.18
     -0.70      1.60      1.14
      0.26      2.56      1.14
      0.26      2.56      1.14
      0.26      0.65      1.14
      0.26     -0.31      1.14
      0.26     -1.27      1.14
      0.26     -1.27      0.18
      0.26     -1.27      0.18
     -0.70     -0.31     -0.78
     -0.70     -0.31      0.18
     -0.70     -1.27      0.18
      0.26     -1.27     -0.78
      1.22     -1.27     -0.78
      1.22     -1.27     -0.78
      1.22     -1.27     -1.73
      0.26     -1.27     -0.78
     -1.65     -1.27      0.18
     -1.65     -1.27      1.14
     -0.70     -0.31      1.14
     -0.70     -0.31      1.14
     -0.70      0.65      1.14
     -0.70      1.60      1.14
      0.26      0.65      1.14
      0.26      0.65      1.14
      1.22     -0.31      1.14
      1.22     -2.22      1.14
      1.22     -0.31      0.18
      0.26      0.65     -1.73
      0.26      0.65     -1.73
     -0.70      0.65     -1.73
     -0.70      0.65     -0.78
     -0.70      0.65     -0.78
     -0.70      0.65     -0.78
     -0.70      0.65      0.18
     -0.70     -1.27      1.14
     -0.70     -2.22      1.14
     -0.70     -2.22      1.14
      0.26     -1.27      1.14
      0.26     -0.31      1.14
      0.26     -0.31      1.14
      0.26     -1.27      0.18
      0.26     -0.31      0.18
      0.26     -0.31     -0.78
      0.26      0.65     -0.78
     -0.70      1.60     -0.78
     -0.70      2.56      0.18
     -0.70      2.56      1.14
      0.26      1.60      0.18
     -0.70      2.56      0.18
      0.26      0.65      0.18
      0.26     -0.31     -0.78
      0.26     -1.27     -0.78
      1.22     -1.27     -0.78
      1.22     -1.27     -0.78
      1.22     -1.27     -0.78
      0.26     -0.31     -0.78
     -0.70     -1.27     -0.78
     -1.65      0.65     -0.78
     -1.65      0.65     -1.73
     -1.65      0.65     -0.78
     -0.70     -0.31      0.18
      0.26     -0.31      0.18
      0.26     -0.31      1.14
     -0.70      0.65      2.09
     -0.70      0.65      2.09
     -0.70      0.65      2.09
      1.22      0.65      1.14
      1.22      0.65      1.14
      1.22      0.65     -0.78
      1.22     -0.31     -0.78
      0.26     -0.31     -1.73
     -0.70     -0.31     -1.73
     -0.70     -0.31     -0.78
     -1.65     -0.31     -0.78
     -0.70     -0.31     -0.78
      0.26      0.65     -0.78
      0.26     -0.31     -0.78
      0.26     -1.27     -0.78
      0.26     -2.22     -0.78
     -0.70     -2.22      0.18
     -0.70     -1.27      1.14
      0.26     -0.31      1.14
      0.26     -1.27      1.14
      0.26     -0.31      1.14
      0.26      0.65      0.18
      0.26      1.60     -0.78
     -0.70      1.60     -0.78
     -0.70      1.60     -0.78
     -0.70      1.60      0.18
      0.26      1.60      0.18
      0.26      0.65      0.18
      0.26     -0.31      0.18
     -0.70      0.65      0.18
     -1.65      1.60      0.18
     -0.70      0.65      0.18
      0.26     -0.31     -0.78
      1.22     -0.31     -1.73
      1.22     -1.27     -1.73
      0.26     -2.22     -1.73
      0.26     -2.22     -0.78
     -0.70     -2.22      0.18
     -1.65     -1.27      1.14
     -0.70     -1.27      2.09
     -0.70     -0.31      2.09
      0.26      0.65      3.05
      0.26      1.60      3.05
     -0.70      2.56      3.05
     -0.70      2.56      2.09
     -0.70      1.60      1.14
      0.26     -0.31     -0.78
      1.22     -1.27     -1.73
      1.22     -2.22     -1.73
      1.22     -1.27     -1.73
      1.22     -2.22     -1.73
      0.26     -1.27     -1.73
      0.26      0.65     -1.73
     -1.65      1.60     -0.78
     -1.65      0.65     -0.78
     -0.70      0.65      0.18
     -0.70      0.65      0.18
      0.26      0.65     -0.78
      0.26     -1.27      0.18
      0.26     -2.22      1.14
     -0.70     -1.27      1.14
     -0.70     -0.31      1.14
     -0.70      0.65      1.14
     -0.70      0.65      1.14
      0.26      0.65      0.18
      0.26      1.60      0.18
      1.22      1.60     -0.78
      0.26      0.65     -0.78
      0.26      1.60     -0.78
      0.26      0.65     -0.78
     -0.70      0.65     -0.78
      0.26     -0.31     -0.78
      0.26     -0.31      0.18
      0.26     -2.22     -0.78
      0.26     -2.22     -0.78
      0.26     -2.22     -0.78
      0.26     -1.27      0.18
      0.26     -1.27      1.14
     -1.65     -0.31      0.18
     -0.70      0.65      0.18
     -0.70      0.65      0.18
     -1.65      0.65      1.14
     -0.70      1.60      1.14
     -0.70      1.60      1.14
      0.26      1.60      1.14
      0.26      0.65      1.14
      0.26      0.65      1.14
      1.22     -0.31      0.18
      1.22      0.65      0.18
      1.22      0.65     -0.78
      1.22      0.65     -0.78
      0.26     -0.31      0.18
     -0.70     -1.27     -0.78
     -1.65     -0.31     -0.78
     -0.70     -0.31     -0.78
     -0.70     -0.31      0.18
     -0.70      0.65      0.18
      0.26      1.60      1.14
      0.26      0.65      1.14
      1.22      0.65      0.18
      1.22     -0.31     -0.78
      1.22     -0.31     -0.78
      1.22     -0.31     -0.78
      0.26     -1.27     -0.78
     -0.70     -1.27      0.18
     -0.70     -1.27      0.18
     -0.70     -0.31      0.18
     -0.70     -0.31      0.18
     -0.70      0.65      0.18
     -0.70      0.65      0.18
      0.26      0.65      0.18
      0.26     -0.31      1.14
      1.22     -0.31      1.14
     -0.70     -0.31      1.14
     -0.70     -0.31      1.14
     -0.70      0.65      1.14
     -0.70      0.65      0.18
     -0.70      1.60      0.18
      0.26      1.60     -0.78
      0.26      1.60     -1.73
      0.26      1.60     -1.73
      0.26      0.65     -0.78
      0.26     -0.31      0.18
     -0.70     -1.27      0.18
     -0.70     -1.27      0.18
     -1.65     -1.27      0.18
     -0.70     -1.27     -0.78
     -0.70     -1.27     -0.78
     -0.70     -0.31     -0.78
      0.26     -0.31     -0.78
      0.26     -1.27      0.18
      1.22     -1.27      1.14
      0.26     -1.27      1.14
      0.26     -0.31      0.18
     -0.70      0.65      0.18
     -0.70      1.60      1.14
     -0.70      1.60      1.14
      0.26      1.60      1.14
      0.26      0.65      1.14
      0.26      0.65      1.14
      1.22      0.65      1.14
      0.26     -0.31      0.18
      0.26      0.65      0.18
     -0.70     -0.31     -0.78
     -0.70     -0.31      0.18
      0.26     -1.27     -0.78
     -0.70     -1.27     -0.78
     -0.70     -1.27     -0.78
      0.26     -0.31     -1.73
      0.26     -0.31     -0.78
      0.26      0.65     -0.78
      0.26      0.65      0.18
      0.26      0.65      0.18
      1.22     -0.31      0.18
      1.22     -1.27      0.18
      0.26     -2.22     -0.78
      0.26     -1.27     -0.78
     -1.65     -0.31      0.18
     -0.70      0.65      1.14
     -1.65      1.60      1.14
     -0.70      1.60      1.14
      0.26      1.60      1.14
      0.26      1.60      1.14
      1.22      1.60     -0.78
      1.22      0.65     -0.78
      0.26     -1.27     -0.78
      0.26     -2.22     -0.78
      0.26     -2.22     -0.78
      0.26     -1.27     -0.78
      0.26      0.65     -0.78
     -0.70      1.60      0.18
     -0.70      1.60      1.14
     -0.70      1.60      0.18
     -0.70      0.65     -0.78
      0.26      0.65      1.14
      0.26      0.65      1.14
      0.26     -0.31      0.18
      0.26     -0.31      0.18
      0.26     -2.22      0.18
      0.26     -2.22      0.18
      0.26     -1.27      0.18
      0.26     -0.31     -0.78
     -0.70      0.65     -0.78
      0.26      0.65     -0.78
     -0.70      0.65      0.18
     -0.70     -0.31      0.18
     -0.70     -0.31      1.14
     -0.70      0.65      1.14
      0.26      0.65      0.18
      0.26      0.65      1.14
      0.26      0.65      1.14
      0.26      0.65      1.14
      0.26      0.65      1.14
      0.26      0.65     -0.78
      1.22      0.65     -0.78
      0.26     -0.31     -0.78
      0.26     -1.27     -0.78
     -0.70     -1.27     -0.78
     -0.70     -0.31     -0.78
     -0.70      0.65     -1.73
     -0.70      0.65     -0.78
     -0.70      0.65      0.18
      0.26      0.65      0.18
      1.22     -0.31      1.14
      0.26     -1.27      1.14
      1.22     -1.27      0.18
      0.26     -0.31      0.18
     -0.70     -0.31      0.18
      0.26     -0.31      0.18
     -0.70     -0.31      1.14
     -0.70     -0.31      1.14
     -0.70      0.65      1.14
     -0.70     -0.31      0.18
      0.26     -0.31      1.14
      0.26     -0.31      1.14
      0.26      0.65      1.14
      0.26      1.60      0.18
      1.22      0.65      0.18
      0.26      0.65      0.18
     -0.70      0.65      0.18
     -0.70      0.65      0.18
      0.26      0.65     -0.78
     -0.70     -0.31     -0.78
     -0.70     -0.31     -1.73
     -0.70     -0.31     -0.78
      0.26     -0.31     -1.73
      0.26     -1.27     -1.73
      1.22     -1.27     -0.78
      0.26     -0.31      0.18
      0.26     -0.31      0.18
     -0.70      0.65      0.18
     -0.70     -0.31      1.14
     -0.70      0.65      1.14
     -0.70      0.65      1.14
     -0.70      0.65      1.14
      0.26     -0.31      0.18
      0.26      0.65     -0.78
     -0.70     -0.31     -0.78
     -0.70     -0.31      0.18
     -0.70     -0.31      0.18
     -0.70     -0.31      0.18
      0.26      1.60      0.18
      0.26      1.60     -0.78
      1.22      0.65     -0.78
      0.26     -0.31     -0.78
     -0.70     -0.31      0.18
      0.26      0.65     -0.78
      0.26     -0.31      0.18
     -0.70     -0.31      0.18
     -0.70     -0.31      1.14
     -0.70     -0.31      0.18
     -0.70      0.65      0.18
     -0.70      0.65      0.18
     -0.70     -0.31      2.09
     -0.70     -1.27      2.09
      1.22     -1.27      2.09
      0.26     -1.27      1.14
      0.26     -1.27     -0.78
      0.26     -1.27     -1.73
      0.26     -0.31     -1.73
     -0.70     -0.31     -1.73
     -0.70     -0.31     -1.73
     -0.70     -0.31     -0.78
     -0.70     -0.31      0.18
     -0.70      0.65      0.18
      0.26      0.65      0.18
      0.26      0.65      1.14
      0.26      0.65      1.14
     -0.70      0.65      1.14
      0.26      0.65      1.14
      0.26      0.65      1.14
      0.26      0.65      0.18
      0.26      0.65      0.18
      0.26      0.65      0.18
      0.26     -0.31     -0.78
     -0.70     -0.31     -0.78
     -0.70     -0.31     -0.78
     -0.70     -0.31     -0.78
     -0.70     -0.31     -0.78
      0.26      0.65      0.18
      0.26      0.65      0.18
      0.26      0.65      0.18
     -0.70     -0.31      0.18
      0.26     -0.31      0.18
     -0.70     -0.31      0.18
     -0.70     -0.31      0.18
     -0.70     -0.31      0.18
      0.26     -0.31      1.14
      0.26     -0.31      2.09
      0.26     -0.31      1.14
     -0.70     -0.31      0.18
      0.26     -0.31     -0.78
      0.26      0.65     -0.78
      1.22      0.65     -1.73
      1.22      0.65     -0.78
      1.22     -0.31      0.18
      0.26     -0.31      0.18
      0.26     -0.31      0.18
     -0.70     -0.31      0.18
     -0.70     -0.31      0.18
     -0.70     -0.31      0.18
     -0.70     -0.31      0.18
     -0.70     -0.31      0.18
      0.26     -0.31      0.18
      0.26      0.65      0.18
      0.26      0.65      0.18
      0.26     -0.31      0.18
      1.22     -0.31      0.18
      0.26     -0.31     -0.78
      0.26     -1.27     -0.78
     -0.70     -1.27     -0.78
     -0.70     -1.27     -0.78
     -0.70     -0.31      0.18
     -0.70      1.60      0.18
     -0.70      1.60      0.18
      0.26      1.60      1.14
      0.26      0.65      1.14
      0.26      0.65      1.14
      0.26      0.65      1.14
      0.26      0.65      0.18
     -0.70     -0.31      0.18
     -0.70     -0.31      0.18
     -0.70     -1.27     -0.78
      0.26     -1.27      0.18
      0.26     -0.31      0.18
      1.22     -0.31     -0.78
      0.26      0.65     -1.73
     -0.70     -0.31     -1.73
      0.26     -0.31     -1.73
     -0.70     -0.31     -0.78
     -0.70     -0.31     -0.78
     -0.70      0.65      0.18
     -0.70      0.65      1.14
     -0.70      0.65      1.14
      0.26     -0.31      1.14
      0.26      0.65      0.18
      0.26      0.65      0.18
      0.26      0.65      0.18
      0.26     -0.31      0.18
      0.26     -0.31      0.18
     -0.70     -0.31     -0.78
     -0.70     -0.31     -0.78
      0.26     -0.31     -0.78
     -0.70     -0.31     -0.78
     -0.70     -1.27     -0.78
      0.26     -1.27     -0.78
     -0.70     -0.31     -0.78
     -0.70      0.65      0.18
     -0.70     -0.31      0.18
      0.26      0.65      1.14
      0.26      0.65      1.14
      0.26      1.60      1.14
      0.26      1.60      1.14
      0.26      1.60      1.14
      0.26     -0.31      0.18
      0.26     -1.27      0.18
     -0.70     -1.27      0.18
      0.26     -0.31      0.18
      0.26     -0.31      0.18
      0.26      0.65      0.18
      0.26     -0.31      0.18
      0.26     -0.31     -0.78
     -0.70     -1.27      0.18
      0.26     -1.27      0.18
      0.26     -0.31      1.14
     -0.70      0.65      1.14
      0.26     -0.31      0.18
     -0.70      0.65      0.18
     -0.70      0.65      0.18
      0.26      0.65      0.18
      0.26      0.65      0.18
      0.26      0.65      0.18
      0.26     -0.31      0.18
      0.26     -0.31     -0.78
      0.26     -1.27     -1.73
      0.26     -1.27     -0.78
      0.26     -1.27     -0.78
      0.26     -1.27      0.18
     -0.70     -0.31      0.18
     -0.70     -0.31      0.18
     -0.70     -0.31      1.14
      0.26     -0.31      1.14
      0.26      0.65      1.14
      0.26     -0.31      1.14
      0.26     -0.31      1.14
      0.26      0.65      0.18
      0.26      0.65      0.18
      0.26      0.65      0.18
      0.26     -1.27     -0.78
      0.26     -0.31     -0.78
      0.26     -1.27     -0.78
      0.26     -1.27     -0.78
      0.26     -0.31      0.18
      0.26      0.65      0.18
     -0.70      0.65      0.18
     -0.70      0.65      0.18
     -0.70      0.65      0.18
     -0.70      0.65     -0.78
     -0.70      0.65     -0.78
     -0.70      1.60      0.18
      0.26      0.65      1.14
      0.26      1.60      2.09
      0.26      0.65      1.14
      0.26     -0.31      1.14
      0.26     -1.27      0.18
      0.26     -2.22      0.18
      0.26     -2.22      0.18
      0.26     -2.22     -0.78
     -0.70     -1.27     -1.73
     -0.70     -0.31     -0.78
     -1.65     -0.31      0.18
      0.26      0.65      0.18
     -0.70      2.56      1.14
      0.26      2.56      1.14
      0.26      2.56      1.14
      0.26      1.60      1.14
     -0.70      0.65      0.18
     -0.70     -1.27      0.18
     -0.70     -2.22      0.18
     -0.70     -2.22      1.14
     -0.70     -2.22      0.18
      0.26     -2.22      0.18
     -0.70     -1.27     -1.73
     -0.70     -1.27      0.18
      0.26      0.65      0.18
      0.26      1.60      0.18
      0.26      1.60      0.18
      0.26      0.65     -0.78
     -0.70      0.65     -0.78
     -0.70     -0.31      0.18
      0.26      0.65      0.18
      0.26      0.65      0.18
      0.26      0.65      0.18
      0.26     -1.27      1.14
      0.26     -1.27      1.14
      0.26     -1.27      0.18
      0.26      0.65     -0.78
      0.26      0.65     -0.78
      0.26      0.65     -0.78
     -0.70      0.65     -0.78
     -0.70      0.65     -0.78
     -0.70      0.65      0.18
     -0.70      0.65      0.18
      0.26     -0.31      0.18
      0.26     -0.31      0.18
     -0.70     -0.31      1.14
     -0.70      0.65      1.14
      0.26      0.65      0.18
      0.26      0.65      0.18
      0.26      0.65      0.18
      0.26     -0.31      0.18
      0.26     -0.31     -0.78
      0.26     -1.27     -0.78
      0.26     -1.27     -0.78
     -0.70     -1.27     -0.78
     -0.70     -1.27     -0.78
     -1.65     -1.27     -0.78
     -0.70     -0.31     -0.78
     -0.70      0.65      0.18
      0.26      0.65      0.18
      0.26      0.65      1.14
      0.26      0.65      1.14
      0.26      0.65      0.18
      0.26      0.65      0.18
      0.26      0.65     -0.78
      0.26     -0.31      0.18
     -0.70     -0.31      0.18
     -0.70     -0.31      1.14
     -0.70     -0.31      0.18
     -0.70     -0.31      1.14
     -0.70      0.65      0.18
      0.26     -0.31     -0.78
      0.26     -0.31     -0.78
      0.26     -0.31     -0.78
      0.26     -0.31      0.18
      0.26     -0.31     -0.78
      0.26     -0.31      0.18
      0.26      0.65      0.18
     -0.70      0.65      0.18
      0.26      0.65      0.18
      0.26     -0.31      0.18
      0.26     -0.31      0.18
      0.26     -1.27      0.18
      0.26     -1.27     -0.78
     -0.70     -1.27     -0.78
     -0.70     -0.31     -0.78
      0.26     -0.31     -0.78
      1.22      0.65     -0.78
      0.26      0.65      1.14
      0.26      0.65      0.18
      0.26      0.65      0.18
     -0.70      0.65      0.18
     -0.70      0.65      1.14
     -0.70      0.65      1.14
     -0.70      0.65      1.14
     -0.70      0.65      1.14
     -0.70      0.65      1.14
      0.26      1.60      0.18
      0.26     -0.31      0.18
      0.26     -0.31     -0.78
      0.26     -0.31     -0.78
      0.26     -0.31      0.18
      0.26     -0.31      0.18
      0.26     -0.31      0.18
      0.26     -0.31      0.18
      0.26     -0.31      0.18
      0.26     -0.31     -0.78
     -0.70      0.65     -0.78
      0.26     -0.31     -0.78
     -0.70     -1.27      0.18
     -0.70     -1.27      1.14
     -0.70     -0.31      1.14
     -0.70     -0.31      1.14
      0.26     -0.31      1.14
      0.26     -0.31      0.18
      0.26     -0.31     -0.78
      1.22     -0.31     -0.78
      0.26      0.65     -0.78
      0.26      0.65     -0.78
      0.26      0.65      0.18
     -0.70      0.65      0.18
     -0.70     -0.31     -0.78
     -1.65      0.65     -0.78
     -1.65      0.65     -0.78
     -0.70      0.65      0.18
      0.26      0.65      0.18
      0.26      0.65      1.14
      0.26      0.65      0.18
      1.22     -0.31      0.18
      1.22     -0.31      0.18
      1.22     -0.31      1.14
      1.22      0.65      1.14
      0.26     -0.31      1.14
      0.26     -0.31      1.14
     -0.70     -0.31      0.18
     -0.70     -0.31     -0.78
     -1.65     -0.31     -0.78
     -0.70     -0.31     -0.78
     -0.70     -0.31     -0.78
      0.26      0.65     -0.78
      0.26      0.65      0.18
      0.26      0.65      0.18
      0.26      1.60      0.18
     -0.70     -0.31      1.14
      0.26     -0.31      0.18
      0.26     -0.31      0.18
     -0.70     -0.31      1.14
     -0.70     -0.31      1.14
