********************************************************************************
                       INSTITUTO DE INGENIERIA, UNAM
                   Coordinacion de Instrumentacion Sismica
  Ciudad Universitaria, Apartado Postal 70-472, Coyoacan 04510, Mexico, D.F.
 Tel.(52-5)622-3414    Fax.(52-5)616-1514    e-mail: isismica@pumas.iingen.unam.mx
**************************************************************************************
ARCHIVO ESTANDAR DE ACELERACION:
VERSION DEL FORMATO                    : 2.0
NOMBRE DEL ARCHIVO                     : OCTT9010.131
FECHA Y HORA DE CREACION               : Fri Mar 06 14:11:22 1998
REF. CATALOGO ACELEROGRAMAS, SMIS 1995 : REGISTRO No. 2464 /PAG. 237


================================================================================
DATOS DE LA ESTACION:
NOMBRE DE LA ESTACION                  : EL OCOTITO
CLAVE DE LA ESTACION                   : OCTT
LOCALIZACION DE LA ESTACION            : ESCUELA CREPE, A 20 KM DE TIERRA COLORADA, CARRETERA
                                       : FEDERAL CHILPANCINGO-ACAPULCO. OCOTITO 
                                       : 
                                       : 
                                       : 
COORDENADAS DE LA ESTACION             : 17.25267 LAT. N
                                       : 99.50587 LONG. W
ALTITUD (msnm)                         : 718
TIPO DE SUELO                          : ROCA
                                       : 
                                       : 
INSTITUCION RESPONSABLE                : INSTITUTO DE INGENIERIA UNAM 
                                       : 

================================================================================
DATOS DEL ACELEROGRAFO: 
MODELO DEL ACELEROGRAFO                : DCA-333
NUMERO DE SERIE DEL ACELEROGRAFO       : 104
NUMERO DE CANALES                      : 3
ORIENTACION C1-C6 (rumbo;orientacion)  : /V/N90E/N00E
ORIENTACION C7-C12 (rumbo;orientacion) :
VEL. DE MUESTREO, C1-C6 (muestras/s)   : /100/100/100
VEL. DE MUESTREO, C7-C12 (muestras/s)  :
ESC. COMPLETA DE SENSORES, C1-C6, (g)  : /2/2/2
ESC. COMPLETA DE SENSORES, C7-C12 (g)  :
FREC. NAT. DE SENSORES, C1-C6, (Hz)    : /29.0/30.0/30.0
FREC. NAT. DE SENSORES, C7-C12 (Hz)    :
AMORTIGUAMIENTO DE SENSORES, C1-C6     : /0.7/0.7/0.7
AMORTIGUAMIENTO DE SENSORES, C7-C12    :
INTERVALO DE MUESTREO, C1-C6 (s)       : /0.01/0.01/0.01
INTERVALO DE MUESTREO, C7-C12 (s)      :
UMBRAL DE DISPARO, C1-C6 (Gal)         : /6/6/6
UMBRAL DE DISPARO, C7-C12 (Gal)        :
MEMORIA DE PREEVENTO (s)               : 4
TIEMPO DE POSEVENTO (s)                : 15


================================================================================
DATOS DEL SISMO:
FECHA DEL SISMO [GMT]                  : 1990/10/13
HORA EPICENTRO (GMT)                   : 00:30:40.2
MAGNITUD(ES)                           : /Mc=4.60
COORDENADAS DEL EPICENTRO              : 16.995 LAT. N 
                                       : 99.234 LONG. W 
PROFUNDIDAD FOCAL (km)                 : < 5
FUENTES DE LOS DATOS EPICENTRALES      : INSTITUTO DE INGENIERIA UNAM
                                       : 

================================================================================
DATOS DE ESTE REGISTRO:
HORA DE LA PRIMERA MUESTRA (GMT)       : 00:30:46.50
EXACTITUD DEL TIEMPO (s)               : 0.01
DURACION DEL REGISTRO (s), C1-C6       : /20.21/20.21/20.21                      
DURACION DEL REGISTRO (s), C7-C12      : 
NUM. TOTAL DE MUESTRAS, C1-C6          : /2021/2021/2021                       
NUM. TOTAL DE MUESTRAS, C7-C12         : 
ACEL. MAX.(Gal), C1-C6                 : /-11.60/-15.98/-21.01                 
ACEL. MAX., C1-C6, EN LA MUESTRA       : /133/727/714                          
ACEL. MAX.(Gal), C7-C12                : 
ACEL. MAX., C7-C12,EN LA MUESTRA       : 
UNIDADES DE LOS DATOS                  : Gal (cm/s/s)
FACTOR DE DECIMACION                   : 1
FORMATO DATOS (FORTRAN,10 campos/dato) : 3F10.2


================================================================================
CALIDAD DEL ACELEROGRAMA:
REGISTRO DIGITAL COMPLETO CON TIEMPO ABSOLUTO CORRECTO.


===============================================================================
COMENTARIOS:














===============================================================================
DATOS DE ACELERACION:
---------+---------+---------+---------+---------+---------+---------+---------+
   CANAL-1   CANAL-2   CANAL-3
         V      N90E      N00E
---------+---------+---------+---------+---------+---------+---------+---------+
     -1.08      0.29      0.04
     -0.12      0.29      1.00
     -0.12      0.29      0.04
      1.79      0.29      0.04
      1.79      0.29      0.04
      1.79      0.29      0.04
     -0.12      0.29      0.04
      0.84      0.29      0.04
      0.84      0.29      0.04
      0.84      0.29      0.04
     -0.12      0.29      1.00
     -0.12      0.29      0.04
      0.84      0.29      0.04
      0.84      0.29      0.04
     -0.12      0.29      0.04
     -0.12      0.29      0.04
      0.84      0.29      0.04
     -0.12      0.29      0.04
     -0.12      0.29      1.00
      0.84      0.29      0.04
     -0.12      0.29      0.04
     -0.12      0.29      0.04
     -0.12      0.29      0.04
     -0.12      0.29      0.04
     -0.12      0.29      0.04
      0.84      0.29      0.04
     -0.12      0.29      1.00
     -0.12      0.29      0.04
      0.84      0.29      1.00
      0.84      0.29      0.04
      0.84      0.29      0.04
     -0.12      0.29      0.04
      0.84      0.29      0.04
     -0.12      0.29      0.04
      0.84      0.29     -0.92
     -0.12      0.29      0.04
     -0.12      0.29      1.00
      0.84      0.29      0.04
     -0.12      0.29      1.00
     -1.08      0.29      0.04
     -0.12      0.29      0.04
     -0.12      0.29      0.04
     -0.12      0.29      0.04
      0.84      0.29      0.04
      0.84      0.29      1.00
     -0.12      0.29      1.00
     -0.12      0.29      0.04
     -0.12      0.29      1.00
     -0.12      0.29      0.04
     -0.12      0.29      0.04
      0.84      0.29      0.04
     -0.12      0.29      0.04
     -0.12      0.29      0.04
      0.84      0.29      0.04
      0.84      0.29      0.04
     -0.12      0.29      1.00
     -0.12      0.29      0.04
     -0.12      0.29      0.04
     -0.12      0.29      0.04
     -0.12      0.29      0.04
     -0.12      0.29      0.04
     -0.12      0.29      0.04
      0.84      0.29      0.04
      1.79      0.29      0.04
     -0.12      0.29      0.04
      0.84      0.29      0.04
     -0.12      0.29      1.00
     -0.12      0.29      0.04
     -1.08      0.29      0.04
     -0.12      0.29      0.04
     -0.12      0.29      0.04
     -0.12      0.29      0.04
     -0.12      0.29      0.04
     -0.12      0.29      0.04
     -0.12      0.29      0.04
      0.84      0.29      0.04
     -0.12      0.29      1.00
     -0.12      0.29      0.04
     -0.12      0.29      0.04
      0.84      0.29      0.04
     -1.08      0.29      0.04
     -0.12      0.29      0.04
     -0.12      0.29      1.00
     -0.12      0.29      0.04
     -0.12      0.29      0.04
     -0.12      0.29      0.04
     -0.12      0.29      0.04
     -0.12      0.29      0.04
      0.84      0.29      1.00
     -0.12      0.29      0.04
     -0.12      0.29      0.04
      0.84      0.29      0.04
      0.84      0.29      1.00
     -0.12      0.29      0.04
      0.84      0.29      0.04
      0.84      0.29      0.04
     -1.08      0.29      0.04
     -0.12      0.29      0.04
     -0.12      0.29      0.04
     -0.12      0.29      0.04
     -0.12      0.29      0.04
      0.84      0.29      0.04
     -0.12      0.29      0.04
     -1.08      0.29      0.04
      0.84      0.29      0.04
     -0.12      0.29      0.04
     -0.12      0.29      1.00
      0.84      0.29      0.04
      0.84      0.29      1.00
     -0.12      0.29      1.00
      0.84      0.29      0.04
      0.84      0.29      0.04
      1.79      0.29      0.04
      1.79      0.29      0.04
      1.79      0.29      0.04
      1.79     -0.67      1.00
      0.84     -0.67      1.00
     -0.12     -1.62      1.00
     -2.03     -2.58      1.95
     -3.95     -0.67      1.00
     -3.95      0.29      1.00
     -3.95      1.25      0.04
     -3.95      1.25     -0.92
     -2.03      2.20     -1.87
     -0.12      3.16     -0.92
      0.84      3.16     -1.87
      6.58      2.20     -2.83
     10.41      1.25     -0.92
      9.45      0.29     -0.92
      4.67     -1.62      1.00
      2.75     -4.50      4.83
     -2.03     -3.54      3.87
     -8.73     -2.58      1.00
    -11.60     -2.58      1.95
     -7.78      0.29      0.04
     -3.95      3.16     -3.79
     -1.08      3.16     -3.79
      1.79      0.29     -2.83
      8.49     -0.67     -2.83
      9.45     -0.67     -0.92
      5.62     -1.62     -0.92
      1.79     -3.54     -0.92
     -2.03     -2.58      1.00
     -6.82     -1.62      2.91
     -7.78     -3.54      0.04
     -4.91     -2.58     -1.87
     -3.95      0.29     -0.92
     -1.08      1.25     -2.83
      1.79      0.29     -3.79
      2.75      1.25     -0.92
      1.79      2.20      1.00
      1.79      0.29      1.95
      1.79      1.25      1.95
     -1.08      2.20      2.91
     -2.03      1.25      1.00
     -2.03      0.29     -0.92
     -2.99     -0.67     -1.87
     -2.03     -1.62     -1.87
      2.75     -3.54     -0.92
      3.71     -3.54     -1.87
      1.79     -4.50     -3.79
     -0.12     -5.45     -2.83
     -2.03     -3.54     -0.92
     -3.95      0.29     -1.87
     -2.99      3.16     -0.92
     -1.08      2.20      1.95
     -0.12      0.29      2.91
     -0.12      0.29      1.95
     -0.12     -2.58      2.91
     -0.12     -2.58      3.87
      1.79      0.29      3.87
      1.79      1.25      1.00
      0.84     -1.62     -2.83
     -0.12     -1.62     -4.75
     -2.03      0.29     -5.70
     -2.99      1.25     -6.66
     -2.03      1.25     -5.70
     -0.12      2.20     -1.87
      0.84      2.20      0.04
      1.79      0.29      2.91
      0.84      0.29      3.87
     -0.12      0.29      2.91
     -0.12      1.25      1.00
      0.84      0.29      1.00
     -0.12     -0.67     -0.92
     -2.03     -0.67     -0.92
     -2.03     -2.58      0.04
     -2.99     -2.58      0.04
     -2.03     -1.62     -1.87
     -0.12     -0.67     -2.83
      0.84     -0.67      0.04
      2.75      0.29      1.95
      3.71     -1.62      1.00
      1.79     -1.62      1.00
     -0.12     -0.67      1.00
     -0.12      0.29      0.04
     -0.12      0.29      0.04
     -1.08     -0.67     -0.92
     -2.03     -0.67     -0.92
     -3.95      0.29      0.04
     -2.03      1.25      0.04
     -0.12      2.20      0.04
      1.79      3.16     -1.87
      1.79      1.25     -1.87
      1.79      0.29     -1.87
      1.79     -1.62      0.04
      1.79     -1.62      1.00
     -0.12     -0.67      1.95
     -2.03     -0.67      1.00
     -2.99     -0.67      0.04
     -2.03      0.29     -0.92
     -0.12      0.29     -0.92
     -0.12      0.29      0.04
      0.84      0.29      1.00
      0.84      0.29      1.95
      1.79      0.29      1.00
      0.84      3.16     -0.92
      0.84      1.25     -2.83
     -0.12     -0.67     -2.83
     -1.08     -3.54     -0.92
     -1.08     -3.54      0.04
     -1.08     -2.58      1.00
     -2.03     -2.58      1.95
     -2.99     -1.62      1.00
     -0.12     -0.67     -0.92
      0.84      1.25     -0.92
      0.84      2.20     -0.92
      1.79      3.16      0.04
      1.79      3.16      0.04
      1.79      2.20     -0.92
     -0.12      1.25      0.04
     -1.08      1.25      1.00
     -1.08     -0.67      0.04
     -2.03     -2.58      1.00
     -1.08     -2.58      1.95
     -0.12     -1.62      1.00
      0.84     -1.62      0.04
      0.84     -0.67     -1.87
     -0.12     -0.67     -1.87
     -0.12      0.29     -0.92
     -0.12      0.29      0.04
     -1.08      0.29      0.04
     -2.03     -0.67      0.04
     -1.08     -0.67      0.04
     -1.08      0.29      0.04
     -1.08      1.25     -0.92
     -0.12      1.25     -0.92
      0.84      0.29      0.04
      1.79     -0.67      1.00
      1.79     -0.67      0.04
      0.84     -0.67      1.00
     -0.12     -0.67      1.00
     -1.08     -1.62      1.00
     -2.03     -0.67      1.00
     -2.03     -0.67      0.04
     -1.08      0.29      0.04
     -0.12      0.29      0.04
      0.84      0.29     -1.87
      1.79      0.29     -0.92
      0.84      1.25     -0.92
      0.84      1.25     -0.92
      0.84      0.29      0.04
     -1.08     -0.67      1.00
     -1.08     -0.67      1.00
     -1.08     -0.67      0.04
     -0.12     -0.67      0.04
     -0.12     -0.67      0.04
     -0.12     -0.67      0.04
     -0.12     -0.67      0.04
     -0.12     -0.67      0.04
     -0.12      0.29      1.00
     -0.12      0.29      0.04
      0.84      1.25     -0.92
      1.79      1.25     -0.92
      0.84      1.25     -0.92
     -0.12      1.25     -0.92
     -1.08      1.25      1.00
     -2.03      0.29      1.00
     -1.08     -0.67      0.04
     -1.08     -0.67     -1.87
      0.84     -1.62     -1.87
      0.84     -1.62     -0.92
      0.84     -0.67      0.04
     -0.12     -0.67      1.00
     -0.12     -0.67      1.95
     -0.12     -0.67      1.00
     -0.12      0.29      0.04
     -0.12      0.29      1.00
      0.84      0.29      1.00
     -0.12      1.25      0.04
     -0.12      1.25      0.04
     -0.12      1.25      0.04
      0.84      0.29     -0.92
      0.84     -0.67     -0.92
      0.84     -0.67     -0.92
     -1.08     -1.62      0.04
     -1.08     -1.62      0.04
      0.84     -0.67      0.04
      1.79     -0.67     -0.92
     -0.12     -0.67     -0.92
     -1.08      0.29     -0.92
     -1.08      1.25      0.04
     -1.08      2.20      1.00
     -0.12      2.20      1.00
     -0.12      1.25      0.04
     -0.12      1.25      0.04
     -0.12      0.29      0.04
     -1.08     -0.67      0.04
     -0.12     -0.67      0.04
     -1.08     -0.67      0.04
     -0.12     -0.67      0.04
     -0.12     -1.62      1.00
     -0.12     -0.67      1.00
     -0.12     -0.67      1.00
     -1.08      0.29      1.00
     -1.08      0.29     -0.92
     -0.12      0.29     -0.92
     -0.12      0.29      0.04
     -0.12      0.29     -0.92
     -0.12     -0.67     -1.87
     -1.08     -0.67     -0.92
     -0.12     -0.67     -0.92
     -0.12     -0.67     -0.92
     -0.12      0.29      0.04
      1.79     -0.67      1.00
      0.84     -0.67      0.04
      0.84     -0.67      0.04
     -0.12     -0.67      0.04
     -1.08     -0.67      0.04
     -0.12      0.29      1.00
     -0.12      1.25      0.04
     -1.08      0.29      0.04
     -1.08      0.29     -0.92
     -0.12      0.29     -0.92
     -0.12     -0.67      1.00
     -0.12      0.29      1.00
      0.84      0.29      1.00
      0.84      1.25      0.04
      0.84      0.29      0.04
      0.84     -0.67      0.04
     -0.12     -0.67     -0.92
      0.84     -0.67     -0.92
      0.84     -0.67     -0.92
     -0.12     -0.67     -0.92
     -0.12     -0.67      0.04
      0.84     -0.67      1.00
      0.84      0.29      1.00
      0.84     -0.67     -0.92
      0.84     -0.67      0.04
      0.84      0.29      0.04
     -0.12      1.25      0.04
      0.84      1.25      0.04
     -0.12      0.29      0.04
     -0.12     -0.67      0.04
     -0.12     -0.67      1.00
      0.84     -0.67      0.04
     -0.12     -0.67      0.04
      0.84      0.29      0.04
     -0.12      0.29      0.04
     -1.08     -0.67      0.04
     -1.08     -0.67      0.04
     -1.08      0.29      1.00
     -0.12      0.29      0.04
     -0.12     -0.67      0.04
     -0.12      0.29     -0.92
      0.84      1.25      0.04
      0.84      0.29     -0.92
      0.84      0.29      0.04
     -0.12      0.29     -0.92
     -0.12      0.29     -0.92
     -0.12      0.29      0.04
     -1.08      0.29      0.04
     -0.12     -0.67      0.04
     -0.12      0.29     -0.92
     -1.08      0.29     -1.87
     -0.12     -0.67     -0.92
     -0.12     -0.67      1.00
      0.84     -0.67      1.00
      0.84     -0.67      1.00
      1.79      0.29      0.04
     -0.12     -0.67      0.04
     -1.08     -0.67      1.00
     -1.08      0.29      1.00
     -1.08      0.29      0.04
     -0.12      0.29      0.04
     -0.12      0.29      0.04
     -0.12      0.29      0.04
      0.84      0.29     -0.92
      0.84      0.29     -0.92
     -0.12      0.29     -0.92
     -0.12     -0.67     -0.92
     -0.12      0.29      0.04
     -0.12     -0.67      0.04
     -0.12     -0.67      1.00
     -1.08      0.29      0.04
     -1.08      0.29      0.04
     -0.12      0.29      0.04
     -0.12      0.29      1.00
      0.84      0.29      1.00
      0.84     -0.67      0.04
     -0.12     -0.67      0.04
     -0.12     -0.67     -0.92
     -0.12     -0.67     -0.92
     -0.12     -0.67      0.04
     -1.08     -1.62      0.04
     -1.08     -1.62      0.04
     -1.08     -0.67      0.04
     -1.08     -1.62      0.04
     -0.12      0.29      0.04
      1.79      0.29     -0.92
      1.79      1.25     -0.92
     -0.12      1.25     -0.92
     -0.12     -0.67      0.04
     -0.12     -0.67      1.00
     -0.12      0.29      1.00
     -0.12      1.25      0.04
     -0.12      1.25      0.04
     -0.12      0.29      1.00
      0.84      0.29     -0.92
      0.84     -0.67      0.04
      0.84     -0.67     -0.92
      0.84     -0.67      0.04
      0.84     -0.67      1.00
     -1.08     -0.67      1.00
     -1.08     -0.67      1.00
     -2.03      0.29      0.04
     -1.08      0.29     -0.92
      0.84      0.29     -0.92
     -0.12     -0.67      0.04
      0.84     -0.67     -0.92
      1.79     -0.67      0.04
      0.84      0.29      0.04
     -0.12     -0.67      0.04
     -0.12     -0.67      0.04
     -1.08     -0.67      1.00
     -1.08     -0.67     -0.92
     -0.12      0.29     -0.92
     -0.12      1.25      0.04
     -0.12      0.29      0.04
     -0.12     -0.67      1.00
     -0.12     -0.67      0.04
     -1.08     -0.67      0.04
     -0.12      0.29      0.04
     -0.12      0.29      0.04
     -0.12      0.29     -0.92
     -0.12      0.29     -0.92
      0.84      0.29     -0.92
     -0.12     -0.67     -0.92
     -0.12     -0.67     -0.92
     -0.12     -0.67      0.04
     -0.12     -0.67      0.04
     -0.12     -0.67      1.00
     -0.12     -0.67      1.00
     -1.08     -0.67      0.04
     -2.03      0.29     -0.92
     -2.03      0.29      0.04
     -0.12      0.29      0.04
      0.84      0.29      0.04
      0.84      0.29      0.04
     -0.12      0.29     -0.92
     -0.12     -0.67      0.04
     -1.08      0.29      1.00
     -0.12      0.29      0.04
     -0.12      0.29      0.04
     -0.12      0.29      0.04
     -0.12      0.29      0.04
     -0.12      0.29      0.04
     -0.12     -0.67      0.04
     -0.12     -0.67      0.04
     -0.12      0.29      0.04
     -0.12      0.29      0.04
     -0.12     -0.67      0.04
     -0.12      0.29      0.04
     -1.08      0.29      0.04
     -0.12      0.29     -0.92
     -0.12      0.29     -0.92
      0.84     -0.67      0.04
      0.84      0.29      0.04
     -0.12      0.29      0.04
     -1.08      0.29      0.04
     -0.12     -0.67      0.04
     -1.08     -0.67     -0.92
     -0.12     -0.67      0.04
      0.84     -0.67     -0.92
     -0.12      0.29     -0.92
     -0.12      0.29     -0.92
      0.84      0.29      1.00
      0.84      1.25      1.00
     -0.12      0.29      1.00
     -0.12      0.29      1.00
     -0.12      0.29      1.00
     -1.08      0.29      1.00
     -1.08     -0.67      0.04
     -1.08     -0.67      0.04
      0.84     -0.67     -0.92
      0.84     -0.67     -0.92
     -0.12      0.29     -0.92
     -0.12      0.29      0.04
     -0.12      0.29      0.04
     -1.08      0.29      0.04
     -1.08     -0.67      0.04
     -1.08      0.29      0.04
     -0.12      0.29     -0.92
     -0.12      0.29      0.04
     -0.12     -0.67     -0.92
     -1.08     -0.67     -0.92
     -0.12     -0.67      0.04
     -0.12     -0.67      0.04
     -0.12      0.29      0.04
     -0.12      0.29      0.04
      0.84     -0.67     -0.92
     -0.12      1.25     -0.92
     -1.08      0.29      0.04
     -0.12     -0.67      0.04
      0.84      0.29      0.04
      0.84     -0.67      0.04
     -0.12     -0.67      0.04
     -1.08     -0.67      0.04
     -0.12     -0.67      1.00
     -1.08     -0.67      0.04
     -2.03      0.29     -0.92
     -0.12      0.29     -0.92
      0.84      1.25     -0.92
     -0.12      0.29     -0.92
      0.84      0.29      0.04
      0.84      0.29      0.04
     -0.12      0.29      1.00
     -1.08      0.29      1.00
     -1.08      0.29      0.04
     -1.08      0.29      0.04
     -0.12     -0.67      0.04
     -0.12      0.29      0.04
      0.84      1.25     -0.92
     -0.12      0.29      0.04
     -0.12      0.29      1.00
     -0.12     -1.62      1.00
      0.84     -1.62      1.00
     -1.08      0.29      0.04
     -1.08      0.29     -0.92
      1.79      0.29     -0.92
      1.79      0.29      0.04
      0.84     -0.67      0.04
     -0.12     -1.62      0.04
     -1.08     -0.67      1.00
     -1.08     -0.67      1.00
     -1.08      0.29      0.04
     -0.12      0.29      1.00
     -0.12      0.29     -0.92
      0.84      0.29     -0.92
      1.79      0.29      0.04
      0.84      0.29     -1.87
     -0.12     -0.67     -0.92
     -0.12     -0.67      1.00
     -1.08      0.29      1.00
     -1.08      0.29      0.04
     -0.12      0.29      0.04
     -0.12      0.29      0.04
     -1.08      0.29      0.04
     -0.12      0.29      0.04
     -1.08      0.29      0.04
     -0.12      0.29     -0.92
     -0.12     -0.67      0.04
     -1.08     -0.67      1.00
     -0.12     -0.67      0.04
     -0.12     -0.67      0.04
     -0.12      0.29      0.04
     -0.12     -0.67      0.04
     -0.12     -0.67     -0.92
     -0.12      0.29      1.00
     -1.08     -0.67      0.04
     -1.08     -0.67      0.04
     -0.12      0.29      0.04
      1.79     -0.67     -0.92
      0.84     -0.67     -0.92
     -0.12      0.29      1.00
     -1.08      0.29      0.04
     -1.08      0.29      0.04
     -1.08      1.25      0.04
     -0.12      1.25      0.04
     -0.12      0.29      1.00
     -0.12      0.29      1.00
      0.84     -0.67      0.04
      0.84     -0.67      0.04
     -0.12     -0.67     -0.92
     -1.08      0.29     -0.92
     -1.08      0.29      0.04
     -1.08     -0.67      0.04
     -2.03     -0.67      1.00
     -0.12     -0.67      0.04
      0.84     -0.67     -0.92
     -0.12     -0.67     -0.92
      0.84      0.29      0.04
      1.79     -0.67      1.00
     -0.12     -0.67      0.04
     -2.99     -0.67      0.04
     -0.12      0.29      1.00
     -0.12      1.25      0.04
      0.84      0.29     -0.92
     -1.08      0.29     -0.92
     -1.08      0.29      0.04
     -0.12      0.29      1.00
     -1.08      0.29      1.00
     -1.08      0.29      0.04
     -2.03     -0.67      0.04
     -2.03      0.29      0.04
      0.84      1.25      0.04
      1.79      1.25      0.04
      1.79      0.29      0.04
      0.84     -0.67      0.04
     -0.12     -0.67      1.00
     -0.12      0.29      1.00
     -0.12      0.29      0.04
     -0.12      0.29     -0.92
     -0.12     -0.67     -0.92
     -0.12     -0.67     -0.92
      0.84      0.29      0.04
      0.84      0.29      0.04
     -0.12      0.29      0.04
     -0.12      0.29     -0.92
     -0.12     -0.67      0.04
     -0.12      0.29      0.04
     -1.08     -0.67      0.04
     -0.12      0.29      0.04
      1.79      1.25      0.04
     -0.12      0.29      0.04
     -1.08      0.29      0.04
     -0.12     -0.67      0.04
     -2.03     -0.67      0.04
     -2.03      0.29      0.04
     -0.12     -0.67      0.04
      0.84      0.29      0.04
     -0.12      0.29      0.04
     -0.12      0.29      1.00
     -0.12     -0.67      0.04
      0.84      0.29     -0.92
     -1.08      0.29     -0.92
     -2.03      0.29      0.04
     -0.12     -0.67      0.04
      1.79      0.29      1.00
      0.84      0.29      0.04
     -0.12     -0.67     -0.92
     -1.08     -0.67     -0.92
     -0.12      0.29     -0.92
     -1.08      0.29     -0.92
     -0.12      0.29      0.04
      0.84      0.29     -0.92
      0.84     -0.67     -0.92
      0.84      0.29     -0.92
      1.79      0.29     -0.92
      1.79      0.29      0.04
     -0.12     -0.67      1.00
     -1.08     -0.67      1.95
     -1.08     -0.67      1.95
     -1.08      1.25      1.00
     -3.95      2.20      1.00
     -2.99      1.25      1.00
     -1.08     -0.67      2.91
     -1.08      0.29      2.91
     -2.03      0.29      1.95
     -2.03      0.29     -1.87
     -2.03     -0.67     -1.87
     -1.08     -2.58      0.04
      1.79     -3.54      3.87
      2.75     -3.54      3.87
      1.79     -3.54     -0.92
      0.84     -0.67     -4.75
      2.75     -2.58     -3.79
      4.67     -4.50      0.04
      7.54     -0.67      1.95
      4.67      5.08     -4.75
     -1.08      7.95    -11.44
     -7.78      2.20    -12.40
     -7.78     -2.58     -5.70
     -1.08     -5.45      5.78
      3.71     -3.54      8.65
      2.75      2.20     -0.92
     -1.08      3.16     -9.53
     -2.99      2.20     -4.75
     -2.99      1.25      3.87
     -0.12     -0.67      3.87
      3.71      2.20     -4.75
      4.67      8.90     -7.62
      2.75      7.95      1.00
     -0.12     -0.67     13.44
     -2.99    -10.24     19.18
     -4.91    -11.19     14.40
     -7.78     -6.41      2.91
     -6.82      0.29     -4.75
     -4.91      6.03     -4.75
     -3.95      8.90     -3.79
     -3.95      6.99      0.04
      2.75      2.20      3.87
      8.49     -0.67      1.00
     10.41     -3.54     -3.79
      7.54     -8.32     -2.83
      0.84     -9.28      0.04
     -3.95     -8.32      0.04
     -3.95     -2.58     -3.79
     -4.91      6.03     -8.57
     -2.99      6.03    -14.32
      3.71     -0.67     -6.66
      9.45     -3.54      7.70
     10.41      1.25     13.44
      5.62      4.12      8.65
     -2.99     -0.67      2.91
     -9.69     -7.37      2.91
    -10.65     -9.28      5.78
     -5.86     -7.37      6.74
      0.84      2.20      5.78
      2.75      9.86      2.91
      1.79      8.90      1.00
      0.84      5.08      1.00
      3.71      1.25     -4.75
      1.79      1.25    -15.27
     -1.08      5.08    -21.01
     -2.99      6.03    -16.23
     -2.03      2.20     -7.62
     -2.99      1.25      0.04
     -0.12     -3.54      2.91
      1.79     -4.50      1.95
     -0.12      2.20      1.95
     -2.03      8.90      1.95
     -2.99      7.95      3.87
     -0.12      3.16      7.70
      1.79     -1.62      7.70
      1.79     -7.37      3.87
      1.79    -14.07      1.95
      0.84    -15.98     -1.87
     -1.08     -9.28     -1.87
     -3.95     -0.67      3.87
     -2.99      4.12      7.70
     -1.08      6.03      7.70
     -1.08      0.29      2.91
     -0.12    -10.24     -2.83
      3.71     -8.32     -8.57
      6.58      1.25     -9.53
      5.62      5.08     -2.83
      0.84      6.03      4.83
     -2.99      4.12      6.74
     -3.95      0.29      1.95
     -4.91     -1.62     -1.87
     -2.99     -2.58     -4.75
     -0.12     -0.67     -4.75
      2.75      1.25     -4.75
      3.71      2.20     -5.70
      1.79      3.16     -2.83
      0.84      4.12      2.91
      1.79      4.12      5.78
      0.84      4.12      4.83
     -1.08      3.16     -0.92
     -2.03     -0.67     -1.87
     -1.08     -3.54      0.04
     -2.03     -4.50      1.95
     -2.03     -4.50      1.00
      0.84     -1.62     -0.92
      0.84      1.25      0.04
      1.79      2.20      1.95
      1.79     -0.67      3.87
      0.84     -3.54      4.83
     -2.03     -2.58      1.00
     -3.95     -2.58     -3.79
     -3.95      0.29     -5.70
     -2.03     -0.67     -5.70
      2.75     -0.67     -2.83
      6.58      0.29     -0.92
      5.62      1.25      0.04
     -0.12      1.25      0.04
     -5.86      1.25      1.00
     -8.73      2.20      0.04
     -5.86     -0.67      0.04
     -2.03     -0.67      1.95
      2.75     -0.67      2.91
      4.67     -1.62      1.95
      5.62     -1.62      1.95
      2.75      0.29      1.00
     -0.12      0.29      1.95
     -2.99      1.25      1.95
     -3.95      2.20      1.00
     -2.99      3.16      1.00
     -2.03      4.12      1.00
     -0.12      2.20     -0.92
      0.84     -1.62     -3.79
      2.75     -3.54     -6.66
      1.79     -2.58     -5.70
      1.79     -1.62     -1.87
      1.79     -0.67      1.95
      0.84     -0.67      1.00
     -0.12      1.25      1.00
     -1.08      2.20      2.91
     -1.08     -0.67      2.91
     -0.12     -4.50      1.00
     -0.12     -5.45      0.04
     -0.12     -2.58     -2.83
     -0.12     -0.67     -1.87
     -1.08      1.25      0.04
     -2.03      1.25      1.00
     -2.03     -0.67     -0.92
     -0.12      0.29      0.04
     -0.12      2.20     -0.92
      1.79      2.20     -0.92
      1.79      1.25      1.95
      0.84      2.20      1.00
     -0.12      0.29      1.00
     -2.03     -0.67      2.91
     -1.08      0.29      2.91
      0.84      4.12     -1.87
      1.79      5.08     -4.75
      1.79      1.25     -1.87
      0.84     -2.58     -0.92
     -0.12     -3.54     -1.87
     -2.03     -3.54     -2.83
     -2.03     -4.50     -1.87
     -2.03     -1.62      1.00
     -1.08     -0.67      3.87
      0.84     -0.67      1.95
      0.84     -0.67      0.04
      0.84      1.25      1.00
      2.75      0.29      2.91
      1.79      0.29     -0.92
      0.84      0.29     -4.75
     -1.08      1.25     -2.83
     -0.12      0.29      1.00
     -1.08     -1.62      0.04
     -2.99     -2.58     -0.92
     -2.03     -0.67      1.00
     -1.08      4.12      1.95
     -0.12      4.12      1.95
      0.84      1.25      0.04
     -0.12      1.25     -0.92
      0.84      0.29      1.00
      0.84     -1.62      3.87
      1.79     -0.67      2.91
      0.84      0.29     -0.92
     -1.08     -0.67     -1.87
     -2.99     -2.58     -1.87
     -6.82     -1.62     -2.83
     -5.86      0.29     -1.87
     -2.03      1.25      0.04
      1.79      0.29     -0.92
      3.71     -0.67     -0.92
      3.71      0.29     -1.87
      1.79     -0.67     -1.87
     -0.12      0.29     -0.92
     -0.12      1.25      1.00
     -1.08      1.25      3.87
     -2.99      0.29      2.91
     -2.03     -0.67      1.00
     -1.08     -1.62      1.00
      0.84      0.29      1.95
      0.84      0.29      1.95
     -0.12      0.29      1.95
     -0.12      1.25      1.00
      0.84      1.25     -1.87
     -1.08      0.29     -0.92
     -1.08     -0.67      1.00
      1.79     -0.67     -0.92
      1.79     -3.54     -2.83
      0.84     -2.58     -3.79
      0.84     -1.62     -2.83
     -0.12     -2.58     -2.83
     -1.08     -2.58     -0.92
     -1.08     -0.67      0.04
     -1.08      1.25      1.00
     -1.08      2.20      1.00
     -0.12      1.25      1.00
      0.84      0.29      1.00
     -0.12      1.25     -0.92
      0.84      0.29     -0.92
      1.79      0.29      0.04
     -0.12      0.29      0.04
     -0.12      2.20      0.04
     -2.03      3.16      1.00
     -2.03      3.16      1.00
     -0.12      1.25     -0.92
      0.84      0.29     -1.87
      0.84     -0.67     -0.92
     -1.08     -1.62     -1.87
     -0.12     -0.67      1.00
      0.84      0.29      3.87
      0.84      0.29      2.91
      0.84     -0.67      1.00
     -1.08     -0.67      1.00
     -2.03     -1.62      1.00
      0.84     -2.58      1.00
      2.75     -0.67      0.04
      1.79      0.29     -0.92
      0.84     -0.67     -1.87
     -0.12      0.29     -0.92
     -1.08      1.25     -0.92
     -2.03      2.20      0.04
     -2.99      2.20      1.00
     -0.12      1.25      1.95
      1.79      0.29      1.00
      0.84     -1.62      0.04
     -0.12     -3.54     -0.92
     -1.08     -2.58     -2.83
     -0.12     -2.58     -1.87
     -1.08     -0.67      0.04
     -0.12      1.25      1.00
      0.84      3.16      1.95
     -0.12      3.16      2.91
     -0.12      1.25      1.00
     -0.12     -0.67      0.04
     -1.08     -2.58     -0.92
     -0.12     -0.67     -1.87
     -0.12     -0.67     -1.87
     -0.12     -0.67     -1.87
     -0.12     -2.58     -0.92
      0.84     -0.67     -0.92
      0.84      0.29      0.04
      0.84      1.25      1.95
      1.79      1.25      1.00
      0.84     -0.67      1.00
     -0.12     -0.67      1.00
     -2.03     -1.62      0.04
     -2.03     -0.67     -0.92
     -2.03     -0.67      0.04
     -1.08      1.25      1.00
     -0.12      3.16      1.00
     -0.12      3.16      2.91
     -0.12      1.25      1.00
      0.84      0.29     -0.92
      1.79      0.29     -2.83
     -0.12     -1.62     -3.79
     -1.08     -2.58     -2.83
     -1.08     -0.67     -2.83
     -1.08      0.29     -0.92
     -1.08      1.25      1.00
      0.84      2.20      0.04
      0.84      3.16      0.04
      0.84      2.20      1.00
     -0.12      0.29      1.00
     -0.12     -1.62      1.00
      0.84     -3.54      1.00
     -0.12     -2.58      0.04
     -2.99     -2.58     -1.87
     -1.08     -2.58      0.04
      0.84      0.29      2.91
      1.79      3.16      2.91
      1.79      2.20      2.91
      0.84      1.25      1.95
      0.84     -1.62      1.00
      0.84     -0.67     -0.92
     -0.12     -0.67     -4.75
     -2.03     -1.62     -5.70
     -2.99     -2.58     -1.87
     -2.03     -1.62      1.00
      0.84     -0.67      0.04
      1.79     -0.67     -0.92
      1.79      0.29      0.04
      1.79      0.29      1.00
     -0.12      0.29      1.95
     -0.12      0.29      0.04
     -1.08     -1.62     -1.87
     -2.03     -3.54     -0.92
     -2.03     -1.62     -0.92
     -2.03      1.25      1.00
     -2.03      5.08      2.91
     -1.08      5.08      4.83
      0.84      3.16      5.78
      1.79      1.25      2.91
     -0.12      1.25     -0.92
     -1.08      0.29     -2.83
     -2.03     -2.58     -1.87
     -1.08     -4.50     -1.87
     -0.12     -1.62     -1.87
      0.84      1.25     -1.87
      1.79      1.25     -0.92
     -0.12      1.25      0.04
      0.84      1.25      0.04
      1.79      1.25     -0.92
      0.84      1.25     -0.92
     -0.12     -0.67      0.04
     -0.12     -4.50      1.00
     -0.12     -3.54     -0.92
     -1.08      0.29     -1.87
     -1.08      1.25     -0.92
     -0.12      1.25      1.00
     -0.12      0.29      0.04
      0.84      1.25      0.04
      0.84      1.25      1.95
      0.84      1.25      3.87
     -1.08      1.25      3.87
     -2.99      1.25      1.95
     -1.08     -0.67     -0.92
     -0.12     -0.67     -0.92
     -0.12     -0.67     -0.92
     -0.12     -1.62     -0.92
     -0.12     -2.58     -1.87
     -0.12     -1.62     -0.92
     -0.12     -1.62     -0.92
     -0.12     -1.62      1.00
      0.84     -0.67      1.95
      0.84      1.25      1.00
      0.84      1.25      0.04
     -0.12      0.29      1.00
      0.84      0.29      1.00
      0.84      0.29     -1.87
     -0.12     -0.67     -2.83
     -1.08     -0.67     -0.92
     -1.08     -0.67      0.04
      0.84     -0.67      0.04
     -1.08      0.29      0.04
     -1.08      2.20     -0.92
     -0.12      2.20      0.04
     -0.12     -0.67      1.00
      0.84     -0.67      0.04
      1.79      2.20     -0.92
      0.84      3.16      1.00
     -0.12      1.25      2.91
      0.84     -0.67      2.91
     -0.12      0.29      0.04
     -2.03      1.25     -2.83
     -2.03      0.29     -2.83
     -2.03     -1.62     -0.92
      0.84     -0.67      0.04
      1.79     -0.67     -0.92
      0.84     -0.67     -0.92
      0.84      0.29     -0.92
      0.84      1.25      1.00
     -0.12      1.25      1.00
     -0.12      0.29      1.00
     -0.12      0.29      1.95
      0.84     -2.58      1.95
      1.79     -1.62      0.04
      0.84     -1.62     -0.92
     -2.03     -1.62     -1.87
     -2.03     -2.58      0.04
     -0.12     -1.62      1.95
     -0.12      0.29      1.00
     -0.12      0.29     -0.92
     -0.12     -0.67     -0.92
      0.84      1.25      0.04
      1.79      2.20      0.04
      1.79      1.25     -1.87
      1.79      1.25     -1.87
      0.84     -0.67      0.04
     -0.12     -2.58      1.95
     -0.12     -1.62      0.04
     -1.08     -0.67     -0.92
     -2.99     -0.67     -0.92
     -2.99      0.29     -0.92
     -1.08      1.25      1.00
     -1.08      0.29      1.00
     -0.12     -0.67      1.00
      1.79      0.29      1.95
      1.79      1.25      1.00
      2.75      2.20      0.04
      1.79      2.20      1.00
     -1.08      0.29      1.00
     -2.03     -0.67      0.04
     -1.08     -0.67     -1.87
     -1.08     -0.67     -0.92
     -1.08     -0.67     -0.92
     -1.08     -1.62      0.04
     -0.12     -1.62      0.04
      0.84      0.29     -0.92
     -0.12      1.25     -0.92
     -0.12     -0.67      1.00
     -0.12     -0.67      1.95
      0.84      0.29      1.00
      1.79     -0.67     -2.83
      0.84     -4.50     -2.83
     -0.12     -4.50     -0.92
     -1.08      1.25      0.04
     -1.08      2.20     -0.92
     -1.08      0.29      0.04
     -1.08      0.29      1.95
     -1.08      2.20      1.95
     -1.08      4.12      1.95
     -1.08      4.12      1.95
     -0.12      4.12      0.04
     -0.12      0.29      0.04
     -0.12     -3.54      0.04
     -0.12     -4.50     -0.92
      0.84     -2.58     -1.87
      0.84     -2.58     -1.87
     -0.12     -1.62     -1.87
      0.84      1.25     -0.92
      0.84      1.25      1.00
     -1.08      0.29      1.00
     -1.08      0.29     -0.92
     -1.08      1.25     -0.92
     -0.12      0.29     -0.92
     -1.08     -2.58     -0.92
     -0.12     -2.58      0.04
     -0.12     -0.67      1.95
     -0.12     -0.67      1.95
     -0.12     -0.67      1.00
      0.84      0.29      1.00
      0.84      0.29     -0.92
      0.84      0.29     -0.92
      1.79      0.29      1.00
      0.84     -0.67      0.04
      0.84     -0.67     -1.87
     -1.08      0.29     -2.83
     -1.08      0.29     -1.87
     -1.08      1.25      1.00
     -1.08      1.25      1.95
     -0.12      1.25      1.00
     -0.12      1.25      1.00
      0.84      0.29      1.00
      0.84     -1.62      1.95
     -0.12     -2.58      2.91
     -0.12     -1.62      1.00
      0.84     -0.67      0.04
      0.84     -0.67     -0.92
     -0.12     -0.67     -1.87
     -1.08      1.25     -1.87
     -1.08      1.25     -0.92
     -1.08      1.25      0.04
     -0.12      1.25     -0.92
     -0.12      2.20     -1.87
     -0.12      0.29     -0.92
     -1.08     -1.62      0.04
     -1.08     -2.58      0.04
     -1.08     -2.58      1.00
     -0.12     -0.67      1.00
     -0.12      0.29      0.04
      0.84      0.29      0.04
      0.84     -0.67      1.00
     -1.08      0.29      1.00
     -1.08     -0.67      1.00
     -2.03     -1.62     -0.92
     -2.03     -1.62     -0.92
     -1.08      0.29     -0.92
     -0.12      2.20     -0.92
      0.84      1.25      0.04
      0.84     -0.67      0.04
      0.84      0.29      0.04
      1.79      1.25      1.00
      0.84      1.25      1.00
     -1.08     -0.67      1.00
     -1.08     -0.67      1.00
     -1.08      0.29      1.00
     -0.12      0.29      1.00
     -0.12      2.20      0.04
     -1.08      1.25     -0.92
     -0.12      1.25      0.04
      0.84      2.20     -1.87
      1.79      2.20     -1.87
      1.79      1.25     -0.92
      0.84     -0.67      1.00
      0.84     -0.67      1.00
     -0.12     -0.67     -0.92
     -1.08     -0.67      0.04
     -1.08     -0.67      1.00
     -2.03     -0.67      1.00
     -1.08     -2.58      1.00
     -0.12     -2.58      0.04
     -0.12     -0.67     -0.92
     -0.12     -0.67      0.04
      0.84     -1.62      0.04
      0.84     -2.58      0.04
      0.84     -0.67     -0.92
     -0.12      1.25     -0.92
     -0.12      1.25      0.04
     -0.12      1.25      1.00
     -1.08      1.25     -0.92
     -0.12      0.29     -0.92
     -0.12      1.25     -0.92
     -1.08      0.29      0.04
     -0.12     -0.67      0.04
     -0.12      0.29     -0.92
     -1.08      0.29     -0.92
     -1.08      0.29      1.00
     -0.12      0.29      1.95
     -0.12     -0.67      1.00
      1.79     -0.67     -0.92
      0.84      0.29     -2.83
     -0.12      0.29     -1.87
     -0.12     -0.67      0.04
     -0.12     -0.67      0.04
     -0.12      0.29      0.04
     -1.08     -0.67     -0.92
     -1.08     -0.67      0.04
     -0.12     -0.67      1.00
     -0.12     -0.67      1.95
      0.84      0.29      1.00
     -0.12      1.25      1.00
     -0.12      0.29      1.00
     -0.12      0.29      1.00
     -0.12     -0.67      1.00
     -0.12     -0.67      0.04
     -1.08     -0.67     -1.87
     -2.99     -2.58     -0.92
     -1.08     -2.58     -1.87
     -1.08     -0.67     -1.87
     -1.08      0.29     -1.87
     -0.12      0.29     -0.92
      0.84      2.20      1.00
      1.79      3.16      1.00
      1.79      2.20      1.00
      0.84      0.29      1.00
      0.84     -0.67      0.04
     -1.08      1.25      0.04
     -1.08      1.25     -0.92
     -2.03     -0.67     -1.87
     -2.03     -1.62      0.04
     -1.08     -2.58      1.00
     -1.08      0.29      0.04
     -0.12      3.16     -0.92
      0.84      1.25      0.04
     -0.12     -0.67      1.95
     -0.12     -0.67      1.95
     -0.12     -0.67     -1.87
     -0.12     -1.62     -2.83
      0.84     -0.67     -1.87
      0.84     -0.67      0.04
      0.84     -1.62     -0.92
     -0.12     -1.62     -1.87
     -1.08     -1.62     -0.92
     -1.08      1.25      0.04
     -0.12      3.16      1.00
     -0.12      0.29      2.91
     -0.12      1.25      1.00
     -0.12      0.29      1.00
      0.84     -1.62      1.00
      1.79     -0.67      1.00
      0.84      0.29     -0.92
     -0.12      0.29     -1.87
     -0.12     -1.62     -0.92
     -0.12     -0.67     -0.92
     -0.12     -0.67      0.04
     -1.08     -0.67      0.04
     -1.08      0.29      0.04
     -1.08      2.20      0.04
     -1.08      2.20      0.04
     -0.12     -0.67      1.95
      1.79     -2.58      1.00
      0.84     -0.67     -1.87
      0.84      1.25     -0.92
     -0.12      1.25      1.00
     -0.12      1.25      1.95
     -0.12      0.29      1.95
     -1.08     -0.67     -0.92
     -2.03     -0.67     -1.87
     -2.03     -0.67     -1.87
     -1.08      0.29     -0.92
     -0.12     -0.67     -0.92
      0.84     -0.67     -0.92
     -0.12     -0.67     -0.92
      0.84     -0.67      0.04
      0.84     -0.67      1.00
      0.84      0.29     -0.92
     -0.12      2.20     -0.92
     -1.08      1.25      1.95
     -1.08     -0.67      2.91
     -1.08     -1.62      1.00
     -2.03     -1.62     -0.92
     -2.03     -0.67     -0.92
     -0.12      0.29     -1.87
      0.84      1.25     -1.87
     -0.12      0.29     -0.92
      0.84      0.29      1.00
      1.79      2.20      1.00
      0.84      2.20      0.04
     -0.12      2.20     -0.92
     -1.08     -0.67      1.00
     -2.03     -1.62      1.95
     -1.08     -0.67      1.95
      0.84      0.29     -0.92
      0.84     -1.62     -1.87
      0.84     -2.58      0.04
      0.84     -1.62      2.91
      0.84     -1.62      1.00
      0.84     -0.67     -0.92
     -0.12      1.25      0.04
     -0.12      1.25      0.04
     -0.12      0.29     -0.92
     -0.12      0.29     -1.87
     -1.08      0.29     -0.92
     -1.08     -0.67      1.95
     -0.12      1.25      1.95
     -0.12      2.20     -0.92
     -1.08      1.25     -1.87
     -0.12     -0.67     -0.92
     -0.12     -1.62      1.00
     -0.12     -0.67      0.04
     -0.12     -1.62      0.04
     -1.08     -1.62      0.04
      0.84     -1.62     -0.92
     -0.12     -0.67     -0.92
     -2.03      0.29     -1.87
     -0.12     -0.67     -0.92
      1.79     -0.67      0.04
      0.84      1.25      0.04
     -0.12      1.25      0.04
     -0.12      1.25     -0.92
     -0.12      0.29     -0.92
     -0.12      1.25     -0.92
     -0.12      1.25      1.00
     -0.12      1.25      1.00
      0.84      1.25      1.00
      1.79      0.29      0.04
      0.84     -0.67      0.04
     -1.08     -1.62      1.00
     -2.03     -3.54      1.95
     -2.03     -3.54      0.04
     -1.08     -2.58     -1.87
     -1.08      1.25     -0.92
     -0.12      1.25      1.95
      0.84     -0.67      2.91
     -0.12      0.29      1.00
     -0.12      1.25     -0.92
     -0.12      0.29     -0.92
     -0.12      0.29      0.04
     -1.08      1.25      0.04
     -2.03     -0.67     -0.92
     -0.12     -0.67     -0.92
     -0.12     -0.67      0.04
     -0.12      0.29      1.00
      0.84      1.25      0.04
      1.79      0.29     -1.87
      0.84     -0.67     -1.87
      0.84     -1.62     -0.92
     -2.03     -2.58     -0.92
     -0.12     -1.62     -1.87
     -0.12     -0.67     -1.87
     -1.08      0.29      0.04
     -1.08      0.29      1.95
     -0.12      1.25      1.00
      0.84      1.25      0.04
     -0.12      0.29      1.00
     -0.12      1.25      1.00
     -0.12     -0.67      1.00
      0.84     -1.62      1.00
     -0.12     -0.67      0.04
      0.84      0.29     -0.92
     -0.12      1.25     -0.92
     -0.12      0.29      1.00
     -0.12     -0.67      0.04
     -0.12      0.29     -0.92
     -0.12      0.29     -0.92
     -0.12      0.29      0.04
     -0.12      0.29      0.04
     -0.12     -0.67      0.04
      0.84     -1.62      0.04
     -0.12     -0.67      1.00
     -1.08      0.29      0.04
     -0.12      0.29      0.04
     -0.12      0.29      0.04
     -0.12      1.25      1.00
      0.84     -0.67      1.95
      0.84     -1.62      1.00
     -0.12     -1.62     -0.92
     -1.08     -0.67     -0.92
     -1.08     -1.62     -0.92
     -1.08     -1.62      0.04
      0.84     -0.67      0.04
      1.79      0.29     -0.92
      1.79      1.25     -0.92
     -0.12      1.25     -0.92
     -0.12      1.25     -0.92
     -1.08      1.25      0.04
     -1.08      0.29      0.04
     -0.12     -0.67      0.04
      0.84     -1.62      0.04
     -0.12     -1.62      1.00
     -0.12     -0.67      1.95
     -0.12      0.29      0.04
     -0.12      0.29      0.04
     -1.08      0.29      0.04
     -0.12      0.29     -0.92
      0.84      0.29     -0.92
      0.84      1.25     -0.92
     -0.12      1.25      0.04
     -0.12      0.29      0.04
     -1.08     -0.67      0.04
     -2.03      0.29     -0.92
     -2.03      0.29      0.04
     -2.03     -0.67      1.00
     -1.08     -0.67      1.00
      1.79     -0.67      1.00
      1.79     -0.67      1.00
      1.79     -0.67      1.00
      0.84     -1.62      0.04
     -0.12     -0.67     -0.92
      0.84     -0.67      0.04
     -0.12      0.29      1.00
     -1.08      1.25      1.00
     -1.08      0.29     -0.92
      0.84      0.29     -1.87
      0.84      0.29      0.04
     -1.08      1.25      0.04
     -0.12      0.29      0.04
     -0.12      1.25      0.04
     -1.08      0.29      1.00
     -0.12     -0.67      1.00
     -0.12     -1.62      0.04
     -1.08     -0.67     -0.92
     -0.12     -0.67      0.04
     -0.12      0.29      0.04
      1.79      0.29      1.00
      0.84     -0.67      0.04
     -2.03     -0.67      0.04
     -2.99     -0.67      0.04
     -1.08      0.29     -0.92
     -0.12      0.29      0.04
     -0.12      0.29     -0.92
      0.84     -0.67      0.04
      0.84     -0.67      0.04
      1.79      0.29     -1.87
      1.79      1.25      0.04
     -0.12      1.25      1.00
     -0.12      1.25      1.00
     -0.12     -0.67      0.04
     -0.12      0.29      0.04
     -0.12      0.29      0.04
     -0.12     -1.62      1.00
     -1.08     -1.62      0.04
     -0.12     -1.62     -0.92
     -0.12      0.29     -1.87
      0.84      2.20     -0.92
     -0.12      2.20      1.00
     -0.12      0.29      1.00
     -0.12     -0.67      0.04
      0.84      0.29     -0.92
     -0.12      1.25     -0.92
     -1.08      0.29      1.00
     -1.08     -0.67      1.95
     -0.12     -0.67      1.95
     -1.08     -0.67      0.04
     -0.12     -0.67     -0.92
     -0.12     -0.67      0.04
     -0.12     -0.67     -1.87
      0.84     -0.67     -1.87
      0.84     -0.67     -2.83
      0.84      0.29     -1.87
     -0.12     -0.67      0.04
      0.84     -0.67      0.04
      0.84      0.29      0.04
     -1.08      0.29      0.04
     -1.08      0.29      0.04
     -1.08      0.29      1.00
     -1.08      0.29      1.00
     -0.12     -0.67      0.04
     -0.12     -0.67      0.04
      0.84      1.25      0.04
     -0.12      1.25      0.04
     -0.12      0.29      0.04
      0.84      0.29      0.04
      0.84      0.29      0.04
      0.84      0.29     -0.92
     -0.12      0.29      0.04
     -0.12      0.29      0.04
     -2.03      0.29     -0.92
     -2.03      0.29      0.04
     -2.03     -0.67      1.00
     -1.08     -0.67      1.00
     -0.12      0.29      0.04
      1.79      0.29     -0.92
      0.84      0.29      0.04
     -0.12     -0.67      0.04
     -0.12     -1.62     -0.92
     -0.12     -1.62      0.04
     -0.12     -0.67      0.04
     -0.12      1.25      1.00
     -0.12      0.29      1.00
     -0.12     -1.62     -0.92
     -0.12     -0.67     -0.92
     -0.12      0.29     -1.87
      0.84      1.25     -1.87
      0.84      0.29     -0.92
      0.84      0.29      1.00
     -0.12      0.29      1.00
     -0.12     -0.67      1.00
     -1.08     -0.67      1.95
     -0.12     -0.67      1.00
     -1.08      1.25      0.04
     -0.12      1.25      0.04
     -1.08      0.29      0.04
     -0.12     -0.67      0.04
      0.84      0.29      0.04
      0.84      0.29      0.04
     -0.12      0.29     -1.87
      0.84     -0.67     -0.92
     -1.08     -0.67      0.04
     -1.08     -1.62      0.04
     -0.12      0.29      0.04
     -0.12      0.29     -0.92
     -1.08     -0.67     -0.92
     -1.08     -0.67     -0.92
     -0.12     -0.67      1.00
     -0.12     -0.67      1.00
      0.84      0.29      0.04
      0.84      1.25      0.04
     -0.12      1.25      1.00
      0.84      1.25      1.00
      0.84      0.29      0.04
     -0.12      0.29     -0.92
     -1.08      0.29     -0.92
     -1.08      0.29     -0.92
     -0.12      0.29     -0.92
      0.84     -0.67     -1.87
      0.84     -0.67     -0.92
      0.84     -0.67      0.04
      0.84      0.29      0.04
      0.84      0.29      1.00
     -0.12     -0.67      1.00
     -2.03     -0.67      1.00
     -2.99     -0.67      1.00
     -2.03      1.25      0.04
     -2.03      2.20     -0.92
     -1.08      1.25      1.00
     -0.12      0.29      1.00
      1.79     -0.67      0.04
      1.79     -0.67      0.04
     -0.12     -0.67     -0.92
     -0.12     -0.67     -0.92
      0.84     -0.67      0.04
     -0.12     -0.67      0.04
     -1.08      0.29      0.04
     -0.12      0.29      0.04
     -1.08      0.29      0.04
     -0.12     -0.67     -0.92
      0.84      0.29     -0.92
      0.84      0.29      1.00
     -0.12     -0.67      1.00
     -0.12     -1.62      0.04
     -0.12     -1.62      0.04
     -0.12     -0.67      0.04
     -0.12     -0.67      0.04
     -1.08     -0.67      0.04
     -1.08     -0.67      1.00
     -1.08      1.25     -0.92
     -1.08      1.25     -0.92
      0.84      0.29     -0.92
      1.79      0.29      0.04
      1.79      1.25     -0.92
      0.84      1.25      0.04
     -1.08      0.29      1.00
      0.84      0.29      1.00
     -0.12     -1.62      0.04
     -0.12     -1.62     -0.92
     -1.08     -0.67     -0.92
     -0.12      0.29      0.04
     -0.12      1.25      1.00
      0.84      0.29     -0.92
      0.84      0.29     -0.92
     -0.12      0.29      0.04
     -0.12      0.29      1.00
     -0.12      0.29      0.04
     -0.12      1.25      0.04
      0.84     -0.67      0.04
     -0.12     -0.67      1.00
     -1.08     -0.67      1.00
     -1.08     -1.62      1.00
     -0.12     -0.67      0.04
      0.84      0.29      0.04
     -0.12      0.29      0.04
     -0.12     -0.67      0.04
     -0.12     -0.67      0.04
     -0.12     -0.67     -0.92
     -0.12      0.29     -0.92
     -1.08      1.25      0.04
     -1.08      0.29     -0.92
     -1.08     -0.67     -0.92
     -0.12     -0.67      0.04
      0.84      0.29      0.04
      0.84     -0.67     -0.92
      0.84      0.29     -0.92
      0.84      0.29      0.04
     -0.12     -0.67      0.04
     -0.12      0.29      1.00
     -0.12     -0.67      0.04
     -1.08     -0.67     -0.92
     -0.12      0.29     -0.92
      0.84      0.29      0.04
      0.84      0.29     -0.92
     -0.12      0.29      0.04
     -1.08     -0.67      0.04
     -0.12      0.29      0.04
     -0.12      1.25      0.04
     -0.12      0.29      0.04
     -0.12     -0.67      1.00
     -0.12      0.29      1.00
     -0.12      0.29      1.00
     -1.08      0.29     -0.92
     -1.08     -0.67     -1.87
     -0.12     -0.67      0.04
      0.84     -0.67      1.00
     -0.12     -0.67      1.95
     -0.12      0.29      0.04
     -0.12      0.29     -0.92
     -0.12     -0.67      0.04
     -0.12      0.29      0.04
     -2.03      0.29      0.04
     -0.12      1.25      0.04
      0.84      0.29      0.04
     -0.12     -0.67     -1.87
     -0.12     -0.67     -0.92
     -0.12      0.29     -0.92
     -0.12      1.25      0.04
     -0.12      1.25      0.04
      0.84      0.29      0.04
     -0.12     -0.67      1.00
     -1.08     -0.67      0.04
     -1.08     -0.67      0.04
     -0.12     -0.67      0.04
      0.84     -0.67      1.00
     -0.12      0.29      1.00
     -0.12     -0.67     -0.92
     -0.12     -0.67      0.04
     -0.12      0.29     -0.92
     -0.12      0.29     -0.92
     -0.12      0.29      0.04
     -0.12     -0.67     -0.92
     -2.03     -0.67     -1.87
     -1.08     -0.67      0.04
     -1.08     -0.67      0.04
     -0.12     -0.67      1.00
     -0.12     -0.67      0.04
     -0.12      0.29     -0.92
     -0.12      1.25     -0.92
     -0.12      1.25      0.04
     -0.12      0.29      1.00
      0.84     -0.67      1.00
      0.84     -0.67      0.04
     -0.12      0.29      1.00
     -1.08      0.29      1.00
     -1.08      0.29      1.00
     -1.08      0.29      0.04
     -1.08      0.29      0.04
     -0.12      0.29      0.04
      0.84     -0.67      0.04
     -0.12      0.29     -1.87
      0.84     -0.67     -1.87
     -0.12     -2.58     -0.92
      0.84     -1.62      1.00
      0.84      0.29      1.00
      0.84      0.29      0.04
     -0.12      0.29      0.04
     -1.08      0.29      0.04
     -0.12     -0.67     -0.92
     -0.12      0.29     -0.92
     -0.12      1.25      0.04
     -0.12      1.25      0.04
      0.84      0.29      1.00
     -0.12     -0.67      0.04
     -0.12     -1.62     -1.87
     -0.12     -0.67     -0.92
     -0.12     -0.67      0.04
     -0.12      0.29      0.04
     -0.12      0.29      0.04
     -0.12      0.29      0.04
     -0.12     -0.67      0.04
     -0.12     -0.67      0.04
     -0.12     -0.67      0.04
     -0.12      0.29      0.04
      0.84      0.29      0.04
     -0.12     -0.67      0.04
     -0.12     -0.67      0.04
     -0.12     -0.67      1.00
     -0.12      0.29      0.04
     -1.08      2.20      0.04
     -0.12      2.20      0.04
     -0.12      1.25      0.04
     -0.12     -0.67      1.00
      0.84     -1.62      0.04
     -0.12     -0.67      1.00
     -0.12     -0.67      0.04
     -0.12     -0.67     -0.92
     -0.12     -0.67      0.04
     -0.12     -0.67     -0.92
      0.84      0.29      0.04
      0.84     -0.67      0.04
     -0.12      0.29     -0.92
     -0.12      0.29     -0.92
     -0.12      0.29      0.04
     -1.08      0.29      0.04
     -1.08     -0.67      1.00
     -0.12     -0.67      0.04
     -0.12      0.29      0.04
     -0.12      0.29     -1.87
     -1.08      0.29      0.04
      0.84      0.29      1.00
      0.84      0.29      0.04
     -0.12      0.29     -1.87
     -0.12     -0.67      0.04
     -1.08     -0.67      1.95
     -0.12     -0.67      1.95
     -0.12     -0.67      0.04
     -0.12      0.29     -1.87
     -1.08      0.29     -0.92
     -0.12     -0.67     -0.92
     -0.12      0.29      0.04
     -0.12      0.29      0.04
      0.84      0.29     -0.92
     -0.12     -0.67     -0.92
     -1.08     -0.67     -0.92
     -0.12     -0.67     -0.92
     -0.12     -0.67     -0.92
     -0.12      0.29     -0.92
      0.84      0.29      0.04
     -0.12      0.29      1.00
     -0.12      0.29      1.00
     -0.12      0.29      1.00
     -0.12      0.29      0.04
     -0.12     -0.67     -0.92
     -1.08     -0.67     -0.92
     -1.08     -0.67      1.00
     -0.12      0.29      1.00
     -0.12      0.29      1.00
     -0.12      1.25      0.04
     -0.12      1.25     -0.92
     -1.08      1.25      0.04
     -2.03      1.25      1.00
     -2.03      0.29      0.04
     -1.08      0.29     -0.92
     -1.08     -0.67     -0.92
     -1.08     -1.62     -0.92
     -1.08     -1.62     -0.92
     -1.08     -0.67      0.04
     -1.08      0.29      0.04
      1.79     -0.67      0.04
      1.79     -0.67      0.04
      0.84     -0.67     -0.92
      0.84      0.29     -0.92
     -0.12      1.25      0.04
     -0.12      0.29      1.00
     -0.12      0.29      1.00
      0.84     -0.67      0.04
     -1.08     -0.67      0.04
     -0.12      0.29      0.04
     -1.08     -1.62      1.00
      0.84      0.29      0.04
      0.84      0.29     -0.92
     -1.08      0.29     -1.87
     -1.08     -0.67     -0.92
     -0.12     -0.67      1.00
      0.84     -0.67      0.04
     -0.12      0.29      0.04
     -0.12      1.25      0.04
     -2.03      1.25      0.04
     -0.12      0.29      0.04
      1.79     -0.67      0.04
     -1.08     -0.67      0.04
     -2.03     -0.67      0.04
     -1.08      0.29      0.04
     -1.08      0.29     -0.92
     -1.08      0.29     -0.92
     -1.08     -0.67      0.04
      1.79      0.29      1.00
      1.79      0.29      0.04
      0.84      0.29     -0.92
      1.79      0.29      0.04
      0.84      0.29      0.04
     -0.12      0.29      1.00
     -1.08      0.29      1.00
     -0.12      0.29      1.00
     -0.12      1.25      0.04
     -0.12      1.25      0.04
     -0.12      0.29      0.04
      0.84     -0.67      0.04
      0.84     -0.67      0.04
     -0.12     -0.67     -1.87
     -1.08      0.29     -0.92
     -0.12      0.29      0.04
     -1.08     -0.67      0.04
     -0.12     -1.62      0.04
      0.84     -0.67      1.00
     -0.12      0.29      0.04
     -0.12      0.29     -0.92
      0.84     -0.67      0.04
      0.84     -0.67      0.04
     -0.12     -0.67     -0.92
     -0.12     -0.67      0.04
     -0.12     -0.67      1.00
     -0.12      0.29      0.04
     -1.08      0.29      0.04
     -0.12      1.25      0.04
     -1.08      0.29      0.04
     -1.08      0.29      0.04
     -1.08      0.29      0.04
     -0.12     -0.67     -0.92
      0.84     -0.67     -0.92
      0.84      0.29      0.04
     -0.12      0.29      1.00
     -0.12     -0.67      1.00
     -0.12      0.29      0.04
     -0.12      0.29     -0.92
     -1.08      0.29     -0.92
     -1.08      0.29      0.04
     -0.12     -0.67      0.04
     -0.12     -0.67      0.04
     -0.12     -0.67      0.04
     -0.12     -0.67      0.04
     -0.12     -0.67      1.00
     -1.08     -0.67      1.95
     -0.12      1.25      1.00
      0.84      1.25     -0.92
     -0.12      0.29     -0.92
      0.84     -0.67     -0.92
      0.84      0.29      0.04
     -0.12      0.29      0.04
      0.84      0.29      0.04
     -0.12      0.29      1.00
     -1.08      1.25      1.00
     -1.08      1.25     -0.92
     -0.12      0.29     -0.92
      1.79      0.29      0.04
      0.84     -0.67      1.00
     -0.12     -0.67      0.04
     -0.12     -0.67     -0.92
     -0.12      0.29     -0.92
     -1.08      0.29      0.04
     -0.12      0.29      1.00
     -0.12      1.25      0.04
     -0.12      0.29     -0.92
      0.84     -0.67     -0.92
     -0.12     -0.67      0.04
     -0.12     -1.62     -0.92
     -1.08     -1.62     -0.92
     -1.08      0.29      0.04
     -2.03      0.29      0.04
     -1.08      0.29      0.04
     -1.08      0.29      0.04
     -0.12      0.29      0.04
     -1.08     -1.62      0.04
     -1.08     -0.67      0.04
     -1.08      0.29      0.04
     -1.08      0.29      0.04
     -0.12      0.29      0.04
      0.84      0.29      0.04
      0.84      1.25     -0.92
      1.79      0.29      0.04
      1.79      0.29      1.00
      0.84     -1.62      0.04
     -0.12      0.29      0.04
     -0.12     -0.67      1.00
     -0.12      0.29      1.00
     -1.08      0.29      1.00
     -1.08     -0.67      1.00
      0.84     -0.67      0.04
      0.84      0.29     -0.92
      0.84      0.29     -0.92
     -0.12      0.29     -0.92
     -0.12      0.29     -0.92
     -0.12      0.29      0.04
     -0.12      0.29      0.04
     -0.12      0.29     -0.92
     -0.12     -0.67      0.04
     -0.12      0.29      0.04
     -1.08      0.29      0.04
     -0.12     -0.67      0.04
     -0.12      0.29     -0.92
     -0.12      0.29      0.04
      0.84     -0.67      1.00
      0.84     -0.67      1.00
      0.84     -0.67      0.04
     -0.12      0.29      0.04
     -0.12      0.29      0.04
     -0.12      0.29      0.04
      0.84      0.29      1.00
     -0.12      1.25     -0.92
     -2.99     -0.67      0.04
     -2.99      0.29      1.00
     -1.08      0.29      0.04
      0.84      0.29      0.04
     -0.12     -0.67      0.04
     -0.12      0.29     -0.92
     -0.12      0.29      0.04
      0.84      0.29      0.04
     -0.12      0.29      0.04
     -0.12      0.29      0.04
     -0.12      0.29      0.04
     -1.08     -0.67     -0.92
     -0.12     -0.67     -0.92
      0.84      0.29     -0.92
     -0.12      0.29      0.04
     -1.08     -0.67      1.00
     -0.12      0.29      1.00
     -0.12      1.25      0.04
     -0.12      0.29      1.00
      0.84     -0.67      1.00
     -0.12     -0.67      0.04
     -0.12     -0.67      0.04
      0.84     -0.67      0.04
     -0.12     -0.67      0.04
     -0.12      0.29      0.04
     -1.08      0.29     -0.92
     -0.12      0.29     -0.92
     -0.12      1.25      0.04
     -0.12      0.29      0.04
      0.84     -0.67      1.00
      0.84     -0.67      0.04
     -0.12     -0.67     -0.92
     -1.08     -0.67     -0.92
     -1.08     -0.67      0.04
     -0.12     -0.67      1.00
     -0.12      0.29      1.00
     -1.08      0.29      0.04
     -1.08      0.29      0.04
     -1.08      0.29      0.04
     -0.12     -0.67      0.04
     -0.12      0.29      0.04
     -0.12     -0.67      1.00
     -0.12     -0.67      0.04
     -0.12     -0.67      0.04
     -0.12     -0.67      0.04
      0.84     -0.67      0.04
     -0.12      0.29      0.04
     -0.12      0.29      1.00
     -0.12     -0.67      0.04
     -0.12      0.29     -0.92
     -0.12      0.29     -0.92
     -0.12      0.29     -0.92
     -0.12      0.29     -0.92
     -0.12      0.29     -0.92
     -1.08      0.29      0.04
     -0.12      0.29      0.04
      0.84      0.29      0.04
     -0.12      0.29      0.04
     -0.12     -0.67     -0.92
     -0.12     -1.62      0.04
     -0.12     -0.67      1.00
     -1.08     -0.67      0.04
     -0.12      0.29      1.00
      0.84      0.29     -0.92
     -0.12      0.29      0.04
     -0.12      0.29      1.00
     -0.12      0.29      0.04
     -0.12      0.29      0.04
     -0.12      1.25      0.04
     -0.12      0.29      0.04
     -0.12     -0.67      0.04
     -0.12     -0.67      0.04
     -0.12     -0.67      0.04
     -1.08     -0.67      0.04
     -1.08     -0.67      0.04
     -0.12     -0.67      0.04
      0.84     -0.67      0.04
     -0.12     -0.67      0.04
     -0.12      0.29      0.04
     -0.12      0.29      0.04
     -0.12      0.29      0.04
     -0.12      0.29      1.00
     -0.12     -0.67      1.00
     -0.12      0.29      0.04
     -0.12      0.29      0.04
     -1.08      0.29      0.04
      0.84     -0.67     -0.92
      0.84     -0.67     -0.92
     -0.12     -0.67      0.04
     -1.08      0.29      1.00
     -0.12      0.29      1.00
      0.84      0.29      0.04
     -0.12      0.29     -0.92
     -0.12      0.29     -0.92
     -0.12     -0.67      0.04
     -0.12     -0.67      1.00
     -1.08      0.29      0.04
     -1.08      0.29     -1.87
     -1.08     -0.67     -0.92
     -1.08     -0.67      1.00
     -0.12     -0.67      0.04
      0.84      0.29     -1.87
      0.84      0.29      0.04
     -0.12      0.29     -0.92
     -0.12      0.29      0.04
      0.84      0.29      1.00
     -0.12     -0.67      1.00
     -0.12      0.29      0.04
     -1.08      0.29      0.04
     -0.12      0.29      0.04
     -0.12      0.29      0.04
     -0.12     -0.67      1.00
     -1.08     -0.67      0.04
     -1.08      0.29     -0.92
     -0.12      0.29     -0.92
     -0.12      0.29      0.04
     -0.12      0.29      1.00
      0.84      0.29      0.04
      0.84     -0.67      0.04
     -1.08     -0.67      0.04
     -2.03      0.29      0.04
     -1.08      0.29      0.04
     -0.12      0.29      0.04
     -0.12     -0.67      0.04
     -1.08     -0.67      0.04
     -0.12      0.29      1.00
      0.84      1.25      1.00
     -0.12      0.29      0.04
     -1.08      0.29     -0.92
      0.84      0.29      0.04
      1.79      1.25      0.04
      0.84      0.29      0.04
     -0.12     -0.67      0.04
      0.84     -0.67      0.04
     -0.12     -0.67      0.04
     -1.08      0.29     -0.92
     -0.12      0.29     -0.92
     -0.12      0.29     -0.92
     -0.12      0.29      0.04
     -0.12     -0.67      0.04
     -0.12     -0.67      0.04
     -0.12      0.29      1.00
     -0.12     -0.67      0.04
     -0.12     -0.67      0.04
     -0.12     -0.67      1.00
     -0.12     -0.67      0.04
     -0.12      0.29      0.04
     -0.12      0.29      0.04
     -0.12     -0.67     -0.92
     -0.12     -0.67      0.04
     -0.12      0.29      0.04
     -0.12      0.29     -0.92
     -0.12     -0.67      0.04
      0.84     -0.67      0.04
     -0.12     -0.67      0.04
     -0.12      0.29      0.04
     -0.12      1.25     -0.92
      0.84      1.25     -0.92
      0.84      0.29     -0.92
      0.84     -0.67      0.04
     -0.12     -0.67      0.04
     -0.12     -0.67      0.04
     -0.12     -0.67      0.04
     -0.12     -0.67      0.04
     -0.12      0.29      0.04
     -0.12      0.29      0.04
