********************************************************************************
                       INSTITUTO DE INGENIERIA, UNAM
                   Coordinacion de Instrumentacion Sismica
  Ciudad Universitaria, Apartado Postal 70-472, Coyoacan 04510, Mexico, D.F.
 Tel.(52-5)622-3414    Fax.(52-5)616-1514    e-mail: isismica@pumas.iingen.unam.mx
**************************************************************************************
ARCHIVO ESTANDAR DE ACELERACION:
VERSION DEL FORMATO                    : 2.0
NOMBRE DEL ARCHIVO                     : PAPN8710.251
FECHA Y HORA DE CREACION               : Wed Apr 01 03:02:27 1998
REF. CATALOGO ACELEROGRAMAS, SMIS 1995 : REGISTRO No. 1039 /PAG. 118


================================================================================
DATOS DE LA ESTACION:
NOMBRE DE LA ESTACION                  : PAPANOA
CLAVE DE LA ESTACION                   : PAPN
LOCALIZACION DE LA ESTACION            : Escuela Primaria "Sor Juana Ines de la
                                       : Cruz", Papanoa, Guerrero.
                                       :
                                       :
                                       :
COORDENADAS DE LA ESTACION             : 17.328 LAT. N 
                                       : 101.040 LONG. W
ALTITUD (msnm)                         : 30  
TIPO DE SUELO                          : ROCA
                                       : 
                                       : 
INSTITUCION RESPONSABLE                : INSTITUTO DE INGENIERIA UNAM
                                       :

================================================================================
DATOS DEL ACELEROGRAFO: 
MODELO DEL ACELEROGRAFO                : DCA-333
NUMERO DE SERIE DEL ACELEROGRAFO       : 111
NUMERO DE CANALES                      : 3
ORIENTACION C1-C6 (rumbo;orientacion)  : /V/N90E/N00E
ORIENTACION C7-C12 (rumbo;orientacion) :
VEL. DE MUESTREO, C1-C6 (muestras/s)   : /100/100/100
VEL. DE MUESTREO, C7-C12 (muestras/s)  :
ESC. COMPLETA DE SENSORES, C1-C6, (g)  : /2/2/2
ESC. COMPLETA DE SENSORES, C7-C12 (g)  :
FREC. NAT. DE SENSORES, C1-C6, (Hz)    : /29.0/28.0/30.0
FREC. NAT. DE SENSORES, C7-C12 (Hz)    :
AMORTIGUAMIENTO DE SENSORES, C1-C6     : /0.7/0.7/0.7
AMORTIGUAMIENTO DE SENSORES, C7-C12    :
INTERVALO DE MUESTREO, C1-C6 (s)       : /0.01/0.01/0.01
INTERVALO DE MUESTREO, C7-C12 (s)      :
UMBRAL DE DISPARO, C1-C6 (Gal)         : /8/8/8
UMBRAL DE DISPARO, C7-C12 (Gal)        :
MEMORIA DE PREEVENTO (s)               : 4
TIEMPO DE POSEVENTO (s)                : 15


================================================================================
DATOS DEL SISMO:
FECHA DEL SISMO [GMT]                  : 1987/10/25
HORA EPICENTRO (GMT)                   : 04:31:43,0
MAGNITUD(ES)                           : /Mc=5.10
COORDENADAS DEL EPICENTRO              : 16.860 LAT. N 
                                       : 101.540 LONG. W
PROFUNDIDAD FOCAL (km)                 : 33
FUENTES DE LOS DATOS EPICENTRALES      : SSN
                                       : INSTITUTO DE GEOFISICA, UNAM

================================================================================
DATOS DE ESTE REGISTRO:
HORA DE LA PRIMERA MUESTRA (GMT)       : 04:31:54.60
EXACTITUD DEL TIEMPO (s)               : 0.01
DURACION DEL REGISTRO (s), C1-C6       : /18.07/18.07/18.07                      
DURACION DEL REGISTRO (s), C7-C12      : 
NUM. TOTAL DE MUESTRAS, C1-C6          : /1807/1807/1807                       
NUM. TOTAL DE MUESTRAS, C7-C12         : 
ACEL. MAX.(Gal), C1-C6                 : /80.17/-93.69/-160.44                 
ACEL. MAX., C1-C6, EN LA MUESTRA       : /408/409/414                          
ACEL. MAX.(Gal), C7-C12                : 
ACEL. MAX., C7-C12,EN LA MUESTRA       : 
UNIDADES DE LOS DATOS                  : Gal (cm/s/s)
FACTOR DE DECIMACION                   : 1
FORMATO DATOS (FORTRAN,10 campos/dato) : 3F10.2


================================================================================
CALIDAD DEL ACELEROGRAMA:
REGISTRO DIGITAL COMPLETO CON TIEMPO ABSOLUTO CORRECTO.


===============================================================================
COMENTARIOS:














===============================================================================
DATOS DE ACELERACION:
---------+---------+---------+---------+---------+---------+---------+---------+
   CANAL-1   CANAL-2   CANAL-3
         V      N90E      N00E
---------+---------+---------+---------+---------+---------+---------+---------+
     -0.22      1.06     -0.62
     -2.13      0.10     -0.62
     -2.13     -0.86      0.34
     -0.22      0.10     -0.62
     -0.22      1.06      0.34
      0.74      0.10      0.34
      2.65     -1.81      0.34
      3.61      1.06      0.34
      0.74      2.01      0.34
     -3.09      0.10     -0.62
     -4.05     -1.81     -0.62
     -0.22     -1.81     -0.62
      1.69      0.10      0.34
      1.69      1.06      0.34
     -0.22     -0.86      0.34
      1.69      0.10      0.34
      2.65      2.97      1.30
     -1.18      2.01     -0.62
     -4.05     -0.86     -1.57
     -2.13     -2.77      0.34
     -1.18     -1.81      0.34
     -0.22      0.10      0.34
      1.69      0.10     -0.62
      5.52      0.10      0.34
      1.69      2.01      0.34
     -1.18      2.01     -0.62
     -1.18      0.10     -0.62
     -2.13     -2.77     -0.62
     -0.22     -0.86     -0.62
     -0.22      0.10      0.34
     -0.22      0.10     -1.57
     -4.05      0.10      1.30
      3.61      0.10      1.30
      6.48      2.97      1.30
      0.74      2.97     -0.62
     -5.96     -2.77     -1.57
     -4.05     -5.64      1.30
      5.52     -1.81     -1.57
      1.69      3.93     -0.62
     -1.18      2.01     -1.57
     -2.13      1.06      2.25
     -0.22      1.06      1.30
      0.74      2.97      0.34
      1.69      0.10      1.30
     -0.22     -4.69     -2.53
     -0.22     -4.69     -1.57
      4.57     -0.86      0.34
      1.69      3.93      1.30
     -6.92      2.97     -0.62
     -5.96     -0.86     -0.62
      0.74     -1.81      1.30
     -2.13      1.06     -0.62
      1.69     -0.86      1.30
     13.18     -4.69      4.17
      4.57     -1.81     -2.53
     -2.13      4.89     -3.49
     -5.01      2.97      3.21
    -12.66     -2.77     -3.49
     -5.96     -1.81     -2.53
      4.57      0.10      6.08
      5.52     -2.77     -0.62
      6.48     -0.86     -0.62
      6.48      2.97      6.08
     -3.09     -0.86     -2.53
     -7.88      0.10     -5.40
     -1.18      1.06      1.30
      9.35     -3.73     -1.57
      3.61      5.84     -1.57
     -9.79      5.84      3.21
     -3.09     -7.56      0.34
      2.65     -0.86      0.34
     -5.96      6.80      0.34
     -3.09     -2.77      0.34
      8.39     -5.64     -0.62
      7.44      0.10     -0.62
      0.74     -0.86      2.25
      0.74     -3.73      0.34
     -3.09      0.10     -4.45
     -7.88      5.84     -1.57
     -5.01      2.97      2.25
     -0.22      3.93      2.25
      2.65      4.89      1.30
      1.69     -4.69     -0.62
      5.52     -8.51      0.34
     11.26     -0.86      0.34
      2.65      2.97     -3.49
    -17.45     -3.73     -3.49
    -16.49     -7.56      0.34
      8.39      1.06     -0.62
     13.18     11.58      2.25
      0.74      4.89      2.25
     -3.09     -4.69      2.25
      1.69     -2.77     -0.62
     -2.13      2.01      0.34
     -3.09      0.10      2.25
     -0.22     -4.69     -3.49
     -2.13     -2.77     -6.36
      0.74     -1.81      0.34
      7.44      2.97      6.08
      2.65     10.63      3.21
     -7.88      1.06     -2.53
     -7.88    -10.43     -1.57
      2.65     -2.77      0.34
      5.52      8.71     -1.57
      3.61      2.01      0.34
      1.69     -7.56      1.30
     -1.18     -2.77     -0.62
     -5.01      4.89      1.30
      0.74      1.06      2.25
      3.61     -3.73     -3.49
     -3.09      2.97     -4.45
     -3.09      4.89      4.17
      5.52     -1.81      3.21
      3.61      2.01     -2.53
     -5.01      0.10     -0.62
     -5.96    -10.43      2.25
      0.74     -4.69     -0.62
      6.48     10.63     -2.53
      3.61      6.80      0.34
     -0.22     -5.64      1.30
     -3.09     -3.73     -0.62
     -3.09      4.89      0.34
      3.61      2.97      2.25
      1.69     -0.86     -0.62
     -5.01     -1.81     -1.57
     -3.09     -3.73      2.25
      3.61     -3.73      2.25
      5.52      3.93     -1.57
      0.74      2.97     -1.57
     -2.13     -4.69     -0.62
     -4.05     -2.77      0.34
     -0.22      4.89     -1.57
      4.57      2.97      1.30
      2.65     -1.81      2.25
     -3.09      1.06     -0.62
     -3.09      0.10      1.30
     -2.13     -4.69      1.30
      2.65      1.06     -1.57
      2.65      4.89     -1.57
      0.74     -1.81     -0.62
     -1.18     -5.64     -1.57
     -2.13      2.97      0.34
     -3.09      3.93      3.21
     -1.18     -3.73      0.34
      3.61     -1.81     -1.57
      3.61      3.93     -0.62
     -2.13      1.06      0.34
     -0.22     -2.77      0.34
      1.69     -0.86      0.34
     -2.13      0.10     -1.57
     -0.22      2.01      0.34
      6.48      2.01      2.25
     -0.22      0.10     -0.62
     -8.83     -0.86      1.30
     -3.09     -2.77      0.34
     -0.22     -0.86     -3.49
     -0.22      2.97     -0.62
      4.57     -4.69      4.17
      6.48     -4.69      0.34
     -2.13      5.84     -3.49
     -5.01      3.93      0.34
      0.74     -3.73      0.34
      1.69      1.06     -1.57
     -1.18      5.84      2.25
     -2.13     -0.86      3.21
      0.74     -3.73     -0.62
      1.69      2.97      0.34
      2.65      1.06      0.34
      0.74     -4.69     -4.45
     -3.09     -0.86     -2.53
     -1.18      1.06      2.25
     -0.22      0.10      1.30
     -0.22      1.06     -1.57
     -0.22      2.97      0.34
      0.74     -2.77      0.34
     -1.18     -1.81     -0.62
     -1.18      2.97      2.25
      0.74      0.10      0.34
     -0.22     -2.77      0.34
     -0.22     -2.77      1.30
      0.74      0.10      1.30
     -1.18      0.10     -0.62
      0.74     -0.86     -3.49
     -0.22      2.97     -0.62
     -1.18      3.93      1.30
      0.74      2.01      1.30
      2.65      0.10      0.34
      1.69     -2.77     -1.57
     -3.09     -1.81     -1.57
     -0.22      0.10      1.30
      0.74      0.10      1.30
     -0.22      0.10     -1.57
     -0.22     -0.86     -0.62
      0.74     -1.81      1.30
     -1.18      0.10     -0.62
     -1.18      2.97      0.34
     -0.22      1.06      3.21
      0.74      0.10      0.34
      3.61      1.06     -4.45
     -0.22      0.10     -0.62
     -1.18     -1.81     -0.62
     -0.22      0.10     -1.57
     -4.05      1.06      1.30
     -0.22     -2.77      0.34
      4.57      1.06      2.25
     -0.22      2.97      1.30
      0.74     -0.86     -1.57
      0.74      1.06     -0.62
     -2.13      0.10     -1.57
     -1.18     -3.73      0.34
      4.57     -2.77      2.25
     -0.22      1.06     -1.57
     -3.09      3.93     -0.62
     -1.18      0.10      2.25
      1.69     -1.81      0.34
     -1.18      2.97     -3.49
     -0.22      1.06      0.34
      2.65     -2.77      3.21
      1.69      0.10      2.25
     -0.22      2.97     -1.57
     -1.18     -1.81     -2.53
     -3.09     -3.73     -2.53
     -2.13      0.10      0.34
      3.61      2.01      3.21
      3.61      0.10      2.25
      0.74      0.10     -2.53
     -0.22      0.10     -1.57
     -2.13     -0.86      0.34
     -2.13      0.10     -1.57
     -0.22      1.06      0.34
     -1.18     -0.86      2.25
     -1.18     -3.73     -0.62
      4.57      2.97      1.30
      1.69      4.89      2.25
     -4.05     -4.69     -1.57
     -2.13     -5.64     -1.57
      5.52      2.01      1.30
      2.65      5.84      1.30
     -1.18      1.06     -0.62
     -1.18     -0.86     -0.62
     -1.18      2.01     -0.62
     -4.05      1.06      0.34
     -0.22     -0.86      3.21
      5.52     -3.73     -0.62
      0.74      0.10     -1.57
     -1.18      0.10      2.25
     -2.13     -1.81      1.30
     -1.18     -2.77     -3.49
      0.74      1.06     -0.62
      4.57      0.10      2.25
      0.74      0.10     -1.57
     -5.01      3.93     -0.62
     -0.22      2.01      4.17
      0.74      0.10      2.25
     -1.18      0.10     -1.57
      1.69     -1.81     -1.57
      1.69     -4.69     -0.62
     -2.13      0.10     -0.62
     -2.13      2.01      1.30
      1.69     -1.81      0.34
      2.65     -1.81     -1.57
     -1.18      3.93      1.30
     -3.09      1.06      2.25
     -0.22     -1.81     -0.62
      0.74      1.06     -0.62
     -0.22      1.06      2.25
      3.61      0.10      1.30
      0.74      1.06     -1.57
     -2.13     -0.86     -1.57
     -1.18     -1.81      0.34
      0.74     -0.86     -2.53
      0.74      2.01     -0.62
     -0.22     -0.86      2.25
     -1.18     -2.77     -0.62
     -2.13      1.06     -0.62
     -1.18      1.06      1.30
      1.69     -2.77      0.34
      4.57      0.10     -0.62
      1.69      3.93      0.34
      0.74      1.06     -0.62
      1.69     -2.77      0.34
     -3.09      1.06     -0.62
     -5.01      2.01      0.34
     -4.05     -1.81     -0.62
     -0.22     -2.77     -0.62
      3.61      2.01      0.34
      1.69     -0.86      0.34
      1.69     -2.77     -1.57
      1.69      1.06      0.34
     -3.09      0.10      1.30
     -2.13     -1.81      0.34
      2.65      2.01     -0.62
      4.57      3.93     -2.53
     -0.22      1.06      0.34
     -1.18     -0.86      2.25
     -2.13      0.10     -1.57
     -5.01      1.06     -0.62
     -3.09     -3.73      0.34
     -0.22     -3.73     -0.62
      4.57      1.06      2.25
      7.44     -0.86      3.21
      2.65     -0.86     -2.53
     -2.13      2.01     -2.53
     -5.96      1.06      0.34
     -5.01     -1.81     -3.49
     -0.22      2.01      0.34
      4.57      2.97      3.21
      3.61      0.10      1.30
     -1.18      0.10      2.25
     -3.09      0.10      0.34
     -2.13     -0.86     -2.53
      3.61     -2.77     -1.57
      4.57     -0.86      0.34
      0.74      1.06     -0.62
     -4.05      2.97      2.25
     -3.09      0.10      1.30
     -2.13     -0.86     -1.57
      0.74     -0.86     -0.62
      4.57      0.10      1.30
      1.69      1.06      1.30
     -2.13      0.10      0.34
     -1.18     -0.86      0.34
     -4.05      0.10      0.34
     -0.22     -4.69     -0.62
      1.69     -2.77      0.34
     -1.18      2.97      0.34
     -0.22      3.93     -0.62
      1.69      2.01      2.25
      2.65     -1.81      0.34
      5.52     -2.77     -2.53
      2.65      1.06     -0.62
     -3.09      1.06     -0.62
     -4.05     -1.81     -2.53
     -5.96      2.97      0.34
     -5.01      2.01     -0.62
     -0.22     -2.77      0.34
      5.52     -2.77      2.25
      7.44     -2.77      2.25
      5.52     -2.77      2.25
     -2.13      1.06     -0.62
     -6.92      0.10     -6.36
     -5.01     -1.81     -0.62
      0.74     -0.86      6.08
      0.74      3.93      0.34
      0.74      7.76     -2.53
      1.69      1.06     -1.57
      2.65      0.10     -3.49
      5.52     -2.77      0.34
      5.52     -3.73      4.17
     -1.18     -0.86      1.30
     -4.05     -0.86     -3.49
     -5.96     -2.77     -0.62
     -3.09     -3.73     -1.57
     11.26     -2.77     -6.36
     16.05     -2.77     -6.36
      4.57     -6.60     -7.32
     -6.92     -3.73     -5.40
     -9.79     -0.86     -7.32
     -9.79      2.97    -17.84
    -10.75      4.89    -16.89
      0.74      2.97     -1.57
     13.18     -1.81      9.91
     12.22     -2.77     17.57
     -0.22      2.01     21.39
     -8.83      4.89     16.61
     -8.83      3.93      8.95
     -4.05      4.89      5.13
      3.61      2.97      0.34
      6.48      1.06     -5.40
      6.48     -6.60     -8.27
     -2.13    -15.21    -10.19
    -12.66     -5.64    -12.10
     -9.79     12.54     -5.40
     -1.18     16.37      6.08
     10.31     12.54      7.04
     17.01     12.54      6.08
     18.92     -3.73     13.74
     12.22    -35.31     14.70
      3.61    -37.22      4.17
     -5.01    -20.00    -10.19
    -17.45     -7.56    -24.54
    -27.02     10.63    -36.98
    -20.32     29.77    -34.11
     -1.18     28.81    -16.89
     10.31     10.63     -7.32
      3.61     10.63     -5.40
     -2.13     11.58     17.57
     -1.18     -9.47     49.15
     -5.01    -20.00     50.11
     -7.88      2.97     28.09
      0.74     11.58     11.82
     10.31     -1.81      8.00
      8.39     14.46     14.70
      8.39     15.41     26.18
     13.18    -40.10     28.09
      1.69    -50.62     18.52
    -13.62      2.97     -4.45
    -11.70     36.47    -58.04
      1.69     29.77   -108.76
     17.96      3.93   -101.11
     24.66    -37.22    -57.08
      0.74    -46.79    -32.20
    -44.24     -0.86      3.21
    -55.73     35.51     89.34
    -35.63     24.98    159.21
    -18.40     42.21    126.67
      6.48     91.02     29.05
     51.46     43.17    -17.84
     80.17    -74.55     -5.40
     57.20    -93.69     21.39
     -2.13    -10.43     38.62
    -63.38     30.73     13.74
    -69.13    -14.26    -59.00
    -24.15    -44.88   -130.77
     16.05    -15.21   -160.44
     34.23      1.06   -116.42
     44.76    -20.95    -29.33
     27.53    -19.04     44.36
     -5.96      0.10     64.46
    -27.97     10.63     47.23
    -31.80     37.42     38.62
     -9.79     46.04     40.54
      7.44     34.55     42.45
     22.75     16.37     60.63
     38.06    -20.00     53.93
     10.31    -29.57     10.87
    -34.67    -15.21    -26.46
    -36.59      1.06    -53.25
    -17.45      5.84    -63.78
      1.69     -8.51    -59.00
     21.79     -5.64    -45.60
     32.32     -8.51    -24.54
     13.18    -28.61      8.95
    -19.36    -15.21     42.45
    -25.10     10.63     20.44
    -13.62     20.20     -4.45
     -8.83     21.15     32.88
     10.31     12.54     62.55
     37.10     -7.56     24.27
     28.49     10.63    -11.14
      0.74     16.37    -14.02
    -21.27      2.97    -11.14
    -36.59     21.15      0.34
    -25.10     10.63     -1.57
      7.44    -30.53    -27.41
     16.05    -20.95    -28.37
      5.52     -2.77     -2.53
      5.52    -29.57      3.21
      5.52    -39.14    -11.14
     -3.09    -10.43     -8.27
     -5.01      3.93      4.17
     -6.92     -7.56      2.25
     -8.83      1.06      6.08
     -6.92     40.30     22.35
      3.61     47.95     22.35
     17.01      7.76    -14.02
      9.35      2.97    -28.37
     -2.13     11.58     11.82
     -5.01     -9.47     22.35
     -5.01    -22.87      0.34
      0.74    -26.70     -5.40
      8.39    -25.74     -3.49
      7.44    -14.26     -4.45
     -0.22      4.89    -12.10
    -11.70     21.15    -12.10
    -11.70     13.50      1.30
     -1.18      7.76      0.34
      0.74     10.63     -0.62
     -0.22     12.54     11.82
      6.48      3.93     11.82
      4.57     -6.60     -2.53
      0.74      3.93     -3.49
      4.57      3.93     -1.57
      1.69     -7.56     -4.45
     -3.09    -10.43      3.21
     -6.92    -16.17     13.74
    -11.70    -10.43     18.52
     -1.18     -6.60      2.25
      6.48     -0.86    -19.76
      5.52     11.58    -18.80
      9.35      5.84    -10.19
      9.35      2.01    -14.02
     -4.05     23.07     -7.32
     -5.96     13.50      6.08
     -5.01     -5.64      8.95
     -5.01      2.97      5.13
      6.48     -3.73      1.30
      4.57    -18.08     14.70
     -1.18    -21.91     28.09
      5.52    -15.21      8.95
      3.61      6.80    -14.02
     -4.05     14.46    -10.19
     -2.13     -8.51     -0.62
      1.69    -13.30      6.08
     -5.01     10.63     10.87
     -9.79     12.54     -4.45
     -1.18     -8.51    -26.46
      5.52      2.97    -22.63
      5.52     27.85     -1.57
      5.52     21.15      7.04
      0.74     -3.73      6.08
     -6.92    -16.17      1.30
    -10.75    -15.21     -3.49
     -5.01      2.01     -3.49
      2.65     11.58     10.87
      6.48     -4.69     15.65
      4.57    -21.91      3.21
     -3.09    -12.34     -3.49
     -5.96      4.89      3.21
     -4.05      3.93      9.91
      6.48     -3.73     -1.57
      9.35    -10.43    -19.76
     -4.05     -2.77    -17.84
     -4.05     14.46      4.17
      7.44     20.20     11.82
     12.22     11.58     -5.40
     -2.13     -4.69    -11.14
    -11.70    -14.26     -2.53
     -8.83     -6.60     -0.62
     -5.96      6.80      2.25
     -1.18      7.76      8.00
     -0.22      1.06      5.13
      0.74     -9.47     -3.49
      3.61    -14.26     -9.23
      3.61     -9.47    -12.10
     -5.01      2.97      1.30
     -5.01      9.67      8.95
      1.69     10.63      3.21
      5.52     11.58      0.34
      6.48     -1.81      0.34
      3.61    -11.38      0.34
     -0.22     -0.86      4.17
     -2.13      4.89      6.08
      0.74      2.01      6.08
     -0.22      1.06      3.21
     -2.13      2.01      1.30
     -1.18     -0.86      2.25
     -1.18      0.10     -7.32
     -2.13      1.06    -14.97
     -8.83      0.10     -1.57
     -5.01     -2.77      4.17
      4.57     -2.77    -11.14
      8.39      0.10    -16.89
      7.44     -3.73     -4.45
      2.65     -4.69      6.08
     -2.13      2.97     10.87
     -3.09      3.93      9.91
     -1.18      2.01     10.87
      0.74      2.97     12.78
     -0.22     -8.51      3.21
     -4.05    -14.26     -4.45
     -2.13     -3.73     -1.57
      5.52      8.71     -1.57
      5.52     15.41     -7.32
      4.57     13.50     -8.27
      1.69      1.06      1.30
     -2.13     -7.56      1.30
     -3.09    -10.43    -11.14
     -5.01     -3.73    -12.10
     -4.05      7.76      2.25
      0.74      6.80     10.87
      5.52      0.10      4.17
      4.57    -10.43     -7.32
     -4.05    -12.34     -5.40
     -8.83     -3.73      6.08
     -5.01     -0.86      9.91
      3.61      4.89      4.17
      6.48      8.71     -4.45
      3.61      2.01     -1.57
     -2.13      1.06      6.08
     -3.09      7.76      1.30
     -2.13      9.67     -9.23
      3.61      8.71     -7.32
      5.52      4.89      3.21
      2.65      2.01      9.91
      0.74     -1.81     14.70
      2.65    -13.30      5.13
     -0.22    -18.08    -10.19
     -5.01     -6.60     -5.40
     -1.18     -1.81      3.21
      3.61     -4.69     -5.40
      1.69      5.84    -10.19
     -5.01     10.63     -1.57
     -3.09      1.06      3.21
     -0.22     -6.60     -0.62
     -3.09     -1.81     -1.57
     -4.05      9.67      6.08
      1.69     11.58      6.08
      7.44     -2.77      1.30
      8.39    -14.26     -3.49
      2.65     -8.51     -6.36
     -5.96      3.93     -0.62
     -8.83     -0.86      1.30
     -2.13     -8.51     -2.53
      0.74      3.93      2.25
     -1.18     10.63      8.95
     -0.22      3.93      6.08
     -1.18      3.93     -4.45
     -3.09      5.84    -11.14
      3.61     -0.86     -0.62
      8.39     -6.60      7.04
      6.48      2.97      0.34
     -0.22      8.71     -6.36
     -5.96     -6.60     -8.27
     -6.92    -18.08     -1.57
     -0.22     -8.51     10.87
      5.52      0.10     10.87
      1.69      0.10     -1.57
     -5.01      4.89     -3.49
     -5.96      2.97      0.34
     -1.18      4.89      0.34
      1.69      7.76      0.34
     -1.18      1.06      1.30
     -1.18     -2.77      0.34
      2.65      2.01     -4.45
      3.61      6.80     -9.23
      1.69      3.93     -2.53
      0.74     -4.69      6.08
      1.69     -7.56      4.17
      2.65     -3.73     -3.49
      0.74     -0.86     -3.49
     -5.01      1.06      5.13
     -5.01      2.01      8.00
     -1.18      0.10      2.25
      2.65     -4.69     -5.40
      1.69     -1.81     -1.57
      2.65      1.06      0.34
      3.61     -2.77     -2.53
     -2.13      2.01     -2.53
     -4.05      4.89     -4.45
     -0.22      0.10     -6.36
     -2.13     -2.77      1.30
     -3.09     -2.77      6.08
     -1.18     -0.86      3.21
     -0.22      8.71      2.25
      0.74      3.93      7.04
      0.74     -6.60      6.08
     -0.22     -8.51     -1.57
     -2.13     -2.77    -12.10
     -2.13      2.01    -10.19
      0.74      2.01      2.25
      5.52      0.10      6.08
      5.52     -2.77      2.25
      2.65     -0.86     -7.32
     -0.22      4.89     -8.27
     -1.18      4.89     -0.62
      0.74      6.80      6.08
     -0.22     10.63      7.04
     -0.22      2.97      2.25
      0.74    -11.38     -2.53
     -0.22    -12.34      2.25
     -2.13     -5.64      5.13
     -2.13     -2.77      2.25
     -2.13     -0.86     -6.36
     -4.05      0.10     -8.27
     -2.13      2.01     -0.62
      6.48      4.89      0.34
      5.52      7.76     -1.57
      0.74      6.80      0.34
     -2.13      0.10     -0.62
     -1.18     -2.77      1.30
     -0.22     -4.69      3.21
      0.74     -8.51     -1.57
     -0.22     -4.69      2.25
     -0.22      1.06      7.04
      1.69     -0.86      2.25
      3.61     -3.73     -0.62
      5.52     -5.64     -1.57
      1.69      2.01     -4.45
     -3.09     11.58     -0.62
     -5.01     10.63      2.25
     -7.88      7.76      0.34
     -2.13      0.10      0.34
      1.69     -8.51     -1.57
      2.65     -2.77     -7.32
      4.57      2.01     -4.45
      3.61     -6.60      1.30
      1.69    -10.43      3.21
     -2.13     -0.86      4.17
     -5.96      8.71      8.00
     -5.01      4.89      6.08
     -0.22     -1.81      0.34
     -1.18     -2.77     -2.53
     -0.22     -4.69     -3.49
      3.61      0.10     -4.45
      3.61      9.67     -1.57
      2.65      4.89      1.30
      0.74     -5.64     -2.53
     -1.18     -4.69     -5.40
     -1.18     -2.77     -2.53
     -2.13     -0.86      0.34
     -2.13      3.93      3.21
      1.69      3.93      4.17
      3.61     -1.81      2.25
      1.69     -1.81     -4.45
     -1.18      2.97     -4.45
     -0.22      4.89      4.17
     -0.22      2.97      7.04
      0.74     -0.86      1.30
     -0.22      2.01     -1.57
     -2.13      1.06      1.30
     -0.22     -4.69      1.30
      1.69     -5.64     -1.57
      1.69     -3.73     -5.40
      0.74     -0.86     -1.57
     -1.18      1.06      3.21
     -2.13      2.01      1.30
     -4.05      1.06     -2.53
     -3.09     -3.73     -0.62
     -1.18     -2.77      2.25
      0.74      3.93      3.21
      1.69      2.97      3.21
      2.65     -2.77      3.21
      0.74     -0.86      0.34
      1.69     -0.86     -2.53
     -0.22     -4.69     -5.40
     -2.13     -1.81     -8.27
     -2.13      5.84     -1.57
     -2.13      2.97      1.30
      0.74     -1.81     -3.49
      1.69     -0.86     -3.49
     -2.13      1.06      3.21
     -2.13      1.06      7.04
      0.74      2.01      5.13
      1.69      2.97      1.30
      3.61     -1.81     -2.53
      3.61     -7.56     -3.49
      1.69     -3.73      0.34
     -1.18      2.01      5.13
     -2.13      2.97      4.17
     -2.13      2.97     -4.45
     -0.22      1.06     -7.32
      0.74     -4.69     -5.40
      2.65     -4.69     -0.62
      1.69      2.01      1.30
     -0.22      3.93      0.34
     -2.13      0.10      2.25
     -2.13      0.10      3.21
     -1.18      1.06     -0.62
     -1.18      0.10     -0.62
      0.74     -3.73     -0.62
      1.69     -0.86      0.34
      0.74      4.89      5.13
     -0.22      1.06      4.17
     -0.22     -0.86     -3.49
     -3.09      3.93     -3.49
     -4.05      2.01      0.34
      0.74     -0.86     -1.57
      4.57     -0.86     -3.49
      2.65     -0.86      0.34
     -1.18      0.10      3.21
     -1.18      0.10      0.34
     -2.13      0.10     -0.62
     -3.09     -0.86      4.17
      0.74      0.10      3.21
      3.61      1.06     -1.57
      1.69      0.10     -2.53
      1.69     -1.81     -2.53
      0.74     -0.86     -1.57
     -1.18      2.97     -1.57
     -1.18      1.06     -1.57
     -0.22     -4.69     -1.57
     -0.22     -0.86      3.21
      0.74      2.97      2.25
     -1.18      0.10     -3.49
     -2.13     -3.73     -3.49
      1.69     -2.77      1.30
      3.61     -2.77      2.25
      1.69     -2.77      1.30
     -1.18      2.01      1.30
     -2.13      2.97      1.30
     -1.18      0.10      0.34
      1.69      0.10     -0.62
      1.69      2.01      0.34
      2.65      2.01      1.30
     -0.22      1.06      2.25
     -2.13      0.10     -0.62
     -2.13      0.10     -2.53
     -3.09      0.10     -1.57
     -1.18      0.10      0.34
      1.69     -0.86      0.34
      1.69      2.01      2.25
      2.65      1.06      3.21
      2.65     -4.69      0.34
     -0.22     -2.77     -3.49
     -2.13      2.97     -2.53
     -1.18      4.89      0.34
      1.69      2.01     -1.57
      2.65     -1.81     -3.49
      0.74     -2.77     -0.62
     -1.18     -2.77      1.30
     -1.18     -0.86      0.34
     -1.18      2.01      1.30
     -1.18      2.01      4.17
     -0.22      2.97      2.25
      1.69      2.01     -0.62
      1.69     -4.69     -3.49
     -0.22     -4.69     -2.53
     -0.22      0.10      3.21
     -0.22      0.10      4.17
     -1.18     -0.86      1.30
     -2.13      0.10     -0.62
     -0.22      0.10     -2.53
      1.69     -1.81     -3.49
      1.69      2.01     -0.62
      1.69      2.97      1.30
     -1.18      1.06      2.25
     -3.09      1.06      3.21
     -3.09      1.06      1.30
     -0.22     -3.73     -3.49
     -0.22     -4.69     -0.62
      1.69     -0.86      2.25
      3.61      2.97      0.34
      2.65      2.97     -0.62
      0.74      0.10     -1.57
     -1.18     -2.77     -3.49
     -2.13     -2.77     -4.45
     -2.13     -0.86     -1.57
     -2.13      1.06      3.21
     -0.22      1.06      4.17
      1.69      0.10      3.21
      0.74      0.10      1.30
     -0.22      2.97     -1.57
     -1.18      2.97     -3.49
     -1.18     -0.86     -2.53
     -1.18     -3.73      0.34
     -1.18      1.06      2.25
     -1.18      0.10      0.34
      0.74     -0.86     -1.57
     -0.22      1.06     -1.57
      0.74     -0.86     -1.57
      0.74     -2.77      0.34
     -1.18      0.10      1.30
     -3.09      2.97      2.25
     -1.18      1.06      4.17
      1.69     -2.77      2.25
      2.65     -2.77      0.34
      1.69      2.01      2.25
     -0.22      1.06      0.34
     -0.22      0.10     -4.45
     -0.22      0.10     -1.57
      0.74     -0.86     -0.62
      0.74      0.10     -2.53
     -0.22      2.01     -1.57
     -1.18      0.10      2.25
      0.74      1.06      4.17
      1.69      1.06      2.25
      1.69     -3.73     -3.49
      0.74     -4.69     -5.40
     -1.18      0.10     -0.62
     -0.22      3.93      5.13
     -0.22      5.84      4.17
     -0.22      2.01      0.34
     -0.22     -2.77     -1.57
     -1.18     -4.69     -1.57
      0.74     -2.77      0.34
      1.69      1.06      0.34
     -0.22      2.01      0.34
     -2.13      2.01      2.25
     -0.22      0.10      3.21
      2.65     -1.81     -1.57
      2.65     -1.81     -5.40
      0.74     -0.86     -2.53
     -0.22      1.06      0.34
     -2.13      2.97      1.30
     -1.18      2.97      0.34
     -0.22      0.10     -1.57
     -0.22     -0.86     -2.53
     -0.22      0.10     -0.62
      1.69      0.10      1.30
      0.74     -1.81      2.25
     -0.22     -2.77      2.25
     -0.22     -3.73      0.34
     -0.22     -1.81     -0.62
     -1.18     -1.81      0.34
     -2.13     -0.86      1.30
     -2.13      1.06      1.30
     -0.22      2.97     -0.62
     -0.22      1.06     -3.49
     -0.22     -0.86     -3.49
     -0.22      0.10     -0.62
      2.65     -2.77     -2.53
      1.69     -1.81     -3.49
     -0.22      2.01      2.25
     -2.13      0.10      5.13
     -1.18      0.10      0.34
     -1.18      1.06     -0.62
     -1.18     -0.86      0.34
      1.69     -0.86      2.25
      2.65      1.06      0.34
      1.69      2.01     -1.57
     -0.22      0.10     -1.57
     -0.22     -0.86     -1.57
     -1.18     -0.86     -1.57
     -2.13     -0.86     -2.53
     -1.18      1.06     -0.62
      0.74      3.93      2.25
      1.69      2.01      3.21
      2.65     -2.77      2.25
      0.74     -3.73      0.34
     -1.18      0.10     -0.62
     -0.22      1.06     -1.57
      0.74     -0.86     -1.57
     -0.22      1.06      0.34
     -1.18      1.06      3.21
     -0.22     -0.86      3.21
      0.74      0.10      0.34
     -1.18      2.01      0.34
     -1.18      1.06      2.25
      0.74     -1.81      1.30
      0.74     -1.81     -1.57
     -1.18      1.06     -1.57
     -0.22      1.06      0.34
      0.74      0.10     -0.62
      0.74      1.06     -1.57
     -0.22     -0.86     -0.62
     -0.22     -1.81      0.34
      0.74      2.01     -0.62
      0.74      3.93     -0.62
     -1.18      0.10      1.30
     -0.22     -1.81      1.30
      1.69     -0.86     -0.62
      0.74     -0.86     -1.57
     -0.22     -2.77      1.30
     -1.18      1.06      3.21
     -1.18      2.97      2.25
      0.74      0.10      0.34
      0.74     -1.81      0.34
      0.74      0.10      0.34
     -0.22      0.10     -0.62
     -0.22      0.10     -0.62
     -0.22      0.10     -1.57
      0.74      0.10     -2.53
     -1.18     -1.81     -2.53
     -1.18     -1.81     -2.53
     -1.18      0.10      1.30
     -0.22      1.06      4.17
      1.69      0.10      2.25
     -0.22     -0.86     -0.62
     -1.18     -0.86      1.30
     -0.22     -0.86      2.25
     -0.22      2.01      0.34
     -0.22      2.01     -1.57
     -0.22     -0.86     -0.62
     -0.22     -2.77     -0.62
     -0.22     -0.86     -1.57
      0.74      0.10     -2.53
     -1.18     -0.86     -1.57
     -1.18     -1.81     -1.57
     -0.22      0.10     -1.57
     -0.22      2.01     -1.57
     -0.22      1.06     -0.62
     -0.22     -0.86      2.25
     -0.22     -1.81      1.30
     -0.22     -0.86      0.34
      0.74      0.10      0.34
      1.69      0.10      2.25
      0.74     -0.86      1.30
     -2.13      0.10      0.34
     -2.13      1.06     -0.62
     -0.22      1.06     -0.62
     -0.22      1.06      0.34
     -0.22      0.10      2.25
      0.74     -0.86      0.34
      0.74      0.10     -1.57
     -1.18      1.06      0.34
     -0.22     -1.81      1.30
      1.69     -2.77     -1.57
      0.74     -0.86     -1.57
     -2.13      0.10      1.30
     -1.18     -0.86      4.17
      0.74     -0.86      1.30
      1.69     -0.86     -1.57
      0.74      1.06     -2.53
     -1.18      2.01      0.34
     -1.18      2.97      0.34
     -0.22      1.06     -0.62
      0.74     -1.81     -1.57
      0.74     -2.77     -2.53
     -1.18      0.10     -0.62
     -0.22      2.01     -0.62
     -0.22      1.06     -0.62
     -0.22      1.06     -0.62
      0.74      1.06     -0.62
      1.69      0.10      3.21
      0.74     -0.86      3.21
      0.74     -1.81      1.30
      0.74     -1.81     -1.57
     -0.22     -0.86     -3.49
     -0.22      1.06     -1.57
      1.69      2.01     -0.62
      0.74      2.01     -0.62
     -0.22      0.10      1.30
      0.74     -1.81      3.21
      0.74      0.10      3.21
     -0.22      2.01      2.25
      1.69      0.10     -0.62
      1.69     -0.86     -3.49
     -0.22      1.06     -0.62
     -1.18      0.10      2.25
     -0.22     -2.77     -1.57
     -1.18     -1.81     -2.53
     -2.13      1.06     -0.62
     -0.22      0.10      0.34
      0.74     -0.86      0.34
      0.74      0.10     -0.62
      0.74      3.93      0.34
     -0.22      2.01      2.25
     -0.22     -1.81      2.25
     -0.22     -2.77      0.34
     -1.18     -1.81     -0.62
     -1.18     -1.81      0.34
     -0.22     -0.86      0.34
     -0.22      0.10     -0.62
     -0.22     -0.86     -0.62
     -0.22      1.06     -0.62
     -0.22      1.06     -0.62
      0.74     -0.86     -0.62
      1.69     -0.86      0.34
     -0.22      1.06      1.30
     -0.22      1.06      2.25
     -0.22      0.10      0.34
     -1.18     -0.86     -3.49
     -0.22     -1.81     -2.53
      0.74     -0.86      0.34
      0.74      0.10      1.30
      0.74      2.01      2.25
     -0.22      0.10      0.34
      0.74      0.10     -2.53
     -0.22      0.10     -0.62
      0.74     -0.86     -0.62
      1.69     -0.86     -0.62
      0.74      1.06      0.34
     -1.18      0.10      2.25
     -1.18     -0.86      2.25
     -1.18      2.01     -1.57
     -1.18      1.06     -1.57
     -0.22     -0.86      0.34
      0.74      0.10      2.25
      1.69      0.10      1.30
      0.74     -0.86     -0.62
     -1.18     -0.86     -0.62
     -0.22      0.10     -1.57
     -0.22     -0.86     -1.57
      0.74     -1.81     -0.62
      0.74      0.10     -0.62
     -0.22      3.93      0.34
     -0.22      2.01      0.34
      0.74      0.10     -1.57
      0.74      0.10      0.34
     -0.22      0.10      0.34
     -0.22      0.10      0.34
      0.74     -0.86      0.34
     -0.22     -2.77      0.34
     -1.18      0.10     -0.62
     -1.18      1.06     -0.62
     -0.22     -1.81     -0.62
     -0.22     -1.81     -0.62
     -0.22      1.06     -0.62
     -0.22      2.01     -0.62
      0.74      0.10      0.34
      0.74     -0.86      1.30
      0.74     -0.86      0.34
     -1.18      0.10     -0.62
     -1.18     -0.86     -0.62
     -1.18     -0.86     -1.57
      0.74     -0.86     -0.62
      0.74      1.06      2.25
     -0.22      1.06      2.25
     -0.22     -1.81     -0.62
     -1.18     -0.86     -1.57
     -1.18      1.06      0.34
     -0.22      2.01      0.34
      1.69      1.06     -2.53
      1.69     -0.86     -2.53
     -1.18      0.10     -0.62
     -1.18      2.01      1.30
     -0.22      1.06      0.34
     -0.22      0.10     -0.62
     -0.22     -0.86      0.34
      1.69     -2.77      2.25
      1.69     -1.81      1.30
     -0.22      0.10      0.34
     -1.18      0.10      1.30
     -1.18      0.10      0.34
     -0.22      0.10     -1.57
     -1.18      1.06     -1.57
     -0.22      0.10     -0.62
      0.74      1.06     -0.62
     -0.22      1.06     -0.62
     -0.22     -0.86      0.34
      0.74     -1.81     -0.62
      0.74     -0.86     -0.62
     -0.22      0.10      0.34
     -0.22     -0.86      2.25
     -0.22     -0.86      1.30
     -0.22      0.10     -0.62
      0.74      0.10     -1.57
      0.74      0.10      1.30
      0.74      2.01      2.25
      0.74      1.06      0.34
     -0.22      0.10     -1.57
     -1.18     -0.86     -1.57
     -1.18      0.10     -0.62
     -1.18     -0.86      0.34
      0.74     -0.86     -0.62
      1.69      0.10      0.34
      0.74      1.06      0.34
     -0.22      0.10     -0.62
     -0.22     -2.77     -0.62
     -0.22     -2.77      2.25
     -0.22      0.10      2.25
     -0.22      2.01     -0.62
     -0.22      1.06     -2.53
     -2.13      1.06     -2.53
     -0.22     -0.86     -1.57
      0.74      0.10     -1.57
     -1.18      1.06      1.30
     -1.18     -0.86      2.25
     -0.22     -1.81      2.25
     -0.22      1.06      0.34
     -0.22      1.06     -0.62
      0.74     -0.86      1.30
     -0.22     -1.81      0.34
     -1.18      0.10     -1.57
      0.74      0.10     -0.62
     -0.22     -0.86      0.34
     -0.22      0.10      0.34
     -0.22      2.97     -0.62
     -1.18      1.06     -1.57
     -1.18     -1.81     -0.62
      0.74      0.10     -0.62
      0.74      0.10     -0.62
     -1.18     -0.86      0.34
     -0.22      0.10      1.30
      1.69     -0.86      2.25
      1.69      0.10      2.25
      1.69      0.10      0.34
     -0.22      1.06     -0.62
     -2.13      2.01      0.34
     -0.22      1.06      0.34
      0.74     -0.86     -0.62
      0.74     -0.86     -0.62
      1.69     -0.86     -0.62
      1.69     -0.86     -1.57
     -0.22      0.10     -0.62
     -1.18      1.06     -0.62
     -1.18     -0.86      2.25
     -1.18      1.06      2.25
     -0.22      1.06      1.30
      1.69     -0.86      0.34
      0.74     -0.86     -0.62
      0.74     -0.86     -0.62
     -0.22      0.10     -0.62
     -1.18      1.06     -0.62
     -1.18      1.06      0.34
     -0.22      0.10      1.30
      0.74     -0.86      0.34
      0.74     -1.81     -1.57
      0.74     -0.86     -1.57
     -0.22      1.06      0.34
     -0.22      1.06      1.30
     -0.22      0.10      1.30
     -0.22     -1.81      0.34
     -1.18     -1.81      0.34
     -0.22     -0.86      0.34
      0.74      0.10      0.34
      1.69      2.01      0.34
      1.69      2.01     -0.62
     -0.22      0.10     -2.53
     -1.18      0.10     -1.57
     -1.18      0.10      1.30
     -1.18      0.10      2.25
      0.74     -0.86      1.30
      0.74     -0.86      1.30
     -0.22     -0.86     -0.62
     -0.22     -0.86     -2.53
      0.74     -0.86     -1.57
      0.74      0.10      0.34
     -0.22      2.01      1.30
     -0.22      1.06      0.34
     -1.18     -0.86     -0.62
     -1.18     -0.86     -1.57
     -1.18      1.06     -1.57
     -0.22      2.01     -0.62
     -0.22      1.06      0.34
      0.74      0.10      0.34
      0.74     -0.86     -0.62
     -0.22     -1.81      0.34
     -2.13     -0.86      1.30
     -1.18      0.10      2.25
     -0.22      0.10      2.25
      0.74      1.06      0.34
      1.69      1.06     -0.62
      0.74      0.10     -1.57
     -0.22      0.10     -1.57
     -1.18      2.01     -0.62
     -1.18      2.01      0.34
     -0.22      0.10      0.34
      0.74     -1.81     -0.62
     -0.22     -0.86      0.34
      0.74      0.10      1.30
      0.74      0.10      1.30
      0.74      0.10      0.34
     -0.22     -0.86     -0.62
     -0.22     -1.81      0.34
     -1.18     -0.86     -0.62
     -1.18      1.06     -0.62
     -0.22      1.06      0.34
      0.74      0.10     -0.62
      0.74     -0.86     -0.62
      0.74     -0.86      0.34
     -0.22     -0.86      0.34
     -0.22      1.06     -0.62
     -0.22      0.10      0.34
     -0.22     -0.86      0.34
     -0.22      1.06      0.34
      0.74      1.06     -0.62
     -0.22     -0.86     -0.62
      0.74     -0.86      0.34
     -0.22      0.10     -0.62
     -1.18      0.10     -1.57
     -1.18      1.06     -0.62
     -0.22      0.10      1.30
      0.74      0.10      1.30
      1.69      0.10      0.34
      0.74      0.10     -0.62
     -0.22     -0.86      0.34
     -0.22      0.10      1.30
     -0.22      0.10      0.34
      0.74      0.10      0.34
      0.74      0.10      0.34
      0.74      0.10     -0.62
      0.74     -0.86     -0.62
     -0.22     -1.81     -0.62
     -1.18     -0.86     -0.62
     -0.22      0.10     -1.57
      0.74      0.10      0.34
     -0.22      0.10      1.30
     -0.22      0.10      1.30
     -0.22      1.06      0.34
     -0.22      0.10      0.34
     -0.22      0.10     -0.62
      0.74     -0.86     -0.62
      0.74     -1.81     -1.57
     -0.22     -0.86     -2.53
     -0.22      0.10      0.34
     -1.18      0.10      1.30
     -1.18      0.10      1.30
     -0.22      0.10     -0.62
     -0.22      0.10     -1.57
     -0.22      1.06     -0.62
     -0.22      1.06      0.34
     -0.22      1.06      0.34
     -0.22     -1.81      0.34
     -0.22     -0.86      0.34
     -0.22      1.06     -0.62
     -0.22      1.06     -0.62
      0.74      1.06     -1.57
     -0.22      1.06     -0.62
     -0.22      0.10      0.34
      0.74     -0.86      0.34
     -0.22     -0.86      1.30
     -0.22      0.10      1.30
      0.74      1.06      2.25
      0.74      1.06      0.34
      0.74      0.10     -0.62
      0.74     -0.86     -0.62
      0.74     -1.81     -1.57
     -1.18      0.10     -0.62
     -1.18      0.10      0.34
     -0.22      0.10      1.30
      0.74      1.06      2.25
      0.74      1.06      0.34
     -0.22      0.10     -0.62
     -0.22     -0.86     -0.62
     -0.22      0.10      0.34
      0.74      1.06      1.30
      0.74      0.10      1.30
     -0.22     -1.81      0.34
     -0.22     -2.77     -0.62
     -0.22     -0.86     -0.62
     -0.22      0.10     -0.62
     -0.22      0.10      0.34
     -0.22      0.10     -0.62
     -0.22      1.06     -0.62
     -1.18      1.06      0.34
     -0.22     -0.86      1.30
     -0.22      0.10     -0.62
     -0.22      0.10      0.34
     -0.22     -1.81      1.30
     -0.22      0.10      0.34
      0.74      0.10     -1.57
     -0.22      0.10     -1.57
     -0.22      0.10      0.34
      0.74     -0.86      0.34
     -0.22      0.10      0.34
     -0.22      0.10     -0.62
     -0.22      0.10     -0.62
     -0.22     -0.86     -0.62
     -0.22      0.10     -0.62
     -0.22      0.10      0.34
     -0.22      0.10      1.30
     -0.22     -0.86      0.34
     -0.22      0.10     -0.62
     -0.22      0.10     -1.57
      0.74      0.10     -0.62
      0.74      1.06      0.34
      0.74     -0.86      1.30
     -0.22     -0.86      1.30
     -0.22      0.10      0.34
     -0.22      0.10     -0.62
     -0.22      0.10     -1.57
     -0.22      0.10     -0.62
     -0.22      0.10     -0.62
     -0.22      0.10      0.34
     -0.22     -0.86     -0.62
     -0.22      0.10     -0.62
     -0.22      1.06      0.34
      0.74      0.10      1.30
      0.74     -0.86      0.34
     -0.22      0.10     -0.62
     -1.18      1.06     -0.62
     -0.22      0.10     -0.62
      0.74      0.10      0.34
     -0.22     -0.86      1.30
     -0.22     -0.86      0.34
     -0.22      0.10      1.30
     -1.18      0.10      1.30
     -0.22     -0.86     -0.62
      0.74     -0.86     -0.62
      0.74      0.10     -0.62
      0.74      0.10     -0.62
     -0.22      0.10     -0.62
     -1.18     -0.86     -0.62
     -1.18      0.10     -0.62
     -0.22      0.10      0.34
     -0.22      0.10      0.34
      0.74      0.10      0.34
      0.74      0.10      0.34
     -0.22     -0.86      0.34
     -0.22      0.10      0.34
     -0.22      0.10     -0.62
     -0.22     -0.86     -0.62
     -0.22      1.06      0.34
     -0.22      1.06      0.34
      0.74      0.10      1.30
     -0.22     -0.86     -0.62
     -1.18      0.10     -0.62
     -1.18      0.10     -0.62
     -0.22      0.10      0.34
     -0.22      0.10      0.34
     -0.22      1.06      0.34
     -0.22     -0.86     -0.62
     -0.22     -0.86     -0.62
      0.74     -0.86      0.34
      0.74      0.10     -0.62
     -0.22      0.10     -0.62
     -0.22      0.10     -0.62
     -0.22      0.10      0.34
     -1.18      0.10      0.34
     -0.22      0.10     -0.62
     -0.22      0.10      0.34
     -0.22      0.10      0.34
     -1.18      1.06      0.34
      0.74      1.06      0.34
      0.74     -0.86      0.34
     -0.22     -0.86      0.34
     -0.22      0.10     -0.62
     -0.22      1.06     -0.62
     -0.22      0.10      0.34
     -0.22     -0.86      0.34
      0.74     -0.86      0.34
      0.74      1.06     -0.62
      0.74      0.10     -0.62
      0.74      0.10     -0.62
     -0.22      0.10      0.34
     -0.22     -0.86      0.34
     -0.22     -1.81      0.34
     -1.18     -0.86      1.30
     -1.18      0.10      0.34
     -0.22      0.10     -0.62
     -0.22      1.06     -0.62
     -0.22      0.10      0.34
     -0.22      1.06      0.34
     -0.22      0.10     -0.62
     -1.18      1.06     -0.62
     -0.22      0.10      0.34
      0.74     -0.86      1.30
      0.74     -0.86      0.34
     -0.22     -0.86     -0.62
     -0.22     -0.86      0.34
     -0.22     -0.86      0.34
     -1.18      0.10      0.34
     -0.22      0.10     -0.62
     -0.22      0.10      0.34
     -0.22      1.06      0.34
     -0.22      1.06      0.34
     -0.22     -0.86     -0.62
      0.74     -0.86     -1.57
     -0.22     -0.86     -1.57
     -0.22      0.10      0.34
     -0.22     -0.86      0.34
      0.74     -0.86      0.34
     -0.22      0.10      0.34
     -1.18      1.06      0.34
     -0.22      0.10      0.34
     -0.22      0.10     -0.62
     -0.22      0.10      0.34
     -0.22      1.06      1.30
      0.74      1.06      1.30
      0.74      0.10      0.34
     -0.22     -0.86      0.34
     -0.22     -1.81     -0.62
     -0.22     -0.86     -0.62
     -1.18     -0.86     -0.62
     -0.22      1.06     -0.62
     -0.22      1.06      0.34
      0.74      0.10     -0.62
      0.74     -0.86     -0.62
      0.74      0.10     -0.62
     -0.22      0.10      1.30
     -0.22     -0.86      0.34
     -0.22      0.10      0.34
     -0.22      1.06     -0.62
     -0.22      0.10      0.34
     -0.22     -0.86      0.34
     -0.22      0.10      0.34
     -0.22     -0.86      0.34
     -0.22      0.10     -0.62
     -0.22      0.10      0.34
     -0.22      0.10      0.34
      0.74      0.10     -0.62
      0.74     -0.86     -1.57
     -0.22      0.10     -1.57
     -0.22      0.10     -0.62
     -0.22      0.10      0.34
     -0.22      0.10      0.34
     -0.22     -0.86     -0.62
     -0.22      0.10     -0.62
     -0.22      1.06      0.34
      0.74      1.06     -0.62
      0.74      1.06     -1.57
      0.74      0.10     -0.62
     -0.22     -0.86      0.34
     -0.22     -0.86     -0.62
     -0.22     -0.86     -0.62
     -0.22     -0.86      0.34
     -0.22     -0.86      0.34
      0.74      0.10     -0.62
      0.74      0.10     -0.62
      0.74      0.10      0.34
     -0.22      1.06      0.34
     -0.22      1.06      0.34
     -0.22      0.10      0.34
     -0.22      0.10      0.34
     -0.22      0.10     -0.62
     -0.22     -0.86     -0.62
      0.74     -0.86      0.34
     -0.22      0.10      0.34
     -0.22      0.10      0.34
     -0.22     -0.86     -0.62
     -0.22     -0.86      0.34
     -0.22     -0.86      0.34
     -0.22      1.06      0.34
     -0.22      2.01      0.34
     -0.22      1.06     -0.62
     -0.22      0.10     -0.62
     -0.22     -0.86     -0.62
     -0.22      0.10      0.34
      0.74      1.06      0.34
     -0.22     -0.86      1.30
     -0.22     -1.81      0.34
     -0.22     -0.86     -0.62
     -0.22      0.10     -0.62
     -0.22      0.10      0.34
     -1.18      1.06      0.34
     -0.22      2.01      0.34
      0.74      0.10      0.34
     -0.22     -0.86     -0.62
      0.74     -0.86     -1.57
     -0.22     -0.86     -1.57
     -1.18     -0.86     -0.62
     -0.22      1.06      0.34
      0.74      1.06      0.34
      0.74      0.10      0.34
     -0.22      0.10      0.34
     -0.22     -0.86      0.34
      0.74     -0.86      0.34
      0.74     -0.86      0.34
     -0.22      0.10     -0.62
     -0.22      0.10     -0.62
     -0.22      1.06      0.34
      0.74      0.10      0.34
      0.74      0.10      0.34
     -0.22     -0.86      0.34
     -1.18      0.10     -0.62
     -0.22     -0.86      0.34
     -0.22      0.10      0.34
     -0.22      1.06      0.34
     -0.22      0.10     -0.62
     -0.22     -0.86     -0.62
     -0.22      0.10     -0.62
     -0.22      0.10     -0.62
      0.74      0.10      0.34
     -0.22      0.10      0.34
      0.74     -0.86      0.34
      0.74      0.10      0.34
     -0.22      0.10      0.34
     -0.22      0.10     -0.62
     -0.22      0.10     -0.62
     -0.22      0.10     -0.62
     -0.22      0.10     -0.62
      0.74     -0.86     -0.62
     -0.22      0.10      0.34
     -1.18      2.01      0.34
     -0.22      1.06      0.34
     -1.18      0.10     -0.62
     -1.18     -0.86      0.34
      0.74      0.10      1.30
      0.74      0.10      0.34
     -0.22     -0.86     -0.62
     -1.18     -0.86      1.30
     -1.18     -0.86      1.30
     -1.18      0.10      0.34
      0.74      0.10     -0.62
     -0.22      0.10     -0.62
     -0.22      0.10      0.34
      0.74      0.10      0.34
     -0.22      0.10     -0.62
     -0.22      0.10     -0.62
     -0.22     -0.86      0.34
     -0.22      0.10      0.34
     -0.22      0.10     -0.62
      0.74      0.10      0.34
      0.74      0.10      1.30
      0.74     -0.86     -0.62
     -0.22     -0.86     -0.62
     -0.22     -0.86      0.34
     -0.22      0.10      0.34
      0.74      0.10     -0.62
     -0.22      0.10      0.34
     -0.22     -0.86      0.34
     -0.22      0.10      0.34
     -0.22      0.10     -0.62
     -0.22     -0.86      0.34
     -0.22      0.10      0.34
     -0.22      0.10      1.30
     -0.22      0.10      1.30
     -0.22      0.10      0.34
      0.74     -0.86     -0.62
      0.74     -0.86     -1.57
     -0.22      0.10     -0.62
     -0.22      0.10     -0.62
     -0.22      0.10      0.34
     -0.22      0.10      0.34
     -0.22      0.10      0.34
     -0.22      0.10      1.30
      0.74     -0.86      0.34
      0.74     -0.86      0.34
      0.74      0.10      0.34
     -0.22      0.10      0.34
     -0.22      0.10      0.34
     -0.22      0.10      0.34
     -0.22      0.10     -1.57
     -0.22     -0.86     -2.53
      0.74     -0.86     -1.57
     -0.22      0.10     -0.62
     -0.22      0.10     -0.62
     -0.22      1.06     -0.62
     -1.18      1.06      0.34
     -0.22      0.10      0.34
     -0.22      0.10      1.30
      0.74      0.10      1.30
      0.74      0.10      1.30
     -0.22     -0.86      0.34
     -0.22     -1.81     -0.62
     -0.22     -0.86     -0.62
     -0.22     -0.86     -0.62
     -0.22      0.10     -1.57
     -0.22      0.10     -0.62
      0.74      0.10     -0.62
     -0.22      1.06      0.34
     -0.22      1.06      0.34
     -1.18     -0.86      0.34
     -0.22     -0.86      0.34
     -0.22      0.10      1.30
      0.74      1.06      1.30
      0.74      0.10      0.34
      0.74     -0.86     -0.62
     -0.22     -0.86     -0.62
     -1.18     -0.86     -0.62
     -0.22      0.10      0.34
     -0.22      1.06      0.34
     -1.18      0.10      0.34
      0.74      0.10      0.34
      0.74      0.10     -0.62
     -0.22      0.10     -0.62
     -0.22      0.10     -0.62
     -0.22      0.10     -0.62
     -0.22      1.06      0.34
     -0.22      1.06      1.30
      0.74      0.10      0.34
     -0.22      0.10      0.34
     -0.22      0.10     -0.62
      0.74     -0.86      0.34
      0.74     -1.81      0.34
     -0.22     -0.86     -0.62
     -0.22      0.10     -1.57
     -1.18      1.06     -0.62
     -0.22      1.06      0.34
      0.74      0.10      0.34
     -0.22     -0.86     -0.62
     -0.22     -0.86     -0.62
     -0.22      0.10     -0.62
     -0.22      0.10      0.34
     -0.22     -0.86      1.30
      0.74     -0.86      1.30
      0.74     -0.86      0.34
     -0.22     -1.81      0.34
     -0.22     -1.81      0.34
     -0.22      0.10     -0.62
     -0.22      1.06     -0.62
     -0.22      1.06     -0.62
     -0.22      2.01      0.34
     -0.22      0.10      0.34
      0.74     -0.86     -0.62
     -0.22     -0.86     -0.62
     -0.22      0.10      0.34
     -0.22      1.06      1.30
     -0.22      0.10      0.34
     -0.22      0.10     -0.62
     -0.22      0.10      0.34
      0.74     -0.86      0.34
     -0.22     -0.86      0.34
     -0.22      0.10      0.34
     -0.22      1.06      0.34
     -0.22      0.10      0.34
      0.74     -0.86      0.34
     -0.22     -0.86     -0.62
     -0.22      0.10     -0.62
     -0.22      0.10     -0.62
     -0.22      0.10      0.34
      0.74      0.10      1.30
      0.74      0.10      1.30
      0.74      1.06     -0.62
     -0.22      0.10     -0.62
     -1.18     -0.86     -0.62
     -0.22      0.10      0.34
      0.74      1.06      0.34
      0.74      0.10      0.34
     -0.22     -0.86      0.34
     -1.18      0.10      0.34
     -0.22      1.06     -0.62
     -0.22     -0.86     -1.57
     -0.22      0.10     -0.62
     -0.22      0.10      0.34
      0.74      1.06      1.30
      0.74      0.10      0.34
     -0.22     -1.81     -0.62
     -1.18      0.10     -0.62
     -0.22      0.10      0.34
     -1.18      0.10      0.34
     -0.22     -0.86      0.34
     -0.22     -0.86     -0.62
     -0.22     -0.86      0.34
     -0.22      0.10     -0.62
     -0.22      0.10     -0.62
     -0.22     -0.86     -0.62
     -0.22      0.10      0.34
     -1.18      0.10      0.34
     -0.22      1.06      0.34
      0.74      1.06      0.34
     -0.22      0.10      0.34
     -0.22      0.10      0.34
     -0.22     -0.86      0.34
      0.74      0.10      0.34
     -0.22      0.10      0.34
     -0.22     -0.86      0.34
     -0.22     -0.86     -0.62
     -0.22      1.06      0.34
     -0.22      1.06      0.34
     -0.22      0.10     -0.62
     -0.22      0.10     -0.62
     -0.22      1.06      0.34
      0.74      1.06      0.34
      0.74     -0.86     -0.62
     -0.22     -0.86     -0.62
     -0.22      0.10     -0.62
     -0.22      0.10      0.34
     -0.22     -0.86      0.34
      0.74      0.10      1.30
     -0.22      1.06      1.30
     -0.22      0.10      0.34
     -0.22     -0.86     -0.62
     -0.22     -0.86     -0.62
     -0.22     -0.86     -0.62
     -0.22      1.06     -0.62
     -0.22      1.06     -0.62
     -0.22      0.10      0.34
     -0.22     -0.86      0.34
     -0.22     -0.86      0.34
     -0.22      0.10     -0.62
     -0.22      1.06     -0.62
      0.74     -1.81      0.34
      0.74     -0.86      0.34
     -0.22      0.10     -0.62
     -1.18      0.10      0.34
     -0.22     -0.86      0.34
     -0.22     -0.86     -0.62
     -0.22     -0.86     -0.62
      0.74     -0.86     -0.62
      0.74      0.10      0.34
      0.74      0.10      0.34
     -1.18      1.06      0.34
     -0.22      0.10      0.34
     -0.22      0.10      0.34
      0.74     -0.86      0.34
      0.74      0.10     -0.62
     -0.22     -0.86      0.34
     -0.22      0.10      0.34
     -0.22      0.10      0.34
     -0.22     -0.86     -0.62
     -0.22     -0.86      0.34
     -0.22     -0.86      0.34
     -0.22      1.06      0.34
      0.74      0.10      0.34
     -0.22     -0.86      0.34
     -0.22      0.10      0.34
     -0.22      0.10      0.34
     -0.22      0.10      0.34
     -0.22      1.06      0.34
     -0.22      0.10     -0.62
     -0.22     -0.86     -0.62
     -0.22      0.10      0.34
      0.74      0.10      0.34
     -0.22      0.10      0.34
      0.74      0.10      0.34
     -0.22      0.10      0.34
     -0.22      0.10      0.34
     -1.18     -0.86      0.34
     -1.18      0.10      0.34
     -0.22      0.10      0.34
      0.74      0.10      0.34
      0.74      0.10     -0.62
     -1.18      0.10      0.34
     -0.22      0.10      0.34
     -0.22      0.10      0.34
     -0.22      0.10     -0.62
     -0.22      0.10      0.34
     -0.22      0.10      0.34
      0.74      0.10     -0.62
      0.74      0.10      0.34
      0.74     -0.86      0.34
     -0.22     -0.86     -0.62
     -0.22      0.10     -0.62
     -0.22      0.10      0.34
     -0.22      0.10      0.34
      0.74      0.10      0.34
      0.74     -0.86      0.34
     -0.22      0.10      0.34
     -0.22      0.10      0.34
     -0.22      1.06      0.34
     -0.22      0.10     -0.62
     -0.22      0.10     -0.62
     -0.22     -0.86      0.34
     -0.22     -0.86      0.34
     -0.22      0.10     -0.62
     -0.22      1.06     -0.62
     -0.22     -0.86      0.34
     -0.22     -0.86      0.34
      0.74      0.10      1.30
     -0.22      1.06      0.34
      0.74      0.10      0.34
     -0.22      0.10      0.34
     -0.22      0.10      0.34
     -0.22     -0.86     -0.62
     -1.18      0.10     -0.62
     -0.22      1.06      0.34
      0.74      0.10      0.34
      0.74      0.10     -0.62
      0.74     -0.86     -0.62
     -0.22     -0.86     -0.62
     -0.22     -0.86      0.34
     -0.22      0.10      0.34
     -0.22      0.10      0.34
     -0.22      0.10      0.34
     -0.22      0.10      0.34
     -0.22      0.10     -0.62
     -0.22      0.10      0.34
     -0.22      0.10      0.34
     -0.22      0.10     -0.62
     -0.22      1.06     -0.62
     -0.22      0.10      0.34
     -0.22      0.10      1.30
     -0.22      0.10      0.34
     -0.22      0.10     -0.62
     -0.22     -0.86     -1.57
     -0.22     -0.86     -0.62
     -0.22      0.10      0.34
     -0.22      0.10      0.34
     -0.22      0.10      1.30
     -0.22      0.10      0.34
     -0.22     -0.86      0.34
     -0.22      0.10      0.34
     -0.22      0.10      0.34
      0.74      0.10     -0.62
      0.74      0.10     -0.62
