********************************************************************************
                       INSTITUTO DE INGENIERIA, UNAM
                   Coordinacion de Instrumentacion Sismica
  Ciudad Universitaria, Apartado Postal 70-472, Coyoacan 04510, Mexico, D.F.
 Tel.(52-5)622-3414    Fax.(52-5)616-1514    e-mail: isismica@pumas.iingen.unam.mx
**************************************************************************************
ARCHIVO ESTANDAR DE ACELERACION:
VERSION DEL FORMATO                    : 2.0
NOMBRE DEL ARCHIVO                     : PAPN8602.071
FECHA Y HORA DE CREACION               : Wed Mar 25 14:39:25 1998
REF. CATALOGO ACELEROGRAMAS, SMIS 1995 : REGISTRO No. 708 /PAG. 90


================================================================================
DATOS DE LA ESTACION:
NOMBRE DE LA ESTACION                  : PAPANOA
CLAVE DE LA ESTACION                   : PAPN
LOCALIZACION DE LA ESTACION            : ESCUELA PRIMARIA SOR JUANA INES DE LA CRUZ, PAPANOA,
                                       : GUERRERO. 
                                       : 
                                       : 
                                       : 
COORDENADAS DE LA ESTACION             : 17.328 LAT. N
                                       : 101.04 LONG. W
ALTITUD (msnm)                         : 30
TIPO DE SUELO                          : ROCA
                                       : 
                                       : 
INSTITUCION RESPONSABLE                : INSTITUTO DE INGENIERIA UNAM 
                                       : 

================================================================================
DATOS DEL ACELEROGRAFO: 
MODELO DEL ACELEROGRAFO                : DCA-333
NUMERO DE SERIE DEL ACELEROGRAFO       : 111
NUMERO DE CANALES                      : 3
ORIENTACION C1-C6 (rumbo;orientacion)  : /+V/S90W/S00W
ORIENTACION C7-C12 (rumbo;orientacion) :
VEL. DE MUESTREO, C1-C6 (muestras/s)   : /100/100/100
VEL. DE MUESTREO, C7-C12 (muestras/s)  :
ESC. COMPLETA DE SENSORES, C1-C6, (g)  : /2/2/2
ESC. COMPLETA DE SENSORES, C7-C12, (g) :
FREC. NAT. DE SENSORES, C1-C6, (Hz)    : /29/28/30
FREC. NAT. DE SENSORES, C7-C12, (Hz)   :
AMORTIGUAMIENTO DE SENSORES, C1-C6     : /0.70/0.70/0.70
AMORTIGUAMIENTO DE SENSORES, C7-C12    :
INTERVALO DE MUESTREO, C1-C6, (s)      : /0.01/0.01/0.01
INTERVALO DE MUESTREO, C7-C12, (s)     :
UMBRAL DE DISPARO, C1-C6, (Gal)        : /8/8/8
UMBRAL DE DISPARO, C7-C12, (Gal)       :
MEMORIA DE PREEVENTO (s)               : 4
TIEMPO DE POSEVENTO (s)                : 15


================================================================================
DATOS DEL SISMO:
FECHA DEL SISMO [GMT]                  : 1986/02/07
HORA EPICENTRO (GMT)                   : 21:26:53.4
MAGNITUD(ES)                           : /Mb=4.90/Mc=4.70
COORDENADAS DEL EPICENTRO              : 17.653 LAT. N 
                                       : 101.455 LONG. W
PROFUNDIDAD FOCAL (km)                 : 20 
FUENTES DE LOS DATOS EPICENTRALES      : INSTITUTO DE INGENIERIA UNAM
                                       : 

================================================================================
DATOS DE ESTE REGISTRO:
HORA DE LA PRIMERA MUESTRA (GMT)       : 21:27:22
EXACTITUD DEL TIEMPO (s)               : 0.01  
DURACION DEL REGISTRO (s), C1-C6       : /15.28/15.28/15.28                      
DURACION DEL REGISTRO (s), C7-C12      : 
NUM. TOTAL DE MUESTRAS, C1-C6          : /1528/1528/1528                       
NUM. TOTAL DE MUESTRAS, C7-C12         : 
ACEL. MAX.(Gal), C1-C6                 : /-5.87/8.99/10.35                     
ACEL. MAX., C1-C6, EN LA MUESTRA       : /344/424/346                          
ACEL. MAX.(Gal), C7-C12                : 
ACEL. MAX., C7-C12,EN LA MUESTRA       : 
UNIDADES DE LOS DATOS                  : Gal (cm/s/s)
FACTOR DE DECIMACION                   : 1
FORMATO DATOS (FORTRAN,10 campos/dato) : 3F10.2


================================================================================
CALIDAD DEL ACELEROGRAMA:
REGISTRO DIGITAL COMPLETO CON TIEMPO ABSOLUTO CORRECTO


===============================================================================
COMENTARIOS:














===============================================================================
DATOS DE ACELERACION:
---------+---------+---------+---------+---------+---------+---------+---------+
   CANAL-1   CANAL-2   CANAL-3
        +V      S90W      S00W
---------+---------+---------+---------+---------+---------+---------+---------+
     -0.13      0.38     -0.18
     -0.13      0.38      0.78
      0.83     -0.58     -0.18
      0.83     -0.58     -0.18
     -0.13     -0.58     -0.18
     -0.13     -0.58     -0.18
     -0.13     -0.58     -0.18
     -0.13      0.38     -0.18
     -0.13      0.38     -0.18
     -0.13      0.38     -0.18
     -1.09      0.38      0.78
     -0.13      0.38     -1.14
      0.83     -0.58      0.78
     -0.13     -0.58      0.78
     -1.09     -0.58     -0.18
     -0.13     -0.58     -0.18
     -0.13      0.38     -0.18
     -0.13      0.38     -0.18
     -0.13      0.38      0.78
     -0.13      0.38      0.78
      0.83      0.38     -0.18
      0.83      0.38     -0.18
     -0.13     -0.58     -0.18
     -0.13     -0.58      0.78
     -1.09      0.38     -0.18
     -0.13      0.38     -0.18
     -0.13      0.38      0.78
     -0.13      0.38     -0.18
      0.83      0.38     -0.18
      0.83      0.38     -0.18
      0.83     -1.53      0.78
     -1.09      0.38     -0.18
     -1.09      0.38     -0.18
     -1.09      0.38     -0.18
     -0.13      0.38     -0.18
      0.83     -0.58     -0.18
      0.83     -0.58     -0.18
      0.83     -0.58     -1.14
     -0.13     -0.58     -0.18
     -0.13      0.38      0.78
     -0.13      0.38      0.78
     -0.13      0.38      0.78
     -0.13      0.38     -0.18
     -0.13      0.38     -1.14
     -0.13     -0.58     -0.18
     -0.13     -0.58     -0.18
     -0.13     -0.58     -0.18
      0.83     -0.58     -0.18
      0.83      0.38     -0.18
     -0.13      0.38      0.78
     -0.13      0.38      0.78
     -0.13      0.38     -0.18
     -0.13      0.38     -0.18
     -0.13     -0.58     -0.18
     -1.09     -0.58     -0.18
     -1.09     -0.58     -0.18
     -0.13      0.38     -0.18
      0.83      0.38     -0.18
      0.83      0.38     -1.14
     -0.13      0.38     -0.18
     -0.13      0.38     -0.18
      0.83      0.38     -0.18
      0.83     -0.58     -0.18
     -0.13     -0.58      0.78
     -0.13     -0.58      0.78
     -0.13     -0.58     -0.18
     -0.13     -0.58     -0.18
      0.83      0.38     -0.18
     -0.13      0.38     -0.18
     -0.13      0.38     -0.18
     -0.13      0.38      0.78
     -0.13      0.38     -0.18
     -0.13      0.38     -0.18
      0.83      0.38     -0.18
      0.83     -0.58     -0.18
      0.83      0.38     -0.18
     -0.13      0.38     -0.18
     -0.13     -0.58     -0.18
     -0.13      0.38     -0.18
     -0.13     -0.58     -0.18
     -0.13     -0.58     -0.18
     -0.13      0.38     -0.18
     -0.13      0.38      0.78
     -0.13      0.38      0.78
     -0.13      0.38     -0.18
     -0.13     -1.53     -0.18
     -0.13     -0.58     -0.18
     -0.13     -0.58     -0.18
     -0.13      0.38     -0.18
     -0.13      0.38     -0.18
      0.83     -0.58     -0.18
      0.83     -0.58     -0.18
      0.83     -0.58     -0.18
     -0.13      0.38      0.78
     -1.09      0.38     -0.18
     -1.09      0.38     -0.18
     -0.13      0.38     -0.18
      0.83      0.38     -0.18
     -0.13      0.38     -0.18
     -0.13      0.38      0.78
     -0.13      0.38      0.78
     -0.13      0.38      0.78
     -0.13     -0.58     -0.18
     -0.13      0.38     -0.18
     -0.13      0.38     -0.18
     -0.13      0.38     -0.18
     -0.13      0.38     -0.18
     -0.13      0.38      0.78
     -1.09     -0.58     -0.18
     -0.13     -1.53     -0.18
      0.83      0.38     -0.18
      0.83      0.38      0.78
      0.83      0.38     -0.18
     -0.13      0.38     -0.18
     -0.13      0.38      0.78
     -0.13     -0.58      0.78
     -0.13     -0.58      0.78
     -0.13     -0.58      0.78
     -0.13      0.38      0.78
     -0.13      0.38     -1.14
     -0.13      0.38     -0.18
     -0.13      0.38     -0.18
     -0.13      0.38     -0.18
     -0.13      0.38     -0.18
     -0.13      0.38     -0.18
     -0.13      0.38     -1.14
     -0.13      0.38     -0.18
     -0.13      0.38     -0.18
     -0.13      0.38     -0.18
     -0.13     -0.58      0.78
     -0.13     -0.58     -0.18
     -0.13     -0.58      0.78
     -0.13     -0.58      0.78
     -0.13     -0.58     -0.18
     -0.13      0.38     -0.18
     -0.13      0.38     -1.14
     -0.13      1.34     -0.18
     -0.13      0.38     -0.18
     -0.13      0.38     -0.18
     -0.13      0.38     -0.18
     -0.13      0.38     -0.18
      0.83     -0.58      0.78
     -0.13     -0.58     -0.18
     -0.13     -0.58     -0.18
     -0.13     -0.58      0.78
     -0.13     -0.58     -0.18
     -0.13     -0.58     -0.18
     -0.13      0.38     -0.18
     -1.09      0.38     -0.18
     -0.13      0.38     -0.18
     -1.09      0.38     -0.18
     -0.13      0.38     -0.18
      0.83     -0.58     -0.18
      0.83     -0.58     -0.18
     -1.09     -0.58     -0.18
     -0.13      0.38     -0.18
      0.83      0.38     -0.18
     -0.13     -0.58      0.78
     -0.13     -0.58     -0.18
     -0.13      0.38      0.78
     -0.13      0.38     -0.18
      0.83     -0.58     -0.18
     -0.13      0.38     -0.18
     -0.13     -0.58     -0.18
     -0.13      0.38     -0.18
     -0.13     -0.58     -0.18
      0.83      0.38     -0.18
     -0.13      0.38     -0.18
     -0.13      0.38      0.78
     -0.13     -1.53      0.78
     -0.13     -0.58     -0.18
     -0.13     -0.58     -0.18
     -0.13      0.38     -0.18
      0.83      0.38     -0.18
     -0.13     -0.58      0.78
     -0.13      0.38     -0.18
      0.83      0.38     -0.18
      0.83      0.38     -0.18
     -0.13      0.38     -0.18
     -0.13     -0.58     -0.18
     -1.09     -0.58     -1.14
     -0.13      0.38      0.78
     -0.13      0.38     -0.18
      0.83     -0.58     -0.18
     -0.13     -0.58      0.78
     -0.13     -0.58     -0.18
     -0.13      0.38     -0.18
     -0.13      1.34     -0.18
     -0.13      0.38     -0.18
      0.83      0.38     -0.18
      0.83      0.38     -0.18
      0.83     -0.58     -0.18
     -0.13     -0.58     -0.18
     -0.13      0.38      0.78
     -0.13     -0.58     -0.18
     -0.13     -0.58     -0.18
     -0.13      0.38     -0.18
     -0.13      0.38     -0.18
      0.83     -0.58      0.78
      0.83     -0.58      0.78
     -0.13     -0.58     -0.18
     -0.13      0.38     -0.18
     -0.13      0.38     -0.18
     -0.13      0.38     -0.18
     -0.13      0.38     -0.18
     -0.13      0.38     -0.18
      0.83      0.38     -0.18
     -0.13     -0.58      0.78
     -0.13     -0.58     -0.18
     -0.13      0.38      0.78
     -0.13      0.38      0.78
     -0.13     -0.58     -0.18
     -0.13      0.38     -0.18
     -0.13      0.38      0.78
     -0.13     -0.58     -0.18
     -0.13      0.38     -0.18
     -0.13      0.38     -0.18
     -0.13      0.38     -0.18
     -0.13      0.38     -0.18
     -0.13      0.38     -1.14
      0.83      0.38     -0.18
      0.83      0.38      0.78
     -0.13      0.38      0.78
     -1.09     -0.58     -0.18
     -0.13      0.38     -0.18
     -0.13     -0.58     -0.18
      0.83     -0.58     -0.18
     -0.13      0.38     -0.18
     -0.13      0.38      0.78
      0.83      0.38      0.78
     -0.13      0.38      0.78
     -0.13      0.38     -0.18
     -0.13     -0.58     -0.18
     -0.13      0.38     -1.14
     -0.13      0.38     -0.18
     -0.13      0.38     -0.18
     -0.13     -0.58     -0.18
      0.83     -0.58     -0.18
     -0.13      0.38     -0.18
     -0.13      0.38     -0.18
     -0.13      0.38     -1.14
     -1.09      0.38     -0.18
     -0.13      0.38     -0.18
     -0.13      0.38     -0.18
      0.83      0.38     -0.18
      0.83     -0.58      0.78
     -0.13     -0.58      0.78
     -0.13     -0.58      0.78
     -1.09      0.38      0.78
     -0.13     -0.58     -0.18
     -0.13     -0.58     -1.14
     -0.13     -0.58     -0.18
     -0.13      0.38     -0.18
     -0.13      0.38      0.78
     -0.13      0.38      0.78
     -0.13      0.38     -0.18
     -0.13      0.38     -1.14
     -0.13      0.38     -1.14
     -1.09     -0.58     -1.14
     -2.04     -0.58     -1.14
     -1.09      0.38     -1.14
     -0.13     -0.58     -1.14
      0.83     -1.53     -0.18
      0.83     -1.53     -0.18
      0.83     -0.58     -0.18
     -0.13     -0.58     -0.18
     -1.09      0.38     -1.14
     -1.09      1.34     -1.14
     -1.09      1.34     -0.18
     -1.09      0.38     -0.18
     -1.09     -0.58     -0.18
      0.83     -0.58     -0.18
      0.83     -0.58     -0.18
      0.83     -0.58     -1.14
      0.83     -0.58     -1.14
     -0.13      0.38     -2.09
     -1.09      0.38     -1.14
     -1.09      0.38      0.78
     -1.09     -0.58      1.73
     -0.13     -1.53      1.73
      1.78     -0.58      2.69
      1.78      1.34      2.69
      1.78      2.29      2.69
     -0.13      3.25      1.73
     -1.09      2.29      2.69
     -1.09      0.38      2.69
     -0.13      0.38      2.69
     -0.13      0.38      0.78
     -0.13      0.38     -0.18
     -0.13     -0.58     -1.14
     -1.09     -2.49     -1.14
     -0.13     -2.49     -2.09
      1.78     -2.49     -3.05
      2.74     -0.58     -3.05
      3.70      1.34     -1.14
      1.78      3.25      0.78
     -1.09      3.25      3.65
     -2.04      1.34      4.61
     -2.04     -1.53      2.69
     -1.09     -3.45      0.78
     -0.13     -4.41     -1.14
      0.83     -2.49     -4.01
      1.78     -0.58     -3.05
      1.78      2.29     -1.14
      1.78      2.29     -1.14
     -0.13      1.34     -0.18
     -1.09      0.38     -0.18
     -1.09     -0.58      1.73
     -0.13     -0.58      1.73
      0.83     -0.58      0.78
      0.83      0.38     -0.18
      0.83      1.34     -0.18
      0.83      2.29     -0.18
     -0.13      1.34     -1.14
     -1.09     -0.58     -2.09
     -3.00     -0.58     -0.18
     -3.00      0.38      0.78
     -3.00      0.38      1.73
     -3.00      0.38      0.78
     -3.00      0.38      0.78
     -2.04      1.34      0.78
     -0.13      1.34      1.73
      0.83      0.38      0.78
      1.78     -0.58     -0.18
      2.74      0.38     -2.09
      1.78      0.38     -3.05
      0.83     -1.53     -4.97
     -0.13     -2.49     -6.88
     -1.09     -2.49     -5.92
     -2.04     -2.49     -2.09
     -2.04     -2.49      2.69
     -0.13     -0.58      5.56
      0.83      1.34      8.43
      1.78      1.34      6.52
      0.83      1.34      4.61
      0.83     -1.53      2.69
      0.83     -2.49     -0.18
      1.78     -1.53     -3.05
      2.74     -0.58     -3.05
      2.74     -2.49     -4.01
      3.70     -1.53     -5.92
      2.74      1.34     -7.84
      1.78      5.17     -4.97
     -2.04      5.17      0.78
     -5.87      3.25      4.61
     -5.87      2.29      7.48
     -3.96      2.29     10.35
     -1.09      1.34      9.39
     -0.13     -0.58      5.56
      0.83     -0.58      0.78
     -0.13     -1.53     -4.01
      0.83     -2.49     -6.88
      1.78     -2.49     -8.79
      2.74     -3.45     -9.75
      0.83     -4.41     -9.75
     -0.13     -3.45     -5.92
     -2.04     -2.49     -3.05
     -3.00     -2.49     -1.14
     -3.00     -0.58      0.78
     -1.09      1.34      2.69
      1.78      2.29      4.61
      2.74      3.25      6.52
      4.66      5.17      7.48
      3.70      4.21      6.52
      0.83      0.38      2.69
     -2.04     -2.49     -2.09
     -3.96     -1.53     -3.05
     -3.00      1.34     -1.14
     -1.09      3.25      0.78
     -0.13      4.21      3.65
     -0.13      3.25      5.56
      0.83      1.34      4.61
      1.78     -0.58      2.69
      2.74     -2.49     -1.14
      1.78     -1.53     -4.97
     -0.13     -0.58     -4.97
     -2.04     -0.58     -3.05
     -2.04     -0.58     -0.18
     -0.13     -2.49      0.78
     -0.13     -3.45     -1.14
     -0.13     -3.45     -3.05
     -2.04     -2.49     -1.14
     -2.04     -1.53      0.78
     -1.09      0.38      1.73
      0.83      0.38      0.78
      1.78      0.38      0.78
      2.74      2.29     -0.18
      1.78      4.21     -2.09
      0.83      5.17     -3.05
     -0.13      3.25     -4.01
     -1.09      1.34     -3.05
     -2.04     -2.49     -1.14
     -0.13     -5.36     -0.18
      1.78     -4.41      2.69
      3.70     -1.53      4.61
      1.78      1.34      4.61
     -0.13      2.29      3.65
     -1.09      2.29      3.65
     -2.04      1.34      3.65
     -2.04      1.34      4.61
     -0.13      2.29      1.73
     -0.13      2.29     -1.14
     -1.09      2.29     -4.01
     -2.04     -0.58     -5.92
     -3.00     -3.45     -4.97
     -2.04     -5.36     -4.97
     -0.13     -5.36     -4.01
      2.74     -2.49     -2.09
      3.70      1.34      0.78
      1.78      4.21      2.69
     -1.09      4.21      3.65
     -2.04      2.29      3.65
     -2.04      1.34      0.78
     -1.09      2.29     -3.05
      1.78      3.25     -3.05
      2.74      1.34     -4.01
      1.78     -1.53     -1.14
      0.83     -4.41      1.73
     -1.09     -6.32      2.69
     -2.04     -6.32      1.73
     -2.04     -5.36     -1.14
     -1.09     -1.53     -2.09
     -0.13      3.25     -1.14
     -0.13      7.08      1.73
      0.83      8.99      4.61
      1.78      7.08      6.52
      2.74      5.17      5.56
      2.74      3.25      1.73
     -0.13     -0.58     -0.18
     -3.00     -4.41     -2.09
     -3.96     -5.36     -3.05
     -3.96     -5.36     -4.01
     -2.04     -4.41     -3.05
     -0.13     -5.36     -1.14
      0.83     -3.45      0.78
      3.70     -0.58      0.78
      3.70      3.25     -1.14
      3.70      5.17     -2.09
      1.78      3.25     -2.09
     -2.04      2.29     -3.05
     -3.00      1.34     -2.09
     -2.04     -1.53     -0.18
     -1.09     -2.49      2.69
     -1.09     -1.53      3.65
     -1.09     -0.58      1.73
      0.83     -1.53     -0.18
      0.83     -2.49     -1.14
      0.83     -0.58      0.78
      0.83      2.29      1.73
      1.78      2.29      1.73
      1.78      2.29      0.78
      0.83      1.34     -1.14
     -0.13      1.34     -4.01
     -2.04      1.34     -4.97
     -2.04     -0.58     -4.01
     -2.04     -2.49     -0.18
     -1.09     -1.53      2.69
      0.83     -0.58      2.69
      2.74      1.34      1.73
      2.74      1.34      1.73
     -0.13      1.34      0.78
     -3.00      3.25     -0.18
     -3.96      1.34     -0.18
     -2.04     -1.53     -1.14
      0.83     -1.53     -2.09
      2.74     -2.49     -2.09
      1.78     -3.45     -1.14
      0.83     -2.49     -0.18
     -0.13     -0.58     -0.18
     -2.04      1.34     -1.14
     -1.09      2.29      0.78
     -1.09      1.34      1.73
     -0.13      1.34      4.61
      0.83      1.34      4.61
      1.78      0.38      2.69
      1.78      1.34      1.73
      0.83      1.34     -1.14
     -0.13     -0.58     -4.01
     -0.13     -2.49     -4.97
     -1.09     -3.45     -3.05
     -1.09     -3.45     -1.14
     -0.13     -0.58     -0.18
      0.83      1.34      0.78
      0.83      2.29      0.78
     -0.13      3.25      0.78
     -1.09      3.25     -1.14
     -1.09      1.34     -2.09
     -0.13      0.38     -1.14
     -0.13      0.38      0.78
     -0.13      0.38     -0.18
      0.83      1.34     -1.14
      1.78      1.34      0.78
     -0.13     -0.58      2.69
     -1.09     -1.53      1.73
     -2.04     -1.53     -1.14
     -2.04     -0.58     -0.18
     -1.09     -1.53      1.73
      0.83     -1.53      1.73
      1.78     -0.58     -1.14
      1.78     -0.58     -1.14
      0.83     -0.58     -0.18
     -0.13     -2.49      0.78
     -0.13     -2.49     -1.14
     -0.13     -0.58     -1.14
      1.78      0.38     -1.14
      1.78     -0.58     -0.18
     -0.13     -0.58     -0.18
     -1.09      2.29      1.73
     -1.09      2.29      1.73
     -1.09      1.34     -0.18
     -2.04      0.38     -0.18
     -0.13     -0.58     -1.14
     -0.13     -2.49     -1.14
      0.83     -0.58     -2.09
      1.78      1.34     -2.09
     -0.13      2.29     -0.18
     -0.13      1.34      0.78
     -1.09     -0.58     -0.18
     -1.09     -1.53     -1.14
     -1.09     -1.53     -0.18
     -0.13      0.38      0.78
     -0.13      1.34      2.69
      0.83      1.34      2.69
      1.78      1.34      1.73
      1.78      0.38      0.78
      0.83     -0.58      0.78
     -1.09     -0.58     -0.18
     -2.04     -1.53     -0.18
     -2.04     -0.58      0.78
     -0.13     -0.58      1.73
      1.78     -0.58      2.69
      2.74     -0.58      2.69
      2.74      0.38     -0.18
      0.83      1.34     -0.18
     -1.09      1.34     -2.09
     -1.09      0.38     -2.09
     -1.09      0.38     -2.09
     -0.13      1.34     -2.09
     -0.13      0.38     -1.14
      0.83     -0.58     -1.14
      0.83     -1.53     -1.14
      0.83     -0.58     -1.14
      0.83     -0.58     -1.14
     -0.13     -0.58     -2.09
     -1.09     -0.58     -1.14
     -1.09      1.34      1.73
     -0.13      1.34      3.65
      0.83     -0.58      3.65
     -0.13     -0.58      1.73
     -1.09      0.38      0.78
     -1.09      1.34     -0.18
     -1.09      0.38     -1.14
     -0.13      0.38     -1.14
     -0.13      0.38     -2.09
     -0.13      1.34     -1.14
     -0.13      1.34      1.73
      1.78     -1.53      0.78
      1.78     -2.49     -1.14
     -0.13     -1.53     -2.09
     -3.00     -1.53     -1.14
     -2.04     -2.49      0.78
     -2.04     -1.53      1.73
     -0.13      0.38      1.73
      1.78      2.29      2.69
      2.74      3.25      1.73
      0.83      2.29     -0.18
     -0.13      0.38     -2.09
     -1.09     -1.53     -1.14
     -1.09     -2.49     -1.14
      0.83     -1.53     -1.14
      0.83     -0.58      0.78
      0.83      1.34      0.78
      0.83      1.34      1.73
      0.83      0.38      1.73
     -0.13     -0.58     -0.18
     -0.13      0.38     -0.18
     -0.13      0.38     -0.18
     -1.09     -0.58     -0.18
     -0.13     -0.58      0.78
      0.83      0.38      1.73
      0.83      0.38      0.78
      0.83     -0.58     -0.18
     -0.13     -0.58     -1.14
     -0.13     -0.58     -1.14
     -0.13      1.34     -2.09
     -0.13      1.34     -1.14
      0.83      0.38     -0.18
     -0.13      0.38      0.78
     -0.13      1.34      0.78
     -0.13      1.34     -0.18
     -1.09     -0.58      0.78
     -2.04     -2.49      0.78
     -2.04     -1.53      0.78
     -1.09     -0.58      0.78
     -0.13      0.38      0.78
      1.78      1.34      0.78
      0.83      3.25      0.78
     -0.13      2.29     -0.18
     -0.13      1.34     -1.14
     -0.13      0.38     -3.05
     -0.13     -0.58     -2.09
     -0.13     -1.53     -0.18
     -0.13     -3.45      0.78
     -0.13     -3.45      2.69
      0.83     -3.45      2.69
      0.83     -2.49      0.78
      0.83     -0.58      0.78
      0.83      1.34     -0.18
     -0.13      2.29     -0.18
     -0.13      2.29     -0.18
     -0.13      2.29      1.73
      0.83      1.34     -0.18
      1.78      1.34     -1.14
      0.83      1.34     -0.18
     -1.09      0.38     -0.18
     -1.09     -0.58     -1.14
     -1.09     -0.58     -2.09
     -1.09     -0.58      0.78
     -1.09     -1.53      1.73
     -0.13     -1.53      2.69
      0.83      0.38      1.73
      0.83      1.34     -0.18
      0.83      1.34     -1.14
     -0.13      1.34     -1.14
     -1.09      0.38     -2.09
     -0.13      1.34     -3.05
      0.83      1.34     -1.14
      0.83      1.34      0.78
     -1.09      0.38      0.78
     -2.04     -2.49     -0.18
     -1.09     -3.45     -1.14
     -0.13     -2.49     -1.14
     -0.13     -0.58     -1.14
     -0.13      0.38     -0.18
     -0.13      0.38      0.78
     -0.13      0.38      1.73
      0.83      0.38      1.73
      0.83     -0.58      0.78
      0.83     -0.58     -0.18
     -1.09     -0.58     -0.18
     -1.09      0.38     -1.14
     -1.09      0.38     -1.14
      0.83     -0.58     -0.18
      0.83     -1.53      0.78
     -0.13     -0.58      0.78
     -1.09     -0.58      1.73
     -0.13     -1.53     -0.18
      0.83      0.38      0.78
      0.83      2.29     -0.18
      0.83      2.29     -0.18
     -0.13      3.25     -0.18
     -0.13      1.34     -2.09
     -0.13     -0.58     -3.05
      0.83     -0.58     -3.05
      1.78     -0.58     -1.14
      0.83      0.38      0.78
     -0.13      0.38      2.69
     -1.09      0.38      3.65
     -0.13     -0.58      2.69
      1.78     -0.58      0.78
      0.83     -0.58     -0.18
     -0.13     -0.58      0.78
     -1.09     -0.58      0.78
     -1.09     -0.58     -0.18
     -0.13      0.38     -1.14
      1.78      1.34     -1.14
      1.78      1.34     -0.18
     -1.09      0.38     -1.14
     -2.04      0.38     -0.18
     -1.09      0.38      0.78
     -1.09      0.38     -0.18
      0.83      0.38     -1.14
      0.83      0.38     -0.18
     -0.13     -0.58     -0.18
     -1.09     -1.53     -0.18
     -1.09     -1.53     -0.18
     -0.13     -0.58      0.78
     -0.13      0.38      0.78
     -0.13      1.34     -1.14
     -0.13      1.34     -1.14
     -1.09      1.34     -0.18
     -0.13      1.34      1.73
     -0.13     -0.58      0.78
     -0.13     -0.58      0.78
     -0.13      0.38     -0.18
     -0.13      0.38     -0.18
     -0.13     -1.53     -0.18
      0.83     -1.53     -1.14
     -0.13     -1.53     -2.09
     -1.09     -0.58     -1.14
     -0.13      0.38     -1.14
     -0.13     -0.58     -0.18
      0.83      0.38      1.73
      1.78      0.38      0.78
      0.83      2.29      0.78
     -0.13      2.29      0.78
     -1.09      1.34      1.73
     -1.09     -0.58      0.78
     -0.13      0.38      0.78
      0.83      0.38      0.78
      0.83     -0.58      0.78
     -0.13     -0.58      0.78
     -1.09     -0.58     -0.18
     -1.09      0.38     -0.18
     -1.09      0.38     -0.18
     -0.13      1.34      0.78
     -0.13      0.38     -0.18
      0.83     -0.58     -1.14
      0.83     -0.58     -1.14
      0.83     -0.58     -1.14
     -0.13      0.38     -2.09
     -1.09      0.38     -1.14
     -2.04      1.34      0.78
     -0.13      0.38      1.73
      1.78     -0.58      1.73
      0.83     -0.58      0.78
     -0.13     -1.53      0.78
     -0.13     -0.58      0.78
     -1.09      0.38     -0.18
     -0.13      1.34     -0.18
     -0.13      0.38     -0.18
      0.83      0.38     -0.18
     -0.13     -0.58      0.78
     -0.13     -0.58      0.78
     -0.13     -0.58      0.78
      0.83      0.38     -0.18
     -0.13      0.38     -1.14
     -1.09      0.38     -0.18
     -1.09      0.38     -0.18
     -0.13      0.38     -0.18
      0.83     -0.58     -0.18
      0.83     -0.58      0.78
      0.83     -0.58     -0.18
      0.83     -0.58     -0.18
     -0.13     -0.58     -0.18
     -0.13      0.38     -0.18
     -0.13      1.34     -0.18
     -1.09      1.34      0.78
     -0.13      0.38      0.78
     -0.13      0.38      0.78
      0.83     -1.53     -0.18
      1.78     -1.53     -1.14
      1.78     -0.58     -1.14
      0.83      0.38     -1.14
     -0.13      1.34     -1.14
     -0.13      0.38     -1.14
     -0.13      0.38     -0.18
     -1.09     -0.58      0.78
     -0.13     -0.58      1.73
     -0.13      0.38      1.73
     -0.13     -0.58      2.69
     -0.13     -0.58      0.78
     -0.13      1.34      0.78
      0.83      0.38     -1.14
      0.83     -0.58     -2.09
     -0.13     -0.58     -1.14
     -1.09     -0.58     -0.18
     -0.13     -0.58     -0.18
     -0.13      0.38     -0.18
      0.83      0.38      0.78
     -1.09      0.38     -0.18
     -2.04      0.38     -1.14
     -1.09      0.38     -0.18
     -0.13     -0.58      0.78
      0.83     -0.58      0.78
      0.83      1.34     -0.18
     -0.13      0.38     -1.14
     -1.09     -0.58     -1.14
     -1.09     -0.58      0.78
     -1.09      0.38      0.78
      0.83      0.38      0.78
      0.83      1.34     -0.18
     -0.13      1.34     -0.18
     -1.09     -0.58     -0.18
     -0.13     -1.53     -0.18
     -0.13     -0.58      0.78
      0.83      0.38      0.78
      0.83      0.38     -0.18
     -0.13      0.38      0.78
     -0.13      0.38     -0.18
      0.83      0.38     -0.18
      0.83      0.38     -1.14
     -0.13     -0.58     -1.14
     -0.13     -0.58     -0.18
      0.83      0.38      0.78
      0.83      1.34      2.69
      1.78      0.38      1.73
      0.83     -0.58      0.78
     -0.13     -1.53     -1.14
     -1.09     -0.58     -1.14
     -1.09      0.38     -1.14
     -1.09      1.34     -0.18
     -0.13      0.38      0.78
      0.83     -0.58     -0.18
      0.83     -0.58     -0.18
     -0.13     -0.58      0.78
     -0.13     -0.58      0.78
     -0.13      0.38     -0.18
     -0.13      1.34      0.78
     -0.13      1.34     -0.18
     -0.13      0.38     -0.18
     -0.13     -0.58     -0.18
      0.83     -0.58     -0.18
     -0.13     -0.58      1.73
     -0.13     -0.58      1.73
      0.83     -0.58     -1.14
     -0.13      0.38     -2.09
     -0.13      1.34     -0.18
     -1.09      0.38     -0.18
     -1.09     -0.58     -1.14
     -0.13      0.38     -1.14
      0.83      0.38     -0.18
      0.83      0.38     -0.18
     -0.13      0.38      0.78
     -0.13      0.38      0.78
     -1.09      0.38      1.73
     -1.09      0.38      1.73
     -1.09     -0.58     -0.18
     -0.13     -1.53     -2.09
      0.83     -0.58     -0.18
      0.83     -0.58      0.78
     -0.13     -0.58      0.78
     -0.13     -0.58     -1.14
      0.83      0.38     -1.14
     -0.13      1.34     -1.14
     -0.13      1.34      0.78
     -0.13      1.34      1.73
     -0.13      1.34     -0.18
     -0.13      0.38      0.78
      0.83     -0.58      0.78
     -0.13     -0.58     -0.18
     -0.13     -0.58      0.78
     -0.13     -0.58     -0.18
     -0.13     -1.53     -0.18
     -0.13     -0.58     -1.14
     -0.13     -0.58     -0.18
     -0.13      0.38     -0.18
     -0.13      1.34      0.78
     -0.13      1.34      1.73
     -0.13      0.38      0.78
     -0.13     -0.58     -1.14
     -1.09     -0.58     -1.14
     -0.13      0.38     -0.18
     -0.13      0.38     -0.18
      0.83      0.38     -0.18
      0.83      0.38     -0.18
     -0.13      0.38     -0.18
     -0.13      0.38      0.78
     -0.13      0.38      0.78
      0.83     -0.58      0.78
      0.83     -1.53     -0.18
      0.83     -0.58     -0.18
      0.83     -0.58     -1.14
     -1.09      0.38     -1.14
     -0.13      1.34     -0.18
     -0.13      1.34      1.73
     -0.13      0.38      0.78
     -0.13     -0.58     -0.18
     -0.13     -0.58     -0.18
     -0.13      0.38     -0.18
     -0.13      0.38     -0.18
     -0.13      0.38     -0.18
      0.83     -0.58     -0.18
     -0.13      0.38     -0.18
     -0.13      0.38     -1.14
     -0.13      0.38     -1.14
      0.83      0.38      0.78
     -0.13      1.34      1.73
      0.83      1.34      0.78
     -0.13      0.38     -0.18
      0.83     -0.58     -0.18
     -0.13     -1.53     -0.18
     -0.13     -1.53     -0.18
     -0.13      0.38      0.78
     -0.13      0.38      0.78
     -0.13     -0.58      0.78
     -0.13     -1.53      0.78
     -0.13     -0.58     -0.18
     -0.13      1.34     -0.18
     -0.13      1.34     -0.18
     -0.13      0.38     -1.14
     -0.13      0.38     -1.14
     -0.13      0.38     -0.18
     -0.13      0.38      0.78
     -0.13      0.38     -0.18
     -0.13     -0.58     -0.18
     -0.13     -0.58     -0.18
     -0.13     -0.58     -0.18
     -0.13     -0.58     -0.18
     -0.13      0.38     -0.18
     -0.13     -0.58      0.78
     -0.13      0.38      0.78
      0.83      1.34     -0.18
      0.83     -0.58     -0.18
     -0.13     -0.58     -1.14
     -0.13     -0.58     -1.14
     -0.13      0.38     -0.18
     -0.13      1.34     -0.18
      0.83      0.38      0.78
      0.83     -0.58      1.73
     -0.13     -0.58      0.78
     -0.13     -0.58     -0.18
     -0.13     -0.58     -0.18
     -0.13     -0.58      0.78
     -0.13     -0.58      0.78
     -0.13     -0.58     -0.18
      0.83      0.38     -1.14
      0.83      0.38     -1.14
     -0.13      1.34     -1.14
     -0.13      1.34     -1.14
     -0.13      0.38     -1.14
     -1.09      0.38     -0.18
     -1.09     -0.58      0.78
     -0.13     -0.58      0.78
     -0.13     -0.58      0.78
      0.83     -0.58      0.78
      0.83      0.38      0.78
     -0.13      1.34     -0.18
     -0.13      0.38     -1.14
     -0.13     -0.58     -1.14
     -0.13     -0.58     -0.18
     -0.13     -0.58      0.78
     -0.13     -0.58      0.78
      0.83     -0.58     -0.18
     -0.13     -0.58      0.78
     -0.13     -0.58      0.78
      0.83      0.38      0.78
     -0.13      0.38      0.78
     -0.13      0.38      0.78
     -0.13      0.38      0.78
     -0.13      0.38     -0.18
     -0.13      0.38     -0.18
     -0.13      0.38     -1.14
     -0.13      1.34      0.78
     -0.13      1.34      0.78
     -0.13      0.38     -1.14
      0.83     -0.58     -1.14
      0.83     -0.58      0.78
     -0.13     -0.58     -0.18
     -0.13      0.38     -0.18
     -1.09      0.38     -0.18
     -0.13     -0.58     -0.18
     -0.13     -0.58     -0.18
      0.83     -0.58     -0.18
      0.83      0.38     -0.18
     -0.13      1.34     -0.18
     -0.13      1.34      0.78
     -0.13      0.38      0.78
      0.83     -0.58      0.78
      0.83     -0.58     -0.18
      0.83     -0.58     -1.14
      0.83     -0.58     -0.18
     -1.09      0.38      0.78
     -0.13      0.38      0.78
     -0.13     -0.58      0.78
     -0.13      0.38     -1.14
     -0.13      1.34     -0.18
     -0.13      1.34     -0.18
     -1.09     -0.58     -0.18
     -0.13     -0.58     -0.18
     -0.13     -0.58     -2.09
     -0.13      0.38     -1.14
      0.83      0.38     -0.18
      0.83     -0.58     -0.18
     -0.13      0.38     -0.18
     -0.13      0.38      0.78
     -1.09     -0.58      0.78
     -1.09      0.38      1.73
     -0.13      0.38      0.78
      0.83      0.38      0.78
      0.83     -0.58     -0.18
     -0.13      0.38     -0.18
     -0.13      1.34     -0.18
     -2.04      0.38     -0.18
     -0.13      0.38     -0.18
     -0.13      0.38     -0.18
      0.83      0.38     -1.14
      0.83     -0.58     -1.14
     -0.13     -0.58     -0.18
     -0.13      0.38     -0.18
     -0.13      0.38     -1.14
     -1.09     -0.58     -0.18
     -0.13     -0.58     -0.18
     -0.13     -0.58      0.78
     -0.13      0.38      1.73
     -0.13      1.34      1.73
      0.83      0.38      1.73
      0.83      0.38     -0.18
     -0.13      0.38     -0.18
     -0.13      1.34     -0.18
     -1.09     -0.58     -0.18
     -0.13     -0.58     -1.14
     -0.13     -0.58     -0.18
     -0.13     -0.58     -0.18
      0.83     -0.58     -0.18
     -0.13     -0.58     -0.18
     -0.13     -0.58      0.78
     -1.09     -0.58      0.78
     -0.13      0.38      0.78
     -0.13      0.38     -1.14
     -0.13      0.38      0.78
     -0.13      0.38      0.78
     -0.13     -0.58      0.78
     -0.13     -0.58     -0.18
      0.83     -0.58     -0.18
      0.83     -0.58     -0.18
     -0.13      1.34     -0.18
     -0.13      1.34     -0.18
     -0.13     -0.58     -0.18
     -0.13     -0.58      0.78
      0.83      0.38      0.78
      0.83      0.38      0.78
     -0.13     -0.58     -0.18
     -0.13      0.38      0.78
     -1.09      1.34      0.78
     -0.13      1.34     -0.18
     -0.13      0.38     -0.18
     -0.13     -0.58     -1.14
      0.83     -1.53     -0.18
     -0.13     -0.58     -0.18
     -0.13      0.38     -0.18
     -0.13      0.38     -0.18
     -0.13     -0.58     -0.18
     -0.13      0.38     -0.18
     -0.13      0.38     -0.18
     -0.13      0.38      0.78
     -1.09      0.38      0.78
     -0.13      0.38      0.78
     -0.13      0.38      0.78
      0.83      0.38      0.78
     -0.13      0.38     -0.18
     -0.13     -0.58     -0.18
     -0.13     -1.53     -0.18
     -0.13     -1.53     -0.18
      0.83     -1.53     -1.14
      0.83      0.38      0.78
     -0.13      0.38      0.78
     -0.13      0.38     -0.18
     -0.13      0.38      0.78
     -0.13      0.38     -0.18
     -0.13      0.38     -0.18
     -0.13      0.38     -0.18
     -0.13      0.38     -0.18
     -0.13     -0.58     -1.14
     -0.13     -0.58     -0.18
     -1.09      0.38      0.78
     -0.13      0.38      0.78
     -0.13      0.38     -0.18
     -0.13     -0.58     -0.18
     -1.09     -0.58     -0.18
     -0.13      0.38     -0.18
     -0.13      0.38     -0.18
     -0.13      0.38     -0.18
     -0.13     -0.58     -0.18
     -0.13     -0.58     -0.18
      0.83      0.38      0.78
      0.83      0.38     -0.18
     -0.13      0.38     -0.18
     -0.13      0.38     -0.18
     -1.09     -0.58      0.78
     -1.09     -0.58     -0.18
     -1.09     -0.58      0.78
      0.83     -0.58     -0.18
     -0.13      0.38     -1.14
      0.83      0.38     -0.18
     -0.13     -0.58      0.78
     -0.13     -0.58      0.78
     -0.13     -0.58     -0.18
     -0.13     -0.58     -1.14
     -0.13     -0.58     -1.14
     -0.13     -0.58     -1.14
     -1.09      1.34     -0.18
     -0.13      1.34      0.78
      0.83      0.38      0.78
      0.83      0.38     -0.18
     -0.13      0.38     -1.14
     -0.13      0.38     -1.14
     -0.13      1.34     -0.18
     -0.13      0.38      0.78
     -0.13     -0.58      0.78
     -0.13     -0.58     -0.18
     -0.13     -0.58     -0.18
     -0.13     -0.58      0.78
     -0.13     -0.58      0.78
     -0.13     -0.58     -0.18
     -0.13     -0.58     -0.18
     -1.09      0.38     -0.18
     -0.13      0.38     -0.18
     -0.13      0.38     -0.18
     -0.13     -0.58     -0.18
     -0.13      0.38      0.78
     -0.13      0.38      0.78
     -0.13      0.38     -0.18
     -0.13      1.34     -0.18
     -0.13      0.38      0.78
     -0.13      0.38     -0.18
      0.83      0.38      0.78
     -0.13      0.38      0.78
     -0.13      0.38     -0.18
     -0.13     -0.58     -0.18
     -0.13     -0.58     -0.18
     -0.13     -0.58      0.78
     -0.13     -0.58     -0.18
     -0.13     -0.58     -0.18
     -0.13      0.38     -0.18
     -0.13      0.38      0.78
     -0.13      0.38      0.78
     -0.13      0.38     -0.18
     -0.13     -0.58     -0.18
     -0.13     -0.58     -0.18
     -0.13      0.38     -0.18
     -0.13      0.38     -1.14
     -0.13      0.38     -0.18
      0.83      0.38      0.78
     -0.13      0.38      0.78
     -0.13      0.38      0.78
     -0.13      0.38     -0.18
      0.83      0.38     -1.14
      0.83     -0.58     -0.18
     -0.13      0.38     -0.18
     -0.13      0.38     -0.18
     -0.13      0.38     -0.18
     -0.13     -0.58      0.78
     -1.09     -0.58      0.78
     -0.13     -0.58     -0.18
     -0.13      0.38     -0.18
      0.83      0.38      0.78
      0.83      1.34      0.78
      0.83      0.38     -0.18
     -0.13     -0.58     -0.18
     -0.13     -0.58     -0.18
     -0.13      0.38     -0.18
     -0.13     -0.58      0.78
     -0.13      0.38      0.78
     -0.13     -0.58      0.78
     -0.13     -0.58      0.78
     -0.13     -0.58     -0.18
     -0.13     -0.58     -0.18
      0.83     -0.58      0.78
     -0.13      0.38      0.78
     -0.13      0.38      0.78
     -0.13     -0.58     -0.18
     -0.13     -0.58     -0.18
      0.83      0.38      0.78
     -0.13      0.38     -0.18
     -0.13      0.38     -1.14
     -0.13      0.38     -1.14
     -0.13      0.38     -0.18
     -0.13      0.38     -0.18
      0.83      0.38     -0.18
      0.83      0.38     -0.18
     -0.13      0.38      0.78
     -0.13      0.38      0.78
      0.83      0.38      0.78
     -0.13     -0.58     -0.18
     -0.13     -1.53     -0.18
     -0.13     -0.58     -0.18
     -1.09      0.38     -0.18
     -0.13      0.38     -1.14
     -0.13      0.38     -1.14
     -0.13     -0.58     -0.18
     -0.13     -1.53      0.78
     -1.09     -0.58      0.78
     -0.13      0.38      0.78
      0.83      0.38      0.78
      0.83      0.38      0.78
     -0.13      1.34     -0.18
     -0.13      0.38     -0.18
     -0.13      0.38     -0.18
     -0.13      0.38     -0.18
     -0.13      0.38     -0.18
      0.83     -0.58     -0.18
     -0.13      0.38     -0.18
     -0.13     -0.58     -0.18
     -0.13     -0.58     -0.18
     -0.13      0.38     -0.18
     -1.09      0.38     -0.18
     -0.13      0.38      0.78
     -0.13     -0.58      0.78
     -0.13      0.38     -0.18
     -0.13      0.38      0.78
     -0.13      0.38      0.78
     -0.13      0.38      0.78
     -0.13     -0.58     -0.18
     -0.13     -1.53     -0.18
      0.83     -0.58     -0.18
      0.83     -0.58     -0.18
     -0.13     -0.58     -0.18
     -0.13     -0.58     -0.18
     -0.13      0.38     -0.18
     -0.13      0.38      0.78
     -0.13      0.38      0.78
      0.83      0.38     -0.18
     -0.13     -0.58     -0.18
     -0.13     -0.58      0.78
     -0.13      0.38      0.78
     -0.13      0.38     -1.14
     -0.13      0.38     -0.18
      0.83      0.38     -0.18
      0.83     -0.58     -0.18
      0.83     -0.58     -0.18
     -0.13     -0.58     -0.18
     -0.13     -0.58      0.78
     -0.13      0.38     -0.18
     -0.13      0.38     -0.18
     -0.13      0.38     -0.18
      0.83      0.38      0.78
      0.83      0.38     -0.18
     -0.13     -0.58     -1.14
     -0.13     -0.58     -0.18
     -0.13      0.38      0.78
     -0.13      0.38     -0.18
     -0.13     -0.58     -1.14
     -0.13     -0.58     -1.14
     -0.13      0.38     -0.18
     -0.13      0.38      0.78
     -0.13      0.38      0.78
     -1.09      0.38      0.78
     -1.09     -0.58     -0.18
      0.83     -0.58     -1.14
     -0.13     -0.58     -0.18
     -0.13     -0.58     -0.18
     -0.13      0.38     -0.18
     -0.13      0.38      0.78
     -0.13      0.38     -0.18
      0.83      0.38      0.78
      0.83      0.38     -0.18
     -0.13      0.38     -0.18
     -0.13      0.38     -0.18
     -0.13      0.38     -0.18
     -0.13      0.38     -0.18
     -0.13      0.38     -0.18
     -0.13      0.38     -0.18
     -0.13     -0.58     -0.18
     -0.13     -0.58      0.78
     -0.13      0.38     -0.18
     -0.13     -0.58     -0.18
     -0.13     -0.58     -0.18
     -0.13     -0.58     -0.18
     -0.13     -0.58     -0.18
     -0.13      0.38     -0.18
      0.83      0.38      0.78
     -0.13      0.38     -0.18
     -0.13      0.38     -0.18
     -0.13      0.38     -0.18
     -1.09      0.38      0.78
     -0.13      0.38      0.78
     -0.13      0.38     -0.18
      0.83     -0.58     -0.18
      0.83     -0.58      0.78
      0.83      0.38      0.78
     -0.13     -0.58      0.78
     -0.13     -0.58     -0.18
     -0.13      0.38     -0.18
     -0.13      0.38     -0.18
     -0.13      0.38      0.78
     -0.13      0.38      0.78
     -0.13      0.38     -0.18
      0.83     -0.58     -1.14
     -0.13     -0.58     -1.14
     -0.13     -0.58     -0.18
     -0.13     -0.58      0.78
     -0.13     -0.58      0.78
      0.83      0.38      0.78
     -0.13      0.38     -0.18
     -0.13      0.38     -1.14
     -0.13      0.38     -0.18
     -0.13      0.38      0.78
     -0.13      0.38     -0.18
      0.83      0.38     -0.18
      0.83     -0.58     -1.14
      0.83      0.38     -0.18
     -0.13      0.38     -0.18
     -0.13      0.38      0.78
     -0.13      0.38     -0.18
     -0.13      0.38     -0.18
     -0.13      0.38     -0.18
     -0.13      0.38     -0.18
     -0.13      0.38     -0.18
     -0.13      0.38     -0.18
     -0.13      0.38     -0.18
     -0.13      0.38     -0.18
     -0.13     -0.58     -0.18
     -0.13     -0.58     -0.18
     -0.13     -0.58      0.78
     -0.13     -0.58      0.78
     -0.13      0.38     -0.18
     -0.13      0.38     -0.18
     -1.09      0.38      0.78
     -0.13     -0.58      0.78
     -0.13     -0.58     -0.18
      0.83     -0.58     -0.18
     -0.13      0.38     -0.18
     -0.13     -0.58     -0.18
     -0.13     -0.58      0.78
     -0.13     -0.58     -0.18
     -0.13      0.38     -1.14
     -0.13      0.38     -1.14
     -0.13      0.38     -0.18
     -0.13      0.38      0.78
     -0.13      0.38      0.78
     -0.13      0.38     -0.18
     -0.13      0.38     -0.18
     -1.09     -0.58     -0.18
     -0.13     -0.58     -0.18
     -1.09     -0.58      0.78
     -0.13     -0.58      0.78
     -0.13     -0.58     -0.18
      0.83     -0.58     -2.09
     -0.13      0.38     -0.18
     -0.13      0.38     -0.18
     -1.09      0.38     -0.18
     -0.13      1.34     -0.18
      0.83      1.34     -0.18
      0.83      0.38     -0.18
      0.83     -0.58     -0.18
     -0.13     -0.58     -0.18
     -0.13     -0.58     -0.18
     -0.13     -0.58      0.78
     -0.13      0.38      0.78
     -0.13     -0.58      0.78
     -0.13     -0.58      0.78
     -0.13      0.38     -0.18
     -0.13      0.38     -0.18
      0.83      1.34     -0.18
     -0.13      1.34     -0.18
     -0.13      0.38     -0.18
     -0.13     -1.53     -0.18
     -0.13     -0.58     -0.18
     -0.13     -0.58     -0.18
     -0.13     -0.58     -0.18
     -0.13     -0.58     -0.18
     -0.13      0.38     -0.18
     -0.13      0.38      0.78
     -0.13     -0.58      0.78
     -0.13      0.38     -0.18
     -0.13      0.38      0.78
     -0.13     -0.58     -0.18
     -0.13     -0.58     -0.18
     -0.13      0.38      0.78
     -0.13      0.38     -0.18
     -0.13      0.38     -0.18
     -0.13      0.38      0.78
     -0.13      0.38      0.78
     -0.13     -0.58     -0.18
     -0.13      0.38     -0.18
     -0.13      0.38     -0.18
      0.83     -0.58     -0.18
     -0.13      0.38     -0.18
     -0.13      0.38     -0.18
     -0.13      0.38     -0.18
     -0.13      0.38     -0.18
     -0.13      0.38     -0.18
     -0.13      0.38      0.78
     -0.13      0.38     -0.18
     -0.13      0.38      0.78
     -0.13      0.38      0.78
     -0.13      0.38      0.78
     -0.13      0.38     -0.18
     -0.13     -0.58     -0.18
     -0.13     -0.58     -0.18
     -0.13     -0.58     -0.18
     -0.13     -0.58     -0.18
     -0.13      0.38     -0.18
     -0.13      0.38     -0.18
     -0.13     -0.58     -0.18
     -0.13     -1.53     -0.18
     -0.13     -0.58     -0.18
     -0.13      0.38     -0.18
     -0.13      0.38      0.78
     -0.13      0.38     -0.18
     -0.13      0.38      0.78
     -0.13      0.38     -0.18
     -0.13      0.38     -0.18
     -0.13      0.38     -0.18
     -0.13     -0.58      0.78
     -0.13     -0.58     -0.18
     -0.13     -1.53     -0.18
     -0.13     -0.58     -0.18
     -0.13     -1.53     -0.18
     -0.13     -0.58     -0.18
     -0.13      0.38      0.78
     -0.13      0.38      0.78
     -0.13      0.38      0.78
     -0.13      0.38      0.78
     -0.13     -0.58     -0.18
     -0.13     -0.58     -1.14
     -0.13      0.38     -0.18
     -0.13      0.38     -0.18
     -0.13      0.38     -0.18
     -0.13     -0.58     -1.14
      0.83     -0.58     -0.18
      0.83     -0.58      0.78
     -0.13      0.38      0.78
     -0.13      0.38     -0.18
     -0.13      0.38     -0.18
     -0.13      0.38     -0.18
     -0.13      0.38     -0.18
     -0.13     -0.58     -0.18
     -0.13     -0.58     -0.18
     -0.13     -0.58     -0.18
     -0.13     -0.58     -0.18
     -0.13     -0.58     -0.18
     -0.13      0.38     -0.18
     -0.13     -0.58     -0.18
     -0.13      0.38     -0.18
      0.83      0.38     -0.18
     -0.13      0.38     -0.18
     -0.13      0.38      0.78
     -0.13     -0.58      0.78
     -0.13     -0.58     -0.18
     -0.13      0.38     -1.14
     -0.13      0.38     -0.18
     -0.13     -0.58     -0.18
     -0.13     -0.58     -0.18
     -0.13      0.38     -0.18
     -0.13      0.38     -0.18
     -0.13      0.38     -0.18
     -0.13      0.38      0.78
     -0.13      0.38     -0.18
     -0.13      0.38     -1.14
     -0.13     -0.58     -0.18
     -0.13     -0.58     -0.18
     -0.13     -0.58     -0.18
     -0.13      0.38      0.78
     -0.13      0.38      0.78
     -0.13      0.38      0.78
      0.83      0.38      0.78
     -0.13      0.38     -0.18
     -0.13      0.38     -0.18
     -0.13     -0.58     -1.14
     -0.13      0.38     -0.18
     -0.13     -0.58     -0.18
     -0.13      0.38     -0.18
      0.83     -0.58     -0.18
     -0.13     -0.58     -0.18
     -0.13     -0.58     -0.18
     -0.13      0.38     -0.18
     -0.13      0.38      0.78
     -0.13      0.38      0.78
     -0.13      0.38      0.78
     -0.13      0.38     -0.18
     -0.13      0.38     -0.18
     -0.13      0.38     -0.18
     -0.13     -0.58     -0.18
     -0.13      0.38     -0.18
     -0.13     -1.53     -0.18
     -0.13     -0.58     -0.18
     -0.13     -0.58     -0.18
     -0.13      0.38      0.78
     -0.13      0.38      0.78
     -0.13      0.38      0.78
     -0.13      0.38      0.78
     -0.13      0.38      0.78
     -0.13     -0.58     -0.18
     -0.13     -0.58     -0.18
     -0.13      0.38      0.78
     -0.13      0.38     -0.18
     -0.13      0.38     -0.18
     -0.13      0.38     -0.18
     -0.13      0.38     -0.18
     -0.13      0.38     -1.14
     -0.13     -0.58     -0.18
     -0.13     -0.58     -0.18
     -0.13     -0.58     -0.18
     -0.13      0.38     -0.18
     -0.13      0.38     -0.18
     -0.13      0.38      0.78
     -0.13      0.38      0.78
     -0.13      0.38     -0.18
     -0.13      0.38     -0.18
     -0.13     -0.58     -0.18
     -1.09      0.38      0.78
     -0.13      0.38      0.78
     -0.13      0.38     -0.18
     -0.13      0.38     -0.18
     -0.13      0.38     -0.18
     -0.13     -0.58     -1.14
     -1.09     -0.58     -0.18
     -0.13      0.38     -0.18
     -0.13      0.38     -0.18
     -0.13      0.38      0.78
     -0.13      0.38      0.78
     -0.13      0.38      0.78
      0.83      0.38      0.78
     -0.13     -0.58      0.78
     -0.13     -0.58     -0.18
     -0.13     -0.58     -0.18
     -0.13     -0.58     -0.18
     -0.13      0.38     -0.18
     -0.13      0.38     -0.18
     -0.13      0.38     -0.18
     -0.13     -0.58     -0.18
     -0.13     -0.58     -0.18
     -0.13      0.38     -0.18
     -0.13      0.38     -0.18
     -0.13      0.38     -0.18
     -0.13      0.38     -0.18
     -0.13      0.38      0.78
     -0.13     -0.58      0.78
     -0.13     -0.58     -0.18
     -0.13     -0.58     -0.18
     -0.13     -0.58     -0.18
     -0.13      0.38     -0.18
     -0.13     -0.58      0.78
     -0.13      0.38     -0.18
     -0.13      0.38     -0.18
     -0.13      0.38      0.78
     -0.13      0.38     -1.14
     -0.13     -0.58     -0.18
     -0.13      0.38     -0.18
     -0.13      0.38     -0.18
     -0.13      0.38      0.78
     -0.13      0.38     -0.18
     -0.13      0.38     -0.18
     -0.13     -0.58     -0.18
     -0.13     -0.58     -0.18
     -0.13     -0.58     -0.18
     -0.13      0.38     -0.18
     -0.13      0.38     -0.18
     -0.13      0.38     -0.18
     -0.13      0.38     -0.18
     -0.13      0.38      0.78
     -0.13     -0.58     -0.18
     -0.13     -0.58     -0.18
     -0.13      0.38     -0.18
     -0.13      0.38     -0.18
     -0.13      0.38     -0.18
     -0.13      0.38     -0.18
