********************************************************************************
                       INSTITUTO DE INGENIERIA, UNAM
                   Coordinacion de Instrumentacion Sismica
  Ciudad Universitaria, Apartado Postal 70-472, Coyoacan 04510, Mexico, D.F.
 Tel.(52-5)622-3414    Fax.(52-5)616-1514    e-mail: isismica@pumas.iingen.unam.mx
********************************************************************************
ARCHIVO ESTANDAR DE ACELERACION:
VERSION DEL FORMATO                    : 2.0
NOMBRE DEL ARCHIVO                     : PAPN8509.041
FECHA Y HORA DE CREACION               : Wed Mar 11 16:20:53 1998
REF. CATALOGO ACELEROGRAMAS, SMIS 1995 : REGISTRO No. 494 /PAG. 72


================================================================================
DATOS DE LA ESTACION:
NOMBRE DE LA ESTACION                  : PAPANOA
CLAVE DE LA ESTACION                   : PAPN
LOCALIZACION DE LA ESTACION            : ESCUELA PRIMARIA SOR JUANA INES DE LA CRUZ, PAPANOA,
                                       : GUERRERO. 
                                       : 
                                       : 
                                       : 
COORDENADAS DE LA ESTACION             : 17.328 LAT. N
                                       : 101.04 LONG. W
ALTITUD (msnm)                         : 30
TIPO DE SUELO                          : ROCA
                                       : 
                                       : 
INSTITUCION RESPONSABLE                : INSTITUTO DE INGENIERIA UNAM 
                                       : 

================================================================================
DATOS DEL ACELEROGRAFO:
MODELO DEL ACELEROGRAFO                : DCA-333
NUMERO DE SERIE DEL ACELEROGRAFO       : 111
NUMERO DE CANALES                      : 3
ORIENTACION C1-C6 (rumbo;orientacion)  : /+V/S90W/S00W
ORIENTACION C7-C12 (rumbo;orientacion) :
VEL. DE MUESTREO, C1-C6 (muestras/s)   : /100/100/100
VEL. DE MUESTREO, C7-C12 (muestras/s)  :
ESC. COMPLETA DE SENSORES, C1-C6, (g)  : /2/2/2
ESC. COMPLETA DE SENSORES, C7-C12, (g) :
FREC. NAT. DE SENSORES, C1-C6, (Hz)    : /29/28/30
FREC. NAT. DE SENSORES, C7-C12, (Hz)   :
AMORTIGUAMIENTO DE SENSORES, C1-C6     : /0.7/0.7/0.7
AMORTIGUAMIENTO DE SENSORES, C7-C12    :
INTERVALO DE MUESTREO, C1-C6, (s)      : /0.01/0.01/0.01
INTERVALO DE MUESTREO, C7-C12, (s)     :
UMBRAL DE DISPARO, C1-C6, (Gal)        : /6/6/6
UMBRAL DE DISPARO, C7-C12, (Gal)       :
MEMORIA DE PREEVENTO (s)               : 4
TIEMPO DE POSEVENTO (s)                : 15


================================================================================
DATOS DEL SISMO:
FECHA DEL SISMO [GMT]                  : 1985/09/04
HORA EPICENTRO (GMT)                   : 13:27:53.0
MAGNITUD(ES)                           : /Mb=3.20/Mc=4.00
COORDENADAS DEL EPICENTRO              : 17.567 LAT. N 
                                       : 101.308 LONG. W
PROFUNDIDAD FOCAL (km)                 : 21 
FUENTES DE LOS DATOS EPICENTRALES      : INSTITUTO DE INGENIERIA UNAM
                                       : 

================================================================================
DATOS DE ESTE REGISTRO:
HORA DE LA PRIMERA MUESTRA (GMT)       : 13:28:04.17
EXACTITUD DEL TIEMPO (s)               : 0.01
DURACION DEL REGISTRO (s), C1-C6       : /17.45/17.45/17.4
DURACION DEL REGISTRO (s), C7-C12      :
NUM. TOTAL DE MUESTRAS, C1-C6          : /1745/1745/1745
NUM. TOTAL DE MUESTRAS, C7-C12         :
ACEL. MAX.(Gal), C1-C6                 : /14.532/24.613/-20.290  
ACEL. MAX., C1-C6, EN LA MUESTRA       : /370/517/370   
ACEL. MAX.(Gal), C7-C12                :
ACEL. MAX., C7-C12, EN LA MUESTRA      :
UNIDADES DE LOS DATOS                  : Gal (cm/s/s)
FACTOR DE DECIMACION                   : 1
FORMATO DATOS (FORTRAN,10 campos/dato) : 3F10.3


===============================================================================
CALIDAD DEL ACELEROGRAMA:
REGISTRO DIGITAL COMPLETO CON TIEMPO ABSOLUTO CORRECTO.


===============================================================================
COMENTARIOS:














===============================================================================
DATOS DE ACELERACION:
---------+---------+---------+---------+---------+---------+---------+---------+
   CANAL-1   CANAL-2   CANAL-3   CANAL-4   CANAL-5   CANAL-6   CANAL-7   CANAL-8
         V      S90W      S00W
---------+---------+---------+---------+---------+---------+---------+---------+
    -2.069     0.899     0.431
     3.778    -0.575    -0.516
     2.114    -1.426     0.845
    -2.237    -0.639     1.652
    -3.026     1.062    -0.368
    -1.544     1.759    -1.018
     1.816    -0.224     0.304
     2.041    -2.165    -0.004
    -1.612    -0.385    -0.501
    -1.266     2.148     0.828
     1.629     0.879     1.062
     2.182    -1.195    -0.775
     0.785    -0.728    -0.910
    -0.701     1.042     0.316
    -1.543     1.757     0.014
    -1.273    -0.863    -0.489
     0.501    -2.586     0.224
     1.232    -0.938     1.256
     0.452     0.467     1.597
     0.643     0.766     0.871
    -0.070    -0.626    -0.131
    -2.265    -0.803    -0.497
    -1.653     1.636    -0.379
     1.206     1.577    -0.414
     2.319    -0.785    -0.383
     1.404    -1.440    -0.414
    -0.233     0.595    -0.392
    -2.255     1.861     0.837
    -2.283    -0.283     1.058
     0.813    -1.524    -0.783
     2.383    -0.658    -1.539
     0.203    -0.226    -0.724
    -1.733     0.924     0.916
    -0.573     1.146     1.693
     0.261    -0.698     0.865
    -0.432    -0.198     0.483
     0.925     0.814    -0.094
     1.739    -0.612    -0.485
    -0.276    -0.200    -0.425
    -1.572     0.820    -1.036
    -0.639     0.002    -0.213
     0.320    -0.391     0.710
    -0.486     0.285    -0.082
     0.338     0.752    -0.520
     2.533    -1.265    -0.412
     0.660    -1.838     0.806
    -1.755     1.274     2.294
    -0.640     1.673     1.265
     0.962    -0.808    -0.887
     1.163    -0.814    -1.573
    -0.773     0.390    -0.775
    -1.423    -0.533    -0.356
     1.135    -0.810    -0.456
     1.055     0.370     0.812
    -1.933     1.376     1.614
    -2.365     1.641     0.232
     0.787    -0.250    -0.647
     3.016    -1.571    -0.432
     0.578    -0.627    -1.104
    -1.801     0.993    -0.858
    -0.632     1.777     0.843
    -0.359     0.347     0.998
    -0.907    -1.123     0.389
     0.999    -0.717    -0.138
     1.683     0.371    -0.568
    -0.301     0.134    -0.477
    -1.624    -1.063    -0.481
    -2.544    -0.076     0.768
    -1.597     1.405     0.976
     1.191    -0.169    -0.856
     2.252    -0.920    -1.017
     1.395    -0.210    -0.407
    -0.318    -0.941     0.110
    -0.394     0.515     0.556
     0.133     1.868     0.441
     0.099    -0.289     0.470
     0.682    -0.881    -0.184
    -0.124     0.379    -0.581
     0.199     0.134    -0.512
     1.179    -1.050    -0.502
    -0.821    -0.068     0.720
    -1.519     1.426     0.931
    -0.141    -0.156    -0.272
     0.097    -0.914     0.006
     0.722    -0.197    -0.097
     1.064    -0.318    -1.873
    -0.215     0.958    -1.357
     0.164     1.149     1.520
     0.544    -0.674     1.357
    -0.643    -0.187    -0.982
     0.229     0.843    -1.057
     1.218     0.038     0.186
    -0.285    -1.005     1.110
    -1.036    -1.341     0.855
     0.302     0.002    -0.308
    -0.049     1.456     0.021
    -1.098     0.459     0.498
     0.961    -1.098    -0.818
     0.972    -0.708    -1.041
    -2.039     0.414     0.800
    -0.544     0.138     0.298
     1.305    -0.373    -1.356
    -0.819     0.340     0.303
    -0.301     0.766     0.988
     1.310     0.039    -0.896
     0.000     0.000     0.000
    -1.041    -0.720     0.196
     0.931     0.444     0.497
     0.991     0.118    -0.186
    -1.402    -0.985     0.622
    -0.760    -0.082     0.929
     0.843     1.479    -0.917
    -0.131    -0.156    -1.039
     0.175    -0.878     0.183
     1.826     1.696     0.514
     0.806     0.956     0.435
    -1.354    -1.140     1.052
    -1.396    -0.096     1.475
    -0.184     0.878     0.138
     0.153    -0.593    -1.314
     0.070    -1.391    -0.944
     0.726     0.631     0.821
    -0.137     0.647     0.938
    -1.011    -0.437    -0.885
     0.359     0.337    -1.026
     0.002    -0.458     0.210
    -1.056    -0.804     0.533
     0.414     1.087     0.457
     1.833     1.164     0.457
     0.245    -0.631     0.452
    -1.734    -0.791     0.475
    -1.247     0.446    -0.175
     0.496     0.779    -1.187
     1.882     0.051    -0.930
     0.252    -0.339     0.866
    -1.077     0.337     0.954
    -0.210     0.169    -0.846
    -1.017    -0.369    -1.003
    -0.093     0.363    -0.385
     0.752     0.159     0.142
    -1.219    -0.379     0.579
    -0.654    -0.234    -0.132
     1.540    -0.946    -1.182
     1.655    -1.256    -0.880
    -0.250    -0.042     0.868
    -0.933     0.933     1.619
    -0.188     0.001     0.834
    -0.356    -0.297    -0.219
     0.380     0.317    -0.533
     0.668    -0.446    -0.470
    -1.141    -0.161    -1.055
    -1.312     0.856    -0.876
     0.600     0.710     0.285
     1.266    -0.594     0.595
     1.192    -1.364    -0.098
     1.097     0.607     0.096
    -0.051     1.315     0.613
    -0.349    -0.673    -0.107
    -0.306    -0.757    -0.518
    -0.239     0.443    -0.443
     0.912    -0.489    -0.411
    -0.010    -1.386     0.187
    -1.566    -0.006     1.268
    -0.534     1.512     1.545
     0.343     1.073     0.275
     0.858     0.004    -0.628
     1.846    -0.376    -0.383
     0.365    -0.885    -0.456
    -2.273     0.558    -0.387
    -2.195     1.892     0.800
    -0.382    -0.224     1.692
     1.606    -1.513     0.866
     2.317    -0.587    -0.784
     0.825    -0.208    -1.541
    -0.543    -0.259    -0.752
    -0.890     0.345     0.935
    -1.315    -0.480     1.034
    -1.224    -0.770    -0.144
     0.643     1.673     0.110
     1.920     1.630     0.028
    -0.270    -0.768    -0.512
    -2.087    -0.763    -0.389
    -0.464     1.035    -0.425
     0.993     0.569     0.236
     0.594    -1.082     0.620
     0.131    -0.075    -0.057
    -0.462     0.867    -0.514
    -0.804    -0.590    -0.389
    -0.179    -1.384    -0.430
     0.321    -0.012     0.237
     0.763     0.878     1.235
     1.262     0.648    -0.274
     0.475     0.073    -1.018
    -1.126    -1.016     0.310
    -1.932    -0.691    -0.001
    -1.712     1.044    -0.497
     0.746     1.177     0.213
     3.075    -0.656     0.629
     1.869    -0.801    -0.077
     0.345     0.444    -0.506
    -1.800    -0.515     0.206
    -2.964    -0.777    -0.007
    -0.201     1.023    -0.512
     0.826     1.189     0.206
     0.095    -0.060    -0.014
     0.759    -0.989    -0.499
     1.238    -0.724     0.186
     0.454     0.430    -0.614
    -1.137     0.122    -0.951
    -1.963    -0.376     0.927
    -1.095     0.331     1.001
     0.511     0.116    -0.172
     1.301    -0.376    -0.542
     1.732    -0.311    -0.426
     0.901    -0.286     0.799
    -1.883    -0.315     2.272
    -2.996     0.340     1.893
    -0.829     1.351    -0.495
     0.000     0.000     0.000
     1.625    -0.903    -1.210
     0.000     0.000     0.000
     0.059     0.523     0.982
     0.171    -0.477    -0.178
     0.118    -0.310     0.680
    -0.428    -0.936     1.032
    -0.936    -0.732    -0.848
    -0.130     0.402    -0.946
     0.183     0.728     0.258
    -0.430    -0.599    -0.664
     0.326    -0.204    -0.938
     0.678     1.445     0.218
    -0.549    -0.209    -0.634
     0.352    -0.272    -1.015
     2.563     1.418     0.299
     1.286    -0.190     0.530
    -1.301    -0.921     1.170
    -2.596     0.390     1.486
    -2.134     0.092    -0.382
     0.172    -1.041    -1.706
     1.390    -0.746    -0.774
     1.749    -0.250     0.236
    -0.335    -0.331    -0.682
    -2.688     0.291    -0.957
    -0.949     0.707     0.838
    -0.158     0.629     1.025
    -0.283     0.612    -1.501
     1.538     0.632    -1.986
     2.238    -0.022     0.508
     0.230    -1.040     1.720
    -1.034    -0.152     1.441
     0.457     0.794     0.194
     1.335    -0.647    -0.624
    -0.143    -1.482     0.138
    -2.775     0.565    -0.017
    -2.702     1.800    -0.581
     0.360     0.329    -1.059
     1.980     0.076    -0.910
     2.228     0.088    -0.356
     1.445    -1.098    -1.099
    -0.162     0.490     0.368
    -0.335     1.778     1.714
    -0.340    -0.309    -0.431
    -0.853    -0.970     0.218
    -0.765    -0.279     2.312
    -0.758    -0.369     0.653
    -0.770    -0.378    -1.357
    -0.752    -0.362    -0.860
     0.474     0.238     0.248
     1.957     1.302    -0.034
     0.935     1.607    -0.532
     0.022     0.916     0.169
     0.174    -0.138     0.622
     0.191    -0.472    -0.129
     0.178    -0.380     0.118
    -1.057    -1.023     0.585
    -1.896    -0.794    -0.723
     0.142     0.306    -0.328
     2.034    -0.578     1.302
     1.555    -1.538     0.942
     1.704    -0.086    -0.211
     0.905     1.961     0.135
    -1.844     1.407     1.214
    -2.357    -0.873     0.346
    -0.999    -0.270    -0.620
     0.522     0.089    -0.413
     0.703    -1.716    -0.445
     0.063    -0.633    -0.422
     0.000     0.000     0.000
     1.624    -0.515    -0.429
    -0.818     0.867     0.183
    -1.385     1.017     1.261
    -0.723    -0.137     1.570
    -0.783     0.099     0.266
     1.049     0.651    -1.855
     2.348     0.529    -1.865
     0.176    -0.695     0.552
    -1.658    -1.550     1.140
    -1.242    -0.751    -0.186
    -0.087     0.919     0.115
     0.852     1.039     1.242
     0.543    -0.168     0.327
    -1.184     0.103    -1.167
    -0.112     0.003    -0.250
     2.002    -1.143     0.773
     0.217    -0.213    -0.140
    -0.412     1.318    -0.442
     0.154     0.334     0.146
    -0.445    -0.598     0.671
    -0.961    -0.415     1.114
    -1.415    -0.428     0.344
    -0.677     0.197    -0.581
    -1.573     0.604     0.209
    -1.780     0.533     1.272
     1.192    -0.097    -0.319
     2.285    -0.519    -2.224
     0.760    -0.418    -0.589
    -1.295    -0.446     2.062
    -1.371     0.226     1.344
     0.494    -0.663    -1.505
     2.459    -1.513    -1.364
     2.523    -0.192     0.984
     0.056     0.112     1.681
    -1.736    -1.183     0.837
    -2.527    -1.446     0.482
    -2.241     0.455     0.491
    -0.488     1.126    -0.693
     0.262    -0.170    -0.975
     0.089    -0.528    -0.339
     0.099     0.232    -0.463
    -0.536     0.584    -1.073
    -1.553     0.570    -1.484
    -1.293     0.479    -0.787
    -0.135    -0.676    -0.352
    -1.705    -0.972    -0.466
    -3.634     0.309    -0.443
    -0.716     0.605     0.151
     0.255    -1.328     2.460
    -1.654    -1.952     4.221
     1.230     1.170     2.537
     4.007     2.205    -0.701
     3.415    -0.515    -4.780
     4.131    -2.834    -9.151
     5.091    -4.763   -10.365
     3.025    -4.712   -10.707
     0.555     2.019    -9.823
     0.564     9.933    -3.986
    -0.063     9.067     5.474
    -1.616     3.185    13.295
     1.241     1.610    11.685
     5.931     4.408     4.823
     2.803     3.716     2.805
    -6.634     0.323     8.309
   -11.546    -1.900    15.349
    -7.716   -10.601    11.036
     0.474   -22.702    -1.218
     6.965   -23.118    -7.815
     6.335    -7.643    -8.570
    -0.215    10.288    -8.153
    -3.417    15.925    -7.594
    -3.885    15.005    -4.642
    -6.048    14.894     0.024
    -4.770    12.420     2.399
     0.945     7.625     3.666
     4.323     2.759     4.995
     0.994    -0.775     3.435
    -4.242    -3.496     1.411
    -5.338    -8.816     5.650
    -0.719   -17.773     7.382
     8.532   -19.435    -6.455
    14.532    -5.604   -20.290
    10.503     6.577   -14.319
     0.471     4.059    -1.866
    -6.639     1.077    -1.901
    -7.214     5.183    -6.053
    -4.463     5.967    -4.017
    -3.332     2.841     2.195
    -3.521     2.974    12.889
    -1.087     2.239    18.974
     2.520    -2.992    10.678
     5.266    -3.901     0.636
     5.696     1.663     1.961
    -0.612     2.729     4.542
    -8.618    -4.288    -1.351
    -5.839   -10.901    -5.243
     3.721    -6.138    -4.372
     6.826     7.295    -6.961
     5.459    12.209    -9.166
     4.405     5.545    -4.964
    -0.264    -0.811     2.447
    -6.861    -0.421     6.031
    -5.660     1.340     3.767
     3.750    -1.494     1.948
     8.610    -3.054     0.379
     2.484     0.253    -7.043
    -8.183     3.731    -7.925
   -12.687    -0.338     8.109
    -6.580    -8.911    15.850
     4.133    -4.143    -0.607
    11.081     9.634   -12.655
     8.582     9.751    -3.730
     0.594    -2.994     3.136
    -4.038   -10.739    -3.882
    -5.975    -6.937    -9.954
    -6.448    -1.765    -4.859
    -0.799    -3.606     4.845
     8.686    -0.557     6.560
     9.737    11.215     1.302
     0.364    11.000     2.009
    -6.368    -0.224     9.613
    -6.565    -4.253    11.920
    -3.242    -2.611     3.999
     3.224    -1.033    -6.728
     5.743     2.279   -10.650
     2.655     4.349    -4.614
     0.377     3.223    -0.160
    -1.612     2.908    -4.790
    -2.749    -2.747    -4.125
     0.000     0.000     0.000
    -2.714    -8.979     4.545
     0.079     2.409    -7.880
     7.721     8.036    -9.473
     6.261     6.651     4.786
    -2.985     6.864    12.656
    -6.111     5.375     2.790
    -4.230    -4.506    -9.269
    -1.409   -12.189    -6.831
     2.035   -10.210     1.624
     2.968     1.587     7.010
     2.710    10.004    12.873
     2.069    -2.041    11.052
    -0.781   -10.045    -1.130
    -1.831     4.945   -11.400
     0.254     8.816   -12.342
     0.864    -7.516    -6.513
     0.250    -6.312     0.013
    -0.387    10.497     6.891
    -2.552     8.122     9.788
    -2.640    -5.503     2.275
     0.455    -7.202    -4.794
     1.394    -1.942    -1.259
     1.302     5.534     2.066
     3.037    11.979     0.861
     3.135     4.059     2.928
    -1.106    -7.649     3.444
    -4.278    -1.694    -0.199
    -2.834     3.762    -1.710
    -1.464    -8.219    -2.627
     0.833   -12.840    -7.163
     3.039     2.628    -8.915
     1.343    11.330    -3.037
     0.573     3.930    -0.969
     1.283     1.520    -2.467
    -0.067    -1.414     1.420
    -2.156   -10.536     3.930
     0.284    -4.440     3.462
     4.968    10.072     3.432
     3.213     9.532     4.075
    -4.272    -1.829     5.085
    -8.996   -10.629     1.739
    -4.132   -13.251    -3.361
     4.965    -6.195    -4.507
     8.745     5.231    -4.186
     4.667     9.663     1.384
    -4.086     6.001     9.502
    -6.634     0.164     3.656
    -0.581     1.706    -4.841
     3.368     2.873    -2.400
     1.842    -6.277    -2.416
    -0.265    -5.581     0.428
    -1.636     8.549     8.456
    -1.803     7.225     4.595
     1.283    -8.989    -5.133
     5.326    -9.234    -8.310
     3.626     5.777    -6.855
    -5.032     9.917    -2.193
   -10.642     0.534     2.608
     0.000     0.000     0.000
     3.038    -3.047     5.739
     9.793    -1.178     2.825
     9.834     0.921    -2.987
     2.404     8.248    -2.083
    -5.342     7.924    -0.630
    -7.697    -0.198    -4.455
    -6.364    -5.611    -5.243
    -0.517    -9.715    -0.315
     5.178   -10.242     3.923
     5.586    -5.337     5.289
     3.598     3.902     6.109
    -2.102    11.649     5.177
    -7.786     6.596     3.039
    -5.729    -4.174    -0.728
     2.243    -3.287    -6.982
     8.747     7.929    -8.293
     5.773    11.101    -1.346
    -4.335    -3.541     7.858
    -7.820   -17.333    11.510
    -0.308   -10.798     4.439
     6.266     1.286    -7.106
     2.261     0.987    -8.971
    -5.799    -7.508    -5.015
    -5.611    -7.114    -7.627
     2.139     7.815    -8.592
     5.067    13.497    -0.644
     0.780     7.041    10.683
    -1.183     9.608    17.438
    -0.228     9.855    10.712
    -0.977    -8.835    -3.273
    -0.706   -17.542    -8.250
     0.950     3.698    -4.636
     1.196    15.663    -4.193
    -0.130    -0.146    -5.959
    -2.204   -13.857    -4.995
    -4.742   -13.068    -2.853
    -5.203   -10.771    -0.308
     2.226    -7.923     4.478
    11.741     7.664    14.784
     9.895    24.613    14.831
    -1.059    24.590    -3.134
    -8.049     9.330    -9.304
    -7.520   -13.604    -0.349
    -5.159   -21.435    -1.141
     0.476    -2.490    -6.082
     7.379     6.380    -2.632
     6.205    -8.526     3.073
     0.533   -11.509     4.765
    -3.017     2.716    -0.621
    -3.899    11.428    -7.643
    -3.620     5.608    -3.414
    -3.035    -6.203     5.601
     1.141    -5.093     2.230
     5.959     4.165    -5.869
     7.252     2.489    -0.258
     5.624     2.138    11.982
    -1.291    13.239    13.915
    -9.111     7.225     3.065
    -9.552   -17.425   -11.758
    -6.421   -18.958   -14.589
    -2.204     1.524    -5.505
     5.838     7.497    -2.847
     0.000     0.000     0.000
    10.566     0.780     4.285
     0.448     1.560    12.606
   -11.354     2.661     5.876
   -11.416     1.131    -3.902
    -1.709    -6.336    -3.982
     4.993    -7.261     0.214
     4.582     5.497     2.382
     0.373    14.911     6.097
     0.193     7.822    10.452
     3.198    -2.430     5.048
     1.798    -7.387    -8.617
    -0.647    -8.399   -14.175
    -2.111    -3.789    -7.459
    -2.731    -0.198    -2.407
     0.353     1.515    -2.282
     3.224     1.484    -0.574
     1.896    -5.756     1.276
    -1.384    -9.175     6.412
    -2.370    -1.255    12.135
    -1.599     6.455     5.855
    -1.048    11.319    -2.649
     0.567    14.134    -1.952
     2.609     4.799    -3.386
     2.620    -8.914    -6.295
     0.263    -9.179    -3.910
     0.000     0.000     0.000
    -1.141     0.515    -1.016
    -0.029    -2.295     3.238
    -0.941    -1.630     2.733
    -1.806    -0.779    -3.097
     0.741    -2.617    -4.044
     3.748    -1.597     4.570
     4.181     5.403     8.951
     1.044    10.761     2.621
     0.000     0.000     0.000
    -4.857    -4.203    -4.023
    -2.719     1.077     0.996
     0.372     3.892     4.510
     3.295    -4.393     0.089
     3.626    -9.500    -6.016
     2.484    -4.170    -5.126
     1.401     2.354     0.615
    -2.505     2.652     2.888
     0.000     0.000     0.000
    -0.421     4.643    -0.449
     2.163     3.611    -4.756
     1.012    -3.697    -3.504
     0.679    -4.332     3.231
     1.234    -0.711     4.029
     0.586     2.219     3.403
    -1.106     5.634     5.108
    -3.024     4.112     0.460
    -3.193    -2.109    -5.432
    -1.300    -7.182    -6.499
     0.002    -5.939    -6.805
     1.555     2.890    -1.682
     4.114     7.146     6.457
     2.176     1.486     5.707
    -4.459    -3.831     3.016
    -5.229    -4.424     6.488
     0.321     0.067     3.671
     2.579     3.646    -8.012
     2.794    -0.725   -11.095
     1.899    -5.056    -3.273
    -2.005    -1.615     1.513
    -1.601     5.885     1.093
     2.995     8.906     2.925
     2.486     5.136     7.164
    -2.711    -1.198     6.081
    -5.068    -5.665    -1.400
    -2.119    -5.763    -6.756
     2.620    -5.094    -4.254
     4.432    -2.764     1.759
     2.212     3.285     2.716
     0.312     4.612    -1.665
    -0.479    -0.317    -4.845
    -2.063    -4.075    -3.487
    -1.590    -1.887    -0.204
     0.613     4.736     3.278
     0.000     0.000     0.000
     1.158    -2.652     1.806
     1.158    -1.632    -2.644
    -0.059     2.750    -3.454
    -2.141     0.587    -2.624
    -1.591    -3.574     0.886
    -0.620    -2.072     4.115
    -2.565     4.805     4.016
    -2.052     4.149     2.163
     1.944    -5.049    -1.007
     3.348    -5.839    -3.820
     1.878     1.362    -4.301
     0.357     2.108    -2.359
    -1.700    -1.533     2.010
    -3.536     0.488     5.705
    -1.876     2.775     2.942
     0.700    -1.188    -2.277
     1.297    -3.212    -0.483
     0.000     0.000     0.000
     0.931     3.365    -0.636
    -0.515     1.062    -4.956
    -0.285    -1.408    -1.031
    -0.295    -0.248     5.779
    -0.879     3.082     5.950
    -0.116     2.197    -0.663
     1.467    -3.459    -4.444
     1.060    -5.133    -2.443
    -1.784    -1.147     0.145
    -3.529     3.278     2.599
    -0.020     3.449     3.704
     4.987    -1.454     0.438
     3.856    -3.156    -2.333
    -1.284     1.305    -0.505
    -3.635     3.834    -0.433
    -1.923    -0.314    -3.267
     0.723    -6.511    -3.252
     1.910    -4.945    -0.888
     0.986     1.694     0.364
     0.056     2.000     0.684
     0.187     0.835     3.005
    -1.599     3.954     4.699
    -2.930     4.308     0.750
     0.410     0.776    -3.662
     4.294    -2.044    -1.388
     3.437    -3.161     2.115
     0.044    -1.634     1.445
    -2.174     3.390     0.370
    -3.453     4.480    -0.038
    -3.073    -1.689     0.701
    -0.769    -3.719     1.053
     1.062    -1.677    -3.206
     1.244    -3.214    -5.676
     1.792    -3.341     0.848
     3.413     0.158     7.535
     2.382     4.760     5.441
    -1.505     7.184    -0.030
    -4.769     2.368    -3.639
    -4.570    -3.554    -3.896
    -0.392    -1.002    -0.842
     2.140     1.843     0.825
     2.255    -4.068    -0.743
     3.942    -7.276    -0.960
     2.826    -1.951     3.215
    -1.569     0.385     3.287
    -2.945    -1.211    -4.972
    -2.053     0.916    -7.686
    -0.397     2.623     0.579
     1.602     1.187     6.331
     1.066     3.307     3.331
     0.703     5.025    -0.800
     1.235     1.761    -0.475
    -1.221    -0.460     1.171
    -2.352    -3.039    -0.968
     0.233    -3.434    -2.148
     0.785     3.207     1.624
     0.180     3.798     1.841
     1.427    -3.184    -2.219
     1.095    -3.434    -1.900
    -0.541    -0.539     0.293
    -0.785    -1.669    -0.732
    -0.748    -1.317    -0.422
    -1.302     0.818     1.742
    -1.776     0.966     1.255
     0.173     0.970    -0.370
     1.991     2.090    -0.643
    -0.163     2.438     0.040
    -2.020    -0.065     1.671
    -1.649    -2.971     1.856
    -0.517    -2.921    -0.576
     1.636    -1.124     0.094
     0.000     0.000     0.000
     1.396     3.192    -0.641
    -0.621     3.419    -2.311
    -0.783     0.881    -0.837
    -1.344    -4.420    -1.768
    -2.371    -4.287    -2.621
    -0.891    -0.883    -0.109
     1.638    -1.574     1.641
     2.925    -0.696     0.717
     2.529     3.698    -0.303
     0.878     5.655    -0.052
    -1.171     2.807     1.638
    -2.427    -1.291     1.225
    -1.531    -3.325    -2.834
     1.238    -3.439    -4.170
     2.365     0.282     1.428
    -0.307     4.043     7.239
    -2.582     2.050     3.460
    -2.173    -0.429    -4.429
    -0.991    -1.761    -6.288
    -0.107    -3.154    -4.074
     0.921    -0.995    -0.305
     2.426     1.974     2.934
     2.021     3.161     3.987
    -0.194     2.214     5.508
    -1.531    -1.135     4.437
    -2.377    -2.073    -1.200
    -2.795    -0.772    -4.586
    -1.425    -0.984    -3.279
     0.547    -1.518    -1.135
     1.945    -0.189    -0.410
     2.749     1.216    -2.389
     2.548     0.332    -4.258
     1.411    -0.024     0.367
    -1.374    -0.027     6.894
    -2.970     0.058     5.400
    -0.320     2.396    -0.705
     2.678     0.553    -3.541
     2.540    -3.594    -2.892
     0.251    -0.887    -0.582
    -1.666     1.883     1.857
    -1.793    -0.346     1.877
    -0.573    -1.034     1.305
     0.315     0.822     1.991
    -0.442     1.598    -0.019
    -0.885     1.466    -3.578
     0.428     0.848    -3.386
     0.617    -0.772     0.136
    -0.493     0.243     2.289
    -0.311     2.902     1.241
     0.235     1.700     0.305
     0.125    -0.894     0.454
    -0.458    -1.588     0.467
    -0.282    -1.987     0.460
     0.796    -2.458    -0.132
     1.191    -1.128    -1.780
     1.063     0.885    -1.945
    -0.085     1.027    -0.158
    -1.005     0.439    -0.592
     0.414    -0.099    -1.563
     1.800    -1.117    -0.850
     0.940    -0.282    -0.367
    -0.049     2.500     0.726
    -0.462     1.768     1.021
    -1.528    -0.874    -0.190
    -1.248    -0.375     0.696
     0.435     0.077     2.197
     1.226    -0.535     0.692
     1.081    -0.431    -0.658
     0.458    -1.062     0.147
    -0.547    -0.871     0.604
    -0.931     2.662     1.118
    -0.213     3.495     1.569
     0.757    -0.707    -0.341
     1.184    -2.130    -3.403
    -0.174    -0.727    -3.280
    -1.546    -0.375     0.212
    -1.319    -0.438     2.394
    -0.728     0.164     1.920
     0.324     0.578     0.835
     0.642    -1.282    -0.150
     0.012    -2.579    -0.469
     0.137    -1.131    -0.421
     0.694     0.291    -1.003
    -0.043     0.616    -1.442
    -0.996     1.712    -0.762
    -0.833     1.973     1.481
    -0.852    -0.412     2.073
     0.374    -1.632    -0.964
     1.807    -1.401    -2.018
     0.905    -0.827     0.518
    -1.239     0.271     2.327
    -2.540     1.163     1.359
    -0.425     2.791    -0.797
     1.969     2.291    -1.499
     1.513    -0.447    -1.373
     0.400    -0.441    -1.350
    -0.551     1.266    -0.161
    -0.319    -0.280     1.918
     0.799    -3.426     2.604
     0.534    -2.085     0.683
    -0.531     1.023    -1.837
    -1.513     0.446    -1.853
    -2.459    -1.211    -0.104
    -1.613     0.360     0.111
     1.115     3.449    -0.480
     2.273     2.194     1.403
     1.437    -1.601     3.274
     1.032    -0.747     1.095
     0.462     1.885    -1.897
    -1.128     0.182    -2.487
    -2.539    -1.692    -1.134
    -2.202    -0.804     0.328
     0.090    -0.376     0.013
     1.906    -1.646    -0.482
     2.146    -3.089     0.168
     0.835    -1.004     2.420
    -1.182     2.006     3.602
    -1.341     1.353     0.422
    -0.727     0.399    -2.361
    -0.829     1.073    -0.613
    -0.202     1.558     2.508
     0.804     0.851     1.825
     1.171    -0.740    -1.504
     1.115    -1.564    -1.971
     0.481    -0.199    -0.757
    -0.498     0.645    -0.973
    -0.310    -0.683    -0.881
     0.236    -0.944     0.212
    -0.469    -0.393    -0.024
    -0.262    -1.040    -1.132
     0.800    -1.483    -0.895
     0.570     0.995     0.782
    -0.505     2.696     2.185
    -0.900     0.040     1.266
     0.414    -1.075    -0.848
     1.211    -0.401    -0.990
     1.145    -1.030     0.180
     1.079    -0.289    -0.653
    -0.664     1.257    -0.387
    -1.980    -0.269     2.403
    -0.583    -2.792     1.132
     1.479    -1.070    -2.541
     1.594     1.368    -3.617
     0.456     1.565    -2.169
     0.054     2.646     1.030
     0.154     1.764     2.668
    -0.458    -2.105     1.740
    -0.872    -2.363     0.165
    -0.205     0.476    -0.687
    -0.399    -0.080    -1.099
    -0.852    -2.207    -1.583
    -0.265    -0.629    -0.275
     0.839     1.914     0.543
     1.126     1.965    -1.347
    -0.057     2.037    -1.475
    -0.977     1.868     1.385
    -1.402     0.258     2.532
    -0.657    -0.605    -0.042
     0.862    -0.409    -2.372
     1.785    -0.451    -0.752
     1.494    -0.426     2.395
    -0.146     0.760     3.487
    -0.989     0.405     2.098
    -0.814    -1.123     0.026
    -0.841    -0.306    -0.687
    -0.820     0.111    -1.771
     0.365    -1.126    -3.188
     0.610    -0.812    -1.135
    -0.509     1.390     2.466
     0.275     1.495     2.271
     1.218    -0.795    -1.725
     1.064    -1.519    -3.794
    -0.108    -0.785    -1.648
    -1.568     0.227     0.799
    -1.286     1.231     2.107
    -0.170     0.944     2.956
     0.751    -0.670     2.161
     0.575    -0.944     0.015
    -0.575     0.281    -1.288
    -0.876     0.596    -1.610
    -0.295     0.578    -1.523
     0.191    -0.066    -0.933
     0.679    -0.455     0.096
    -0.048     0.763     1.059
    -0.984    -0.132     0.223
     0.918    -1.553    -0.084
     1.623     0.415     1.626
    -0.787     1.118     0.674
    -1.403    -0.670    -1.354
    -0.234    -0.295     0.187
     0.182     0.687     2.132
     0.665    -0.020     0.614
     1.141     0.139    -1.932
     0.430     1.221    -1.436
    -0.536     1.003     0.760
    -0.373    -0.669     0.894
     0.174    -2.065    -0.822
     0.062    -1.770    -1.657
     0.108    -1.280    -0.321
     0.062    -0.732     1.716
     0.100     0.865     1.870
     0.074     1.668     0.139
    -0.500     0.958    -0.090
     0.248    -0.070     1.081
     0.566     0.160    -0.354
    -0.558     0.646    -2.839
    -0.945     0.017    -1.795
    -0.289     0.155     1.444
     0.140     0.082     1.931
     0.071    -1.027     0.166
     0.687    -1.367     0.517
     0.492    -0.754     1.511
     0.043     0.911     0.224
     0.046     2.253    -1.241
     0.105     0.845    -0.945
     0.048    -0.558     0.125
    -1.670     0.836     0.529
    -1.824     0.495    -0.741
    -0.162    -1.041    -1.584
     0.721     0.389     0.286
     0.527     0.572     1.018
     0.014    -1.623    -0.177
     0.672    -1.810     0.028
    -0.083    -0.049    -0.064
    -0.984     0.146    -1.142
     0.283    -0.373    -0.926
     1.172     0.825     0.165
     0.440     1.125     0.531
    -0.559    -0.015     0.496
     0.219    -0.993     0.454
     1.173    -1.342    -0.076
     0.454    -0.724    -1.164
    -1.151     0.354    -1.458
    -1.955     1.250     0.283
    -1.255     0.516     1.673
     0.379    -1.074     1.410
     2.329    -1.312     0.313
     2.515     0.436    -1.216
     0.757     1.810    -1.464
    -1.210    -0.189    -0.861
    -1.960    -1.437    -0.380
    -1.245     1.041     0.131
    -0.206     1.636     0.568
     0.725    -1.224     1.098
     1.144    -1.249     1.513
     0.431     1.557     1.470
    -1.101     1.567     0.285
    -1.401    -0.041     0.018
    -0.180    -0.983     0.571
     0.702    -1.334    -0.673
     1.162    -0.692    -1.502
     1.027     0.337    -0.856
    -0.084     1.300     0.826
    -0.992     0.485     1.554
    -0.846    -1.006    -0.236
    -0.855    -0.179    -1.032
    -0.847     0.774    -0.359
     0.329     0.058     0.127
     1.174    -0.952     0.014
     1.091    -0.758    -0.499
     0.464     0.916     0.141
    -0.516     2.311     1.181
    -0.921     1.456     0.932
    -0.828    -1.214    -0.081
    -0.269    -1.842    -1.129
     0.772     0.535    -1.414
     1.135     1.766    -0.273
     0.501     0.455     0.691
    -0.520    -1.612     1.076
    -0.895    -1.768     0.993
     0.336     0.519    -0.146
     1.194     1.197    -0.477
     1.100     0.014    -0.458
     1.081     0.199    -1.013
    -0.662     0.697    -0.871
    -1.957    -0.533    -0.386
    -0.632    -1.396     0.743
     0.254    -0.126     1.580
     0.141     0.753     0.334
     0.142     0.648    -0.568
     0.129     0.043     0.149
     0.140    -0.964     0.564
     0.135    -0.191     0.537
    -0.438     0.749     0.511
    -0.866     0.048    -0.063
    -0.235    -0.386    -0.498
     0.203    -0.342     0.130
     0.152    -0.337     0.004
     0.145    -0.332    -1.098
     0.154    -0.347    -0.859
     0.140    -0.330     0.161
     0.160    -0.355     0.604
     0.720    -0.331    -0.097
     0.600    -0.357    -1.064
    -0.493     0.246    -0.331
    -0.844     1.241     1.215
    -0.815     0.465     0.352
    -0.206    -1.043    -2.298
     0.790    -0.801    -1.763
     0.601     0.284     0.856
     0.106     1.238     1.593
     0.149     1.617     1.451
     0.163     0.392     0.888
     0.154    -1.058    -0.737
     0.746    -1.392    -2.110
     0.590    -0.752    -1.297
    -0.467     0.276     0.239
    -0.274     0.068     0.555
     0.206    -0.419     0.513
     0.173    -0.378    -0.098
    -0.422     0.201    -1.093
    -0.260     1.804    -0.923
     0.785     1.438     0.180
     0.032    -0.669     0.534
    -0.326    -0.904    -0.066
     0.205     0.261     0.033
     0.163     0.618     1.134
     0.157     0.013     0.322
    -0.416    -0.455    -1.724
    -0.854    -0.393    -0.216
    -0.792    -0.391     2.240
    -0.226    -0.408     1.309
     0.800     0.777    -0.194
     1.747     1.023     0.029
     1.564    -0.616    -0.044
    -0.107    -0.927    -0.534
    -1.484    -0.912     0.101
    -1.847    -1.439     0.527
    -1.172    -0.189     0.494
    -0.196     1.221    -0.113
     0.807     0.425    -1.104
     1.146     0.058    -0.352
    -0.029     1.169     1.167
    -0.935     0.981     1.487
    -0.815    -0.658     0.287
    -0.249    -0.917    -0.597
    -0.385     0.787     0.085
    -0.292     1.023    -0.049
     0.747    -0.062    -1.114
     0.577     0.080    -0.926
     0.064     0.028    -0.436
     0.132    -1.070    -0.474
     0.103    -0.845     0.095
     0.135     1.338     1.103
     0.098     1.475     1.488
     0.128    -0.714     0.278
     0.673    -0.929    -1.167
     0.555     0.774    -0.937
    -0.528     1.011     0.713
    -0.326    -0.644     1.538
     0.134    -1.523    -0.289
     0.115    -1.375    -1.594
     0.658    -0.835    -0.893
    -0.030     0.801     0.734
    -0.978     2.149     1.527
    -0.288     1.383    -0.270
     0.116    -0.166    -0.461
    -0.464    -1.051     0.576
    -0.376    -1.467    -0.096
     0.142    -0.799    -0.530
     0.055     0.186    -0.486
    -0.482     0.611     0.099
    -0.956     1.097    -0.036
    -0.306     0.981    -1.107
     0.674    -0.098    -0.911
     0.514    -1.051     0.136
     0.000    -0.873     0.551
     0.054     0.202    -0.093
     0.047     0.595    -0.526
    -0.520    -0.031     0.092
    -0.387     0.104     1.107
     0.657     0.590     0.936
     1.066    -0.032    -0.143
     0.421    -1.033    -0.514
    -0.007    -0.874    -0.496
     0.020     0.226     0.125
    -0.530     0.005     0.522
    -0.403    -0.429     0.516
     0.648     0.126     1.043
     0.477     0.054     0.361
    -0.032     0.100    -1.144
     0.026     0.619    -1.487
    -0.563     0.554    -0.280
    -0.396    -0.015     1.160
     0.622    -0.442     0.380
     0.477    -0.426    -1.147
    -0.037     0.205    -0.324
    -1.124     1.149     1.145
    -1.998     1.041     0.958
    -0.194    -0.087    -0.128
     1.702    -0.987    -1.088
     1.419    -1.429    -0.899
     0.366    -0.762     0.146
    -0.627     0.804     0.581
    -0.984     1.064     0.481
    -0.388    -0.013    -0.034
     0.641    -1.033    -0.549
     1.029    -0.791    -0.418
     0.402     0.774    -0.503
    -0.025     1.111    -0.409
    -0.016    -0.045     0.641
     0.034    -0.968     1.027
    -0.017    -0.828     0.439
    -0.522     0.267    -0.048
    -0.453     0.652    -0.522
     0.091     0.036    -0.448
    -0.009    -0.399     0.114
     0.045    -0.372    -0.012
     0.567     0.231    -0.492
     0.472     0.647    -0.461
    -0.596    -0.511     0.124
    -0.986    -1.408     0.553
    -0.360    -0.172     0.520
     0.056     0.722     0.505
     0.628     0.058     0.512
     1.008    -0.372     0.508
     0.457    -0.359    -0.060
    -0.616    -0.312    -0.499
    -0.945     0.218     0.114
     0.186     0.702    -0.009
     1.112     0.622    -0.496
     1.004     0.084    -0.455
     0.430     0.187    -0.457
    -0.562     0.688     0.127
    -0.979    -0.491     0.549
    -0.324    -1.381    -0.042
     0.066    -0.136    -1.080
     0.087     1.285    -0.883
     0.021     0.556     0.711
    -0.486    -1.000     1.015
    -0.394    -0.157     0.460
     0.111     0.138     1.076
     0.068    -0.875     1.491
     0.055    -0.206     0.344
     0.081     0.194    -1.129
     0.042    -0.340    -1.466
     0.097    -0.311    -0.294
     0.037     0.286     1.175
     0.103     0.686     0.947
     0.041     0.137    -0.660
     0.107    -0.382    -1.530
     0.628     0.306    -0.856
    -0.026     0.674     0.149
    -0.961     0.142     0.564
    -0.318     0.764     1.066
     0.138     1.159     1.501
     0.083    -0.502     0.328
     0.672    -0.789    -1.121
     0.507     0.889    -0.913
    -0.486     0.570    -0.424
    -0.934     0.231     0.115
    -1.399     1.230     0.538
    -0.759     0.011    -0.061
     0.782    -1.406    -1.081
     0.524    -0.685    -1.481
    -0.467     0.315    -0.300
    -0.372     0.162     0.582
     0.168    -0.316    -0.055
     0.086    -0.311    -0.518
     0.124    -0.828     0.091
     0.093    -0.191     1.095
    -0.442     1.342     0.927
    -0.328     0.528    -0.109
    -0.417    -0.916    -0.541
    -0.307    -0.198     0.099
     0.133     1.322     0.510
     0.137     1.120    -0.052
     0.092    -0.505     0.019
    -0.430    -1.338     0.541
    -0.338    -0.718     0.469
     0.160    -0.233    -0.070
     0.119    -0.871    -1.104
     0.110    -0.723    -1.490
     0.127     1.419    -0.324
     0.660     2.151     0.562
     1.147    -0.092     0.497
     0.487    -0.851     0.465
    -0.453     0.863     0.479
    -0.363     1.122     0.465
     0.185    -0.468    -0.658
     0.659    -1.397    -1.538
     1.141    -1.259     0.208
     0.506    -0.732     1.562
    -0.482     0.315     0.299
    -0.324     0.688    -1.127
     0.139     0.094    -0.416
     0.144    -0.354     1.121
     0.093    -0.337     0.891
     0.144     0.265    -0.124
     0.091     0.100    -0.568
     0.139    -0.335    -0.506
     0.094     0.205     0.619
     0.131     0.698     1.484
     0.106     0.623     0.315
    -0.436    -0.484    -1.176
    -0.318    -1.384    -0.946
     0.147    -0.748     0.064
     0.136     0.278     0.521
     0.109     0.667    -0.126
     0.130     0.645    -0.544
     0.106     0.042     0.585
    -0.433    -0.372     0.366
    -0.879     0.751    -1.148
    -0.283     0.542    -0.981
     0.163    -0.986     0.081
    -0.430    -0.802     1.040
    -0.311     0.240     0.889
     0.713     0.662    -0.163
     0.577     0.051    -0.577
     0.089     0.165    -0.532
     0.111     0.631     0.026
    -0.431     0.051    -0.072
    -0.874    -0.411    -0.581
    -0.272    -0.366     0.600
     0.158     0.187     1.438
     0.146     0.083     0.305
     0.116    -0.409    -1.201
    -0.414    -0.373    -1.537
    -0.318    -0.375    -0.397
     0.175     0.189     0.511
     0.129     1.181     0.445
     0.141     1.579     0.410
     0.124     0.433     0.440
     0.143    -1.030    -0.167
     0.128    -0.833    -1.111
     0.144    -0.359    -1.027
     0.132    -0.367     0.082
     0.145     0.168     0.987
     0.137     0.619     0.889
     0.145     0.019    -0.200
     0.703    -0.426    -0.582
     0.585     0.160    -0.006
     0.119     0.613    -0.105
     0.131     0.018    -0.575
    -0.395    -0.987    -0.570
    -0.850    -0.291     0.575
    -0.245     1.199     1.424
     0.741     0.455     0.283
     0.615    -1.013    -0.090
    -0.435    -0.868     0.441
    -0.836     0.203    -0.153
    -0.253     0.604    -0.592
     0.202     0.020    -0.566
     0.167     0.118    -0.003
     0.165     0.589     1.002
    -0.396     0.022     0.283
    -0.817     0.105    -1.173
    -0.258     0.608    -0.473
    -0.329    -0.566     1.035
    -0.838    -1.418     0.849
    -0.210    -0.843    -0.735
     0.737    -0.338    -1.059
     0.654     0.152     0.573
     0.112     0.613     1.436
     0.189     0.566     0.820
     0.151     0.004    -0.194
    -0.364    -0.429    -0.609
    -0.271    -0.422    -0.566
     0.199    -0.378    -0.560
     0.195     0.134    -0.001
    -0.392     0.629     0.437
    -0.785    -0.010     0.955
    -0.263    -0.408     0.843
     0.246     0.127    -0.751
     0.155     0.067    -1.037
     0.203    -0.436     0.546
     0.152    -0.398     1.461
    -0.358     0.164     0.240
    -0.274     0.041    -1.158
     0.205    -0.404    -0.497
     0.191     0.683     0.499
     0.167     1.076     0.387
     0.743    -0.029    -0.123
     1.157    -0.403    -0.068
     0.056    -0.424     0.453
    -0.868    -0.357     0.398
    -0.238    -0.406    -0.138
     0.198    -0.365    -0.596
     0.183     0.161    -0.562
     0.167     0.069     0.006
     0.167     0.148     0.436
     0.174     0.604     0.424
     0.159     0.050    -0.153
     0.727    -0.425    -0.583
     0.600    -0.369    -0.561
    -0.407    -0.387    -0.550
    -0.292     0.196     0.013
    -0.361     0.615     0.441
    -0.817     0.611     0.441
     0.291     0.586     0.399
     1.193     0.047    -0.670
     0.573    -0.402    -1.047
    -0.427    -0.371     0.596
    -1.404     0.194     1.431
    -1.255     0.084     0.313
     0.322    -0.382    -0.627
     1.181     0.185    -0.542
     0.580     0.091     0.008
    -0.454     0.174     0.471
    -0.842     0.633     0.437
    -0.296     0.072     0.426
     0.187    -0.387    -0.120
     0.676    -0.352    -1.123
     1.143     0.203    -0.976
     0.533     0.106     0.041
    -0.441    -0.372     0.489
    -0.880     0.206    -0.112
    -0.828     0.653    -0.553
    -0.288     0.087    -0.534
     0.162    -0.374     0.029
     0.121     0.209     0.485
     0.120     0.112    -0.656
     0.657    -0.356    -0.979
     0.566     0.213     0.033
    -0.469     0.664     0.516
    -0.872     0.649     0.437
    -0.866     0.630    -0.625
    -0.281     0.642    -1.010
     0.675     0.083     0.078
     0.579    -0.352     0.485
     0.060    -0.331    -0.070
    -0.440    -0.318    -0.544
    -0.356    -0.313    -0.509
     0.135    -0.320     0.052
     0.096     0.242     1.033
     0.109     0.125     1.466
     0.086    -0.329     0.322
     0.107    -0.326    -1.102
     0.084    -0.309    -0.970
    -0.436     0.243     0.085
    -0.904     0.130     0.514
    -0.857    -0.315     0.482
    -0.327    -0.336     0.479
     0.136    -0.280    -0.084
     0.640     0.217    -0.506
     1.094     0.719     0.037
     0.507     0.093     0.526
    -0.477    -0.858     0.472
    -0.365    -0.231    -0.057
     0.667    -0.364    -0.526
     1.090    -1.313    -0.481
     0.517    -0.183    -0.478
     0.054     1.274     0.067
    -0.458     1.116     1.069
    -0.893     0.107     0.922
    -0.325    -0.356    -0.063
     0.125    -0.291    -0.543
     0.104    -0.313    -0.458
     0.095    -0.280     0.044
     0.092     0.237     0.547
     0.099     0.709     0.475
    -0.448     0.118    -0.034
    -0.882    -0.865    -1.067
    -0.325    -1.309    -0.915
     0.676    -0.712     0.631
     0.559     0.271     0.429
     0.073     0.718     0.040
     0.643     0.662     1.029
     0.537     0.131     0.412
    -0.447    -0.342    -1.085
    -0.898    -0.296    -0.917
    -0.304     0.237     0.083
     0.132     0.702     1.091
     0.124     0.666     1.474
     0.656     0.120     0.378
     0.550    -0.333    -0.535
     0.103    -0.312    -0.488
    -0.455    -0.298    -0.469
    -0.848    -0.305     0.075
    -0.331    -0.297     1.061
     0.170     0.236     0.947
     0.654     0.692    -0.618
     0.580     0.116    -1.497
     0.091    -0.330    -0.370
    -0.429     0.218     0.561
    -0.854     0.693     0.504
    -0.318    -0.437     1.036
     0.173    -1.316     0.923
     0.104    -0.224    -0.068
     0.154     0.730     0.026
     0.094     0.105     0.509
    -0.372    -0.866     0.501
    -0.348    -0.253    -0.059
     0.181     0.713    -0.500
     0.113     0.103    -0.489
    -0.384    -0.333    -0.472
    -0.331     0.197    -0.476
     0.160     0.137    -1.020
     0.136     0.193    -0.920
     0.130     0.661     0.077
     0.139     0.098     0.531
     0.125    -0.351     0.485
     0.146     0.197     0.487
    -0.416     0.666     0.477
    -0.294     0.093    -0.063
     0.136    -0.897    -0.505
     0.159    -0.257    -0.504
     0.123     0.678     0.074
     0.141     0.101     0.487
     0.671    -0.361    -0.032
     0.584    -0.356     0.006
     0.124    -0.336    -0.032
     0.115     0.194    -0.518
     0.148     0.111     0.050
     0.120    -0.910     0.501
    -0.383    -0.794    -0.064
    -0.860     0.196     0.038
    -0.276     0.131     0.467
     0.689    -0.389    -0.573
     0.605    -0.335    -1.534
     0.110     0.157    -0.910
    -0.408     0.666     0.050
    -0.844     0.585     0.527
    -0.296     0.095     0.464
     0.167    -0.413    -0.065
     0.139    -0.347    -0.523
     0.142     0.164    -0.510
     0.126     0.098     0.055
     0.142     0.162     0.481
    -0.407     0.607     0.492
    -0.840     0.623     0.448
     0.237     0.034    -0.604
     1.150    -0.364    -1.523
     0.576     0.128    -0.397
     0.105     0.119     0.513
    -0.410    -0.419     0.490
    -0.848    -0.344     0.994
    -0.288     0.137     0.910
     0.150     0.647    -0.094
     0.161     0.580    -1.066
     0.112     0.068    -0.972
     0.154    -0.408     0.067
     0.106    -0.379    -0.054
     0.163     0.168     0.043
     0.639     0.071     0.990
     0.617    -0.376     0.399
     0.088     0.141    -0.551
    -0.376     0.626    -0.511
    -0.867     0.051     0.039
    -0.799     0.148     0.487
     0.233     0.593     0.487
     0.626     0.068     0.443
     0.126    -0.403     0.491
     0.132    -0.382     0.432
     0.138     0.162    -0.033
     0.141     0.080    -0.560
     0.144    -0.390    -1.000
    -0.388     0.160    -0.983
    -0.298     0.604     0.097
     0.159     0.615     1.003
    -0.373     0.037     0.955
    -0.827    -0.913     0.433
    -0.285    -0.851    -0.061
     0.176     0.198     0.012
     0.165     0.614    -0.048
     0.152     0.082    -0.495
     0.159     0.136    -0.509
     0.152     0.073    -0.469
     0.165    -0.374    -0.504
     0.153    -0.386    -0.460
     0.169    -0.350     0.028
     0.157     0.156     1.057
    -0.359     0.641     0.914
    -0.811     0.061    -0.044
    -0.264    -0.369    -0.535
     0.194     0.153    -0.474
     0.182     0.099     0.046
     0.174    -0.368    -0.016
     0.173    -0.373     0.042
     0.710    -0.344     0.501
     0.632     0.169    -0.033
     0.167     0.649    -0.495
     0.176     0.075     0.054
    -0.352    -0.892    -0.022
    -0.250    -0.820    -0.473
     0.186    -0.328     0.045
     0.212    -0.332     0.529
     0.177     0.715     1.021
    -0.328     1.624     0.960
    -0.791     0.524    -0.070
    -1.292    -0.369    -0.469
    -0.677     0.156    -0.504
     0.231     0.665    -0.424
    -0.298     0.094    -0.495
    -0.253    -0.875    -0.421
     0.218    -0.802     0.040
     0.203    -0.313     0.025
     0.211    -0.315     0.042
     0.191    -0.329    -0.001
    -0.317    -0.316     0.060
    -0.770     0.199     0.518
    -0.224     0.678     0.535
     0.229     0.106    -0.041
     0.219    -0.319    -0.445
     0.212    -0.349    -0.493
     0.199    -0.292    -0.416
     0.216     0.199     0.051
     0.194     0.159     0.031
     0.218    -0.333    -0.479
     0.191    -0.311    -0.447
     0.224    -0.310     0.081
     0.197    -0.304     0.007
     0.218     0.233    -0.445
     0.198     0.671     0.585
     0.210     0.157     1.525
     0.201    -0.336     0.951
    -0.323     0.236    -0.021
    -0.243     0.140    -0.491
     0.201    -0.292     0.078
     0.220     0.216     0.535
     0.190     0.161     0.528
     0.209    -0.292    -0.003
     0.185    -0.316    -0.474
    -0.319    -0.268     0.085
    -0.266    -0.314    -0.003
     0.207    -0.255    -0.442
     0.193     0.209    -0.463
     0.193     0.731    -0.445
     0.177     0.655     0.087
     0.189     0.181     0.525
    -0.351     0.198     0.542
    -0.786     0.181    -0.028
    -0.274    -0.305    -0.450
     0.202    -0.810    -0.476
     0.701    -0.737    -0.433
     0.632     0.256     0.591
    -0.377     0.720     0.988
    -0.807     0.160    -0.017
    -0.294    -0.287    -0.480
     0.190     0.225     0.060
     0.153     0.717     0.003
     0.159     0.157    -0.462
     0.138    -0.283     0.065
    -0.370    -0.303    -0.009
    -0.310     0.263    -0.452
     0.149     0.690     0.045
     0.150     0.184     0.535
     0.136     0.217     0.502
    -0.387     0.177    -0.016
    -0.840    -0.298    -0.487
    -0.318     0.253    -0.475
     0.133     0.685     0.069
     0.138    -0.340     0.500
     0.108    -0.766     0.531
     0.124     0.252     0.463
     0.101     0.702     0.003
     0.124     0.703    -0.528
     0.095     0.674    -0.442
     0.121     0.155     0.015
     0.092    -0.298     0.016
    -0.412    -0.302     0.018
    -0.364    -0.275     0.505
     0.105    -0.295     0.490
     0.102     0.250    -0.048
     0.091     0.156    -0.482
     0.093    -0.283    -0.518
     0.083     0.215     0.073
     0.096     0.168     0.463
     0.077    -0.296    -0.002
     0.095    -0.307    -0.530
     0.069     0.234     0.043
     0.084     0.679     0.994
     0.072     0.157     0.412
     0.077    -0.318    -0.506
     0.079    -0.314    -0.534
     0.069    -0.296    -0.995
     0.087    -0.311    -0.972
     0.060    -0.291     0.059
     0.093    -0.321    -0.050
     0.055    -0.289    -0.479
     0.091    -0.326    -0.004
     0.050    -0.294    -0.042
    -0.427     0.200    -0.501
    -0.394     0.146    -0.526
     0.087    -0.315     0.037
     0.079    -0.343     0.455
     0.075    -0.297    -0.031
     0.075    -0.351    -0.538
     0.066    -0.283     0.018
     0.084     0.155     0.983
    -0.455     0.176     0.391
    -0.360    -0.377    -0.517
     0.064    -0.298    -0.034
    -0.414     0.151     0.494
    -0.382     0.155     0.434
     0.085     0.162    -0.036
     0.090     0.641    -0.038
     0.078     0.631     0.485
     0.084    -0.423     0.438
     0.074    -0.802    -0.049
     0.093    -0.368    -0.542
     0.081    -0.314    -0.521
     0.092    -0.361     0.010
     0.087    -0.331     0.457
     0.087     0.158     0.474
     0.094     0.637    -0.085
     0.083     0.613    -0.512
     0.100     0.615    -0.537
     0.083     0.598    -0.502
     0.099     0.612     0.006
     0.098     0.075     0.463
     0.099    -0.884    -0.051
     0.111    -0.838    -0.533
     0.086    -0.351     0.006
     0.127    -0.356     0.454
     0.072     0.163     0.477
     0.140     0.607     0.957
     0.064     0.089     0.908
     0.146    -0.376    -0.067
     0.064    -0.393    -0.540
    -0.881     0.679     0.007
    -0.824     1.551     0.456
    -0.375     0.559    -0.032
    -0.324    -0.419    -0.537
     0.121    -0.381    -0.499
     0.129    -0.388    -0.003
     0.105    -0.362     0.488
     0.130     0.141     0.460
     0.092     0.078     0.466
     0.139    -0.364     0.457
     0.093    -0.404    -0.059
     0.147    -0.355    -0.500
     0.094     0.123    -0.009
     0.141     0.619     0.498
     0.101     0.585    -0.061
     0.130     0.595    -0.483
     0.629     0.583    -0.017
     0.573     0.061    -0.016
    -0.387    -0.372    -0.510
    -0.874    -0.414     0.022
    -0.318    -0.342     0.479
     0.109     0.109    -0.029
     0.156     0.638    -0.493
     0.089     0.567    -0.513
    -0.368     0.106     0.046
    -0.875     0.105    -0.048
    -0.315     0.093    -0.465
     0.619    -0.381    -0.001
     0.091    -0.378     0.499
    -0.350    -0.369     0.483
     0.097    -0.372    -0.034
     0.120     0.673     0.032
     0.103     1.046     0.465
     0.113    -0.399     0.000
     0.092    -1.377    -0.513
     0.118    -0.819    -0.469
     0.087     0.152    -0.503
     0.118     0.644    -0.456
     0.086     0.604     0.018
     0.113     0.102    -0.010
     0.082    -0.376     0.042
     0.098    -0.355     0.482
     0.086    -0.360    -0.003
     0.093     0.177    -0.498
     0.087     0.616     0.044
    -0.418    -0.390     0.477
    -0.367    -0.818     0.007
     0.088     0.158     0.010
     0.094     0.644     0.495
     0.097     0.124    -0.024
     0.061    -0.344    -0.475
     0.089    -0.351     0.029
     0.059    -0.326     0.494
     0.087    -0.333     0.514
     0.063     0.191     0.475
     0.079     0.642     0.501
     0.074     0.142     0.472
    -0.442    -0.331    -0.015
    -0.366    -0.336    -0.497
     0.048     0.199     0.030
     0.100     0.653     0.492
     0.034     0.156    -0.003
     0.089    -0.323    -0.488
     0.547    -0.319    -0.486
     0.543     0.206    -0.480
     0.049     0.667    -0.471
    -0.447     0.677     0.028
    -0.397     0.658    -0.013
     0.058     0.156    -0.483
     0.083    -0.308     0.026
     0.047    -0.304     0.480
     0.062    -0.289     0.508
     0.048    -0.291     0.469
     0.061    -0.276    -0.024
     0.056    -0.297    -0.500
     0.054    -0.772    -0.494
     0.068    -0.761     0.021
     0.046     0.257    -0.026
     0.079     0.679    -0.483
     0.551     0.226    -0.504
     0.537    -0.310    -0.490
    -0.463    -0.256     0.022
    -0.895     0.221     0.476
    -0.419     0.210     0.485
     0.084    -0.263     0.464
     0.577    -0.786    -0.042
     0.529    -0.710    -0.509
     0.068    -0.278    -0.509
    -0.452    -0.219     0.005
    -0.893     0.235     0.474
    -0.393     0.739    -0.042
     0.074     0.193    -0.504
     0.088    -0.238    -0.017
     0.068     0.231     0.469
     0.074     0.730     0.464
     0.581     0.730     0.458
     0.531     0.203     0.448
    -0.415    -0.238    -0.055
    -0.905    -0.272    -0.519
    -0.374    -0.220    -0.019
     0.077    -0.259     0.453
     0.115    -0.220    -0.050
     0.578     0.256    -0.520
     0.558     0.740    -0.029
    -0.417     0.738     0.453
    -0.881     0.214    -0.054
    -0.374    -0.229    -0.015
     0.088    -0.266     0.428
     0.120    -0.209    -0.052
     0.072     0.252    -0.527
     0.122     0.254    -0.545
     0.077    -0.249    -0.015
     0.122    -0.224     0.434
     0.083    -0.252     0.456
    -0.389    -0.216     0.426
    -0.357    -0.240    -0.067
     0.086    -0.227    -0.541
     0.132     0.279    -0.538
     0.082     0.223    -0.028
     0.128     0.298     0.444
     0.074     0.709     0.442
     0.131     0.253     0.437
     0.078    -0.243     0.425
    -0.378    -0.239     0.436
    -0.546    -0.209     0.473
     0.000     0.000     0.000
     0.000     0.000     0.000
