********************************************************************************
                       INSTITUTO DE INGENIERIA, UNAM
                   Coordinacion de Instrumentacion Sismica
  Ciudad Universitaria, Apartado Postal 70-472, Coyoacan 04510, Mexico, D.F.
 Tel.(52-5)622-3414    Fax.(52-5)616-1514    e-mail: isismica@pumas.iingen.unam.mx
**************************************************************************************
ARCHIVO ESTANDAR DE ACELERACION:
VERSION DEL FORMATO                    : 2.0
NOMBRE DEL ARCHIVO                     : PARS8606.161
FECHA Y HORA DE CREACION               : Wed Mar 25 14:39:34 1998
REF. CATALOGO ACELEROGRAMAS, SMIS 1995 : REGISTRO No. 776 /PAG. 96


================================================================================
DATOS DE LA ESTACION:
NOMBRE DE LA ESTACION                  : EL PARAISO
CLAVE DE LA ESTACION                   : PARS
LOCALIZACION DE LA ESTACION            : CASA DEL SR. JUSTO CASTALAN, EN EL PARAISO, GUERRERO.
                                       : 
                                       : 
                                       : 
                                       : 
COORDENADAS DE LA ESTACION             : 17.344 LAT. N
                                       : 100.214 LONG. W
ALTITUD (msnm)                         : 720
TIPO DE SUELO                          : ROCA
                                       : 
                                       : 
INSTITUCION RESPONSABLE                : INSTITUTO DE INGENIERIA UNAM 
                                       : 

================================================================================
DATOS DEL ACELEROGRAFO: 
MODELO DEL ACELEROGRAFO                : DSA-1
NUMERO DE SERIE DEL ACELEROGRAFO       : 248
NUMERO DE CANALES                      : 3
ORIENTACION C1-C6 (rumbo;orientacion)  : /S90E/+V/S00E
ORIENTACION C7-C12 (rumbo;orientacion) :
VEL. DE MUESTREO, C1-C6 (muestras/s)   : /200/200/200
VEL. DE MUESTREO, C7-C12 (muestras/s)  :
ESC. COMPLETA DE SENSORES, C1-C6, (g)  : /2/2/2
ESC. COMPLETA DE SENSORES, C7-C12, (g) :
FREC. NAT. DE SENSORES, C1-C6, (Hz)    : /53.1/56.5/52.9
FREC. NAT. DE SENSORES, C7-C12, (Hz)   :
AMORTIGUAMIENTO DE SENSORES, C1-C6     : /0.65/0.64/0.67
AMORTIGUAMIENTO DE SENSORES, C7-C12    :
INTERVALO DE MUESTREO, C1-C6, (s)      : /0.005/0.005/0.005
INTERVALO DE MUESTREO, C7-C12, (s)     :
UMBRAL DE DISPARO, C1-C6, (Gal)        : /5.5/5.5/5.5
UMBRAL DE DISPARO, C7-C12, (Gal)       :
MEMORIA DE PREEVENTO (s)               : 2.56
TIEMPO DE POSEVENTO (s)                : 20


================================================================================
DATOS DEL SISMO:
FECHA DEL SISMO [GMT]                  : 1986/06/16
HORA EPICENTRO (GMT)                   : 05:51:05.6
MAGNITUD(ES)                           : /Mb=4.50/Mc=4.30
COORDENADAS DEL EPICENTRO              : 17.076 LAT. N 
                                       : 99.621 LONG. W 
PROFUNDIDAD FOCAL (km)                 : 34 
FUENTES DE LOS DATOS EPICENTRALES      : INSTITUTO DE INGENIERIA UNAM
                                       : 

================================================================================
DATOS DE ESTE REGISTRO:
HORA DE LA PRIMERA MUESTRA (GMT)       : 05:51:24.00
EXACTITUD DEL TIEMPO (s)               : 1.00
DURACION DEL REGISTRO (s), C1-C6       : /10.76/10.76/10.76                      
DURACION DEL REGISTRO (s), C7-C12      : 
NUM. TOTAL DE MUESTRAS, C1-C6          : /2151/2151/2151                       
NUM. TOTAL DE MUESTRAS, C7-C12         : 
ACEL. MAX.(Gal), C1-C6                 : /-40.34/17.52/47.77                   
ACEL. MAX., C1-C6, EN LA MUESTRA       : /274/300/287                          
ACEL. MAX.(Gal), C7-C12                : 
ACEL. MAX., C7-C12,EN LA MUESTRA       : 
UNIDADES DE LOS DATOS                  : Gal (cm/s/s)
FACTOR DE DECIMACION                   : 1
FORMATO DATOS (FORTRAN,10 campos/dato) : 3F10.2


================================================================================
CALIDAD DEL ACELEROGRAMA:
REGISTRO DIGITAL COMPLETO CON TIEMPO ABSOLUTO CORRECTO.


===============================================================================
COMENTARIOS:














===============================================================================
DATOS DE ACELERACION:
---------+---------+---------+---------+---------+---------+---------+---------+
   CANAL-1   CANAL-2   CANAL-3
      S90E        +V      S00E
---------+---------+---------+---------+---------+---------+---------+---------+
     -1.10      2.21     -1.04
     -0.14      1.25     -0.08
      0.81      0.30      0.88
      1.77     -0.66      0.88
      1.77     -0.66      1.83
      1.77     -0.66      1.83
      0.81     -1.62      2.79
     -0.14     -1.62      2.79
     -0.14     -1.62      1.83
     -0.14     -0.66      0.88
     -0.14     -0.66     -0.08
     -0.14     -0.66     -1.04
     -0.14      0.30     -1.04
     -0.14      0.30     -1.04
     -0.14      0.30     -2.00
     -0.14      0.30     -2.00
     -0.14      1.25     -1.04
      0.81      1.25     -1.04
      0.81      1.25     -1.04
      0.81      1.25     -0.08
      0.81      0.30     -0.08
     -0.14      0.30      0.88
     -0.14     -0.66      0.88
     -1.10     -0.66      0.88
     -0.14     -0.66      0.88
     -0.14     -0.66      0.88
     -0.14     -0.66      0.88
     -0.14     -0.66      0.88
     -1.10     -0.66      0.88
     -1.10     -0.66     -0.08
     -0.14     -0.66     -1.04
      0.81      0.30     -1.04
      1.77      0.30     -2.00
      1.77      1.25     -1.04
      1.77      1.25     -1.04
      1.77      1.25     -0.08
     -0.14      1.25      0.88
     -1.10      0.30      1.83
     -1.10      0.30      0.88
     -1.10     -0.66      0.88
     -1.10     -0.66     -0.08
     -0.14     -1.62     -0.08
     -1.10     -1.62      0.88
     -1.10     -1.62      0.88
     -1.10     -0.66     -0.08
     -1.10     -0.66     -1.04
     -0.14      0.30     -1.04
      0.81      0.30     -1.04
      1.77      1.25     -1.04
      1.77      1.25     -1.04
      1.77      1.25     -1.04
      0.81      1.25     -1.04
     -0.14      1.25     -0.08
     -0.14      1.25     -0.08
     -0.14      0.30     -0.08
     -1.10      0.30      0.88
     -1.10     -0.66      0.88
     -1.10     -0.66      0.88
     -1.10     -1.62      0.88
     -1.10     -1.62      0.88
     -0.14     -1.62      0.88
     -0.14     -0.66     -0.08
     -0.14      0.30     -0.08
     -0.14      0.30     -0.08
     -0.14      1.25     -1.04
     -0.14      1.25     -1.04
     -0.14      1.25     -1.04
      0.81      1.25     -1.04
      0.81      0.30     -1.04
      0.81      0.30     -0.08
      0.81     -0.66     -0.08
      0.81     -0.66     -0.08
     -0.14     -0.66     -0.08
     -0.14     -0.66      0.88
     -0.14     -0.66     -0.08
     -0.14     -0.66      0.88
     -0.14     -0.66     -0.08
     -1.10      0.30     -0.08
     -1.10      0.30     -0.08
     -1.10      0.30     -0.08
     -1.10      1.25     -0.08
     -0.14      1.25      0.88
     -0.14      1.25      0.88
      0.81      1.25      0.88
      0.81      0.30      0.88
      1.77     -0.66     -0.08
      0.81     -0.66     -0.08
      0.81     -0.66     -1.04
     -0.14     -0.66     -1.04
     -0.14     -0.66     -1.04
     -1.10     -0.66     -1.04
     -1.10     -0.66     -1.04
     -1.10      0.30     -0.08
     -1.10      0.30     -0.08
     -1.10      0.30     -0.08
     -1.10      0.30     -0.08
     -1.10      0.30     -0.08
     -0.14      1.25     -0.08
     -0.14      0.30     -0.08
      0.81      0.30     -0.08
      1.77      0.30     -0.08
      1.77     -0.66     -0.08
      0.81     -0.66      0.88
      0.81     -0.66      0.88
      0.81     -0.66      0.88
      0.81     -0.66      0.88
     -0.14     -0.66      0.88
     -0.14     -0.66      0.88
     -0.14      0.30      0.88
     -0.14      0.30     -0.08
     -0.14      0.30     -0.08
     -0.14      0.30     -0.08
     -0.14      0.30     -1.04
     -0.14      1.25     -1.04
     -0.14      0.30     -1.04
     -1.10      0.30     -1.04
     -1.10      0.30     -1.04
     -1.10     -0.66     -1.04
     -1.10     -0.66     -0.08
     -1.10     -0.66     -0.08
     -1.10     -0.66     -0.08
     -0.14     -0.66     -0.08
     -0.14     -0.66     -0.08
     -0.14     -0.66     -0.08
     -0.14     -0.66     -0.08
     -0.14      0.30     -0.08
     -0.14      0.30     -0.08
     -0.14      0.30     -0.08
     -0.14      0.30      0.88
      0.81      0.30      0.88
      0.81      0.30      0.88
     -0.14      0.30      0.88
     -0.14      0.30      0.88
     -0.14      0.30      0.88
     -0.14      0.30     -0.08
     -0.14      0.30     -0.08
     -0.14      0.30     -1.04
     -0.14     -0.66     -2.00
     -0.14     -0.66     -2.00
     -0.14     -0.66     -1.04
      0.81     -1.62     -1.04
      0.81     -0.66     -1.04
      0.81     -0.66     -1.04
     -0.14      0.30     -0.08
     -0.14      1.25     -0.08
     -0.14      1.25     -0.08
     -0.14      1.25      0.88
     -1.10      1.25      0.88
     -1.10      0.30      0.88
     -1.10      0.30      0.88
     -0.14      0.30     -0.08
     -0.14     -0.66     -0.08
     -0.14     -0.66      0.88
     -0.14     -0.66      0.88
     -0.14     -0.66      0.88
     -0.14     -0.66     -0.08
     -1.10     -0.66     -0.08
     -1.10     -0.66     -1.04
     -1.10     -0.66     -1.04
     -0.14     -0.66     -1.04
     -0.14     -0.66     -0.08
      0.81      0.30     -0.08
      0.81      0.30     -0.08
      0.81      0.30     -0.08
      0.81      0.30     -0.08
      0.81      0.30     -0.08
      1.77      0.30     -0.08
      2.73      1.25     -0.08
      2.73      1.25     -0.08
      2.73      1.25     -0.08
      1.77      0.30      0.88
      0.81      0.30      0.88
     -0.14     -0.66      0.88
     -1.10     -0.66      0.88
     -1.10     -1.62      0.88
     -2.06     -1.62      0.88
     -2.06     -0.66     -0.08
     -3.02     -0.66     -1.04
     -3.02     -0.66     -2.00
     -3.02      0.30     -2.00
     -3.02      1.25     -2.00
     -2.06      1.25     -2.00
     -1.10      1.25     -1.04
     -0.14      1.25     -0.08
      0.81      1.25      0.88
      1.77      1.25      1.83
      1.77      1.25      2.79
      2.73      0.30      2.79
      2.73      0.30      2.79
      2.73     -0.66      1.83
      2.73     -0.66      1.83
      2.73     -0.66      1.83
      1.77     -0.66      0.88
      0.81     -0.66     -0.08
     -0.14     -0.66     -0.08
     -0.14     -0.66     -1.04
     -1.10     -0.66     -1.04
     -1.10      0.30     -2.00
     -1.10      0.30     -2.00
     -2.06      0.30     -2.00
     -2.06      1.25     -2.00
     -2.06      1.25     -2.00
     -1.10      1.25     -2.00
     -0.14      1.25     -2.00
     -0.14      1.25     -0.08
     -0.14      0.30      0.88
     -0.14      0.30      1.83
     -0.14     -0.66      2.79
      0.81     -0.66      2.79
      0.81     -1.62      2.79
      1.77     -1.62      3.75
      1.77     -0.66      2.79
      1.77     -0.66      2.79
      0.81     -0.66      0.88
      0.81      0.30     -0.08
      0.81      0.30     -2.00
      0.81      0.30     -2.95
      0.81      0.30     -4.87
     -0.14      0.30     -4.87
     -0.14      0.30     -3.91
     -2.06      0.30     -2.95
     -3.02      0.30     -2.00
     -3.97      0.30     -1.04
     -3.97      0.30     -1.04
     -3.02      0.30     -0.08
     -1.10     -0.66     -0.08
      0.81     -0.66     -0.08
      1.77     -1.62     -0.08
      2.73     -1.62      0.88
      1.77     -1.62      0.88
      0.81     -1.62      1.83
     -0.14     -0.66      0.88
     -2.06     -0.66      0.88
     -3.02     -0.66      0.88
     -3.97      0.30      0.88
     -5.89      0.30      0.88
     -6.84      0.30      0.88
     -7.80      0.30      0.88
     -6.84      0.30     -0.08
     -5.89      0.30     -1.04
     -3.97      0.30     -2.00
     -0.14     -0.66     -2.95
      2.73     -0.66     -3.91
      6.56     -1.62     -4.87
      9.43     -1.62     -3.91
     11.34     -1.62     -3.91
     12.30     -1.62     -2.95
     13.25     -0.66     -1.04
     13.25      0.30      0.88
     10.38      2.21      2.79
      5.60      3.17      3.75
     -1.10      4.12      5.66
     -8.76      4.12      5.66
    -15.46      3.17      4.70
    -18.33      1.25      1.83
    -18.33      0.30     -1.04
    -17.37     -0.66     -4.87
    -14.50     -0.66     -7.74
    -10.67     -1.62     -9.65
     -4.93     -2.57     -8.69
      3.68     -2.57     -7.74
     12.30     -1.62     -4.87
     21.87     -0.66     -2.00
     28.57      0.30      2.79
     32.40      2.21      8.53
     32.40      3.17     15.23
     29.52      4.12     21.93
     24.74      4.12     26.72
     17.08      3.17     27.67
      7.51      2.21     25.76
     -3.02      0.30     20.97
    -12.59     -2.57     14.27
    -24.07     -6.40      3.75
    -34.60     -8.32     -9.65
    -40.34     -9.27    -21.14
    -40.34     -8.32    -30.71
    -36.51     -5.45    -38.36
    -31.73     -1.62    -41.23
    -24.07      1.25    -41.23
    -13.54      4.12    -36.45
     -3.02      7.95    -28.79
      4.64     10.82    -16.35
     12.30     12.74     -2.95
     19.95     10.82     12.36
     27.61      9.87     25.76
     32.40      7.95     35.33
     35.27      5.08     42.99
     35.27      0.30     47.77
     35.27     -4.49     46.81
     32.40     -8.32     41.07
     24.74    -11.19     30.54
     14.21    -14.06     16.19
      0.81    -15.02     -0.08
    -13.54    -14.06    -14.44
    -26.94    -11.19    -25.92
    -35.55     -9.27    -31.66
    -38.43     -4.49    -33.58
    -35.55      3.17    -32.62
    -29.81      9.87    -28.79
    -23.11     14.65    -22.09
    -15.46     17.52    -15.39
     -8.76     17.52     -9.65
     -3.02     16.57     -4.87
      1.77     12.74     -1.04
      6.56      7.00      1.83
     10.38      0.30      4.70
     14.21     -4.49      6.62
     18.04     -8.32      9.49
     19.95    -11.19     12.36
     20.91    -13.10     15.23
     19.00    -13.10     17.15
     16.13    -13.10     16.19
     12.30    -11.19     15.23
      8.47     -8.32     13.32
      4.64     -4.49     10.45
     -0.14     -0.66      7.58
     -3.97      3.17      3.75
     -7.80      7.95     -0.08
    -11.63     10.82     -4.87
    -16.41     12.74     -9.65
    -21.20     12.74    -13.48
    -25.03     10.82    -17.31
    -25.98      7.95    -18.26
    -23.11      4.12    -18.26
    -17.37      0.30    -14.44
     -9.71     -4.49    -10.61
     -1.10     -7.36     -6.78
      7.51     -9.27     -2.95
     14.21     -9.27      1.83
     19.95     -8.32      6.62
     23.78     -5.45      9.49
     26.65     -2.57     11.40
     26.65      0.30     12.36
     24.74      2.21     12.36
     19.95      4.12     12.36
     12.30      5.08     10.45
      4.64      5.08      6.62
     -3.97      5.08      3.75
     -9.71      4.12      0.88
    -13.54      2.21     -2.00
    -14.50      0.30     -2.95
    -14.50     -2.57     -4.87
    -11.63     -3.53     -5.82
     -7.80     -4.49     -6.78
     -5.89     -4.49     -6.78
     -3.97     -4.49     -4.87
     -3.97     -2.57     -2.95
     -3.97      0.30     -1.04
     -3.97      2.21     -0.08
     -3.02      4.12      1.83
     -3.02      5.08      2.79
     -2.06      5.08      4.70
     -1.10      4.12      4.70
     -2.06      2.21      3.75
     -2.06      0.30      0.88
     -1.10     -1.62     -2.95
      0.81     -3.53     -4.87
      4.64     -5.45     -7.74
      7.51     -5.45     -9.65
     10.38     -4.49     -8.69
     12.30     -2.57     -5.82
     13.25     -0.66     -1.04
     13.25      1.25      4.70
     13.25      3.17      9.49
     11.34      5.08     15.23
      9.43      6.04     20.97
      6.56      6.04     23.84
      2.73      4.12     23.84
     -1.10      1.25     20.02
     -4.93     -1.62     14.27
    -10.67     -4.49      6.62
    -18.33     -7.36     -1.04
    -24.07     -8.32     -9.65
    -26.94     -8.32    -18.26
    -25.98     -7.36    -25.92
    -21.20     -4.49    -30.71
    -13.54     -1.62    -32.62
     -3.97      3.17    -28.79
      5.60      7.00    -22.09
     13.25      9.87    -13.48
     19.00     10.82     -5.82
     22.82     11.78      0.88
     24.74     10.82      8.53
     24.74      8.91     15.23
     22.82      6.04     20.02
     19.00      2.21     22.89
     12.30     -3.53     23.84
      3.68     -9.27     20.97
     -4.93    -13.10     15.23
    -12.59    -15.02      8.53
    -17.37    -15.02      3.75
    -20.24    -13.10     -1.04
    -20.24     -9.27     -4.87
    -16.41     -4.49     -9.65
    -11.63      1.25    -12.52
     -5.89      6.04    -14.44
     -1.10      9.87    -14.44
      1.77     12.74    -11.57
      3.68     13.69     -9.65
      3.68     11.78     -6.78
      3.68      9.87     -4.87
      3.68      6.04     -2.00
      3.68      2.21      2.79
      1.77     -1.62      5.66
     -1.10     -5.45      6.62
     -4.93     -8.32      6.62
     -6.84    -10.23      3.75
     -5.89    -10.23      0.88
     -3.02     -9.27     -1.04
     -0.14     -7.36     -2.95
      2.73     -3.53     -3.91
      4.64      0.30     -3.91
      7.51      3.17     -2.00
     11.34      6.04      0.88
     15.17      7.95      3.75
     18.04      8.91      6.62
     18.04      8.91     10.45
     14.21      7.95     14.27
      8.47      6.04     16.19
      1.77      3.17     16.19
     -4.93     -0.66     13.32
    -11.63     -4.49      9.49
    -17.37     -7.36      3.75
    -23.11    -10.23     -2.95
    -26.94    -11.19     -8.69
    -27.90    -10.23    -14.44
    -25.03     -9.27    -20.18
    -19.28     -5.45    -23.05
    -10.67     -0.66    -24.01
     -1.10      4.12    -22.09
      8.47      7.95    -16.35
     15.17     10.82     -9.65
     19.95     10.82     -2.00
     22.82     10.82      5.66
     23.78      9.87     12.36
     23.78      7.95     17.15
     21.87      5.08     21.93
     18.04      2.21     24.80
     11.34     -2.57     24.80
      1.77     -6.40     22.89
     -6.84    -10.23     17.15
    -12.59    -13.10      8.53
    -16.41    -14.06      0.88
    -18.33    -13.10     -5.82
    -18.33    -10.23    -10.61
    -16.41     -6.40    -14.44
    -13.54     -1.62    -16.35
     -7.80      4.12    -17.31
     -1.10      8.91    -16.35
      5.60     11.78    -13.48
      9.43     13.69     -9.65
     11.34     13.69     -6.78
     11.34     12.74     -3.91
      9.43      9.87      0.88
      5.60      7.00      6.62
      1.77      3.17     10.45
     -2.06     -1.62     13.32
     -4.93     -6.40     13.32
     -6.84    -11.19      8.53
     -7.80    -14.06      2.79
     -6.84    -15.02     -2.00
     -4.93    -14.06     -3.91
     -3.02    -11.19     -4.87
     -1.10     -6.40     -4.87
      0.81      0.30     -4.87
      2.73      6.04     -3.91
      5.60      9.87     -1.04
      9.43     12.74      1.83
     12.30     13.69      3.75
     13.25     11.78      5.66
     11.34      8.91      7.58
      8.47      5.08      7.58
      3.68      0.30      5.66
     -0.14     -3.53      1.83
     -5.89     -6.40     -2.00
    -10.67     -8.32     -5.82
    -15.46     -9.27     -9.65
    -18.33     -9.27    -11.57
    -19.28     -8.32    -11.57
    -17.37     -7.36    -11.57
    -12.59     -4.49     -9.65
     -7.80     -0.66     -7.74
     -0.14      3.17     -3.91
      6.56      7.00      1.83
     13.25      9.87      6.62
     18.04     10.82     11.40
     20.91      9.87     15.23
     21.87      8.91     17.15
     21.87      6.04     17.15
     19.00      3.17     16.19
     14.21     -0.66     12.36
      5.60     -5.45      7.58
     -3.02     -8.32      2.79
    -10.67    -11.19     -1.04
    -17.37    -12.14     -2.95
    -21.20    -11.19     -4.87
    -23.11     -8.32     -6.78
    -20.24     -5.45     -8.69
    -13.54     -0.66    -10.61
     -6.84      3.17    -11.57
     -0.14      7.00    -11.57
      3.68      9.87     -9.65
      4.64     12.74     -7.74
      4.64     12.74     -4.87
      4.64     11.78     -2.95
      5.60      8.91     -1.04
      6.56      5.08      1.83
      6.56      0.30      4.70
      7.51     -4.49      6.62
      8.47     -7.36      8.53
      7.51    -10.23     10.45
      6.56    -12.14     11.40
      4.64    -11.19     10.45
      1.77     -9.27      7.58
     -2.06     -5.45      4.70
     -3.97     -2.57      1.83
     -4.93      1.25      0.88
     -6.84      3.17     -2.00
     -8.76      6.04     -3.91
    -10.67      7.00     -5.82
    -10.67      7.95     -5.82
     -8.76      7.00     -6.78
     -5.89      6.04     -5.82
     -3.02      4.12     -4.87
     -0.14      2.21     -4.87
      0.81      0.30     -3.91
      1.77     -1.62     -2.00
      1.77     -2.57     -1.04
      3.68     -4.49      0.88
      6.56     -6.40      1.83
      9.43     -6.40      2.79
     11.34     -5.45      3.75
     10.38     -3.53      3.75
      8.47     -2.57      3.75
      4.64     -1.62      2.79
      2.73      0.30      0.88
      0.81      1.25     -1.04
     -1.10      2.21     -2.00
     -3.02      4.12     -2.95
     -5.89      5.08     -2.95
     -8.76      5.08     -1.04
    -11.63      5.08      0.88
    -11.63      3.17      1.83
    -10.67      1.25      0.88
     -7.80     -0.66     -0.08
     -3.02     -1.62     -2.00
      0.81     -3.53     -2.95
      2.73     -4.49     -3.91
      3.68     -4.49     -4.87
      3.68     -4.49     -3.91
      3.68     -3.53     -3.91
      4.64     -1.62     -2.95
      7.51     -0.66     -1.04
      9.43      0.30      1.83
     10.38      2.21      5.66
      9.43      3.17      9.49
      7.51      4.12     11.40
      4.64      5.08     13.32
      2.73      4.12     11.40
      1.77      2.21      7.58
      0.81      0.30      2.79
     -0.14     -0.66     -2.00
     -3.02     -2.57     -4.87
     -6.84     -3.53     -7.74
     -9.71     -3.53     -9.65
    -12.59     -3.53     -9.65
    -12.59     -2.57     -9.65
    -10.67     -0.66     -7.74
     -7.80      1.25     -5.82
     -4.93      2.21     -3.91
     -2.06      3.17     -0.08
     -0.14      3.17      4.70
      2.73      2.21      7.58
      5.60      2.21      8.53
      8.47      1.25      7.58
     10.38      0.30      5.66
     10.38      0.30      4.70
      9.43     -0.66      2.79
      7.51     -0.66      0.88
      3.68     -0.66     -0.08
      0.81     -1.62     -0.08
     -1.10     -0.66     -0.08
     -3.02     -0.66     -1.04
     -3.97     -0.66     -1.04
     -3.97     -0.66     -2.00
     -3.02     -0.66     -2.00
     -3.02     -0.66     -2.00
     -3.97     -0.66     -2.95
     -5.89      0.30     -3.91
     -6.84      0.30     -3.91
     -6.84      0.30     -3.91
     -4.93      0.30     -2.95
     -2.06      0.30     -2.00
      1.77      0.30      0.88
      3.68      1.25      3.75
      5.60      2.21      5.66
      6.56      2.21      6.62
      6.56      2.21      6.62
      6.56      1.25      4.70
      5.60     -0.66      1.83
      4.64     -2.57     -1.04
      2.73     -4.49     -3.91
     -1.10     -5.45     -4.87
     -3.97     -4.49     -4.87
     -6.84     -3.53     -4.87
     -7.80     -1.62     -4.87
     -6.84      0.30     -3.91
     -4.93      3.17     -2.00
     -2.06      5.08     -0.08
     -0.14      6.04      2.79
      0.81      6.04      3.75
      1.77      5.08      5.66
      1.77      3.17      5.66
      2.73      1.25      5.66
      4.64     -1.62      4.70
      5.60     -3.53      1.83
      5.60     -5.45     -0.08
      5.60     -6.40     -2.95
      3.68     -6.40     -3.91
      1.77     -4.49     -3.91
     -0.14     -2.57     -3.91
     -2.06      0.30     -3.91
     -3.02      2.21     -3.91
     -3.97      4.12     -3.91
     -3.97      5.08     -3.91
     -3.97      6.04     -3.91
     -3.97      5.08     -1.04
     -3.97      3.17      0.88
     -2.06      1.25      2.79
     -2.06      0.30      3.75
     -1.10     -1.62      4.70
     -1.10     -2.57      4.70
     -2.06     -3.53      4.70
     -1.10     -3.53      4.70
      0.81     -3.53      4.70
      2.73     -2.57      3.75
      5.60     -1.62      2.79
      6.56     -0.66      2.79
      6.56      0.30      0.88
      4.64      0.30     -1.04
      2.73      1.25     -3.91
      0.81      1.25     -5.82
     -1.10      1.25     -7.74
     -3.02      1.25     -9.65
     -3.97      1.25     -8.69
     -4.93      1.25     -7.74
     -3.97      0.30     -4.87
     -3.02      0.30     -2.95
     -3.02      0.30     -0.08
     -2.06      0.30      2.79
     -2.06      1.25      4.70
     -2.06      0.30      6.62
     -1.10      0.30      7.58
     -0.14      0.30      8.53
     -0.14     -0.66      9.49
     -0.14     -1.62      9.49
      0.81     -2.57      7.58
      0.81     -2.57      4.70
      1.77     -2.57      1.83
      2.73     -2.57     -1.04
      3.68     -0.66     -3.91
      3.68      0.30     -6.78
      3.68      2.21     -8.69
      3.68      3.17     -9.65
      3.68      4.12     -9.65
      3.68      5.08     -8.69
      1.77      5.08     -5.82
     -0.14      4.12     -2.95
     -2.06      2.21     -1.04
     -3.97      0.30      0.88
     -3.97     -2.57      3.75
     -3.97     -4.49      5.66
     -4.93     -5.45      7.58
     -4.93     -5.45      8.53
     -3.97     -5.45      8.53
     -3.97     -3.53      8.53
     -2.06     -2.57      6.62
     -1.10     -0.66      4.70
      1.77      1.25      1.83
      3.68      2.21     -1.04
      6.56      4.12     -3.91
      7.51      4.12     -4.87
      7.51      4.12     -4.87
      6.56      3.17     -5.82
      4.64      1.25     -4.87
      2.73      0.30     -4.87
      0.81     -1.62     -3.91
     -0.14     -2.57     -2.00
     -2.06     -2.57     -1.04
     -3.02     -1.62     -1.04
     -3.97     -1.62     -1.04
     -5.89     -0.66     -0.08
     -5.89     -0.66      0.88
     -5.89      0.30      1.83
     -3.97      1.25      2.79
     -3.02      1.25      2.79
     -1.10      2.21      2.79
      0.81      1.25      1.83
      2.73      0.30      0.88
      5.60      0.30      0.88
      6.56     -0.66      0.88
      6.56     -0.66     -0.08
      5.60     -0.66     -1.04
      3.68      0.30     -2.00
     -0.14      0.30     -1.04
     -3.02      0.30     -0.08
     -3.97      1.25     -0.08
     -4.93      1.25     -0.08
     -4.93      0.30     -0.08
     -3.97     -0.66     -0.08
     -2.06     -0.66     -1.04
     -0.14     -1.62     -1.04
      0.81     -2.57     -2.00
      2.73     -2.57     -2.00
      3.68     -1.62     -1.04
      4.64     -0.66     -0.08
      5.60      0.30     -0.08
      4.64      2.21     -0.08
      3.68      3.17     -0.08
      1.77      2.21     -0.08
     -0.14      2.21     -0.08
     -1.10      1.25     -0.08
     -3.02      0.30      0.88
     -3.97      0.30      1.83
     -5.89     -0.66      1.83
     -6.84     -1.62      1.83
     -6.84     -1.62      0.88
     -5.89     -1.62     -0.08
     -3.02     -1.62     -2.00
     -1.10     -1.62     -2.95
     -0.14     -0.66     -3.91
      1.77      0.30     -2.95
      2.73      0.30     -2.95
      4.64      1.25     -2.95
      5.60      1.25     -2.00
      6.56      2.21     -1.04
      7.51      2.21      0.88
      7.51      1.25      3.75
      6.56      1.25      6.62
      4.64      0.30      7.58
      2.73      0.30      6.62
      0.81     -0.66      5.66
     -2.06     -1.62      4.70
     -4.93     -1.62      1.83
     -7.80     -1.62     -1.04
     -8.76     -1.62     -2.95
     -9.71     -1.62     -4.87
     -8.76     -0.66     -6.78
     -7.80      1.25     -7.74
     -5.89      2.21     -6.78
     -3.02      2.21     -4.87
     -0.14      2.21     -3.91
      2.73      2.21     -2.95
      5.60      1.25     -1.04
      7.51      1.25      1.83
      8.47     -0.66      4.70
      8.47     -0.66      6.62
      8.47     -1.62      7.58
      6.56     -1.62      7.58
      5.60     -1.62      6.62
      2.73     -2.57      4.70
     -1.10     -2.57      1.83
     -4.93     -1.62     -1.04
     -7.80     -0.66     -4.87
     -8.76      0.30     -5.82
     -8.76      1.25     -5.82
     -6.84      2.21     -4.87
     -3.97      3.17     -3.91
     -2.06      3.17     -2.95
     -0.14      3.17     -1.04
      1.77      2.21      0.88
      3.68      0.30      1.83
      4.64     -0.66      2.79
      6.56     -1.62      1.83
      6.56     -1.62      1.83
      5.60     -1.62      2.79
      3.68     -1.62      2.79
      0.81     -2.57      2.79
     -2.06     -2.57      1.83
     -3.97     -2.57     -0.08
     -4.93     -1.62     -1.04
     -4.93     -0.66     -2.00
     -4.93      0.30     -2.95
     -3.97      1.25     -2.95
     -3.02      2.21     -2.95
     -3.02      2.21     -2.95
     -2.06      3.17     -2.95
     -1.10      2.21     -2.00
      0.81      2.21     -1.04
      1.77      1.25     -0.08
      2.73      0.30      0.88
      2.73     -0.66      2.79
      2.73     -0.66      4.70
      2.73     -1.62      4.70
      2.73     -1.62      4.70
      2.73     -1.62      3.75
      1.77     -1.62      2.79
      1.77     -1.62      1.83
      1.77     -1.62     -0.08
      0.81     -0.66     -2.00
      0.81     -0.66     -3.91
     -0.14      0.30     -4.87
     -0.14      1.25     -5.82
     -0.14      1.25     -5.82
     -0.14      2.21     -4.87
     -1.10      2.21     -2.95
     -2.06      2.21     -1.04
     -3.02      2.21      0.88
     -3.97      2.21      1.83
     -3.02      1.25      2.79
     -2.06      0.30      3.75
     -0.14     -0.66      3.75
      0.81     -1.62      3.75
      1.77     -1.62      2.79
      0.81     -2.57      1.83
     -0.14     -2.57      0.88
     -0.14     -1.62     -0.08
     -0.14     -1.62     -1.04
      0.81     -0.66     -1.04
      1.77      0.30     -1.04
      1.77      1.25     -0.08
      1.77      2.21     -0.08
      2.73      2.21     -0.08
      2.73      2.21     -0.08
      3.68      2.21     -0.08
      3.68      2.21     -0.08
      3.68      1.25     -0.08
      2.73      0.30     -1.04
      0.81     -0.66     -1.04
     -2.06     -1.62     -2.00
     -4.93     -2.57     -2.00
     -7.80     -2.57     -1.04
     -8.76     -2.57     -1.04
     -7.80     -2.57     -0.08
     -4.93     -1.62      0.88
     -2.06      0.30      1.83
      0.81      1.25      1.83
      2.73      2.21      2.79
      4.64      2.21      2.79
      6.56      2.21      1.83
      7.51      2.21      0.88
      8.47      2.21     -0.08
      7.51      2.21     -1.04
      4.64      0.30     -2.00
      1.77     -0.66     -2.00
     -2.06     -2.57     -2.00
     -3.97     -3.53     -2.00
     -5.89     -3.53     -2.00
     -5.89     -2.57     -1.04
     -4.93     -1.62     -0.08
     -4.93     -0.66     -0.08
     -3.97      0.30     -0.08
     -3.02      1.25     -1.04
     -2.06      2.21     -2.00
     -0.14      2.21     -2.95
      1.77      2.21     -2.95
      3.68      2.21     -2.95
      4.64      2.21     -2.00
      3.68      1.25     -0.08
      2.73      0.30      1.83
      1.77     -0.66      2.79
      0.81     -1.62      4.70
      0.81     -2.57      4.70
     -0.14     -2.57      4.70
     -0.14     -2.57      4.70
     -1.10     -2.57      3.75
     -2.06     -1.62      1.83
     -3.02     -0.66     -0.08
     -3.02      0.30     -2.00
     -3.02      1.25     -2.95
     -1.10      2.21     -3.91
     -0.14      3.17     -4.87
     -0.14      3.17     -6.78
      0.81      3.17     -6.78
      0.81      1.25     -5.82
      1.77      0.30     -4.87
      1.77     -0.66     -2.95
      1.77     -0.66     -2.00
      0.81     -1.62     -0.08
      0.81     -1.62      1.83
     -0.14     -2.57      3.75
     -1.10     -1.62      5.66
     -1.10     -1.62      7.58
     -2.06     -0.66      8.53
     -2.06      0.30      8.53
     -1.10      1.25      7.58
     -0.14      1.25      5.66
      0.81      2.21      3.75
      1.77      2.21      0.88
      2.73      1.25     -2.00
      1.77      1.25     -3.91
      1.77      0.30     -4.87
      2.73      0.30     -6.78
      2.73      0.30     -7.74
      0.81      0.30     -7.74
     -1.10      0.30     -6.78
     -3.97     -0.66     -4.87
     -4.93     -1.62     -2.95
     -4.93     -1.62     -0.08
     -3.97     -0.66      2.79
     -3.02      0.30      6.62
     -2.06      0.30      8.53
     -1.10      0.30      9.49
     -0.14      0.30      7.58
      1.77      0.30      4.70
      2.73     -0.66      2.79
      3.68     -0.66     -0.08
      3.68     -0.66     -2.00
      3.68     -0.66     -2.95
      2.73      0.30     -2.95
      2.73      0.30     -2.95
      2.73      1.25     -2.95
      1.77      1.25     -2.95
      0.81      1.25     -2.00
     -0.14      1.25     -1.04
     -1.10      0.30      0.88
     -1.10      0.30      0.88
     -1.10      0.30      0.88
     -2.06     -0.66     -0.08
     -3.02     -0.66     -0.08
     -3.97     -0.66     -0.08
     -3.97     -0.66     -1.04
     -3.02     -0.66     -0.08
     -1.10      0.30     -0.08
      0.81      0.30      0.88
      2.73      1.25      0.88
      3.68      1.25      1.83
      4.64      1.25      0.88
      4.64      2.21      0.88
      3.68      1.25     -0.08
      2.73      1.25     -1.04
      1.77      0.30     -0.08
     -0.14     -0.66      0.88
     -2.06     -1.62      0.88
     -3.02     -1.62      0.88
     -3.97     -1.62     -0.08
     -4.93     -1.62     -1.04
     -5.89     -1.62     -1.04
     -4.93     -0.66     -2.00
     -3.02      0.30     -2.00
     -1.10      1.25     -2.95
      1.77      1.25     -2.00
      3.68      2.21     -1.04
      4.64      2.21     -0.08
      4.64      2.21      0.88
      3.68      1.25      1.83
      2.73      1.25      1.83
      1.77      0.30      1.83
      0.81     -0.66      0.88
     -1.10     -1.62     -0.08
     -3.02     -2.57     -0.08
     -3.02     -2.57     -0.08
     -3.02     -2.57     -1.04
     -3.02     -1.62     -1.04
     -2.06     -0.66     -1.04
     -3.02      0.30     -1.04
     -3.02      1.25     -1.04
     -3.02      2.21     -2.00
     -1.10      2.21     -2.00
      1.77      3.17     -1.04
      3.68      3.17      0.88
      4.64      2.21      1.83
      5.60      1.25      3.75
      5.60      0.30      3.75
      5.60     -1.62      3.75
      4.64     -2.57      3.75
      2.73     -2.57      1.83
      1.77     -2.57      0.88
     -0.14     -2.57     -0.08
     -2.06     -2.57     -0.08
     -3.02     -1.62     -1.04
     -3.97     -0.66     -2.00
     -4.93      0.30     -2.00
     -4.93      1.25     -2.95
     -4.93      2.21     -2.00
     -3.02      3.17     -2.00
     -2.06      3.17     -2.00
     -0.14      3.17     -2.00
      0.81      2.21     -2.00
      1.77      1.25     -2.00
      1.77     -0.66     -0.08
      1.77     -1.62      0.88
      1.77     -1.62      1.83
      2.73     -1.62      2.79
      2.73     -1.62      4.70
      2.73     -1.62      5.66
      2.73     -0.66      6.62
      2.73     -0.66      5.66
      2.73      0.30      3.75
      1.77      0.30      2.79
      0.81      0.30     -0.08
     -0.14      0.30     -2.00
     -2.06      0.30     -4.87
     -3.02      0.30     -5.82
     -3.97      0.30     -7.74
     -3.97      0.30     -7.74
     -3.02      0.30     -6.78
     -3.02      1.25     -5.82
     -3.02      1.25     -3.91
     -3.02      1.25     -1.04
     -2.06      1.25      1.83
     -0.14      1.25      3.75
      1.77      1.25      5.66
      2.73      0.30      6.62
      3.68      0.30      7.58
      4.64     -0.66      6.62
      4.64     -1.62      5.66
      3.68     -1.62      4.70
      2.73     -2.57      1.83
      0.81     -2.57     -1.04
     -1.10     -1.62     -3.91
     -3.02     -0.66     -5.82
     -3.97      0.30     -6.78
     -3.97      1.25     -6.78
     -3.97      1.25     -5.82
     -4.93      2.21     -4.87
     -3.97      3.17     -3.91
     -3.97      3.17     -1.04
     -2.06      2.21      0.88
     -0.14      2.21      1.83
      1.77      1.25      2.79
      2.73      0.30      2.79
      3.68     -0.66      3.75
      4.64     -1.62      4.70
      4.64     -2.57      4.70
      3.68     -2.57      4.70
      3.68     -2.57      4.70
      2.73     -1.62      3.75
      1.77     -1.62      2.79
     -0.14     -0.66      0.88
     -1.10      0.30     -0.08
     -1.10      1.25     -1.04
     -1.10      1.25     -2.95
     -1.10      2.21     -3.91
     -2.06      2.21     -4.87
     -3.02      2.21     -4.87
     -3.97      1.25     -4.87
     -3.02      1.25     -4.87
     -3.02      0.30     -4.87
     -3.02     -0.66     -3.91
     -2.06     -1.62     -2.95
     -1.10     -1.62     -1.04
     -0.14     -1.62      0.88
      0.81     -0.66      3.75
      1.77     -0.66      5.66
      1.77      0.30      6.62
      2.73      0.30      7.58
      3.68      1.25      6.62
      4.64      1.25      5.66
      4.64      0.30      3.75
      3.68      0.30      1.83
      2.73      0.30     -1.04
      0.81     -0.66     -2.95
     -0.14     -0.66     -3.91
     -2.06     -0.66     -2.95
     -3.02     -0.66     -2.95
     -3.02     -0.66     -2.95
     -3.02      0.30     -2.95
     -3.02      0.30     -2.00
     -2.06      1.25     -2.00
     -2.06      1.25     -1.04
     -1.10      1.25     -0.08
     -0.14      0.30      0.88
     -0.14      0.30      1.83
      0.81      0.30      2.79
      0.81      0.30      2.79
      0.81      0.30      2.79
      1.77     -0.66      1.83
      1.77     -0.66      0.88
      0.81     -0.66     -0.08
      0.81     -0.66      0.88
     -0.14     -0.66      0.88
     -1.10     -0.66      0.88
     -1.10     -0.66     -0.08
     -1.10     -0.66     -1.04
     -1.10     -0.66     -2.00
     -0.14      0.30     -2.95
      1.77      0.30     -2.95
      1.77      1.25     -2.95
      1.77      1.25     -2.00
      1.77      1.25     -1.04
      0.81      1.25     -1.04
     -0.14      1.25     -2.00
     -1.10      1.25     -1.04
     -1.10      0.30     -0.08
     -2.06      0.30      1.83
     -2.06     -0.66      2.79
     -1.10     -0.66      3.75
     -1.10     -0.66      3.75
     -2.06     -1.62      2.79
     -2.06     -1.62      2.79
     -2.06     -1.62      1.83
     -1.10     -1.62      0.88
     -0.14     -0.66     -1.04
      0.81      0.30     -2.00
      0.81      1.25     -2.95
      0.81      1.25     -2.95
      0.81      1.25     -2.95
      0.81      1.25     -2.95
      1.77      1.25     -2.00
      1.77      1.25     -1.04
      2.73      1.25     -1.04
      2.73      0.30     -0.08
      1.77      0.30     -0.08
      0.81     -0.66      0.88
     -0.14     -1.62      1.83
     -1.10     -1.62      1.83
     -2.06     -1.62      1.83
     -2.06     -1.62      1.83
     -2.06     -0.66      2.79
     -2.06     -0.66      1.83
     -1.10      0.30      0.88
     -1.10      0.30     -0.08
     -1.10      1.25     -1.04
     -1.10      1.25     -2.00
     -0.14      1.25     -2.00
      0.81      1.25     -2.00
      1.77      1.25     -2.00
      1.77      0.30     -2.00
      1.77      0.30     -2.00
      0.81     -0.66     -1.04
      0.81     -1.62     -1.04
      0.81     -1.62      0.88
      1.77     -1.62      1.83
      1.77     -0.66      1.83
      0.81     -0.66      2.79
     -0.14      0.30      1.83
     -2.06      1.25      1.83
     -3.02      1.25      0.88
     -3.02      1.25     -0.08
     -3.02      1.25     -1.04
     -2.06      1.25     -2.00
     -1.10      0.30     -2.00
     -1.10      0.30     -1.04
     -0.14      0.30     -0.08
     -0.14      0.30     -0.08
      0.81      0.30     -0.08
      1.77      0.30     -0.08
      1.77     -0.66      0.88
      2.73     -0.66      0.88
      3.68     -0.66      0.88
      3.68     -0.66      0.88
      2.73     -0.66     -0.08
      0.81     -0.66     -0.08
     -0.14     -0.66     -0.08
     -1.10      0.30     -0.08
     -2.06      0.30     -0.08
     -2.06      0.30     -1.04
     -3.02      0.30     -2.00
     -3.02      0.30     -2.00
     -3.02      0.30     -1.04
     -3.02      0.30     -1.04
     -2.06      0.30     -1.04
     -1.10      0.30     -0.08
     -0.14      0.30     -0.08
      1.77     -0.66      0.88
      1.77     -0.66      1.83
      2.73     -0.66      2.79
      1.77     -0.66      2.79
      1.77      0.30      1.83
      1.77      0.30      1.83
      1.77      0.30      0.88
      1.77     -0.66      0.88
      0.81     -0.66     -0.08
     -0.14     -0.66     -1.04
     -1.10     -0.66     -2.00
     -1.10     -0.66     -2.95
     -1.10     -0.66     -2.95
     -1.10      0.30     -2.95
     -1.10      0.30     -2.95
     -1.10      1.25     -2.95
     -1.10      1.25     -2.00
     -0.14      2.21     -1.04
     -0.14      1.25     -0.08
      0.81      1.25      0.88
      0.81      1.25      1.83
      0.81      0.30      2.79
      0.81     -0.66      3.75
     -0.14     -1.62      3.75
     -0.14     -1.62      3.75
     -1.10     -2.57      2.79
     -1.10     -2.57      1.83
     -1.10     -2.57     -0.08
     -2.06     -1.62     -2.00
     -1.10     -0.66     -2.95
     -1.10      0.30     -3.91
     -1.10      1.25     -3.91
     -0.14      2.21     -3.91
     -0.14      2.21     -3.91
      0.81      3.17     -2.95
      1.77      3.17     -2.00
      2.73      2.21     -1.04
      3.68      1.25      0.88
      2.73      0.30      0.88
      1.77     -0.66      2.79
      0.81     -1.62      3.75
     -0.14     -2.57      4.70
     -0.14     -2.57      3.75
     -1.10     -2.57      2.79
     -1.10     -1.62      1.83
     -2.06     -0.66      1.83
     -2.06     -0.66      0.88
     -1.10      0.30     -0.08
     -0.14      1.25     -2.00
      0.81      2.21     -3.91
      0.81      2.21     -4.87
      0.81      2.21     -4.87
      0.81      2.21     -4.87
      0.81      1.25     -3.91
      0.81      1.25     -2.95
      0.81      1.25     -2.00
     -0.14      0.30      0.88
     -0.14     -0.66      2.79
     -0.14     -0.66      4.70
     -0.14     -0.66      4.70
     -0.14     -0.66      4.70
     -0.14     -1.62      4.70
     -0.14     -1.62      3.75
     -0.14     -1.62      2.79
     -0.14     -0.66      0.88
     -0.14     -0.66     -1.04
     -0.14     -0.66     -2.00
     -0.14      0.30     -3.91
     -0.14      0.30     -4.87
     -0.14      1.25     -4.87
     -0.14      1.25     -3.91
     -0.14      1.25     -2.95
     -1.10      1.25     -2.00
     -1.10      1.25     -1.04
     -1.10      0.30     -0.08
     -1.10      0.30      0.88
     -1.10     -0.66      1.83
     -1.10     -0.66      1.83
     -0.14     -1.62      2.79
      0.81     -1.62      2.79
      0.81     -0.66      2.79
      0.81     -0.66      2.79
      0.81     -0.66      2.79
      0.81     -0.66      1.83
      0.81      0.30      0.88
      0.81      0.30      0.88
      1.77      1.25     -0.08
      1.77      1.25     -0.08
      0.81      1.25     -1.04
      0.81      0.30     -2.00
     -0.14      0.30     -2.95
     -0.14      0.30     -2.95
     -0.14      0.30     -2.95
     -0.14      0.30     -2.95
     -1.10      0.30     -2.00
     -2.06      0.30     -2.00
     -3.02      0.30     -0.08
     -3.02      0.30      0.88
     -3.02     -0.66      1.83
     -2.06     -0.66      1.83
     -0.14     -0.66      1.83
     -0.14     -0.66      1.83
      0.81     -0.66      1.83
      0.81     -0.66      1.83
      0.81     -0.66      0.88
      0.81     -1.62      0.88
      0.81     -0.66     -0.08
      0.81     -0.66     -0.08
      1.77      0.30     -0.08
      0.81      0.30     -0.08
      0.81      1.25     -0.08
      0.81      1.25     -0.08
     -0.14      1.25      0.88
     -0.14      1.25      0.88
     -0.14      1.25      0.88
      0.81      1.25      0.88
      0.81      1.25      0.88
     -0.14      0.30     -0.08
     -1.10      0.30     -0.08
     -2.06     -0.66     -1.04
     -2.06     -1.62     -1.04
     -2.06     -1.62     -1.04
     -1.10     -1.62     -1.04
     -0.14     -1.62     -1.04
     -0.14     -0.66     -1.04
      0.81      0.30     -0.08
      0.81      1.25      0.88
      0.81      1.25      0.88
     -0.14      1.25      0.88
     -0.14      1.25     -0.08
      0.81      1.25     -0.08
      0.81      0.30     -0.08
      0.81      0.30      0.88
     -0.14      0.30      0.88
     -0.14     -0.66     -0.08
     -1.10     -0.66     -0.08
     -0.14     -0.66     -0.08
     -0.14     -0.66     -0.08
     -0.14     -0.66     -1.04
     -0.14     -0.66     -1.04
     -0.14     -0.66     -2.00
     -0.14     -0.66     -2.00
     -0.14      0.30     -1.04
      0.81      0.30     -1.04
      1.77      1.25     -0.08
      1.77      1.25      0.88
      1.77      1.25      0.88
      0.81      1.25      0.88
      0.81      1.25      0.88
     -0.14      0.30      0.88
     -1.10      0.30      0.88
     -1.10     -0.66     -0.08
     -1.10     -0.66     -0.08
     -1.10     -0.66     -0.08
     -1.10     -0.66     -0.08
     -1.10     -1.62     -0.08
     -1.10     -1.62      0.88
     -0.14     -0.66      0.88
      0.81     -0.66      0.88
      1.77      0.30     -0.08
      1.77      1.25     -1.04
      1.77      1.25     -1.04
      0.81      1.25     -0.08
     -0.14      1.25     -0.08
     -0.14      0.30     -0.08
     -0.14      0.30     -0.08
     -0.14      0.30     -0.08
     -0.14      0.30      0.88
     -1.10     -0.66      0.88
     -1.10     -0.66      0.88
     -2.06     -0.66      0.88
     -2.06     -0.66     -0.08
     -1.10     -0.66     -0.08
     -1.10      0.30     -1.04
     -1.10      0.30     -1.04
     -1.10      0.30     -1.04
     -0.14      0.30     -0.08
     -0.14     -0.66     -0.08
      0.81     -0.66     -1.04
      1.77     -0.66     -0.08
      2.73      0.30     -0.08
      2.73      1.25     -0.08
      1.77      1.25     -0.08
      1.77      1.25     -0.08
      1.77      1.25      0.88
      0.81      0.30      0.88
      0.81      0.30      1.83
      0.81      0.30      1.83
     -0.14      1.25      1.83
     -2.06      0.30      1.83
     -3.02     -0.66      0.88
     -3.02     -1.62      0.88
     -3.02     -1.62     -0.08
     -2.06     -1.62     -1.04
     -1.10     -0.66     -2.00
     -0.14     -0.66     -2.00
     -0.14      0.30     -2.95
     -0.14      0.30     -2.95
      0.81      1.25     -2.95
      0.81      1.25     -1.04
      0.81      1.25     -0.08
      1.77      1.25      0.88
      0.81      1.25      0.88
      0.81      1.25      1.83
      0.81      0.30      2.79
      0.81     -0.66      3.75
      0.81     -1.62      2.79
      0.81     -1.62      1.83
      0.81     -1.62      0.88
     -0.14     -1.62     -0.08
     -1.10     -1.62     -1.04
     -2.06     -0.66     -2.00
     -2.06     -0.66     -2.95
     -2.06      0.30     -2.95
     -2.06      1.25     -2.95
     -1.10      2.21     -2.00
     -1.10      2.21     -0.08
     -0.14      2.21      0.88
      0.81      1.25      1.83
      0.81      1.25      1.83
      1.77      0.30      1.83
      1.77     -0.66      1.83
      1.77     -1.62      1.83
      1.77     -1.62      1.83
      1.77     -1.62      0.88
      1.77     -1.62     -0.08
      0.81     -1.62     -0.08
      0.81     -0.66     -0.08
     -0.14      0.30     -1.04
     -1.10      1.25     -1.04
     -1.10      1.25     -1.04
     -0.14      2.21     -1.04
     -0.14      2.21     -1.04
     -0.14      1.25     -1.04
     -0.14      1.25     -1.04
     -1.10      1.25     -2.00
     -2.06      0.30     -2.00
     -3.02     -0.66     -2.00
     -3.02     -1.62     -2.00
     -3.02     -1.62     -2.00
     -2.06     -1.62     -1.04
     -2.06     -1.62     -0.08
     -1.10     -1.62      0.88
     -0.14     -0.66      1.83
      1.77      0.30      2.79
      2.73      1.25      3.75
      3.68      2.21      3.75
      3.68      2.21      2.79
      3.68      2.21      2.79
      3.68      2.21      1.83
      1.77      1.25      0.88
      0.81      0.30     -0.08
     -1.10      0.30     -1.04
     -2.06     -0.66     -2.00
     -2.06     -1.62     -2.95
     -2.06     -1.62     -2.95
     -2.06     -1.62     -2.95
     -2.06     -1.62     -2.95
     -1.10     -0.66     -2.00
     -1.10     -0.66     -2.00
     -0.14      0.30     -1.04
      0.81      0.30     -0.08
      0.81      1.25      0.88
      1.77      1.25      1.83
      1.77      1.25      2.79
      1.77      1.25      3.75
      1.77      1.25      3.75
      0.81      1.25      3.75
      0.81      0.30      2.79
     -0.14      0.30      1.83
     -0.14     -0.66      0.88
     -0.14     -0.66     -0.08
     -0.14     -0.66     -2.00
     -0.14     -0.66     -2.00
     -1.10     -0.66     -2.95
     -2.06     -0.66     -2.95
     -2.06     -0.66     -2.95
     -2.06      0.30     -2.95
     -2.06      0.30     -2.95
     -2.06      1.25     -2.00
     -2.06      1.25     -1.04
     -2.06      1.25     -0.08
     -1.10      0.30      0.88
     -0.14      0.30      1.83
      0.81      0.30      1.83
      1.77     -0.66      2.79
      2.73     -0.66      2.79
      3.68     -0.66      3.75
      3.68     -0.66      2.79
      3.68     -0.66      1.83
      2.73     -0.66      0.88
      2.73     -0.66     -0.08
      1.77      0.30     -0.08
      0.81      0.30     -1.04
     -0.14      0.30     -1.04
     -2.06      0.30     -1.04
     -3.02      0.30     -1.04
     -3.97      0.30     -1.04
     -3.97      0.30     -2.00
     -3.02      0.30     -2.00
     -3.02      0.30     -2.95
     -2.06      0.30     -2.95
     -2.06     -0.66     -2.95
     -1.10     -0.66     -2.95
     -1.10     -0.66     -2.00
     -0.14     -0.66     -2.00
      0.81     -0.66     -0.08
      1.77     -0.66      0.88
      2.73     -0.66      1.83
      3.68     -0.66      2.79
      3.68     -0.66      3.75
      3.68      0.30      4.70
      3.68      0.30      4.70
      1.77      0.30      3.75
      0.81      1.25      2.79
     -1.10      1.25      1.83
     -1.10      0.30     -0.08
     -2.06      0.30     -1.04
     -3.02      0.30     -2.00
     -3.02      0.30     -2.00
     -3.02     -0.66     -2.00
     -3.02     -0.66     -2.00
     -3.02     -0.66     -2.95
     -2.06     -0.66     -2.95
     -1.10     -0.66     -3.91
     -1.10      0.30     -2.95
     -0.14      0.30     -2.00
      0.81      0.30     -1.04
      1.77      0.30     -0.08
      2.73      0.30      0.88
      2.73      1.25      1.83
      2.73      1.25      1.83
      2.73      1.25      1.83
      1.77      0.30      1.83
      0.81      0.30      1.83
      0.81      0.30      1.83
     -0.14     -0.66      1.83
     -0.14     -0.66      0.88
     -1.10     -0.66     -0.08
     -1.10     -0.66     -1.04
     -2.06     -0.66     -2.00
     -2.06     -0.66     -2.00
     -2.06     -0.66     -2.00
     -2.06      0.30     -1.04
     -2.06      1.25     -1.04
     -2.06      1.25     -0.08
     -1.10      1.25     -0.08
     -0.14      1.25     -0.08
      0.81      1.25      0.88
      1.77      0.30      1.83
      2.73      0.30      1.83
      3.68      0.30      1.83
      3.68     -0.66      1.83
      2.73     -0.66      0.88
      1.77     -1.62      0.88
      0.81     -1.62     -1.04
     -0.14     -1.62     -1.04
     -1.10     -0.66     -1.04
     -2.06     -0.66     -1.04
     -3.02      0.30     -1.04
     -3.02      1.25     -1.04
     -3.97      1.25     -1.04
     -3.97      1.25     -1.04
     -3.02      1.25     -1.04
     -2.06      1.25     -1.04
     -1.10      0.30     -1.04
     -0.14      0.30     -1.04
      0.81     -0.66     -0.08
      1.77     -0.66      0.88
      1.77     -0.66      0.88
      2.73     -0.66      0.88
      2.73     -0.66      0.88
      2.73     -0.66      1.83
      2.73     -0.66      1.83
      2.73      0.30      1.83
      1.77      0.30      0.88
      1.77      0.30      0.88
      0.81      1.25     -0.08
     -0.14      1.25     -0.08
     -1.10      0.30     -0.08
     -1.10      0.30     -0.08
     -2.06      0.30     -1.04
     -3.02     -0.66     -1.04
     -3.02     -0.66     -2.00
     -3.02     -0.66     -2.95
     -3.02     -1.62     -2.95
     -3.02     -1.62     -2.00
     -2.06     -0.66     -1.04
     -0.14     -0.66     -0.08
      0.81      0.30      0.88
      1.77      0.30      1.83
      3.68      1.25      2.79
      3.68      1.25      2.79
      3.68      1.25      2.79
      3.68      2.21      2.79
      2.73      1.25      1.83
      0.81      1.25      0.88
     -1.10      0.30     -0.08
     -2.06     -0.66     -2.00
     -3.02     -0.66     -2.95
     -3.02     -1.62     -2.95
     -3.02     -2.57     -2.95
     -3.02     -1.62     -2.00
     -2.06     -1.62     -2.00
     -2.06     -1.62     -1.04
     -1.10      0.30     -1.04
     -0.14      1.25     -1.04
      0.81      1.25     -0.08
      1.77      2.21      0.88
      1.77      2.21      1.83
      2.73      2.21      1.83
      2.73      2.21      2.79
      2.73      1.25      3.75
      1.77      0.30      3.75
      1.77     -0.66      2.79
      0.81     -1.62      0.88
      0.81     -1.62     -0.08
     -0.14     -1.62     -1.04
     -1.10     -1.62     -2.00
     -1.10     -1.62     -2.95
     -1.10     -0.66     -2.95
     -2.06     -0.66     -2.00
     -2.06      0.30     -2.00
     -1.10      0.30     -1.04
     -1.10      1.25     -0.08
     -1.10      1.25      0.88
     -0.14      2.21      0.88
     -0.14      2.21      0.88
     -0.14      1.25      0.88
     -0.14      1.25      0.88
     -0.14      0.30      0.88
      0.81     -0.66      0.88
      0.81     -0.66      0.88
      0.81     -0.66      0.88
      0.81     -0.66     -0.08
     -0.14     -1.62     -0.08
     -1.10     -0.66     -1.04
     -1.10     -0.66     -1.04
     -0.14     -0.66     -1.04
     -0.14      0.30     -1.04
      0.81      0.30     -2.00
     -0.14      1.25     -2.00
     -1.10      1.25     -1.04
     -1.10      1.25     -0.08
     -1.10      1.25     -0.08
     -1.10      1.25      0.88
     -1.10      0.30      0.88
     -0.14      0.30      0.88
     -0.14     -0.66      0.88
      0.81     -0.66      0.88
      1.77     -0.66      0.88
      2.73     -0.66      0.88
      2.73     -0.66      1.83
      2.73     -0.66      0.88
      2.73     -0.66      0.88
      0.81      0.30      0.88
     -0.14      0.30     -0.08
     -1.10      0.30     -1.04
     -2.06      0.30     -1.04
     -2.06      0.30     -1.04
     -3.02      0.30     -1.04
     -3.02      0.30     -1.04
     -3.02      1.25     -1.04
     -3.02      0.30     -1.04
     -3.02      0.30     -0.08
     -2.06      0.30     -1.04
     -1.10     -0.66     -1.04
      0.81     -0.66     -1.04
      1.77     -0.66     -1.04
      2.73     -0.66     -0.08
      3.68     -0.66     -0.08
      3.68     -0.66      0.88
      3.68     -0.66      0.88
      3.68      0.30      0.88
      2.73      0.30      1.83
      2.73      1.25      1.83
      0.81      1.25      1.83
     -0.14      1.25      1.83
     -2.06      0.30      0.88
     -3.02      0.30     -0.08
     -3.02     -0.66     -1.04
     -3.02     -0.66     -2.00
     -3.02     -0.66     -2.00
     -3.02     -0.66     -2.95
     -3.02     -0.66     -2.00
     -3.02     -0.66     -1.04
     -2.06      0.30     -1.04
     -1.10      0.30     -1.04
     -0.14      1.25     -1.04
      0.81      1.25     -0.08
      1.77      2.21      0.88
      2.73      1.25      1.83
      3.68      1.25      2.79
      3.68      0.30      3.75
      3.68     -0.66      3.75
      3.68     -0.66      3.75
      2.73     -1.62      1.83
      1.77     -1.62      0.88
      0.81     -1.62     -0.08
     -1.10     -0.66     -1.04
     -2.06     -0.66     -2.00
     -3.02     -0.66     -2.95
     -3.02     -0.66     -2.95
     -3.02      0.30     -3.91
     -3.02      0.30     -2.95
     -3.02      0.30     -2.95
     -2.06      0.30     -2.00
     -1.10      1.25     -1.04
      0.81      1.25     -0.08
      0.81      1.25      0.88
      0.81      1.25      1.83
      0.81      0.30      2.79
      1.77      0.30      2.79
      1.77      0.30      2.79
      1.77     -0.66      2.79
      1.77     -0.66      2.79
      1.77     -0.66      0.88
      1.77     -0.66     -0.08
      0.81     -0.66     -0.08
     -0.14     -0.66     -1.04
     -0.14     -0.66     -2.00
     -1.10      0.30     -2.95
     -1.10      0.30     -3.91
     -1.10      0.30     -3.91
     -1.10      0.30     -2.95
     -1.10      0.30     -2.00
     -1.10      0.30     -1.04
     -1.10      0.30      0.88
     -1.10      0.30      1.83
     -0.14      0.30      1.83
      0.81      0.30      2.79
      0.81      0.30      2.79
      1.77      0.30      2.79
      1.77     -0.66      1.83
      1.77     -0.66      1.83
      0.81     -0.66      0.88
      0.81     -0.66      0.88
     -0.14     -0.66      0.88
     -1.10     -0.66     -0.08
     -1.10     -0.66     -1.04
     -1.10      0.30     -1.04
     -1.10      0.30     -1.04
     -1.10      0.30     -2.00
     -1.10      0.30     -2.00
     -1.10      1.25     -2.00
     -1.10      1.25     -2.00
     -1.10      1.25     -2.00
     -0.14      1.25     -2.00
     -0.14      0.30     -1.04
      0.81      0.30     -0.08
      0.81     -0.66     -0.08
      0.81     -0.66      0.88
      0.81     -0.66      1.83
      0.81     -0.66      1.83
      0.81     -0.66      1.83
      0.81     -0.66      1.83
      0.81      0.30      1.83
     -0.14      0.30      0.88
     -0.14      0.30      0.88
     -1.10      0.30     -0.08
     -1.10      0.30     -0.08
     -1.10      0.30     -1.04
     -0.14      0.30     -1.04
     -1.10      0.30     -1.04
     -1.10      0.30     -1.04
     -1.10      0.30     -1.04
     -0.14      0.30     -0.08
     -0.14      0.30     -1.04
     -0.14     -0.66     -1.04
      0.81     -0.66     -1.04
      0.81     -0.66     -0.08
      0.81     -0.66     -0.08
      0.81     -0.66     -0.08
      0.81     -0.66     -0.08
     -0.14     -0.66     -0.08
     -0.14     -0.66      0.88
     -0.14     -0.66     -0.08
     -0.14      0.30     -0.08
     -0.14      1.25     -1.04
     -0.14      1.25     -1.04
     -0.14      1.25     -0.08
     -0.14      1.25     -0.08
     -0.14      0.30     -0.08
     -0.14      0.30     -0.08
     -0.14      0.30     -0.08
     -0.14     -0.66     -0.08
     -0.14     -0.66      0.88
     -0.14     -1.62      0.88
     -0.14     -1.62      0.88
     -0.14     -1.62     -0.08
      0.81     -0.66     -0.08
      0.81     -0.66     -0.08
      0.81      0.30     -0.08
      0.81      1.25     -0.08
      1.77      1.25     -0.08
      1.77      1.25     -0.08
      1.77      1.25     -0.08
      0.81      1.25     -1.04
     -0.14      1.25     -0.08
     -0.14      0.30     -0.08
     -1.10      0.30      0.88
     -1.10     -0.66      0.88
     -1.10     -0.66      0.88
     -1.10     -1.62      0.88
     -0.14     -1.62      0.88
     -0.14     -1.62      0.88
     -0.14     -1.62     -0.08
     -0.14     -0.66     -0.08
     -0.14     -0.66     -0.08
     -0.14      0.30     -0.08
     -0.14      1.25     -0.08
      0.81      1.25     -0.08
      0.81      1.25     -0.08
      0.81      1.25     -0.08
      0.81      1.25     -0.08
      0.81      1.25     -0.08
      0.81      0.30     -0.08
      0.81      0.30     -0.08
      0.81     -0.66     -0.08
     -0.14     -0.66     -0.08
     -1.10     -0.66     -0.08
     -1.10     -0.66      0.88
     -1.10     -0.66      0.88
     -1.10     -0.66      0.88
     -1.10      0.30     -0.08
     -1.10      0.30     -0.08
     -1.10      0.30     -0.08
     -1.10      1.25     -0.08
     -1.10      0.30     -1.04
     -0.14      0.30     -1.04
      0.81      0.30     -1.04
      1.77      0.30     -1.04
      1.77      0.30     -0.08
      0.81      0.30      0.88
      0.81     -0.66      0.88
      0.81     -0.66      0.88
      0.81      0.30      0.88
      0.81      0.30      0.88
     -0.14      0.30      1.83
     -0.14      0.30      1.83
     -1.10      0.30      0.88
     -0.14      0.30      0.88
     -0.14      0.30      0.88
     -0.14      0.30     -0.08
     -0.14      0.30     -0.08
     -0.14      0.30     -0.08
     -1.10     -0.66     -0.08
     -1.10      0.30     -0.08
     -1.10      0.30     -0.08
     -1.10      0.30     -1.04
     -1.10      0.30     -1.04
     -2.06      0.30     -2.00
     -2.06      0.30     -2.00
     -1.10      0.30     -1.04
     -0.14      0.30     -0.08
     -0.14      0.30     -0.08
      1.77      0.30     -0.08
      1.77      0.30     -1.04
      1.77      0.30     -0.08
      1.77      0.30     -0.08
      1.77      0.30     -0.08
      1.77      0.30     -0.08
      0.81      0.30      0.88
     -0.14      0.30      1.83
     -0.14      0.30      1.83
     -1.10      0.30      2.79
     -1.10      0.30      2.79
     -1.10     -0.66      2.79
     -0.14     -0.66      1.83
     -0.14     -0.66      0.88
     -0.14      0.30     -0.08
     -0.14      0.30     -1.04
     -1.10      0.30     -2.00
     -1.10      0.30     -2.95
     -1.10      0.30     -2.95
     -0.14      0.30     -3.91
     -0.14     -0.66     -2.95
     -0.14      0.30     -2.95
     -0.14      0.30     -2.00
     -0.14      0.30     -1.04
     -0.14      0.30     -0.08
     -0.14      0.30      0.88
      0.81      0.30      0.88
      1.77      0.30      0.88
      1.77      0.30      1.83
      2.73      0.30      1.83
      1.77      0.30      1.83
      0.81      0.30      1.83
     -0.14      0.30      1.83
     -1.10      0.30      0.88
     -1.10     -0.66     -0.08
     -1.10     -0.66     -1.04
     -2.06     -0.66     -1.04
     -2.06     -0.66     -1.04
     -2.06     -0.66     -1.04
     -2.06     -0.66     -1.04
     -2.06     -0.66     -2.00
     -1.10     -0.66     -2.00
     -0.14     -0.66     -2.00
      0.81      0.30     -1.04
      1.77      0.30     -0.08
      1.77      1.25     -0.08
      1.77      1.25      0.88
      1.77      1.25      0.88
      1.77      1.25      0.88
      1.77      1.25      1.83
      1.77      1.25      1.83
      1.77      0.30      1.83
      0.81      0.30      1.83
      0.81     -0.66      1.83
     -0.14     -0.66      0.88
     -1.10     -1.62     -0.08
     -1.10     -1.62     -0.08
     -2.06     -1.62     -0.08
     -2.06     -1.62     -0.08
     -1.10     -0.66     -0.08
     -1.10     -0.66     -0.08
     -1.10      0.30     -0.08
     -1.10      1.25     -0.08
     -1.10      1.25     -0.08
     -1.10      1.25     -0.08
     -0.14      0.30     -1.04
      0.81      1.25     -1.04
      0.81      1.25     -1.04
      0.81      1.25     -1.04
     -0.14      0.30     -1.04
     -0.14      0.30     -1.04
     -0.14      0.30     -1.04
     -0.14     -0.66     -1.04
      0.81     -0.66     -0.08
      0.81     -0.66     -0.08
      0.81     -0.66      0.88
      0.81     -0.66      1.83
      0.81     -0.66      1.83
      0.81     -0.66      1.83
      0.81      0.30      0.88
      0.81      0.30      0.88
      0.81      0.30      0.88
      0.81      0.30     -0.08
     -0.14      0.30     -0.08
     -0.14      0.30     -0.08
     -0.14      0.30     -0.08
     -1.10      0.30     -0.08
     -1.10      1.25     -1.04
     -1.10      1.25     -1.04
     -2.06      0.30     -1.04
     -1.10      0.30     -1.04
     -1.10      0.30     -1.04
     -0.14      0.30     -1.04
     -0.14     -0.66     -1.04
     -0.14     -0.66     -1.04
     -0.14     -0.66     -0.08
      0.81     -0.66     -0.08
      0.81     -0.66     -0.08
      0.81      0.30     -0.08
      1.77      0.30      0.88
      1.77      0.30      0.88
      1.77      1.25      0.88
      1.77      1.25      0.88
      1.77      0.30      1.83
      0.81      0.30      0.88
     -0.14     -0.66      0.88
     -1.10     -0.66      0.88
     -1.10     -0.66      0.88
     -1.10     -0.66     -0.08
     -2.06     -0.66     -1.04
     -2.06     -0.66     -1.04
     -2.06      0.30     -2.00
     -1.10      0.30     -2.00
     -1.10      0.30     -2.00
     -0.14      0.30     -1.04
     -0.14      1.25     -1.04
      0.81      0.30     -0.08
      0.81      0.30     -0.08
      0.81      0.30     -0.08
      0.81      0.30     -0.08
      0.81      0.30      0.88
      1.77     -0.66      0.88
      1.77     -0.66      0.88
      0.81      0.30      0.88
      0.81     -0.66      0.88
     -0.14     -0.66      0.88
     -1.10     -0.66     -0.08
     -1.10     -0.66     -0.08
     -1.10     -0.66      0.88
     -0.14      0.30      0.88
     -0.14      0.30      0.88
     -0.14      0.30     -0.08
     -0.14      0.30     -0.08
     -0.14      0.30     -0.08
     -0.14      0.30     -1.04
      0.81      0.30     -1.04
      0.81      0.30     -1.04
     -0.14      0.30     -1.04
     -0.14      0.30     -1.04
     -0.14      0.30     -0.08
     -1.10     -0.66     -0.08
     -1.10     -0.66     -0.08
     -1.10     -0.66     -0.08
     -0.14     -0.66     -0.08
     -0.14     -0.66      0.88
     -0.14     -0.66      0.88
     -0.14      0.30      0.88
     -1.10      0.30      0.88
     -1.10      0.30     -0.08
     -0.14      0.30     -0.08
      0.81      0.30     -1.04
      0.81      0.30     -1.04
      0.81      0.30     -0.08
      0.81      0.30     -0.08
     -0.14      0.30      0.88
     -0.14      0.30      0.88
     -0.14      0.30     -0.08
      0.81      0.30     -0.08
      0.81      0.30     -0.08
      0.81      0.30     -0.08
     -0.14     -0.66      0.88
     -0.14     -0.66     -0.08
     -0.14     -0.66     -0.08
     -0.14      0.30     -0.08
     -0.14      0.30     -0.08
     -0.14      0.30     -0.08
     -0.14      0.30     -0.08
     -1.10      0.30     -0.08
     -1.10      0.30      0.88
     -1.10      0.30     -0.08
     -1.10      0.30     -0.08
     -0.14     -0.66     -0.08
      0.81     -0.66     -0.08
     -0.14     -0.66     -0.08
     -0.14     -0.66     -0.08
      0.81     -0.66     -0.08
      0.81      0.30     -0.08
     -0.14      0.30     -0.08
     -0.14      0.30     -0.08
      0.81      0.30     -0.08
      0.81      0.30     -1.04
      0.81      0.30     -1.04
     -0.14      0.30     -0.08
     -0.14      0.30     -0.08
     -0.14      0.30     -0.08
     -0.14      0.30     -0.08
     -0.14     -0.66     -0.08
     -0.14     -0.66     -0.08
     -1.10     -0.66      0.88
     -0.14      0.30     -0.08
     -0.14      0.30     -0.08
     -0.14      0.30     -0.08
      0.81      0.30     -0.08
      0.81      0.30     -0.08
      0.81      0.30     -0.08
     -0.14      0.30     -0.08
      0.81      0.30     -0.08
      0.81      0.30     -0.08
      0.81      0.30     -0.08
      0.81     -0.66     -0.08
      0.81     -0.66      0.88
     -0.14     -0.66      0.88
     -0.14     -0.66      0.88
     -0.14     -0.66      0.88
     -0.14      0.30     -0.08
     -0.14      0.30     -0.08
     -1.10      0.30     -0.08
     -1.10      1.25     -1.04
     -1.10      1.25     -1.04
     -1.10      0.30     -2.00
     -1.10      0.30     -2.00
     -1.10      0.30     -2.00
     -1.10      0.30     -2.00
     -1.10     -0.66     -1.04
     -1.10     -0.66     -0.08
     -0.14     -0.66     -0.08
     -0.14     -0.66     -0.08
      0.81     -0.66     -0.08
      1.77     -0.66      0.88
      1.77      0.30      1.83
      1.77      0.30      1.83
      1.77      0.30      1.83
      1.77      0.30      1.83
      0.81      0.30      1.83
      0.81      0.30      0.88
      0.81      0.30      0.88
      0.81      0.30     -0.08
      0.81     -0.66     -0.08
      0.81     -0.66     -1.04
     -0.14     -0.66     -1.04
     -1.10     -0.66     -1.04
     -2.06     -0.66     -1.04
     -2.06      0.30     -1.04
     -2.06      0.30     -1.04
     -2.06      0.30     -1.04
     -2.06      0.30     -1.04
     -2.06      0.30     -0.08
     -2.06      0.30     -0.08
     -1.10      0.30     -0.08
     -0.14      0.30      0.88
      0.81      0.30      0.88
      0.81      0.30      0.88
      0.81     -0.66      0.88
      0.81     -0.66      0.88
      0.81     -0.66     -0.08
      0.81     -0.66     -0.08
      0.81     -0.66     -0.08
      0.81     -0.66     -0.08
      0.81      0.30     -0.08
      0.81      0.30     -0.08
      0.81      0.30      0.88
     -0.14      1.25      0.88
     -0.14      1.25      0.88
     -0.14      0.30      0.88
     -1.10      0.30      0.88
     -1.10     -0.66      0.88
     -1.10     -0.66     -0.08
     -1.10     -0.66     -1.04
     -1.10     -0.66     -1.04
     -1.10     -0.66     -1.04
     -1.10     -0.66     -1.04
     -1.10     -0.66     -1.04
     -0.14      0.30     -1.04
      0.81      0.30     -1.04
      0.81      0.30     -1.04
      1.77      1.25     -0.08
      1.77      1.25     -0.08
      1.77      1.25      0.88
      1.77      1.25      0.88
      1.77      0.30      0.88
      1.77      0.30      1.83
      0.81     -0.66      1.83
     -0.14     -0.66      1.83
     -1.10     -0.66      0.88
     -1.10     -0.66     -0.08
     -2.06     -0.66     -1.04
     -2.06     -0.66     -1.04
     -2.06      0.30     -2.00
     -2.06      0.30     -2.00
     -1.10      0.30     -2.00
     -1.10      0.30     -2.00
     -0.14      1.25     -2.00
      0.81      0.30     -1.04
      0.81      0.30     -1.04
      1.77      0.30     -0.08
      1.77      0.30      0.88
      1.77      0.30      1.83
      0.81      0.30      1.83
     -0.14     -0.66      2.79
     -0.14     -0.66      2.79
     -0.14     -0.66      1.83
     -0.14     -0.66      1.83
      0.81      0.30      1.83
     -0.14      0.30      0.88
      0.81      0.30     -0.08
     -0.14      0.30     -0.08
     -0.14      0.30     -1.04
     -1.10      0.30     -2.00
     -1.10      0.30     -2.95
     -1.10      0.30     -2.95
     -1.10      0.30     -2.95
     -1.10      0.30     -2.00
     -1.10      0.30     -1.04
     -1.10     -0.66     -1.04
     -1.10     -0.66     -0.08
     -1.10      0.30      0.88
     -0.14      0.30      0.88
     -0.14      0.30      0.88
      0.81      0.30      1.83
      0.81      0.30      1.83
      0.81      0.30      1.83
      0.81      0.30      0.88
      0.81      0.30      0.88
      0.81      0.30     -0.08
      0.81      0.30     -0.08
     -0.14      0.30     -1.04
     -1.10      0.30     -1.04
     -1.10     -0.66     -1.04
     -1.10     -0.66     -1.04
     -1.10     -0.66     -1.04
     -1.10     -0.66     -1.04
     -1.10     -0.66     -1.04
     -1.10     -0.66     -0.08
     -0.14      0.30     -0.08
     -0.14      0.30     -0.08
      0.81      0.30     -0.08
      0.81      0.30     -0.08
      0.81      0.30     -0.08
      0.81      0.30     -0.08
      0.81      0.30     -0.08
      0.81      0.30     -0.08
      0.81     -0.66      0.88
     -0.14     -0.66      0.88
     -0.14     -0.66      0.88
     -0.14     -0.66      0.88
     -0.14     -0.66     -0.08
     -0.14     -0.66     -0.08
     -0.14     -0.66     -0.08
     -0.14     -0.66     -0.08
     -0.14     -0.66     -1.04
     -0.14     -0.66     -1.04
