********************************************************************************
                       INSTITUTO DE INGENIERIA, UNAM
                  Coordinacion de Instrumentacion Sismica
  Ciudad Universitaria, Apartado Postal 70-472, Coyoacan 04510, Mexico, D.F.
 Tel.(52-5)622-3414    Fax.(52-5)616-1514    e-mail: isismica@pumas.iingen.unam.mx
**************************************************************************************
ARCHIVO ESTANDAR DE ACELERACION:
VERSION DEL FORMATO                    : 2.0
NOMBRE DEL ARCHIVO                     : PNTP9709.011
FECHA Y HORA DE CREACION               : Tue Nov 11 18:15:58 1997
REF. CATALOGO ACELEROGRAMAS, SMIS 1995 : REGISTRO NO.      /PAG.    


================================================================================
DATOS DE LA ESTACION:
NOMBRE DE LA ESTACION                  : PINOTEPA NACIONAL
CLAVE DE LA ESTACION                   : PNTP
LOCALIZACION DE LA ESTACION            : ESCUELA PRIMARIA "ANASTACIO M. FRANCO" A TRES
                                       : CUADRAS DEL ZOCALO DE PINOTEPA NACIONAL, OAXACA.
                                       : 
                                       : 
                                       : 
COORDENADAS DE LA ESTACION             : 16.340486 LAT. N
                                       : 98.053706 LONG. W
ALTITUD (msnm)                         : 213
TIPO DE SUELO                          : LIMO ARENOSO
                                       : 
                                       : 
INSTITUCION RESPONSABLE                : INSTITUTO DE INGENIERIA UNAM 
                                       : 

================================================================================
DATOS DEL ACELEROGRAFO: 
MODELO DEL ACELEROGRAFO                : DCA-333
NUMERO DE SERIE DEL ACELEROGRAFO       : 306
NUMERO DE CANALES                      : 3
ORIENTACION C1-C6 (rumbo;orientacion)  : /V/N90E/N00E
ORIENTACION C7-C12 (rumbo;orientacion) :
VEL. DE MUESTREO, C1-C6 (muestras/s)   : /100/100/100
VEL. DE MUESTREO, C7-C12 (muestras/s)  :
ESC. COMPLETA DE SENSORES, C1-C6, (g)  : /1/1/1
ESC. COMPLETA DE SENSORES, C7-C12 (g)  :
FREC. NAT. DE SENSORES, C1-C6, (Hz)    : /30.0/30.0/30.0
FREC. NAT. DE SENSORES, C7-C12 (Hz)    :
AMORTIGUAMIENTO DE SENSORES, C1-C6     : /0.75/0.75/0.775
AMORTIGUAMIENTO DE SENSORES, C7-C12    :
INTERVALO DE MUESTREO, C1-C6 (s)       : /0.01/0.01/0.01
INTERVALO DE MUESTREO, C7-C12 (s)      :
UMBRAL DE DISPARO, C1-C6 (Gal)         : /4/4/4
UMBRAL DE DISPARO, C7-C12 (Gal)        :
MEMORIA DE PREEVENTO (s)               : 4
TIEMPO DE POSEVENTO (s)                : 15


================================================================================
DATOS DEL SISMO:
FECHA DEL SISMO [GMT]                  : 1997/09/01
HORA EPICENTRO (GMT)                   : 05:57:13.6
MAGNITUD(ES)                           : /Mc=4.2
COORDENADAS DEL EPICENTRO              : 15.900 LAT. N
                                       : 98.230 LONG. W
PROFUNDIDAD FOCAL (Km)                 : 5
FUENTE DE LOS DATOS EPICENTRALES       : Instituto de Geofisica, UNAM
                                       : SSN

================================================================================
DATOS DE ESTE REGISTRO:
HORA DE LA PRIMERA MUESTRA (GMT)       : 05:57:26    
EXACTITUD DEL TIEMPO (s)               : 0.5  
DURACION DEL REGISTRO (s), C1-C6       : /14.85/14.85/14.85                      
DURACION DEL REGISTRO (s), C7-C12      : 
NUM. TOTAL DE MUESTRAS, C1-C6          : /1485/1485/1485                       
NUM. TOTAL DE MUESTRAS, C7-C12         : 
ACEL. MAX.(Gal), C1-C6                 : /3.68/5.06/4.69                       
ACEL. MAX., C1-C6, EN LA MUESTRA       : /356/367/350                          
ACEL. MAX.(Gal), C7-C12                : 
ACEL. MAX., C7-C12,EN LA MUESTRA       : 
UNIDADES DE LOS DATOS                  : Gal (cm/s/s)
FACTOR DE DECIMACION                   : 1
FORMATO DATOS (FORTRAN,10 campos/dato) : 3F10.2


================================================================================
CALIDAD DEL ACELEROGRAMA:
REGISTRO DIGITAL COMPLETO, CON TIEMPO ABSOLUTO CORRECTO.


================================================================================
COMENTARIOS:














================================================================================
DATOS DE ACELERACION:
---------+---------+---------+---------+---------+---------+---------+---------+
   CANAL-1   CANAL-2   CANAL-3
         V      N90E      N00E
---------+---------+---------+---------+---------+---------+---------+---------+
     -0.15     -0.20      0.38
     -0.15      0.28     -0.10
      0.33     -0.20     -0.10
      0.33      0.28      0.38
      0.33      0.28     -0.10
      0.33     -0.20     -0.10
      0.33     -0.20     -0.10
      0.33     -0.20     -0.58
     -0.15     -0.20      0.38
     -0.63      0.28     -0.10
     -0.63     -0.20      0.38
     -0.63     -0.20      0.38
     -0.15     -0.20     -0.10
      0.33     -0.20     -0.10
      0.33     -0.20     -0.58
      0.33     -0.20     -0.10
     -0.15      0.28      0.38
     -0.15      0.28     -0.10
     -0.15      0.28      0.38
      0.33     -0.20     -0.10
     -0.15     -0.20     -0.10
     -0.63     -0.20     -0.10
     -0.63     -0.20     -0.10
     -0.15     -0.20      0.38
      0.33      0.28     -0.10
      0.33      0.28      0.38
      0.33      0.28     -0.10
     -0.15     -0.20     -0.10
     -0.15      0.28      0.38
      0.33      0.28     -0.10
      0.33     -0.20     -0.10
     -0.15     -0.20     -0.10
     -0.15     -0.20     -0.10
     -0.15     -0.20      0.38
     -0.15     -0.20     -0.10
     -0.15      0.28     -0.10
     -0.15      0.28      0.38
     -0.15      0.28     -0.10
     -0.15      0.28      0.38
      0.33      0.28     -0.10
      0.33      0.28      0.38
     -0.15      0.28      0.38
     -0.15     -0.20     -0.10
      0.33      0.28      0.38
     -0.15      0.28     -0.10
     -0.15     -0.20      0.38
     -0.15      0.28     -0.10
     -0.15     -0.20     -0.58
     -0.15     -0.20     -0.10
     -0.15     -0.20     -0.58
     -0.15     -0.20     -0.10
      0.33      0.28     -0.10
      0.33     -0.20     -0.10
      0.33     -0.20      0.38
      0.33      0.28     -0.58
      0.33     -0.20      0.38
      0.33      0.28      0.38
      0.33     -0.20     -0.10
     -0.15      0.28      0.38
     -0.63      0.28     -0.10
     -0.63     -0.20      0.38
     -0.15      0.28     -0.10
     -0.15     -0.20     -0.10
      0.33     -0.20     -0.10
      0.33     -0.20     -0.10
     -0.15     -0.20     -0.10
     -0.15     -0.20      0.38
     -0.15     -0.20     -0.10
      0.33      0.28      0.38
      0.33     -0.20     -0.10
     -0.15     -0.20     -0.10
     -0.15      0.28     -0.10
     -0.15      0.28     -0.58
     -0.15      0.28     -0.10
     -0.15      0.28     -0.10
     -0.15      0.28      0.38
     -0.15      0.28      0.38
      0.33     -0.20      0.38
      0.33     -0.20      0.38
      0.33     -0.20      0.38
     -0.15     -0.68      0.38
     -0.15     -0.20     -0.10
     -0.15     -0.20     -0.10
     -0.15     -0.20     -0.10
     -0.15     -0.20     -0.58
     -0.63     -0.20     -0.58
     -0.15      0.28     -0.58
     -0.15      0.28     -1.06
     -0.15      0.76     -0.10
      0.33      0.28     -0.10
     -0.15      0.28      0.38
     -0.15      0.28      0.38
      0.33      0.28      0.38
      0.33     -0.20      0.38
      0.33     -0.20      0.38
     -0.15     -0.20      0.38
     -0.15     -0.20     -0.10
     -0.15     -0.20     -0.58
     -0.15      0.28     -0.10
     -0.15      0.28     -0.58
     -0.15      0.28     -0.10
     -0.15      0.28     -0.10
      0.33     -0.20     -0.10
      0.33     -0.20      0.38
      0.33     -0.20     -0.10
      0.33     -0.20     -0.10
     -0.15     -0.20     -0.10
     -0.15     -0.20     -0.10
     -0.15     -0.20     -0.10
     -0.15     -0.20     -0.58
     -0.63     -0.20     -0.10
     -0.15      0.28     -0.10
     -0.15      0.28     -0.10
     -0.15      0.28      0.38
      0.33      0.28     -0.10
      0.33      0.28      0.38
      0.33      0.28      0.38
      0.33     -0.20      0.38
      0.33      0.28      0.38
      0.33     -0.20      0.38
     -0.15     -0.20      0.38
     -0.15     -0.20     -0.10
     -0.15     -0.20     -0.10
     -0.15     -0.20     -0.10
     -0.15     -0.20     -1.06
      0.33     -0.20     -0.10
      0.33      0.28     -0.58
     -0.15     -0.20     -0.10
     -0.15     -0.20      0.38
      0.33     -0.20      0.38
      0.33     -0.20      0.38
      0.33     -0.20      0.38
     -0.15     -0.20     -0.10
     -0.15     -0.20      0.38
     -0.15      0.28     -0.58
     -0.15      0.28     -0.10
      0.33      0.76     -0.58
     -0.15      0.28     -0.10
     -0.15      0.76      0.38
      0.33      0.28     -0.10
     -0.15     -0.20      0.38
     -0.15      0.28     -0.10
     -0.15     -0.20     -0.10
     -0.15     -0.20      0.38
     -0.15     -0.20     -0.10
     -0.15     -0.20      0.38
      0.33     -0.20     -0.10
     -0.15     -0.20     -0.10
     -0.15     -0.20      0.38
      0.33     -0.20     -0.10
      0.33     -0.20     -0.10
     -0.15      0.28     -0.10
     -0.15     -0.20     -0.10
     -0.15      0.28      0.38
     -0.15      0.28     -0.10
     -0.15     -0.20      0.38
     -0.15     -0.20     -0.10
     -0.15     -0.20     -0.10
     -0.15     -0.20     -0.10
     -0.15     -0.20     -0.58
     -0.15     -0.20     -0.10
      0.33      0.28     -0.58
      0.33     -0.20     -0.10
     -0.15      0.28      0.38
      0.33      0.28     -0.10
      0.33      0.28      0.38
      0.33      0.28     -0.10
     -0.15     -0.20      0.38
     -0.15      0.28      0.38
     -0.63      0.28     -0.10
     -0.63     -0.20      0.38
     -0.15      0.28     -0.10
     -0.15     -0.20     -0.10
     -0.15      0.28     -0.10
     -0.15     -0.20     -0.58
      0.33      0.28      0.38
      0.33     -0.20     -0.10
      0.33     -0.20     -0.10
      0.33     -0.20     -0.10
     -0.15     -0.20     -0.58
     -0.15     -0.20     -0.10
     -0.15     -0.20     -0.10
     -0.63      0.28      0.38
     -0.15      0.28      0.38
     -0.15      0.28     -0.10
      0.33      0.28      0.38
      0.81      0.28     -0.10
      0.33     -0.20     -0.10
     -0.15     -0.20     -0.10
     -0.15     -0.20     -0.10
     -0.15     -0.20      0.38
     -0.15     -0.20     -0.10
     -0.15     -0.20     -0.10
     -0.15     -0.20     -0.10
     -0.15     -0.20     -0.58
     -0.15     -0.20     -0.10
     -0.15      0.28     -0.58
      0.33      0.28     -0.10
      0.81      0.28      0.38
      0.81      0.28     -0.10
     -0.15     -0.20      0.38
     -0.15     -0.20     -0.10
     -0.15     -0.68     -0.10
      0.33     -0.20      0.38
     -0.15     -0.20     -0.10
     -0.15     -0.20      0.38
     -0.15     -0.20     -0.10
     -0.15     -0.20     -0.10
     -0.15     -0.20      0.38
      0.33     -0.20     -0.10
      0.33      0.28      0.38
      0.33      0.28     -0.10
     -0.15      0.28     -0.10
     -0.15      0.76      0.38
     -0.15      0.28     -0.10
      0.33      0.28      0.38
      0.33      0.28     -0.10
     -0.15      0.28     -0.10
     -0.15      0.28      0.38
     -0.15     -0.20     -0.10
     -0.15     -0.20      0.38
      0.33     -0.20     -0.10
      0.33     -0.68     -0.10
      0.33     -0.20      0.38
      0.33     -0.20     -0.10
     -0.15      0.28     -0.10
     -0.15      0.28     -0.10
     -0.15      0.28     -0.10
     -0.15      0.28     -0.10
     -0.15      0.28     -0.58
     -0.15      0.76      0.38
     -0.15      0.76     -0.10
     -0.15      0.28      0.38
      0.33     -0.20     -0.10
      0.33     -0.68     -0.58
      0.33     -1.16     -0.10
     -0.15     -1.16     -0.10
     -0.15     -1.16      0.38
     -0.15     -0.68      0.38
     -0.15     -0.68      0.38
     -0.15     -0.20      0.38
     -0.15      0.28      0.38
     -0.63      0.28      0.38
     -0.63      0.76      0.38
     -0.63      0.76     -0.10
     -0.63      0.76     -0.10
     -0.15      0.76     -0.58
     -0.15      0.28     -0.58
      0.33      0.28     -0.58
      0.33     -0.20     -0.58
      0.81     -0.20     -0.10
      0.81     -0.68     -0.10
      0.81     -1.16      0.38
      0.81     -1.16      0.38
      0.81     -1.16      0.38
      0.33     -1.16     -0.10
     -0.15     -1.16     -0.58
     -0.15     -0.20     -0.58
     -0.15      0.28     -1.06
     -0.15      0.28     -1.54
     -0.15      0.28     -1.06
      0.33      0.76     -1.06
      0.33      1.24     -1.06
      0.33      1.71     -0.58
      0.81      0.76     -0.10
      0.81      0.28      0.38
      0.81     -0.20      0.86
      0.33     -1.16      1.81
      0.33     -1.16      1.81
     -0.15     -1.16      1.81
     -0.15     -1.16      2.29
     -0.63     -0.20      1.34
     -1.11      0.28      0.38
     -0.63      1.24      0.38
     -0.63      1.71     -0.58
      0.33      2.19     -0.58
      0.81      2.19     -1.54
      0.81      0.76     -2.01
      0.33     -0.20     -2.01
      0.33     -1.16     -1.54
     -0.15     -1.64     -0.10
     -0.15     -2.11      0.38
     -0.63     -2.11      0.38
     -1.11     -2.11      0.38
     -1.11     -1.64      0.38
     -0.63     -1.16      0.38
     -0.15      0.28     -0.10
     -0.15      1.24     -0.58
      0.33      2.19     -1.06
      0.33      2.19     -1.06
      0.33      1.71     -0.58
      0.33      1.24     -0.58
      0.33      0.76      0.38
      0.33      0.76      0.38
      0.33     -0.20      0.38
      0.81     -1.16      0.38
      0.81     -1.64      0.38
      0.33     -2.59      1.34
     -0.15     -2.59      1.34
     -0.63     -1.64      0.38
     -1.11     -0.20     -0.10
     -1.11      1.24     -1.54
     -0.63      2.19     -1.54
     -0.15      3.63     -2.01
      0.33      3.63     -2.97
      0.33      3.63     -2.97
      0.81      2.67     -2.49
      0.81      0.76     -0.58
      1.29     -1.16      1.34
      0.81     -2.11      2.77
      0.33     -2.11      3.73
      0.33     -2.11      3.25
     -0.15     -2.11      2.77
     -0.63     -2.11      1.81
     -1.11     -2.11      0.38
     -1.11     -1.16     -1.06
     -1.11      0.28     -2.49
     -0.63      2.19     -2.97
     -0.15      3.63     -2.97
      0.33      2.67     -2.49
      0.81      1.24     -0.58
      1.29     -1.16     -0.58
      0.81     -1.64      0.38
      0.33     -1.64      1.34
     -0.15     -1.16      1.34
     -0.63     -0.20      1.34
     -0.63      0.76      0.38
     -0.63      1.24      0.38
     -0.63      1.24     -0.58
     -0.15      1.24     -1.54
      0.33      1.71     -2.01
      0.81      1.71     -2.49
      0.33      1.71     -1.54
      0.81      1.24     -0.58
      0.33     -0.20      0.86
      0.33     -1.64      3.25
     -0.15     -3.55      3.25
     -0.63     -4.51      2.77
     -1.11     -4.03      0.38
     -1.11     -2.11     -2.49
     -0.63      0.76     -3.45
     -0.15      2.67     -2.97
      0.33      3.15     -1.06
      1.29      3.15     -0.58
      1.29      2.19     -1.06
      1.29      1.71     -1.06
      0.81      0.28     -1.54
     -0.15     -1.16     -0.10
     -1.11     -1.16      1.34
     -2.06     -1.16      3.25
     -2.54      0.28      4.69
     -2.54      1.71      4.21
     -2.06      1.71      3.73
     -0.15      1.71      0.86
      1.29      1.24     -1.06
      2.72      0.76     -2.97
      3.68     -1.16     -4.41
      3.68     -2.11     -3.93
      2.72     -3.55     -3.93
      1.29     -4.51     -2.97
     -0.63     -4.03     -1.54
     -2.06     -3.07     -0.58
     -2.54     -1.16      0.38
     -2.54      0.76      0.86
     -3.02      2.67      2.29
     -3.02      4.11      4.21
     -1.11      4.59      3.73
      0.81      5.06      2.77
      2.24      5.06      0.38
      2.72      3.63     -1.06
      2.24      1.24     -1.06
      1.29     -1.16     -1.54
      0.81     -3.07     -0.58
     -0.15     -4.03     -0.58
     -0.63     -4.03     -0.58
     -1.11     -4.03     -0.10
     -1.11     -4.03     -0.58
     -0.63     -3.07     -0.58
     -0.15     -1.16     -1.54
      0.33      0.76     -1.54
      0.33      3.15     -1.54
     -0.15      4.11     -2.01
     -0.15      4.59     -0.58
     -0.15      4.59     -0.58
     -0.15      3.63     -0.10
     -0.63      1.71      1.34
     -0.63     -0.20      2.29
     -0.15     -1.16      4.21
      0.33     -2.11      3.73
      0.81     -3.07      1.81
      0.81     -3.55     -0.10
      0.33     -4.03     -2.01
     -0.15     -3.07     -2.01
     -0.63     -1.16     -2.01
     -1.11      0.28     -1.06
     -0.63      1.71     -0.10
     -0.15      2.67     -0.58
      0.33      2.19     -0.10
      0.81      2.19     -0.58
      0.81      1.71     -1.06
      0.81      1.71     -0.58
      0.81      1.24     -0.10
      0.33      1.24      1.34
     -0.15      1.24      1.34
     -0.15     -0.20      1.34
     -0.15     -1.16      0.38
     -0.63     -2.11     -0.10
     -0.63     -2.59     -0.10
     -0.63     -2.11     -0.58
     -0.63     -1.16     -1.06
     -0.15      0.76     -1.54
      0.33      1.71     -2.01
      0.81      1.24     -1.06
      0.81      0.76     -1.06
      0.81     -0.20     -0.10
      0.33      0.28      0.86
      0.33     -0.20      1.81
      0.33     -1.16      2.29
      0.33     -1.64      1.81
     -0.15     -2.59      0.38
     -0.63     -2.11     -0.10
     -0.63     -1.16     -1.54
     -1.11     -0.20     -1.06
     -1.11      1.24     -1.06
     -0.63      2.19     -0.58
      0.33      2.67     -0.58
      0.81      2.67     -1.54
      0.81      2.19     -0.58
      0.81      1.71     -0.10
      0.33      1.24      0.38
     -0.15      1.24      1.34
     -0.63      0.76      0.38
     -0.63     -0.20      0.86
     -0.63     -1.16      0.38
     -0.63     -1.64      0.38
     -0.63     -1.64      0.38
     -0.15     -2.11     -1.06
      0.33     -1.64     -1.06
      0.81     -1.16     -2.01
      0.81     -1.16     -1.54
      0.81     -1.16     -0.58
      0.33     -0.68     -0.10
     -0.15      0.76      0.38
     -0.15      1.71      0.38
     -0.63      2.19      0.38
     -0.15      2.19      0.38
      0.33      0.76     -0.10
      0.33      0.28     -0.10
     -0.15     -0.20     -0.58
     -0.63     -0.20      0.38
     -0.63      1.24      0.38
     -0.63      1.24      0.38
     -0.63      0.76      0.38
      0.33     -0.20     -0.10
      0.81     -1.16     -0.58
      0.81     -2.11     -1.06
      0.33     -2.11     -1.06
      0.33     -1.64     -0.58
     -0.15     -1.16     -0.58
      0.33     -1.16     -0.10
      0.33     -0.20     -0.10
     -0.15      0.28     -0.58
     -0.15      0.76     -0.58
     -0.15      1.71     -1.06
     -0.63      2.19     -0.58
     -0.63      2.19     -0.10
     -0.15      1.24     -0.10
      0.33      0.76      1.34
      0.81      0.28      1.81
      0.33     -0.20      1.81
     -0.15     -0.20      0.86
     -0.15     -0.68     -0.58
     -0.15     -1.16     -1.06
     -0.15     -1.16     -1.54
     -0.15     -1.16     -0.58
     -0.15     -1.16     -0.10
     -0.15     -0.20     -0.10
     -0.15      0.28      0.38
      0.33      0.28     -0.10
      0.81      0.28     -0.58
      0.81     -0.20     -0.58
      0.33     -0.20     -1.06
     -0.63     -0.20     -0.10
     -0.63      0.28      0.38
     -0.63     -0.20      0.38
     -0.15     -0.20      0.38
     -0.15     -0.68      0.38
     -0.15     -0.20      0.38
     -0.15     -0.20     -0.10
     -0.63     -0.20     -0.58
     -0.15      0.76     -1.06
     -0.63      0.76     -1.06
     -0.15      1.24     -0.10
      0.33      0.76     -0.10
      0.33      0.28      0.38
      0.33     -0.20      0.38
     -0.15     -0.68      0.38
     -0.15     -0.68      0.38
      0.33     -0.68     -0.10
      0.33     -0.68     -0.58
     -0.15     -0.20     -0.58
     -0.15     -0.20     -1.06
     -0.15     -0.20     -0.10
     -0.15     -0.68     -0.10
     -0.15     -0.20     -0.10
     -0.15      0.28     -0.10
     -0.15      0.28     -0.58
     -0.15      0.28     -0.58
     -0.63      0.76     -0.58
     -0.15      0.76      0.38
     -0.15      0.76      0.38
     -0.15      0.28      0.38
     -0.15      0.28      1.34
      0.33      0.28      0.38
      0.33     -0.20      0.38
      0.81     -0.20     -0.10
      0.81     -1.16     -0.58
     -0.15     -1.16     -0.10
     -0.15     -1.16     -0.58
     -0.15     -1.16     -0.10
     -0.15     -0.20     -0.10
      0.33     -0.20     -0.58
     -0.15      0.28     -0.58
     -0.15      0.28     -0.58
     -0.15      0.28     -0.10
     -0.15      0.76     -0.58
     -0.15      0.28     -0.58
     -0.15      0.28     -0.10
     -0.15      0.28     -0.58
     -0.15     -0.20     -0.10
      0.33     -0.20      0.38
     -0.15     -0.20      0.38
     -0.15     -0.20      0.86
     -0.15     -0.20      0.38
     -0.15     -0.20      0.38
     -0.15     -0.20      0.38
     -0.15     -1.16      0.38
     -0.15     -1.16      0.38
     -0.15     -0.68     -0.58
     -0.15      0.28     -0.10
     -0.15      0.76     -0.58
     -0.15      0.76     -1.06
      0.33      0.28     -0.58
      0.33      0.28     -1.06
      0.33      0.76     -0.58
      0.33      0.76     -0.10
     -0.15      0.76      0.38
     -0.15      0.76      0.38
     -0.15     -0.20      0.38
      0.33     -0.68      0.38
      0.33     -1.16     -0.10
     -0.63     -1.16     -0.58
     -0.63     -0.68     -0.58
     -0.63     -0.20     -0.58
     -0.15     -0.20      0.38
      0.33     -0.20      0.38
      0.33     -0.20     -0.10
      0.81     -0.20      0.38
      0.33      0.28     -0.58
      0.33      0.28     -0.10
     -0.15      0.28     -0.58
     -0.15      0.28     -0.10
     -0.15      0.28      0.38
     -0.15     -0.20      0.38
     -0.15     -0.20      0.38
     -0.15     -0.20      0.38
      0.33     -0.20     -0.58
      0.33      0.28     -0.58
      0.33      0.28     -0.58
      0.33      0.28     -0.10
      0.33      0.28     -0.10
     -0.15     -0.20      0.38
     -0.15      0.28      0.38
     -0.15     -0.20      0.38
     -0.63     -1.16      0.38
     -0.15     -1.16      0.38
     -0.15     -0.68      0.38
     -0.15     -0.20     -0.10
     -0.15     -0.20     -0.58
     -0.15     -0.20     -0.58
      0.33     -0.20     -1.06
      0.33     -0.20     -1.54
      0.33      0.28     -1.06
      0.33      0.28     -1.06
     -0.15      0.76      0.38
     -0.15      0.76      0.38
     -0.63      0.28      0.38
     -0.15      0.76      0.38
     -0.15      0.76     -0.10
     -0.15      0.76      0.38
      0.33      0.76      0.38
      0.33     -0.20      0.38
      0.33     -0.20      0.38
      0.33     -1.16     -0.10
      0.33     -1.16     -0.10
      0.33     -0.20     -0.58
     -0.15     -0.68     -0.58
     -0.15     -1.16     -0.10
     -0.15     -0.68     -0.10
     -0.15     -0.20      0.38
     -0.15      0.28      0.38
     -0.15     -0.20      0.38
     -0.15      0.28      0.38
     -0.15      0.28     -0.58
      0.33      0.76     -0.58
      0.33      0.76     -1.06
      0.33      0.28     -0.58
     -0.15      0.28     -0.10
     -0.15     -0.20     -0.58
     -0.15     -0.20      0.38
      0.33     -0.20     -0.10
      0.33     -0.68     -0.10
     -0.15     -0.20      0.38
     -0.15     -0.20      0.38
     -0.15     -0.20      0.38
     -0.15     -0.20      0.38
      0.33     -0.20      0.38
      0.33      0.28     -0.10
      0.33      0.76     -0.58
     -0.15      0.76     -0.10
      0.33      0.28     -0.10
     -0.15     -0.20     -0.10
     -0.15      0.28     -0.10
     -0.15      0.28     -0.10
     -0.15     -0.20      0.38
     -0.15     -0.20      0.38
     -0.15     -1.16      0.38
     -0.15     -0.68      0.38
      0.33     -0.68     -0.10
     -0.15     -0.20     -0.10
      0.33     -0.20     -1.06
      0.33     -0.20     -1.06
     -0.15      0.28     -1.06
     -0.15      0.28     -1.54
     -0.15      0.28     -0.10
     -0.15      0.28      0.38
     -0.15      0.28      0.38
     -0.15      0.28      0.38
     -0.15     -0.20      0.38
     -0.15     -0.20      0.38
      0.33      0.28      0.38
     -0.15      0.28     -0.10
      0.33      0.28      0.38
      0.33      0.28     -0.10
      0.33      0.28      0.38
      0.33      0.28     -0.10
     -0.15     -0.20      0.38
     -0.15     -0.20      0.38
     -0.15     -0.20     -0.58
     -0.15     -0.20     -0.10
     -0.15     -0.20     -0.58
     -0.15     -0.20     -0.58
     -0.15     -0.20      0.38
     -0.15     -0.20      0.38
      0.33     -0.20      0.38
      0.33     -0.20      0.38
      0.33     -0.20     -0.10
      0.33     -0.20     -0.58
      0.33     -0.20     -0.58
     -0.15     -0.20     -0.10
      0.33      0.28     -0.10
     -0.15      0.28     -0.10
     -0.15      0.76      0.38
     -0.15      0.28     -0.10
     -0.15     -0.20      0.38
      0.33     -0.20     -0.10
     -0.15     -0.20     -0.10
     -0.15     -0.20      0.38
     -0.15     -0.20     -0.10
     -0.15      0.28      0.38
     -0.15      0.76     -0.10
     -0.15      0.28      0.38
      0.33     -0.20      0.38
      0.33     -1.16     -0.10
     -0.15     -1.16      0.38
     -0.15     -1.16     -0.10
     -0.63     -0.68     -0.10
     -0.15     -0.20      0.38
     -0.15      0.28     -0.10
      0.33      0.76     -0.10
      0.33      0.76     -0.58
     -0.15      0.76     -0.10
      0.33      0.76     -0.10
      0.33      0.28     -0.58
      0.33      0.28     -0.10
     -0.15      0.28     -0.58
     -0.15     -0.20     -0.10
     -0.15     -0.20      0.38
     -0.15     -0.20     -0.10
     -0.15     -0.20      0.38
      0.33     -0.20     -0.10
     -0.15     -0.20      0.38
      0.33     -0.68      0.38
      0.33     -1.16     -0.10
      0.33     -0.20     -0.10
      0.33     -0.20     -0.58
     -0.15      0.28     -0.10
     -0.15      0.76     -0.10
     -0.15      0.28     -0.58
     -0.15      0.28     -0.10
     -0.15      0.28     -0.10
     -0.15      0.28      0.38
     -0.15      0.28      0.38
      0.33     -0.20     -0.10
     -0.15     -0.20      0.38
      0.33     -0.20     -0.10
     -0.15     -0.68     -0.10
      0.33     -0.20     -0.58
      0.33     -0.20     -0.58
     -0.15     -0.20     -0.10
     -0.15     -0.20     -0.58
     -0.15     -0.20     -0.10
     -0.15      0.28      0.38
     -0.15      0.28      0.38
     -0.15      0.76      0.38
     -0.15      0.28     -0.10
      0.33      0.28     -0.10
      0.33      0.28     -0.10
     -0.15      0.28     -0.58
     -0.15      0.28      0.38
     -0.15      0.28      0.38
     -0.15     -0.20      0.38
     -0.15     -0.20      0.38
     -0.15     -1.16      0.38
     -0.15     -1.16      0.38
      0.33     -0.68     -0.58
     -0.15     -0.68     -0.58
     -0.15     -0.20     -0.58
      0.33      0.28     -0.58
     -0.15      0.76     -0.10
      0.33      0.76     -0.58
     -0.15      0.28      0.38
     -0.15      0.76      0.38
     -0.15      0.28     -0.10
     -0.15      0.28      0.38
     -0.15     -0.20      0.38
     -0.15     -0.20      0.38
     -0.15     -0.20      0.38
     -0.15     -0.20     -0.10
     -0.15     -0.20     -0.10
      0.33     -0.20     -0.58
      0.33     -0.68     -0.10
      0.33     -0.68     -0.58
      0.33     -0.68     -0.58
     -0.15     -0.20     -0.10
     -0.15     -0.20     -0.10
     -0.15     -0.20     -0.10
     -0.15      0.28     -0.10
     -0.15      0.28     -0.10
     -0.15      0.28      0.38
     -0.15      0.28     -0.10
     -0.63      0.28      0.38
     -0.15      0.76      0.38
     -0.15      0.28      0.38
      0.33      0.28      0.38
      0.33     -0.20     -0.10
      0.33     -0.20     -0.10
      0.33     -0.20     -0.10
     -0.15     -0.68     -0.10
     -0.15     -0.68      0.38
      0.33     -0.20     -0.10
     -0.15     -0.20     -0.10
     -0.15     -0.20     -0.10
     -0.15     -0.20     -0.10
     -0.15     -0.20      0.38
      0.33      0.28     -0.58
     -0.15      0.28     -0.10
      0.33      0.28     -0.58
      0.33      0.28     -0.58
      0.33      0.28     -0.10
      0.33     -0.20     -0.58
     -0.15     -0.20     -0.10
     -0.15     -0.20      0.38
     -0.15     -0.20     -0.10
     -0.15     -0.20      0.38
     -0.15     -0.20     -0.10
     -0.15     -0.20      0.38
      0.33     -0.20     -0.10
     -0.15     -0.20     -0.10
      0.33     -0.20      0.38
      0.33     -0.20     -0.10
     -0.15     -0.20      0.38
      0.33     -0.20     -0.10
      0.33     -0.68     -0.10
     -0.15     -0.20      0.38
     -0.15     -0.20     -0.10
     -0.15      0.28      0.38
     -0.15      0.28      0.38
     -0.15      0.28     -0.10
     -0.15      0.28      0.38
     -0.15      0.28     -0.58
      0.33      0.28     -0.10
      0.33      0.28     -0.58
      0.33      0.28     -0.58
      0.33      0.28     -0.10
      0.33      0.28     -0.58
     -0.15     -0.20      0.38
     -0.15     -0.20      0.38
     -0.63     -0.68      0.38
     -0.15     -0.20      0.38
     -0.15     -0.20     -0.10
     -0.15     -0.20      0.38
      0.33     -0.20     -0.10
      0.33     -0.20     -0.10
      0.33     -0.20     -0.10
      0.33     -0.20     -0.58
      0.33     -0.20     -0.10
      0.33     -0.20     -0.10
     -0.15     -0.20     -0.10
     -0.15     -0.20      0.38
     -0.15     -0.20     -0.10
     -0.15      0.28      0.38
     -0.15      0.28     -0.10
     -0.15      0.28     -0.10
     -0.15     -0.20     -0.10
      0.33     -0.20     -0.10
      0.33     -0.20      0.38
      0.33      0.28     -0.10
     -0.15     -0.20     -0.10
     -0.15      0.28      0.38
     -0.15     -0.20     -0.10
     -0.15     -0.20      0.38
     -0.15     -0.20      0.38
     -0.15     -0.20      0.38
     -0.15     -0.20      0.38
     -0.15      0.28     -0.10
     -0.15      0.28      0.38
     -0.15      0.28     -0.10
     -0.15      0.28     -0.10
     -0.15      0.28     -0.10
     -0.15     -0.20     -0.58
     -0.15     -0.20     -0.10
      0.33     -0.20     -0.10
      0.33     -0.20     -0.10
      0.33     -0.20     -0.10
     -0.15     -0.20     -0.10
     -0.15     -0.20      0.38
     -0.15      0.28     -0.10
     -0.63     -0.20      0.38
     -0.15      0.28      0.38
     -0.15     -0.20     -0.10
     -0.15     -0.20      0.38
     -0.15      0.28     -0.10
     -0.15     -0.20     -0.10
     -0.15      0.28      0.38
      0.33      0.28     -0.58
     -0.15      0.28     -0.10
      0.33      0.28     -0.58
     -0.15     -0.20     -0.10
     -0.15     -0.20     -0.10
     -0.15     -0.20     -0.10
     -0.15     -0.20      0.38
     -0.15     -0.20     -0.10
     -0.15     -0.20      0.38
     -0.15     -0.20      0.38
     -0.15     -0.20     -0.10
     -0.15     -0.20      0.38
     -0.15      0.28     -0.10
     -0.15      0.28     -0.10
     -0.15      0.28      0.38
     -0.15     -0.20     -0.10
     -0.15     -0.20      0.38
      0.33     -0.20     -0.10
     -0.15     -0.20     -0.10
     -0.15      0.28     -0.10
      0.33     -0.20     -0.10
      0.33      0.28     -0.10
      0.33     -0.20     -0.10
      0.33     -0.20     -0.10
      0.33     -0.20     -0.10
      0.33     -0.20     -0.58
     -0.15     -0.20     -0.10
     -0.15      0.28     -0.10
     -0.63     -0.20     -0.10
     -0.15      0.28      0.38
     -0.15     -0.20     -0.10
      0.33     -0.20      0.38
      0.33     -0.20     -0.10
     -0.15     -0.20     -0.10
     -0.15     -0.20      0.38
     -0.15     -0.20     -0.10
     -0.15     -0.20      0.38
      0.33     -0.20     -0.10
     -0.15     -0.20     -0.10
     -0.15      0.28      0.38
     -0.15      0.28     -0.10
     -0.15      0.28      0.38
     -0.15      0.28     -0.10
     -0.15     -0.20     -0.10
     -0.15      0.28     -0.10
      0.33     -0.20     -0.58
     -0.15     -0.20     -0.10
     -0.15     -0.20     -0.58
     -0.15     -0.20     -0.10
     -0.15     -0.20     -0.10
      0.33     -0.20     -0.10
     -0.15     -0.20      0.38
     -0.15     -0.20     -0.10
     -0.15     -0.20      0.38
     -0.15      0.28      0.38
     -0.15     -0.20     -0.10
     -0.15     -0.20      0.38
     -0.15     -0.20     -0.10
      0.33     -0.20     -0.10
      0.33     -0.20     -0.10
      0.33     -0.20     -0.58
      0.33     -0.20     -0.10
     -0.15     -0.20     -0.58
     -0.15     -0.20     -0.10
     -0.15      0.28      0.38
     -0.15     -0.20     -0.10
     -0.15      0.28      0.38
     -0.15      0.28     -0.10
     -0.15      0.28      0.38
     -0.15      0.28      0.38
     -0.15     -0.20     -0.10
     -0.15     -0.20      0.38
      0.33     -0.20     -0.10
     -0.15     -0.20     -0.10
     -0.15     -0.20     -0.10
     -0.15     -0.20     -0.58
     -0.15     -0.20     -0.10
      0.33     -0.20     -0.58
     -0.15     -0.20     -0.58
     -0.15      0.28     -0.10
     -0.15     -0.20     -0.58
     -0.15     -0.20      0.38
     -0.15     -0.20     -0.10
     -0.15     -0.20      0.38
      0.33     -0.20      0.38
      0.33     -0.20     -0.10
      0.33     -0.20     -0.10
      0.33     -0.20     -0.10
     -0.15     -0.20     -0.10
     -0.15      0.28      0.38
     -0.15      0.28     -0.10
     -0.15      0.28      0.38
     -0.15      0.28      0.38
     -0.15      0.28      0.38
     -0.15      0.28      0.38
     -0.15     -0.20     -0.10
     -0.15     -0.20      0.38
     -0.15     -0.20     -0.10
     -0.15     -0.20      0.38
     -0.15     -0.20     -0.10
     -0.15     -0.20     -0.58
     -0.15     -0.20     -0.10
      0.33     -0.20     -0.58
      0.33     -0.20     -0.10
     -0.15     -0.20     -0.10
     -0.15      0.28     -0.10
     -0.15      0.28      0.38
     -0.15      0.76     -0.10
     -0.15      0.28      0.38
     -0.15      0.76     -0.10
     -0.15      0.28     -0.58
     -0.15      0.28     -0.10
     -0.15     -0.20     -0.58
     -0.15     -0.20     -0.10
     -0.15     -0.20     -0.10
     -0.15     -0.20      0.38
     -0.15     -0.20      0.38
      0.33     -0.20     -0.10
      0.33     -0.68      0.38
      0.33     -0.20     -0.10
     -0.15     -0.20     -0.10
     -0.15     -0.20      0.38
     -0.15      0.28     -0.10
     -0.15      0.28     -0.10
     -0.15      0.28     -0.10
     -0.15     -0.20     -0.58
     -0.15      0.28     -0.10
      0.33     -0.20     -0.58
     -0.15     -0.20     -0.10
     -0.15      0.28      0.38
     -0.15      0.28     -0.10
     -0.15      0.28      0.38
     -0.15      0.28      0.38
     -0.15     -0.20      0.38
     -0.15      0.28      0.38
     -0.15     -0.20     -0.10
     -0.15      0.28      0.38
     -0.15     -0.20     -0.58
     -0.15     -0.20     -0.10
      0.33     -0.20     -0.10
      0.33     -0.20     -0.58
     -0.15     -0.20     -0.10
     -0.15     -0.20     -0.10
     -0.15     -0.20      0.38
     -0.15     -0.20      0.38
     -0.15     -0.20      0.38
     -0.15     -0.20      0.38
      0.33     -0.20     -0.10
     -0.15      0.28     -0.10
     -0.15      0.28     -0.10
     -0.15      0.28     -0.58
     -0.15      0.28     -0.10
     -0.15      0.28     -0.10
     -0.15     -0.20      0.38
     -0.15     -0.20     -0.10
     -0.15     -0.20     -0.10
     -0.15     -0.20      0.38
     -0.15     -0.20     -0.10
     -0.15     -0.20     -0.10
     -0.15      0.28     -0.10
     -0.15     -0.20     -0.10
     -0.15      0.28      0.38
      0.33     -0.20     -0.10
     -0.15     -0.20      0.38
     -0.15     -0.20     -0.10
     -0.15     -0.20     -0.10
     -0.15     -0.20      0.38
     -0.15     -0.20     -0.10
     -0.15     -0.20      0.38
     -0.15      0.28      0.38
     -0.15     -0.20     -0.10
     -0.15      0.28      0.38
     -0.15     -0.20     -0.58
     -0.15     -0.20     -0.10
      0.33      0.28     -0.58
     -0.15     -0.20     -0.58
     -0.15      0.28     -0.10
      0.33     -0.20     -0.58
     -0.15     -0.20     -0.10
      0.33     -0.20     -0.10
     -0.15     -0.20     -0.10
     -0.15     -0.20      0.38
     -0.15      0.28     -0.10
     -0.15      0.28      0.38
     -0.15      0.76      0.38
     -0.15      0.28      0.38
     -0.15      0.28      0.38
     -0.15      0.28     -0.58
     -0.15     -0.20      0.38
     -0.15     -0.20     -0.10
     -0.15     -0.20     -0.10
     -0.15     -0.20      0.38
     -0.15     -0.20     -0.10
     -0.15     -0.20     -0.10
      0.33     -0.20     -0.58
     -0.15     -0.20     -0.58
     -0.15      0.28     -0.10
     -0.15      0.28     -0.58
     -0.15      0.28      0.38
     -0.15      0.28      0.38
     -0.15      0.28      0.38
     -0.15      0.28      0.38
     -0.15      0.28     -0.10
     -0.15      0.28      0.38
     -0.15      0.28     -0.10
     -0.15     -0.20      0.38
     -0.15     -0.20      0.38
     -0.15     -0.20     -0.10
     -0.15     -0.20      0.38
      0.33     -0.20     -0.58
     -0.15     -0.20     -0.58
     -0.15     -0.20     -0.10
     -0.15     -0.20     -0.58
     -0.15     -0.20     -0.10
     -0.15     -0.20     -0.10
     -0.15     -0.20     -0.10
     -0.15     -0.20      0.38
     -0.15     -0.20     -0.10
     -0.15     -0.20      0.38
     -0.15      0.28      0.38
      0.33      0.28      0.38
      0.33      0.28      0.38
     -0.15      0.28     -0.58
     -0.15      0.28     -0.10
     -0.15      0.28     -0.10
     -0.15     -0.20      0.38
     -0.15     -0.20      0.38
     -0.15     -0.20     -0.10
     -0.15     -0.20      0.38
      0.33     -0.20     -0.10
     -0.15     -0.20     -0.10
     -0.15     -0.20     -0.10
     -0.15     -0.20     -0.10
     -0.15      0.28      0.38
     -0.15      0.28     -0.10
     -0.15      0.28     -0.10
     -0.15      0.28     -0.10
     -0.15     -0.20     -0.58
     -0.15     -0.20     -0.10
     -0.15     -0.20     -0.10
     -0.15     -0.20     -0.10
     -0.15      0.28      0.38
     -0.15     -0.20     -0.10
     -0.15     -0.20      0.38
      0.33     -0.20     -0.10
     -0.15     -0.20     -0.10
     -0.15      0.28      0.38
     -0.15     -0.20     -0.10
     -0.15     -0.20      0.38
     -0.15     -0.20     -0.10
     -0.15     -0.20     -0.10
      0.33     -0.20     -0.10
      0.33     -0.20     -0.10
     -0.15     -0.20      0.38
     -0.15     -0.20     -0.10
     -0.15     -0.20     -0.10
     -0.15      0.28     -0.10
     -0.15      0.28     -0.10
     -0.15      0.28      0.38
     -0.15      0.28     -0.10
     -0.15      0.28     -0.10
     -0.15      0.28     -0.10
     -0.15      0.28     -0.10
     -0.15      0.28      0.38
      0.33     -0.20     -0.10
     -0.15     -0.20     -0.10
     -0.15     -0.20     -0.10
     -0.15     -0.20     -0.10
     -0.15     -0.20      0.38
     -0.15     -0.20     -0.10
     -0.15     -0.20     -0.10
     -0.15     -0.20     -0.10
     -0.15     -0.20     -0.10
     -0.15      0.28      0.38
      0.33      0.28     -0.10
     -0.15      0.28     -0.10
     -0.15      0.28      0.38
     -0.15     -0.20     -0.10
     -0.15     -0.20      0.38
     -0.15     -0.20     -0.10
     -0.15     -0.20      0.38
     -0.15      0.28      0.38
     -0.15      0.28     -0.10
     -0.15      0.28     -0.10
     -0.15     -0.20     -0.10
     -0.15     -0.20     -0.10
      0.33      0.28      0.38
     -0.15     -0.20     -0.10
     -0.15     -0.20      0.38
     -0.15     -0.20     -0.10
     -0.15     -0.20     -0.10
     -0.15     -0.20     -0.10
     -0.15     -0.20     -0.10
     -0.15      0.28      0.38
     -0.15     -0.20     -0.10
     -0.15     -0.20      0.38
     -0.15      0.28      0.38
     -0.15     -0.20     -0.10
     -0.15      0.28      0.38
     -0.15      0.28     -0.10
     -0.15     -0.20      0.38
     -0.15      0.28     -0.10
     -0.15     -0.20     -0.58
     -0.15      0.28     -0.10
      0.33     -0.20     -0.10
     -0.15     -0.20     -0.10
     -0.15     -0.20     -0.10
     -0.15     -0.68     -0.10
     -0.15     -0.20     -0.10
      0.33     -0.20     -0.10
      0.33     -0.20      0.38
      0.33     -0.20     -0.10
     -0.15     -0.20     -0.10
     -0.15      0.28      0.38
     -0.15      0.28     -0.10
     -0.15      0.28      0.38
      0.33      0.28     -0.10
     -0.15      0.28     -0.10
     -0.15      0.28      0.38
     -0.15      0.28     -0.10
     -0.15     -0.20     -0.10
     -0.15      0.28     -0.10
     -0.15     -0.20     -0.10
     -0.15      0.28     -0.10
      0.33     -0.20     -0.10
     -0.15     -0.20     -0.10
     -0.15     -0.20     -0.10
     -0.15     -0.20     -0.10
     -0.15     -0.20     -0.10
     -0.15     -0.20     -0.10
     -0.15     -0.20      0.38
     -0.15      0.28     -0.10
     -0.15      0.28     -0.10
     -0.15      0.28      0.38
     -0.15     -0.20     -0.10
     -0.15     -0.20      0.38
     -0.15      0.28     -0.10
     -0.15     -0.20     -0.10
     -0.15     -0.20      0.38
     -0.15     -0.20     -0.10
     -0.15     -0.20      0.38
     -0.15      0.28     -0.10
     -0.15     -0.20     -0.10
     -0.15      0.28      0.38
     -0.15     -0.20     -0.10
     -0.15     -0.20      0.38
     -0.15      0.28     -0.10
     -0.15     -0.20     -0.10
      0.33      0.28     -0.10
      0.33     -0.20     -0.58
     -0.15     -0.20     -0.10
     -0.15      0.28     -0.10
     -0.15     -0.20     -0.10
     -0.15      0.28      0.38
     -0.15     -0.20     -0.10
     -0.15     -0.20      0.38
     -0.15     -0.20     -0.10
     -0.15     -0.20     -0.10
     -0.15     -0.20      0.38
     -0.15     -0.20     -0.10
     -0.15      0.28      0.38
     -0.15      0.28     -0.10
     -0.15     -0.20     -0.10
     -0.15      0.28     -0.10
     -0.15     -0.20     -0.58
     -0.15     -0.20     -0.10
     -0.15      0.28     -0.10
     -0.15     -0.20     -0.10
     -0.15      0.28      0.38
     -0.15     -0.20     -0.10
     -0.15     -0.20      0.38
     -0.15     -0.20     -0.10
     -0.15     -0.20     -0.10
     -0.15      0.28      0.38
     -0.15     -0.20     -0.10
     -0.15     -0.20      0.38
     -0.15     -0.20     -0.10
     -0.15     -0.20     -0.10
     -0.15      0.28      0.38
     -0.15     -0.20     -0.10
     -0.15      0.28      0.38
      0.33      0.28     -0.10
     -0.15     -0.20     -0.10
     -0.15      0.28     -0.10
     -0.15     -0.20     -0.58
     -0.15     -0.20     -0.10
     -0.15     -0.20     -0.58
     -0.15     -0.20     -0.10
     -0.15     -0.20     -0.10
     -0.15     -0.20     -0.10
     -0.15     -0.20      0.38
     -0.15     -0.20     -0.10
     -0.15     -0.20     -0.10
     -0.15      0.28      0.38
     -0.15      0.28     -0.10
     -0.15      0.28      0.38
      0.33      0.28     -0.10
     -0.15      0.28     -0.10
     -0.15      0.28     -0.10
     -0.15     -0.20     -0.58
     -0.15     -0.20      0.38
      0.33     -0.20     -0.10
     -0.15     -0.20     -0.10
      0.33     -0.20     -0.10
     -0.15     -0.20     -0.58
     -0.15     -0.20      0.38
     -0.15      0.28     -0.10
     -0.15     -0.20     -0.10
     -0.15      0.28      0.38
     -0.15      0.28     -0.10
     -0.15     -0.20      0.38
     -0.15     -0.20     -0.10
     -0.15     -0.20     -0.10
     -0.15     -0.20      0.38
     -0.15      0.28     -0.10
     -0.15      0.28     -0.10
      0.33      0.28     -0.10
     -0.15     -0.20     -0.10
     -0.15     -0.20     -0.10
     -0.15     -0.20     -0.10
     -0.15     -0.20      0.38
     -0.15     -0.20     -0.10
     -0.15     -0.20     -0.10
      0.33     -0.20     -0.10
     -0.15     -0.20     -0.10
     -0.15     -0.20      0.38
     -0.15      0.28     -0.10
     -0.15      0.28      0.38
     -0.15      0.28      0.38
      0.33      0.28     -0.10
     -0.15      0.28      0.38
     -0.15     -0.20     -0.10
     -0.15     -0.20     -0.10
     -0.15     -0.20     -0.10
     -0.15     -0.20     -0.10
     -0.15     -0.20      0.38
     -0.15     -0.20     -0.10
     -0.15     -0.20     -0.10
     -0.15      0.28     -0.10
     -0.15     -0.20     -0.10
     -0.15      0.28     -0.10
      0.33     -0.20     -0.10
     -0.15     -0.20      0.38
      0.33      0.28     -0.10
     -0.15     -0.20     -0.10
     -0.15     -0.20      0.38
     -0.15     -0.20     -0.10
     -0.15     -0.20     -0.10
     -0.15      0.28     -0.10
     -0.15     -0.20     -0.10
     -0.15     -0.20      0.38
      0.33     -0.20     -0.10
     -0.15     -0.20      0.38
      0.33      0.28     -0.10
     -0.15     -0.20     -0.10
     -0.15      0.28     -0.10
     -0.15     -0.20     -0.58
     -0.15     -0.20     -0.10
     -0.15      0.28     -0.10
     -0.15     -0.20     -0.10
     -0.15      0.28      0.38
     -0.15      0.28     -0.10
     -0.15     -0.20      0.38
     -0.15      0.28     -0.10
     -0.15     -0.20     -0.10
     -0.15     -0.20      0.38
      0.33     -0.20     -0.10
     -0.15     -0.20      0.38
     -0.15     -0.20     -0.10
     -0.15     -0.20     -0.10
     -0.15     -0.20      0.38
      0.33     -0.20     -0.10
     -0.15     -0.20     -0.10
     -0.15      0.28     -0.10
     -0.15     -0.20     -0.10
     -0.15      0.28     -0.10
     -0.15     -0.20     -0.58
     -0.15     -0.20     -0.10
     -0.15      0.28     -0.10
     -0.15     -0.20     -0.10
     -0.15      0.28      0.38
      0.33      0.28     -0.10
     -0.15     -0.20     -0.10
     -0.15     -0.20     -0.10
     -0.15     -0.20     -0.10
     -0.15      0.28      0.38
     -0.15     -0.20     -0.10
     -0.15     -0.20      0.38
     -0.15     -0.20     -0.10
     -0.15     -0.20     -0.10
     -0.15     -0.20      0.38
     -0.15     -0.20     -0.10
     -0.15     -0.20     -0.10
     -0.15     -0.20     -0.10
     -0.15     -0.20     -0.10
     -0.15     -0.20     -0.10
      0.33     -0.20     -0.10
     -0.15     -0.20      0.38
      0.33      0.28     -0.10
      0.33      0.28     -0.10
     -0.15      0.28      0.38
     -0.15     -0.20     -0.10
     -0.15     -0.20     -0.10
     -0.15      0.28     -0.10
     -0.15     -0.20     -0.10
     -0.15     -0.20      0.38
     -0.15     -0.20     -0.10
     -0.15     -0.20     -0.10
     -0.15     -0.20     -0.10
     -0.15     -0.20     -0.10
     -0.15     -0.20      0.38
     -0.15     -0.20     -0.10
     -0.15     -0.20      0.38
      0.33      0.28     -0.10
     -0.15     -0.20     -0.10
     -0.15     -0.20      0.38
     -0.15     -0.20     -0.58
     -0.15     -0.20      0.38
     -0.15     -0.20     -0.10
     -0.15     -0.20     -0.10
     -0.15      0.28      0.38
     -0.15      0.28     -0.10
     -0.15      0.28      0.38
      0.33      0.28     -0.10
     -0.15     -0.20     -0.10
     -0.15      0.28     -0.10
     -0.15     -0.20     -0.58
     -0.15     -0.20     -0.10
     -0.15     -0.20     -0.10
     -0.15     -0.20     -0.10
     -0.15     -0.20      0.38
     -0.15     -0.20     -0.10
     -0.15     -0.20      0.38
     -0.15     -0.20     -0.10
     -0.15     -0.20     -0.10
     -0.15      0.28      0.38
     -0.15     -0.20     -0.10
     -0.15     -0.20      0.38
      0.33      0.28     -0.10
     -0.15     -0.20     -0.10
     -0.15      0.28     -0.10
     -0.15     -0.20     -0.10
     -0.15     -0.20     -0.10
     -0.15     -0.20     -0.10
     -0.15     -0.20     -0.10
     -0.15     -0.20      0.38
     -0.15     -0.20     -0.10
     -0.15     -0.20      0.38
     -0.15      0.28     -0.10
     -0.15     -0.20     -0.10
     -0.15      0.28     -0.10
      0.33     -0.20     -0.10
     -0.15     -0.20      0.38
      0.33     -0.20     -0.10
     -0.15     -0.20     -0.10
     -0.15      0.28     -0.10
     -0.15     -0.20     -0.10
     -0.15     -0.20      0.38
     -0.15     -0.20     -0.10
     -0.15     -0.20     -0.10
     -0.15      0.28     -0.10
     -0.15     -0.20     -0.58
     -0.15     -0.20      0.38
      0.33      0.28     -0.10
     -0.15     -0.20      0.38
     -0.15      0.28     -0.10
     -0.15     -0.20     -0.10
     -0.15     -0.20      0.38
     -0.15     -0.20     -0.58
     -0.15     -0.20     -0.10
     -0.15     -0.20     -0.10
     -0.15     -0.20     -0.10
     -0.15      0.28      0.38
      0.33      0.28     -0.10
     -0.15     -0.20      0.38
     -0.15     -0.20      0.38
     -0.15     -0.20     -0.10
     -0.15     -0.20      0.38
     -0.15     -0.20     -0.10
     -0.15     -0.20     -0.10
     -0.15      0.28     -0.10
     -0.15     -0.20     -0.10
     -0.15      0.28     -0.10
     -0.15      0.28     -0.10
     -0.15     -0.20     -0.10
     -0.15     -0.20     -0.10
     -0.15     -0.20     -0.10
     -0.15     -0.20      0.38
     -0.15     -0.20     -0.10
     -0.15     -0.20      0.38
     -0.15      0.28      0.38
     -0.15     -0.20     -0.10
     -0.15     -0.20      0.38
     -0.15      0.28     -0.10
     -0.15     -0.20     -0.10
     -0.15      0.28     -0.10
      0.33     -0.20     -0.10
     -0.15      0.28      0.38
     -0.15      0.28     -0.10
     -0.15     -0.20     -0.10
     -0.15     -0.20     -0.10
     -0.15     -0.20     -0.10
     -0.15     -0.20     -0.10
     -0.15     -0.20     -0.10
     -0.15     -0.20      0.38
     -0.15     -0.20     -0.10
     -0.15     -0.20     -0.10
     -0.15      0.28     -0.10
     -0.15     -0.20     -0.10
     -0.15      0.28      0.38
     -0.15      0.28     -0.10
     -0.15     -0.20     -0.10
     -0.15      0.28      0.38
      0.33     -0.20     -0.10
     -0.15     -0.20      0.38
      0.33     -0.20     -0.10
     -0.15     -0.20     -0.10
     -0.15      0.28      0.38
     -0.15     -0.20     -0.10
     -0.15     -0.20      0.38
     -0.15      0.28     -0.10
     -0.15     -0.20     -0.10
     -0.15     -0.20     -0.10
     -0.15     -0.20     -0.10
     -0.15     -0.20     -0.10
      0.33      0.28     -0.10
     -0.15     -0.20     -0.10
     -0.15     -0.20      0.38
     -0.15     -0.20     -0.10
     -0.15     -0.20      0.38
     -0.15      0.28     -0.10
     -0.15     -0.20     -0.10
     -0.15      0.28      0.38
      0.33     -0.20     -0.10
     -0.15     -0.20      0.38
      0.33      0.28     -0.10
      0.33     -0.20     -0.10
     -0.15      0.28     -0.10
     -0.15     -0.20     -0.58
     -0.15     -0.20     -0.10
     -0.15     -0.20     -0.10
