********************************************************************************
                       INSTITUTO DE INGENIERIA, UNAM
                  Coordinacion de Instrumentacion Sismica
  Ciudad Universitaria, Apartado Postal 70-472, Coyoacan 04510, Mexico, D.F.
 Tel.(52-5)622-3414    Fax.(52-5)616-1514    e-mail: isismica@pumas.iingen.unam.mx
**************************************************************************************
ARCHIVO ESTANDAR DE ACELERACION:
VERSION DEL FORMATO                    : 2.0
NOMBRE DEL ARCHIVO                     : PNTP9408.041
FECHA Y HORA DE CREACION               : Wed Feb 28 14:02:07 1996
REF. CATALOGO ACELEROGRAMAS, SMIS 1995 : REGISTRO NO.      /PAG.    


================================================================================
DATOS DE LA ESTACION:
NOMBRE DE LA ESTACION                  : PINOTEPA NACIONAL
CLAVE DE LA ESTACION                   : PNTP
LOCALIZACION DE LA ESTACION            : ESCUELA PRIMARIA "ANASTACIO M. FRANCO" A TRES
                                       : CUADRAS DEL ZOCALO DE PINOTEPA NACIONAL, OAXACA.
                                       : 
                                       : 
                                       : 
COORDENADAS DE LA ESTACION             : 16.340486 LAT. N
                                       : 98.053706 LONG. W
ALTITUD (msnm)                         : 213
TIPO DE SUELO                          : LIMO ARENOSO
                                       : 
                                       : 
INSTITUCION RESPONSABLE                : INSTITUTO DE INGENIERIA UNAM 
                                       : 

================================================================================
DATOS DEL ACELEROGRAFO: 
MODELO DEL ACELEROGRAFO                : DCA-333
NUMERO DE SERIE DEL ACELEROGRAFO       : 306
NUMERO DE CANALES                      : 3
ORIENTACION C1-C6 (rumbo;orientacion)  : /V/N90E/N00E
ORIENTACION C7-C12 (rumbo;orientacion) :
VEL. DE MUESTREO, C1-C6 (muestras/s)   : /100/100/100
VEL. DE MUESTREO, C7-C12 (muestras/s)  :
ESC. COMPLETA DE SENSORES, C1-C6, (g)  : /1/1/1
ESC. COMPLETA DE SENSORES, C7-C12 (g)  :
FREC. NAT. DE SENSORES, C1-C6, (Hz)    : /30.0/30.0/30.0
FREC. NAT. DE SENSORES, C7-C12 (Hz)    :
AMORTIGUAMIENTO DE SENSORES, C1-C6     : /0.75/0.75/0.775
AMORTIGUAMIENTO DE SENSORES, C7-C12    :
INTERVALO DE MUESTREO, C1-C6 (s)       : /0.01/0.01/0.01
INTERVALO DE MUESTREO, C7-C12 (s)      :
UMBRAL DE DISPARO, C1-C6 (Gal)         : /5/5/5
UMBRAL DE DISPARO, C7-C12 (Gal)        :
MEMORIA DE PREEVENTO (s)               : 4
TIEMPO DE POSEVENTO (s)                : 15


================================================================================
DATOS DEL SISMO:
FECHA DEL SISMO [GMT]                  : 1994/08/04
HORA EPICENTRO (GMT)                   : 09:53:23.3 
MAGNITUD(ES)                           : /Mb=4.20/Mc=4.50
COORDENADAS DEL EPICENTRO              : 16.200 LAT. N 
                                       : 98.190 LONG. W 
PROFUNDIDAD FOCAL (km)                 : 5
FUENTES DE LOS DATOS EPICENTRALES      : SSN
                                       : INSTITUTO DE GEOFISICA, UNAM

================================================================================
DATOS DE ESTE REGISTRO:
HORA DE LA PRIMERA MUESTRA (GMT)       : 09:53:29.00
EXACTITUD DEL TIEMPO (s)               : 0.50
DURACION DEL REGISTRO (s), C1-C6       : /18.54/18.54/18.54                      
DURACION DEL REGISTRO (s), C7-C12      : 
NUM. TOTAL DE MUESTRAS, C1-C6          : /1854/1854/1854                       
NUM. TOTAL DE MUESTRAS, C7-C12         : 
ACEL. MAX.(Gal), C1-C6                 : /-34.45/78.48/-42.11                  
ACEL. MAX., C1-C6, EN LA MUESTRA       : /314/317/329                          
ACEL. MAX.(Gal), C7-C12                : 
ACEL. MAX., C7-C12,EN LA MUESTRA       : 
UNIDADES DE LOS DATOS                  : Gal (cm/s/s)
FACTOR DE DECIMACION                   : 1
FORMATO DATOS (FORTRAN,10 campos/dato) : 3F10.2


================================================================================
CALIDAD DEL ACELEROGRAMA:
REGISTRO DIGITAL COMPLETO, CON TIEMPO ABSOLUTO CORRECTO.


===============================================================================
COMENTARIOS:














===============================================================================
DATOS DE ACELERACION:
---------+---------+---------+---------+---------+---------+---------+---------+
   CANAL-1   CANAL-2   CANAL-3
         V      N90E      N00E
---------+---------+---------+---------+---------+---------+---------+---------+
     -0.48     -2.39     -0.48
     -4.79      0.00     -4.79
     -5.74      0.96     -1.44
      0.00     -0.96      4.79
      3.83     -0.48      1.91
      0.96      0.48      0.96
      0.96     -1.44      3.83
      1.44     -2.87      0.96
     -1.44      0.48      0.00
      0.96      0.48     -0.96
      2.87     -1.44      0.00
     -1.91      0.00      1.91
     -1.44      1.44     -2.39
      1.44      0.48     -4.31
      0.00      0.48     -1.44
     -0.96      1.91      0.00
     -1.91      0.00     -0.48
     -3.35     -0.96      0.00
     -2.39     -0.96      1.91
     -0.96     -0.48      3.35
      3.83     -0.48      0.96
      4.79     -1.44     -0.48
      0.48      0.48      0.48
      1.91      0.96     -1.44
      2.39     -0.96      0.96
     -3.83      0.96      1.91
     -5.26      1.91     -2.39
     -3.35     -1.44      1.44
     -0.48     -1.44      1.91
      4.79      0.00     -4.79
      6.70     -2.39     -4.31
     -1.44     -2.87      0.96
     -5.74      3.35      1.91
      2.39      3.83     -0.96
     -0.96     -1.44      0.96
     -9.09      2.39      6.22
      2.39      2.87      3.83
      8.61     -7.18     -3.35
     -1.91     -3.35     -4.79
     -0.48      1.91     -1.91
      3.35     -4.31      3.35
     -2.87     -0.48      0.96
     -2.39      8.13     -6.22
      3.83      0.48      4.31
     -3.35     -2.87      7.18
     -8.61      5.26     -5.26
      6.22     -0.96     -5.74
      8.13     -9.09      0.96
     -6.22      2.39      2.39
     -2.39      2.87      0.00
      4.31     -7.18      2.87
     -0.96      0.48      3.83
     -0.96      7.18     -0.48
      6.22     -0.48      0.96
      1.44     -2.39     -0.96
     -6.22      2.87     -7.66
      0.00     -0.96     -1.91
     -0.48     -3.35      2.87
     -8.13      4.31      0.96
     -0.96      3.35      2.39
      6.22     -4.79      0.48
     -0.48     -2.39     -0.48
      0.00      0.48      3.35
      8.61     -4.31      0.48
      4.79     -4.31     -2.87
     -4.79      2.87     -0.96
     -5.74      6.70      2.87
     -0.48      3.83      2.87
     -2.87     -0.96     -1.91
     -4.31     -0.48     -1.44
      3.83     -2.39     -0.96
      4.31     -2.39     -2.39
     -1.91      1.91      0.48
      0.96      0.00     -0.48
      1.91     -3.35      1.44
     -0.96      0.48      6.22
     -0.96      1.91     -0.48
     -0.48     -1.44     -2.87
     -1.91     -0.48      3.35
     -2.87      1.44      1.44
      0.96     -0.96     -2.87
      5.74     -3.35     -1.91
      0.48     -0.96      0.00
     -4.31      2.87      1.44
      0.48      1.44     -1.44
      0.96      0.48      0.00
     -1.91      2.39      1.44
     -0.48      1.91     -0.96
      2.87     -2.87      2.39
      0.96     -4.31      1.44
     -1.44     -0.48     -2.87
      0.96      0.96      1.44
      0.00     -0.48      4.31
     -2.87      1.44      0.00
     -0.48     -0.96     -2.39
      0.96     -2.87     -0.96
     -0.96      1.91      0.00
     -0.48      2.39     -1.91
      2.39     -1.91     -2.39
      2.39     -1.91      1.44
     -1.44      1.44      1.44
     -1.44      1.44     -0.48
      0.96     -0.48      1.44
     -0.48     -0.48      1.44
     -0.48     -0.96      0.00
      3.83     -1.91      0.00
      1.91     -0.48      0.48
     -3.83      1.91     -0.96
     -3.83      1.44      0.00
     -1.44      0.00      0.96
     -0.96      0.96     -0.48
      0.48      1.44     -0.48
      2.87     -2.39      1.91
      3.35     -3.83      0.00
      0.48     -0.96     -3.35
      0.48      0.96     -1.44
      0.00      0.00      2.39
     -3.35      1.44      2.39
     -0.96      0.96      0.00
      0.96     -0.48      0.00
     -2.39      1.91      1.91
     -2.39      0.96     -0.48
      0.96     -2.87     -1.91
      3.83     -3.35      0.48
      4.31     -1.91      0.48
      1.44     -0.48      1.44
     -1.91      2.87      0.48
     -3.83      4.31     -0.96
     -3.83      1.44     -0.48
     -2.39      0.00      0.48
     -0.48     -1.91     -0.48
      0.96     -3.35     -0.96
      2.39     -2.39      1.44
      3.83      0.00      0.96
      1.91      0.96     -0.48
     -0.96      0.48      0.48
     -0.96      0.48      2.39
      0.96      0.96      1.91
     -0.96      0.48     -0.96
     -2.87      1.91     -0.96
     -2.39      0.96     -0.96
     -1.91     -1.91     -1.91
      0.96     -1.91     -1.44
      3.35     -2.39      0.00
      0.96     -1.91      0.48
     -0.96      0.96      0.96
      2.39      0.48      1.44
      2.39      0.00      0.96
     -1.44      1.44     -0.96
     -3.83      0.00      0.00
     -2.39      0.48      1.91
     -0.48     -0.48      0.00
     -0.96     -0.96      0.48
      0.96     -0.96      1.91
      1.91     -1.44     -0.48
      0.96      0.96     -0.48
      3.35      0.48     -1.44
      0.48     -0.96      0.00
     -2.39      0.48      2.39
     -1.44      1.44     -1.44
     -1.44      0.48     -0.48
     -1.44     -0.48      0.96
      0.00     -0.48     -0.96
      0.48     -0.48     -0.48
      0.48     -1.44     -1.44
      2.39     -1.44      0.00
      1.91     -0.48      2.39
      0.00      1.44      0.48
     -0.48      1.44      0.00
      0.00      1.44      0.96
     -0.96      0.96     -0.48
     -2.39      0.48     -0.48
     -0.96     -0.48      0.48
     -0.96     -2.87      2.39
     -1.44     -1.44      1.44
      1.91     -0.48     -0.96
      2.39     -1.44      0.00
      0.00      0.00      0.00
     -0.48      0.96     -2.39
      0.96     -0.48     -0.48
      0.48      0.48      1.91
     -1.91      2.39     -0.48
     -0.96     -0.48      0.00
      0.00     -2.39      0.96
      0.48      0.48      0.48
      1.91     -0.48     -1.44
      2.87     -1.91     -0.48
      1.44      0.00      2.87
     -0.96      2.87      0.48
     -2.39      2.39     -2.87
     -2.39      1.44      2.39
     -1.44      0.96      1.91
      0.00     -1.91     -2.39
      0.48     -3.83     -0.48
      0.48     -2.39      0.96
      0.00     -0.48      0.00
      1.44     -0.48     -1.44
      0.96     -0.48     -0.48
     -0.96      0.48      1.91
     -0.48      0.00      0.48
     -0.48     -0.48     -0.96
     -1.44      0.96      0.00
     -1.91      1.44      0.00
     -0.48      0.00      0.00
      0.96     -0.96      0.48
      2.39      0.00      0.96
      3.83     -1.44      1.91
      0.48     -1.91      1.44
     -3.35      1.91     -0.96
     -1.91      2.39     -1.44
      0.48      0.48      0.00
      0.48      0.00      0.00
     -0.48      0.00     -1.44
     -0.96     -0.48     -0.96
      0.00     -0.48     -0.48
      0.00     -0.48     -0.48
      0.96     -1.91      0.96
      2.87     -3.35      1.91
      0.00     -1.91      0.48
     -1.91      0.48     -1.91
     -0.96      1.44      0.96
     -1.91      2.39      2.87
     -1.91      1.44      0.00
      0.96      0.00     -0.96
      1.91     -0.96      0.48
      0.48     -0.96      1.44
      0.96      0.00      0.96
      2.39     -0.48      0.48
      0.48      0.00     -0.96
     -3.35      1.91     -0.96
     -1.91      0.96      0.48
     -0.48     -0.96     -0.96
     -1.44      0.00     -1.91
     -1.91     -0.96     -1.44
      0.96     -0.96      1.91
      2.87     -0.48      2.39
      2.87     -1.44     -0.96
      0.96     -2.87     -1.44
     -1.91     -1.44      4.31
     -1.44      1.91      2.87
      2.39      2.39     -2.87
      0.00      1.91     -1.91
     -3.83      2.87      2.39
     -2.87      1.44      0.96
      0.48     -0.48     -1.91
      1.44     -2.39     -1.44
     -0.48     -2.39      1.91
      0.00     -1.44      1.91
      1.91     -1.44     -1.91
      2.39      0.00     -1.91
      2.39      1.44      0.48
      0.48      0.00      1.44
     -2.87     -0.48     -0.96
     -3.35      0.48     -2.39
     -2.39      0.00      1.44
     -3.35      0.96      3.83
     -1.44      0.48      0.48
      2.87     -2.39     -0.96
      6.22     -2.39      0.48
      3.35     -0.48      0.48
     -2.39      1.44      0.00
     -0.96      1.44      0.00
      0.00      0.96      0.48
     -2.39      1.44      2.39
     -0.96      1.44     -0.48
     -0.96     -0.96     -1.44
     -0.96     -0.96      0.00
      0.48     -2.39     -2.39
      0.48     -3.83     -0.96
      0.48     -2.39      1.44
      0.48      1.91      0.00
      2.87      3.35      1.44
      2.87      1.44      0.96
     -2.87      1.44      0.48
     -2.39      0.96      0.96
      0.00     -1.44     -1.44
     -3.83     -1.91      0.00
     -3.83     -1.44      1.91
      2.39     -1.44      1.91
      3.83     -0.96      1.44
      1.91      0.48     -2.39
      3.35     -1.44     -3.83
      0.00     -2.87      0.48
     -4.79      1.91      0.00
     -0.96      4.79     -0.48
      3.35      0.48      2.39
     -0.96      0.48      0.48
     -2.39     -0.48     -0.48
      1.91     -3.35     -0.48
      1.91     -2.87     -1.91
     -2.39      1.44      0.00
      0.48      2.39      3.35
      0.48     -0.48      2.39
     -4.31      3.35     -0.48
      2.87      4.31     -1.91
      5.26     -2.39      0.00
     -6.22     -1.44      1.44
     -8.13      1.91     -1.91
     -2.87     -0.48      0.00
     -1.44      0.00      3.35
     -0.48     -1.44     -1.91
      0.48     -5.74     -5.26
      3.83     -4.79     -6.22
      8.13      0.00    -11.01
      9.09      3.35    -10.05
      9.09      2.87     -3.83
      6.22     -1.44      6.70
      5.74     -6.22     17.23
      7.66    -16.27     17.23
      7.18    -29.19     11.96
      3.35    -37.32      5.26
     -2.39    -36.37     -9.57
    -11.48    -28.23    -24.88
    -23.45     -8.61    -26.80
    -34.45     22.97    -12.44
    -33.02     56.46      6.22
    -19.62     77.52     16.27
     -0.96     78.48     22.49
     20.58     57.90     26.32
     33.02     23.45     12.92
     26.32     -9.57     -0.48
     12.92    -32.06     10.53
      6.70    -35.89     24.40
     -1.44    -16.75     14.36
    -12.44     -0.96     -5.74
    -14.36    -14.83     -6.22
     -4.79    -33.97     -3.35
      4.79    -36.37    -15.31
      4.79    -28.23    -32.06
     -1.91    -16.27    -42.11
    -11.01     -1.44    -26.32
    -14.36     16.27      7.66
     -5.26     33.97     33.02
     11.48     40.67     33.50
     25.84     17.71     11.96
     26.80    -25.84    -14.83
      9.09    -39.72    -34.45
     -9.09    -19.14    -22.01
    -12.92     -1.91      9.57
    -21.05     11.48      8.13
    -28.23     17.71      2.39
    -10.05      8.61     19.14
     10.05     13.88     17.71
     11.01     35.89     -8.61
      6.70     32.06    -17.71
     15.79     -4.31     -8.61
     17.23    -33.50     -1.91
      0.96    -32.54      4.79
     -5.26    -20.10     11.96
     -4.31    -15.79     16.27
    -10.05    -12.92     14.83
    -13.88     -8.61     -3.35
    -11.01      3.35    -18.66
     -6.70     15.31     -8.61
     -1.91     12.44     14.36
      0.00     12.44     11.48
      7.18     21.05     -3.83
     14.83     24.40      0.48
     11.48     15.79      9.57
      4.79      3.35      2.87
      5.74     -9.57     -7.18
     11.01    -15.79    -20.10
      4.79    -12.44    -21.53
     -9.09    -12.92    -12.44
    -16.27    -24.88     -9.09
    -13.40    -33.50     -4.31
     -7.18    -21.53      6.70
      1.91     -5.74     10.05
      3.83     -3.83      7.18
     -0.48     -2.87     11.01
      0.96     14.36     12.92
      4.31     35.89      6.22
      0.00     41.63      2.39
     -2.87     32.54      6.22
     -1.44     21.05      7.18
     -0.48      7.66      4.79
      0.48     -3.83     10.53
      3.35    -14.36      7.66
      3.83    -22.49     -9.57
      0.48    -24.40    -20.58
     -1.91    -20.58    -20.10
     -1.44    -12.92    -15.79
      2.39     -6.70    -11.48
      5.74     -1.91     -8.61
      4.31      3.83     -4.31
     -1.44      3.35      0.00
     -6.22      2.39      1.44
     -4.31      2.87      5.74
      0.48      3.35     13.40
      0.00      9.09     18.18
     -2.39     15.79     21.53
     -1.91     14.83     23.45
      0.96     10.53     18.66
      1.91      3.35      5.74
      1.44     -5.74     -4.31
      1.44    -14.83    -12.44
     -0.96    -17.23    -20.10
     -5.26    -12.44    -16.75
     -3.35     -8.61     -7.18
      1.44     -4.31    -10.05
      2.39      0.00    -15.31
      3.83      0.96    -12.92
      4.31      0.48     -7.18
     -1.44      1.91     -0.48
     -4.79      3.83      6.70
      0.00      4.31     12.44
      5.74      3.35     16.75
      4.79      3.35     14.36
     -1.44      2.39      8.13
     -5.26      1.44      7.66
     -2.39      4.79      4.79
      1.44      7.18     -1.44
      1.44      2.87     -3.83
     -1.91     -2.39     -4.31
     -4.31     -3.83     -5.74
      0.00     -2.87     -4.31
      3.83     -2.39     -5.26
      1.91     -1.91     -7.18
     -1.44     -1.91     -0.96
     -2.87     -2.87      7.66
     -0.48     -2.87      7.66
      4.31     -0.96     -0.48
      4.31     -2.39     -4.79
     -0.48     -4.31     -2.87
     -3.83     -4.31      0.48
     -4.31     -0.48      1.91
     -2.39      4.79      0.00
     -0.48      2.39      0.00
      0.96     -1.91      3.35
      3.83     -1.44      2.87
      4.31     -0.48     -0.96
      2.87      0.48     -1.91
      0.96     -0.48      0.48
     -1.91     -1.91      2.39
     -4.31     -0.48      1.91
     -3.83      6.70      0.96
     -1.91      8.61      1.44
     -2.39      4.79     -0.96
     -1.44      0.48     -4.31
      1.44     -1.91     -3.83
      2.87      0.00     -1.91
      1.44      5.26     -2.39
     -0.48      6.22     -0.48
      0.00      1.44      3.83
      0.96     -3.83      3.83
     -0.48     -3.83      0.48
     -1.44     -5.26      1.91
     -0.96     -9.57      3.83
      0.48     -9.09     -2.39
     -0.96     -7.18     -8.13
     -1.91     -7.18     -3.83
      0.96     -3.35      3.83
      2.87      3.35      2.39
      0.96      5.26     -2.39
      0.96      5.74      0.00
      0.48      7.18      7.18
     -1.91      8.13      5.74
     -0.96      5.74      0.00
      3.35      2.39     -0.48
      0.96      0.48     -3.35
     -3.35     -0.96     -7.18
     -1.91     -2.87     -2.39
      0.48     -3.83      1.91
      0.00     -1.44     -5.26
      0.96     -2.39     -5.26
      1.44     -6.22      5.26
      0.48     -6.22      6.70
     -0.96     -4.31      1.44
     -0.96     -1.44      2.39
     -1.44      2.87      0.96
     -3.35      5.74     -1.91
     -3.35      8.13      3.35
     -0.48     11.01      5.74
      0.96     11.01     -0.48
      1.91      5.74      0.00
      1.91      0.00      3.83
      3.35     -5.74      1.91
      2.87     -9.57      0.48
     -0.48     -8.13      3.35
     -3.35     -8.13      2.39
     -2.39     -8.13     -0.48
     -1.91     -5.74     -0.96
     -1.91     -2.87     -2.87
      0.00     -0.48     -2.39
      1.91      0.48      0.96
      0.96      2.87     -0.96
      1.91      4.79     -3.35
      3.83      6.22     -1.44
      2.39      8.13     -2.87
      0.48      7.66     -7.66
     -1.44      4.79     -7.18
     -3.35      2.87     -2.87
     -2.87      0.00      0.00
     -1.44     -3.83      0.48
     -0.48     -7.18     -0.48
      0.96     -9.09      1.91
      2.39    -11.01      6.70
      1.91    -10.53      6.22
      1.44     -4.79      2.87
      0.96      1.44      3.83
     -0.48      4.79      7.18
     -0.48      4.79      2.87
      1.91      1.91     -1.91
      0.48      0.00     -1.91
     -2.39      2.87     -3.35
     -2.87      6.22     -3.83
     -2.39      6.22     -1.91
     -0.96      6.70     -2.39
      2.39      3.35     -0.96
      1.44      0.00      1.44
     -1.91      1.44     -0.96
     -0.48      0.00     -4.79
     -0.96     -3.83     -4.31
     -3.83     -1.91     -2.87
     -0.48     -2.87      0.48
      3.35     -6.70      4.79
      2.87     -4.79      5.26
      1.91     -3.35      4.79
      0.96     -2.87      6.70
      0.48     -1.44      7.66
      0.00     -1.44      2.39
      0.48     -0.48     -2.87
     -0.96      1.44      0.48
     -3.35      2.87      2.87
     -3.35      2.39     -1.91
     -0.48      0.48     -4.31
      0.96      0.96     -3.83
      2.39      3.35     -2.87
      2.87      2.39     -2.39
      0.48     -0.96     -3.83
     -1.44     -0.96     -2.87
     -1.91      1.44      1.91
     -1.91      0.96      2.39
     -1.44     -0.48     -0.48
      0.00     -1.44      0.00
     -0.96     -2.39      3.83
     -0.96     -2.39      5.26
      0.48     -0.96      2.87
      0.96     -0.48     -0.96
      0.00      0.96     -1.91
     -0.48      3.83     -0.48
      0.96      4.79     -0.48
      0.48      1.91     -2.39
     -1.91      0.48     -0.96
     -0.96     -0.48      1.44
      0.96     -0.48      3.35
      1.91     -1.44      1.91
      0.48     -3.83      0.00
      0.00     -5.26      2.39
      1.44     -4.31      1.44
      0.48     -0.96     -4.31
     -1.91      2.39     -2.39
     -2.87      4.31      4.79
     -2.39      2.87      5.26
     -0.48     -0.48     -0.96
      1.91     -1.44     -6.22
      3.83     -2.87     -5.74
      1.44     -2.39     -1.91
     -2.39      0.48     -0.48
     -1.44      1.44     -3.35
      0.00      1.44     -2.87
     -1.44      1.91      2.87
      0.00      1.44      5.26
      2.39     -2.87      2.87
      1.44     -4.31     -0.48
     -0.48     -0.48     -1.91
     -0.48      1.44      2.39
      0.00      0.96      4.31
     -1.91      2.87     -2.87
     -1.91      1.44     -2.39
      0.96     -3.35      3.83
      2.39     -4.31      0.96
      1.91     -3.35     -3.83
      2.39     -2.39     -2.87
      0.48      0.00      2.39
     -3.35      1.91      5.26
     -3.83      0.00      1.91
     -0.96     -0.48     -1.91
     -0.96      5.26     -1.44
      0.48      7.18     -1.91
      1.44      2.87     -2.87
      0.96     -0.48      0.96
      2.39      0.00      4.31
      4.79     -0.96      6.22
      3.35     -2.39      2.87
     -1.44     -1.91     -1.91
     -3.35     -1.44     -0.96
     -1.44     -1.91      0.00
     -1.44     -1.44     -4.31
     -2.87     -1.44     -5.74
     -3.35     -1.44     -1.44
     -3.35      0.96      3.83
     -1.44      2.39      5.74
      2.87     -0.48      3.83
      5.26     -1.44      0.96
      3.83     -0.48      0.00
      2.39     -0.48      0.00
      0.96     -0.48     -0.96
     -0.96      0.96     -1.44
     -0.96      0.96     -3.35
     -0.96     -1.44     -4.31
     -1.91     -3.35     -1.91
     -3.35     -2.39     -0.96
     -3.35      0.96      0.96
     -1.91      2.87      2.87
      0.00      3.83      1.91
      2.39      2.87      0.48
      1.91      0.00      1.44
      1.44     -0.48      3.83
      2.39     -0.96      3.83
      1.44     -1.44      0.00
      0.00     -0.96     -2.39
     -0.48      0.96      0.48
     -2.39      1.44      0.48
     -3.35     -0.48     -1.91
     -3.83     -2.39      1.44
     -1.91     -2.87      3.35
      0.48     -1.91     -0.48
      1.44     -1.44     -0.96
      1.91     -0.48     -0.48
      1.44      0.00     -3.83
     -0.48     -0.48     -4.79
     -0.48      0.00     -2.87
      1.91      0.96     -0.96
      1.44      0.48     -0.96
      0.48     -0.96     -0.48
      0.00     -2.39      0.96
     -0.96     -2.87      3.83
     -0.96     -1.44      3.83
     -0.96      0.00      2.39
     -0.96      2.87      2.39
      0.00      5.26      0.96
      0.96      2.87     -0.48
      0.48      0.00     -1.44
     -0.48      0.00     -2.39
      0.48      0.00     -1.44
     -0.48      0.00      0.96
     -1.44      0.00      2.87
      0.48     -0.96      0.48
      1.44     -1.91     -1.91
     -0.48     -0.96     -0.96
     -1.44      0.00      0.48
      0.00      1.44      0.48
      0.00      2.87      1.44
     -0.96      1.91      2.39
      0.48     -1.44      3.83
      0.96     -3.35      4.31
      0.48     -2.39      0.96
      0.96     -0.96     -3.35
      1.91      0.48     -4.31
      0.48      1.44     -2.87
     -0.48      0.96     -2.87
      1.44      0.00     -1.91
      1.91     -0.96     -3.83
      0.48     -2.39     -4.31
     -1.91     -2.39     -0.48
     -2.87     -0.48      3.83
     -2.39      1.44      5.26
     -2.39      3.35      4.79
     -1.44      3.35      3.83
      0.48      0.48      1.44
      1.44     -2.39      2.39
      3.35     -3.83      1.91
      3.35     -2.87     -2.87
      0.96     -2.87     -3.35
     -1.44     -3.83     -0.48
     -1.91     -3.83      0.96
     -1.91     -1.91      1.44
     -1.44      1.44      0.00
     -0.48      4.79     -2.39
      0.00      6.22     -0.96
     -1.44      5.74      1.44
     -1.44      3.83      2.87
      2.39      1.44      1.44
      3.35     -2.39     -1.44
      0.48     -4.31     -1.44
      0.96     -4.79      0.48
      0.48     -4.31     -0.96
     -0.96     -0.96     -3.83
     -0.96      0.00     -3.35
     -1.44     -1.44     -1.44
     -1.44     -1.44      0.00
     -0.96      1.44     -0.48
      0.48      2.39      0.48
      0.00      1.44      0.96
     -1.44     -0.48      3.35
      0.48     -2.39      6.22
      2.39     -1.44      2.87
      0.96      2.39     -0.48
     -0.96      3.83      1.44
     -1.44      3.35      0.48
     -0.48      1.44     -2.39
      0.96     -0.48     -2.87
      0.48     -0.96     -3.35
      0.00      0.00     -2.39
     -0.48      0.96     -0.48
     -0.96      1.44      1.91
      0.48      1.44      2.87
      1.91      0.48     -0.48
      0.96      0.00     -2.87
     -0.96     -0.96     -0.96
     -0.96     -2.87     -0.96
     -1.91     -2.87     -1.44
     -3.35      0.00      1.91
     -1.91     -0.48      5.74
      1.44     -3.35      6.70
      2.87     -2.39      3.35
      1.91     -0.96     -0.48
      1.91     -0.48     -0.48
     -0.48     -0.48      0.96
     -3.83      0.48     -1.44
     -1.44      1.44     -1.91
      3.35      0.96      0.00
      1.91      0.48     -0.96
     -0.96     -0.48     -3.35
      0.00     -2.87     -2.87
      1.91     -2.87      1.44
      0.48      0.00      0.96
     -1.44      2.39     -1.91
     -1.44      1.44      0.00
     -1.44     -0.48      1.91
     -0.96     -0.48     -0.48
     -0.48     -1.44     -3.35
     -0.48     -1.44     -1.91
     -0.96      0.96      2.39
      0.00      1.91      4.31
      2.87      0.48      3.35
      2.87      0.00      2.87
      0.96     -0.96      0.96
     -0.96     -2.39     -0.96
     -0.48     -2.39      0.48
      0.00      0.00     -0.48
     -0.96      0.48     -3.35
     -1.91     -1.44     -2.39
     -1.91     -0.96      0.48
      0.00      1.91     -0.96
      1.44      3.83     -2.39
      0.96      3.83     -0.48
     -1.44      3.35      2.87
     -0.48      2.39      3.35
      1.91     -0.48      3.35
      0.00     -0.96      3.83
     -1.44     -0.48      3.35
      0.00     -3.35      0.48
      0.00     -4.79     -2.87
      0.00     -3.83     -4.31
      0.48     -2.39     -2.87
     -0.96     -1.44     -1.91
     -2.87      0.96     -2.87
     -0.48      1.44     -2.87
      1.91     -0.48     -1.44
      0.00     -0.96      1.44
      0.00      0.00      2.87
      2.39      0.48      0.48
      0.96      1.44     -0.48
     -1.91      3.35      2.39
     -0.96      3.35      3.83
     -0.96      1.91      0.48
      0.48      1.44     -1.91
      3.83     -0.96     -0.96
      1.91     -1.91     -0.48
     -0.48     -0.96     -0.48
      0.00     -0.96      2.87
      0.96     -1.44      4.79
      0.48     -2.39      2.87
     -0.96     -2.87     -0.48
     -0.96     -2.87     -1.91
     -1.44     -1.44     -4.31
     -2.39      1.91     -4.31
     -0.48      2.87     -0.96
     -0.48      1.91     -0.48
     -1.44      3.83     -0.48
      0.00      5.74      1.44
      1.44      4.31      3.35
      0.48      1.44      2.39
      0.48     -0.96      1.91
      0.96     -3.35      1.44
      0.00     -4.31      0.48
     -0.96     -2.87     -0.48
     -0.48     -3.35     -1.91
      0.00     -3.83     -2.39
      0.48     -3.35     -0.48
      1.91     -4.31      1.44
      1.44     -5.26      1.91
      0.48     -1.91      0.48
      0.96      0.96      0.48
     -0.48      2.87      1.44
     -1.91      4.79      0.48
     -1.44      5.26      0.00
     -0.48      4.79      1.44
      0.96      3.35      0.96
      0.48      1.44     -2.39
     -0.48      0.48     -2.39
     -0.96     -0.96      0.96
     -1.91     -2.39      0.96
     -0.96     -1.91      1.91
      0.96     -1.44      5.26
      1.91     -0.96      2.39
      1.44     -0.48     -1.91
      0.48     -2.39     -1.44
     -0.48     -2.39     -1.44
      0.48     -2.39     -2.39
      0.48     -1.91     -2.39
     -0.96     -0.96     -1.91
     -1.44      0.00      0.00
     -1.91      0.96      0.48
     -0.96      1.44     -0.96
      0.00      1.44     -0.96
     -0.48      1.44     -0.96
     -0.96      2.39     -0.96
     -0.96      1.91      0.48
     -0.48      0.00      1.44
     -1.44      0.48      0.96
     -0.96      0.48      0.96
      0.00      0.00      3.35
      0.48      1.44      2.87
      1.44      1.44     -0.48
      0.96     -0.48     -0.48
      0.00     -2.87      0.48
      0.96     -5.74     -1.44
      2.39     -5.74     -0.96
      1.91     -2.87     -0.48
      0.00      0.00     -0.96
     -0.96      0.96      0.96
      0.48      0.96      0.96
      0.00      0.48      0.00
      0.48      0.96      0.96
      0.96      0.96      0.96
      0.00      0.96      0.96
     -0.48      1.44      0.96
     -1.44      2.39      1.91
     -1.91      2.39     -0.48
      0.00      0.96     -0.96
      0.96      0.00      0.48
      0.96     -0.48     -0.48
      1.44     -2.39     -0.48
      0.96     -4.31      2.87
      0.48     -4.31      3.83
     -0.48     -2.87      0.48
     -0.96     -0.96     -1.44
     -1.44      1.44     -0.96
     -1.44      2.39     -1.44
      1.44      1.91     -1.91
      2.87      0.48     -2.39
      0.00     -0.48     -1.44
     -1.44     -0.96      1.44
     -1.44     -0.48      3.83
     -1.91      2.87      3.35
     -0.48      4.31      1.44
      0.48      1.91      0.00
      0.00      0.00     -1.44
     -0.48     -0.48     -3.83
      0.48     -0.96     -3.35
      0.96     -0.96     -1.44
      0.48     -0.48     -1.44
      0.00     -1.91     -0.96
     -0.48     -3.35      1.44
     -0.48     -3.83      3.83
      0.48     -3.35      3.35
      1.44     -1.44      0.48
      0.00      0.00     -0.48
     -0.96      0.48      0.00
     -0.96      0.96      0.00
     -0.48      0.48      0.48
     -0.48     -0.48      0.96
     -0.96      1.44      0.96
     -0.48      1.44     -0.48
      0.96     -0.48     -0.96
      2.87     -0.96     -0.96
      0.96     -0.96     -2.87
     -1.44      0.48     -2.87
     -0.96      0.96      1.44
     -0.48      0.48      2.87
     -0.48     -0.96      0.96
      0.00     -1.44     -0.48
      0.48     -0.96     -0.96
      0.00      0.00     -1.91
     -0.48      1.44     -1.44
     -0.96      2.39      0.48
     -0.96      2.39      0.96
      0.00      0.96      2.39
      0.48     -0.96      2.87
      0.48     -1.91      0.96
     -0.96     -2.39      1.91
     -0.48     -0.96      3.83
      1.44     -0.96      1.91
      0.96     -0.96     -1.44
      0.00      1.44     -0.96
      0.00      0.96     -0.48
      0.00     -0.48     -0.48
      0.00      0.00     -3.35
      0.96     -0.96     -4.79
      0.96     -1.91     -3.35
     -0.48      0.48     -0.48
     -1.44      1.91      0.48
     -0.96      0.96      0.48
     -1.44      0.48      2.39
     -1.91      0.48      2.39
      0.00      0.48      1.91
      1.91     -0.96      3.83
      1.91     -0.48      2.39
      2.39     -0.48     -0.96
      2.39     -2.87      0.00
      0.48     -2.87      2.39
     -0.48     -0.48      1.44
     -0.48      0.00     -1.44
     -1.44      0.00     -1.91
     -1.44      0.96     -1.44
     -1.44      2.39     -1.91
     -1.44      2.87     -2.39
     -0.48      1.91     -0.48
      0.48     -0.48      0.00
      0.96     -0.96     -1.44
      0.96     -0.96     -0.96
      0.96     -1.44      0.96
      1.44     -1.44      0.00
      0.00     -1.44     -0.48
     -1.44     -1.44      4.31
     -1.91     -0.96      5.26
     -1.44     -1.44      0.96
     -0.48     -1.91     -1.44
      0.96     -1.91      0.48
      0.96     -0.48      1.91
     -0.48      2.39     -0.96
     -0.96      2.39     -3.83
      0.48      0.48     -2.39
      0.48      0.48      0.48
     -0.48      1.44      0.48
     -0.48      0.48      0.00
     -0.96      0.48      0.96
     -0.96      1.44      0.96
      0.00     -0.48      0.00
      0.00     -1.44      0.00
     -0.48     -1.44     -1.44
      0.48     -1.44     -2.39
      0.96     -0.96     -1.44
      0.96     -1.44     -0.48
      0.00     -2.39      0.48
     -0.48     -0.48      0.48
     -0.96      1.91      1.44
     -1.44      2.87      3.35
     -0.96      1.44      4.31
     -0.48     -0.48      1.44
     -0.96     -0.48     -0.48
      0.00      1.44     -0.48
      0.96      2.39     -0.96
      0.48      0.48     -0.48
      0.00     -0.48      0.00
      0.48     -0.96      0.00
      0.96     -1.91     -0.48
      0.48     -0.96     -0.96
      0.00      0.00     -0.96
      0.48     -0.96      0.48
      0.00      0.00      0.48
     -1.44      0.96     -0.48
     -0.48     -0.96     -0.48
      0.96     -1.91      0.00
     -0.48     -1.44      0.48
     -0.96     -0.96      0.00
      0.96     -0.48      1.44
      0.96      0.96      0.00
     -0.96      0.96     -0.48
     -0.48     -0.96      3.35
      0.48     -0.48      3.83
      0.00      0.96     -2.39
      0.00      0.96     -4.79
      0.48      0.48     -1.44
     -0.48      0.48      1.91
      0.00      0.48      0.96
      0.96      0.00     -0.96
      0.48     -0.48     -0.48
      0.48     -1.91      0.48
      0.96     -1.44      0.48
      0.96      0.00      0.96
      0.00     -0.48      1.44
     -0.96     -1.44      2.39
     -1.91     -0.48      0.96
     -1.44      0.00     -0.96
     -0.48      0.96      1.44
     -0.96      1.91      0.96
     -1.44      0.48     -2.39
      0.00     -2.39     -0.96
      1.44     -0.96      0.96
      1.44      0.96     -1.91
      0.96      0.48     -1.44
      1.91      0.00      1.44
      0.96      0.48     -0.48
      0.00      1.44     -1.44
      0.96      0.00      0.00
     -0.96     -0.48      0.00
     -2.87      0.48      0.48
     -1.91      0.48      2.39
     -1.44      0.48      2.87
     -1.44      0.48      0.96
      0.00     -0.48      1.44
      1.91     -0.96      2.39
      0.96     -0.96      0.96
     -0.48     -1.44     -1.44
      0.00     -2.39     -1.91
      0.96     -0.96     -1.91
      0.48      0.00     -1.44
     -0.96      0.00     -0.48
     -0.48     -0.48      0.00
     -0.48     -0.48     -1.91
     -0.96      0.96     -2.87
      0.00      1.91     -1.44
      0.48      0.96     -0.48
     -0.48      0.48     -0.96
     -0.96      0.48      0.48
      0.00      0.48      3.35
      1.44     -0.48      2.87
      1.44     -0.96      0.48
      0.96     -0.96      0.48
      0.48     -1.44      2.39
     -0.96     -2.39      1.44
     -0.96     -1.44      0.96
      0.48     -0.48      0.48
      0.48     -0.96      0.48
     -0.48     -0.48      1.44
      0.48      0.48     -0.96
      0.48      0.48     -3.35
     -0.48      0.96     -0.96
     -0.96      2.39      0.48
     -1.44      1.91      0.00
     -0.96      0.48      0.48
      0.48      0.48      1.44
      0.96      0.96      0.48
      0.48      0.96     -0.48
      0.48     -0.48     -1.44
     -0.96     -2.39      0.00
     -1.44     -1.91      1.44
      0.48     -0.48      0.96
      1.44      0.00      1.44
      0.96      0.00      0.96
      0.48      0.48     -0.96
      0.00     -0.96     -0.48
     -0.96     -1.91      0.48
     -0.96     -0.96     -0.48
      0.96     -0.48     -0.48
      0.48     -0.96      0.48
     -1.44      0.48      0.48
     -0.96      1.44      0.48
      0.48      0.96     -0.48
     -0.48      0.48     -1.91
     -1.44      0.48      0.00
     -0.48      0.48      0.48
      0.00      0.96     -1.44
     -0.48      1.44     -0.96
      0.96      0.48      0.48
      1.91     -1.44      1.44
      0.48     -1.44      0.48
     -0.48     -0.96      0.00
     -0.48     -1.44      1.91
     -0.96     -2.39      2.39
     -0.48     -1.91      0.48
      0.48     -1.44     -0.48
      0.48      0.00      0.00
     -1.44      1.44      0.00
     -2.39      1.44     -0.48
      0.00      0.48     -0.96
      0.48      1.91     -0.48
      0.96      2.39      0.48
      0.96     -0.48      0.96
      0.48     -1.91      1.44
      0.48      0.00      0.00
     -0.48      0.96     -1.91
     -1.44      0.48      0.00
     -0.96     -0.96      0.96
      0.00     -0.96      0.00
      0.96     -1.44     -0.48
      0.48     -0.96     -0.48
     -0.48     -0.48      0.00
     -0.48     -0.96      0.96
      0.48      0.00      0.96
      1.44      0.00      1.44
      0.96     -0.48      0.00
     -0.96     -0.48     -2.39
     -0.96      0.48     -1.44
     -0.48      0.48      0.48
     -1.44      0.96      0.96
     -0.96      1.91      0.96
      0.96      0.00      0.48
      0.96     -1.91      0.00
      0.48     -0.96     -0.48
      0.48     -0.48     -1.44
     -0.48     -0.48     -1.44
     -0.48      0.48      0.00
      0.00      0.96     -0.48
      0.00      0.96     -0.96
      0.00      0.96      1.44
     -0.48     -0.48      2.87
     -0.48     -1.91      0.48
      0.00     -2.39     -0.48
      0.00     -1.91      1.91
      0.00      0.00      2.39
      0.00      0.96      0.00
      0.00      0.48     -0.48
      0.00      0.48      0.48
      0.00      1.91     -0.96
     -0.48      1.91     -3.35
     -0.96      1.44     -2.39
     -0.48      0.48      0.00
      0.00     -1.44      0.48
      0.00     -2.39      0.48
      0.48     -2.39      1.44
      0.48     -0.48      0.96
      0.96     -0.48      0.48
      0.00     -0.96      0.96
     -0.96      0.00      0.96
      0.48     -0.48      0.48
      0.00     -0.96      0.00
     -0.48      0.48      0.48
      0.00      0.48      0.00
     -0.48      0.48     -0.96
     -0.48      0.48     -0.48
      0.48      0.48     -0.48
      0.96      0.48     -1.44
      0.00      0.48      0.00
     -0.96     -0.48      1.44
     -0.96     -0.96      1.44
      0.00      0.00      1.91
      0.96      0.96      0.96
      0.96      0.00      0.00
      0.00     -0.96      0.00
     -0.48     -1.44     -0.48
      0.48     -1.44      0.00
      0.48      0.00     -0.48
      0.00      0.96     -1.91
     -0.96      0.48     -0.96
     -0.96      0.48      0.96
     -0.48      0.48     -0.48
     -0.48     -0.48     -0.96
     -0.48     -0.48      1.91
      0.00      0.00      2.39
      0.00      0.00      1.91
      0.48      0.00      0.96
      0.48     -0.96      0.00
      0.00     -1.44      0.48
      0.48     -1.91      0.96
      0.96     -1.44     -0.96
      0.48     -0.48     -2.39
      0.00     -0.48     -0.48
     -0.96     -0.48      1.44
      0.00     -0.96      0.48
      0.48     -0.48      0.00
      0.00      0.48      0.00
     -0.96      1.91      1.44
     -0.96      1.44      0.96
      0.00      0.48     -1.44
      0.00      0.48     -1.44
      0.00      0.96      0.48
     -0.48      1.44      0.96
      0.00      0.00      0.48
      0.96     -0.96      0.00
      0.96     -0.96      0.00
      0.48     -0.96     -0.48
      0.00     -0.48     -1.44
     -0.48      0.00     -1.44
     -0.48      0.00     -0.96
     -0.48     -0.96      0.00
     -0.48     -0.96      2.87
      0.00      0.00      2.39
      0.00      0.00      0.96
      0.00      0.00      1.91
      0.00      0.00      1.91
     -0.48      0.00     -0.48
     -0.96      0.96     -1.44
     -0.48      0.00     -0.48
     -0.48     -0.48     -1.44
      0.00      0.48     -1.44
      0.48      0.00     -0.48
      1.44     -1.44      0.00
      0.96     -1.44      0.48
      0.00     -0.48      0.96
     -0.48      0.48      1.44
     -0.96      0.96      0.00
     -1.44      0.48     -0.48
     -0.96      0.48      0.00
     -0.48      0.48      1.44
      0.00      0.48      1.44
      0.48     -0.48     -0.96
      0.96     -1.44     -0.48
      0.96     -1.91      1.91
      0.00     -0.96      2.39
     -0.48     -0.96      0.96
     -0.48     -0.48      0.96
     -0.48      0.00      0.00
     -0.96      1.44     -1.44
     -0.96      0.96     -0.96
      0.00      0.48     -1.91
      0.48      0.48     -2.87
      0.48      0.00     -1.44
      1.44      0.00      0.00
      0.48     -0.96     -0.96
      0.00     -1.44      0.00
      0.96     -1.44      1.44
      0.48      0.48      0.96
     -1.44      1.91      1.44
     -1.91      1.44      1.44
     -0.96     -0.96      1.91
     -0.48     -1.91      1.91
      0.00     -0.48      0.00
      1.44      0.48      0.48
      0.48      0.00      0.96
     -0.48     -0.96      0.00
      0.96     -1.44      0.00
      1.91     -1.44     -0.48
      0.48      0.00     -1.91
     -0.96      0.48     -1.91
     -0.96      0.00     -0.96
     -1.44      0.00     -0.48
     -0.96      1.44      0.00
      0.48      0.48      0.48
      0.00     -0.48      0.48
     -0.48      0.48      0.00
      0.00      1.44      0.96
      0.96      0.48      1.44
      0.48      0.00      1.44
      0.48     -0.48      0.96
      0.96     -2.39      0.96
      0.00     -3.35      0.96
     -1.44     -1.44      0.48
     -0.48     -1.44     -0.96
      0.48     -0.96     -1.44
      0.00      0.00      0.48
      0.00      0.48      0.96
      0.96      0.48     -1.44
      0.00      0.48     -0.96
     -0.96      0.96      0.48
     -0.48      0.48     -0.48
     -0.96      0.48      0.00
     -0.96      0.96      1.44
     -0.48      0.48      1.44
      0.00      0.00      0.96
      0.00      0.48      0.96
      0.00      1.44      0.96
      0.96      0.48      0.48
      0.96     -0.96      0.00
      0.48     -1.44     -0.96
      0.48     -1.44     -1.44
      0.96     -0.96     -1.91
     -0.48     -0.48     -2.39
     -1.44      0.48     -1.91
      0.00     -0.48     -0.48
      0.96     -1.91     -0.48
      0.00     -0.48      0.00
     -0.48      0.48      0.96
     -0.96      0.48      1.91
     -1.44      1.44      1.91
     -0.96      0.96      1.44
      0.00     -0.48      2.39
      0.00     -0.48      2.87
      0.00     -0.48      0.00
      0.48     -1.44     -0.96
      0.96     -1.91      0.48
     -0.48     -0.48      0.00
     -0.48      0.48     -0.96
      0.00      0.96     -0.48
      0.48      1.91     -0.48
      0.00      1.44     -0.96
     -0.48     -0.48     -1.44
     -0.96     -1.44     -0.96
      0.00     -0.96     -0.48
      0.96     -0.48      0.00
      0.48      0.48      0.96
      0.48      1.44      0.96
      0.48      0.00      0.48
      0.00     -1.44      0.00
      0.00     -1.91     -0.48
      0.48     -1.44     -0.96
      0.00     -0.48     -0.48
     -0.96      0.00      0.96
     -0.96      0.00      1.91
      0.48     -0.48      1.44
      0.00     -0.48      0.48
     -0.48      0.48      0.48
     -0.48      0.96      0.96
      0.00      0.48      1.44
      0.00      0.48      0.48
      0.00      0.48      0.48
      0.00      0.48      1.44
      0.00      0.48      0.00
      0.00      0.96     -1.91
      0.48      0.48     -1.91
      0.48     -0.48     -0.96
     -0.48     -1.44     -0.48
      0.00     -0.96     -0.96
      0.48     -0.48     -0.48
      0.48     -0.48      0.96
     -0.48     -0.48      0.96
     -0.48     -0.96      1.44
     -0.48     -0.96      1.44
      0.00      0.00      0.96
      0.00      0.96      0.48
     -0.48      1.44      0.00
     -0.48      0.96     -0.48
     -0.48     -0.48      0.00
      0.00     -1.44     -0.48
      0.00     -0.96     -0.96
     -0.48     -0.48     -0.48
     -0.96      0.48      0.00
     -0.48      0.00      0.48
      0.96     -0.96      0.48
      0.96     -0.96      0.48
      0.00      0.48      0.00
     -0.48      0.96      0.48
     -0.48      0.96      1.44
     -0.48     -0.48      0.96
      0.00     -0.48     -0.48
      0.48     -0.48     -1.44
      0.48      0.00     -0.96
      0.96      0.48     -0.96
      0.48     -0.48     -0.96
     -0.48     -0.96      0.00
     -0.48     -0.48      0.48
     -0.48     -0.96      0.96
     -0.48      0.00      1.91
      0.00      0.96      1.91
      0.00      0.48      0.48
     -0.48      0.48     -0.96
     -0.48      0.48     -0.48
      0.48     -0.48     -0.96
      0.48     -0.96     -1.44
      0.00     -0.48     -0.96
      0.00     -0.48      0.00
      0.48     -0.96      1.44
     -0.48     -0.96      0.96
     -0.48     -0.48      0.00
      0.48     -0.48      0.48
      0.48     -0.48      1.44
     -0.48      0.00      0.00
     -0.48     -0.48      0.48
      0.00     -0.48      1.91
      0.00     -0.48      0.48
      0.00     -0.96     -0.96
      0.00     -0.48     -0.96
     -0.48      0.48     -1.44
     -0.96      0.48     -1.44
      0.00      0.00     -1.44
      0.00      0.48     -1.44
     -0.48      0.96     -0.96
     -0.48      0.48      0.96
      0.00      0.00      1.91
      0.48      0.00      1.44
      0.96      0.48      2.39
      0.96      0.96      3.35
      0.00      0.96      1.91
     -0.96      0.00      0.00
     -0.96     -1.44      0.00
     -0.48     -1.44     -0.48
      0.00     -1.44     -0.96
      0.48     -0.96     -1.44
      0.48     -0.48     -1.91
      0.00      0.00     -0.48
      0.00      0.00      0.48
      0.48     -0.96      0.48
      0.96     -0.96     -0.48
      0.00      0.00     -0.96
      0.00      0.48     -0.48
     -0.48      0.00      0.48
     -0.96      0.00      0.48
     -0.48      0.48      0.48
      0.00      0.48      0.00
     -0.48      1.44      0.00
     -0.48      1.91      0.00
      0.00      0.96      0.96
      0.00     -0.48      1.44
     -0.48     -0.96      1.44
      0.48     -1.44      0.96
      1.91     -1.91      0.96
      1.44     -0.96      0.00
      0.00     -0.48     -1.44
     -0.96     -0.48     -0.48
     -1.44     -0.48      0.00
     -0.96     -0.48     -0.96
     -0.48     -0.96     -0.48
      0.00     -0.48     -0.48
      0.00      0.00      0.00
      0.00      0.48     -0.48
      0.00      0.48     -0.96
     -0.48      0.00      0.48
     -0.48      0.00      1.91
      0.48      0.96      0.96
      0.48      0.96      0.00
      0.48      0.96     -0.48
      0.00      0.00     -0.96
     -0.48     -0.48     -0.48
     -0.48     -0.96      0.96
     -0.48     -0.48      0.96
      0.00     -0.48      0.48
      0.00     -0.96      0.00
     -0.48     -0.96      0.00
      0.48     -0.48      0.96
      0.48     -0.96      0.96
      0.00     -0.48      0.00
     -0.48      0.00     -0.48
     -0.48      0.96      0.00
     -0.48      0.96      0.48
      0.00      0.48      0.00
      0.00      0.00     -0.48
      0.00      0.00      0.48
      0.00      0.00      0.48
      0.00     -0.48     -0.48
      0.48     -0.48     -0.96
      0.00      0.00     -0.48
     -0.48      0.48      0.00
     -0.48      0.96     -0.48
     -0.48      0.96      0.48
     -0.48      0.00      1.91
      0.48     -1.44      1.44
      0.96     -1.44      0.48
      0.48     -1.44     -0.48
      0.48     -1.44     -0.48
     -0.48     -0.48      0.00
     -0.96      0.48      0.00
     -0.48      0.48     -0.96
      0.00      0.48     -0.48
      0.48      0.96      0.48
      0.96      0.00      0.00
      0.96     -0.48     -0.96
      0.00      0.48     -0.96
     -0.96      0.96      0.00
     -1.44      0.00      0.96
     -0.96     -0.96      1.44
     -0.48     -1.44      0.96
      0.00     -0.96      0.96
      0.48     -0.48      0.96
      0.48     -0.48      0.48
      0.48     -0.96      0.48
      0.00     -0.96      0.48
     -0.48      0.48      0.48
     -0.96      0.96      0.96
     -0.48      1.44      0.48
      0.00      1.44     -0.48
      0.48      0.48     -1.44
      0.48     -0.96     -1.44
      0.48     -1.44     -0.96
      0.48     -1.44      0.00
      0.48     -1.91      0.00
      0.00     -0.96      0.00
     -0.48      0.48      0.48
      0.00      0.48      0.00
      0.00      0.48      0.48
     -0.48      0.48      0.00
     -0.48      0.48      0.48
     -0.48      0.48      1.44
      0.00      0.00      1.44
      0.48     -0.48      0.00
      0.96     -0.96      0.00
      0.48      0.00      0.00
     -0.48      0.00     -0.96
     -0.48      0.00     -0.48
     -0.48      0.48     -0.48
      0.00      0.48     -0.48
      0.00      0.48      0.00
      0.48     -0.48     -0.48
      0.00     -1.44      0.00
     -0.48     -1.44      0.96
      0.00     -0.96      0.48
      0.00     -0.48      0.48
     -0.48      0.48      0.48
     -0.48      0.48      0.48
     -0.48      0.00      0.96
      0.00     -0.48      0.48
      0.00     -0.48     -0.48
      0.48      0.00      0.00
      0.48      0.00      0.00
     -0.48      0.00     -0.48
     -0.96      0.48      0.00
      0.00      0.00      1.44
      0.00      0.48      0.48
      0.00      0.00     -1.44
      0.00     -0.48     -0.48
      0.00     -0.48      0.48
     -0.48     -0.48      0.48
      0.00     -0.48      0.00
      0.00     -0.48      0.48
     -0.48      0.48      0.48
     -0.48      1.44      0.48
      0.00      1.44      0.48
      0.48      0.48      0.00
      0.00     -0.96     -0.48
      0.00     -0.96      0.00
      0.00     -0.48      0.00
      0.00      0.00      0.00
      0.00     -0.48      0.48
      0.00     -0.96      0.00
      0.00     -0.48     -0.96
      0.00     -0.48     -0.48
      0.00      0.00      0.00
      0.00      0.00      0.00
     -0.48      0.00      0.00
     -0.48     -0.48      0.96
      0.48     -0.96      0.96
      0.48     -0.96      0.48
      0.48     -0.96      0.48
      0.00     -0.96      0.48
     -0.48      0.00      0.00
     -0.48      0.48     -0.48
     -0.48      0.48     -0.48
     -0.48      0.96      0.48
     -0.48      0.96      0.48
      0.00      0.96      0.48
      0.00      0.48      0.48
     -0.48      0.00      0.48
      0.00     -0.48      0.48
      0.00     -0.48      0.48
      0.00     -0.48     -0.48
      0.00     -0.48     -0.96
      0.00     -0.96     -0.48
      0.48     -0.48     -0.96
      0.00      0.00     -0.96
      0.00      0.00     -0.48
     -0.48     -0.48      0.00
     -0.48     -1.44      0.96
      0.00     -1.44      1.44
     -0.48     -0.96      1.44
     -0.48      0.48      0.96
     -0.48      0.48      0.96
     -0.48      0.48      0.96
     -0.96      0.96      0.48
      0.00      0.48     -0.48
      0.00      0.00     -0.96
      0.48      0.48     -0.96
      0.48      0.48     -0.48
      0.48      0.00      0.00
      0.48      0.48     -0.48
      0.48      0.00     -0.96
      0.48     -0.96      0.00
      0.00     -1.44      0.00
     -0.48     -1.44     -1.44
     -0.96     -0.96     -1.44
     -0.96     -0.96      0.48
     -0.96     -0.48      1.44
     -0.48      0.00      1.44
      0.96      0.00      1.44
      0.96      0.00      1.44
      0.48      0.48      0.96
      0.00      0.48      0.96
     -0.48      0.48      0.96
      0.00      0.48      0.48
     -0.48      0.96     -0.48
     -0.96      1.44     -0.96
      0.00      0.00     -0.48
      0.48     -0.48     -0.48
      0.00     -0.48     -1.44
      0.00     -0.96     -0.96
      0.48     -1.44      0.48
      0.48     -1.44     -0.48
      0.48     -1.44     -0.96
      0.48     -0.96      0.00
      0.00     -0.48      0.48
     -0.48      0.48      0.48
     -0.48      0.96     -0.48
     -0.48      0.96      0.48
      0.00      0.96      1.91
      0.00      0.00      2.39
      0.00     -0.48      1.44
      0.00      0.00      1.44
      0.00      0.96      1.44
     -0.48      0.96      0.48
      0.00      0.00      0.48
      0.00     -0.48      0.00
      0.48     -0.48     -0.96
      0.48     -0.48     -1.91
      0.48      0.00     -2.39
      0.00     -0.48     -2.39
     -0.48     -0.96     -1.44
      0.00     -0.96      0.00
      0.00     -0.48      0.48
      0.48     -0.48      0.00
      0.48      0.00      0.48
      0.00      0.00      1.91
     -0.48     -0.48      1.91
     -0.48     -0.96      1.44
      0.00     -0.48      0.96
     -0.48      0.00      0.00
     -0.48      0.48     -0.48
     -0.48      0.96     -0.48
      0.00      0.96     -0.48
      0.48      0.00     -0.48
      0.96     -0.96      0.48
      0.48     -0.96      0.00
      0.48     -0.96     -1.44
      0.00     -0.48     -0.96
     -0.48     -0.48      0.00
     -0.96      0.00      0.00
     -0.48      0.48      0.48
      0.00      0.96      0.96
      0.00      0.96      0.48
      0.00      0.00     -0.48
      0.48     -0.96      0.48
      0.48     -0.48      0.96
      0.48      0.00      0.48
      0.00     -0.48      1.44
      0.00     -0.48      1.91
      0.00     -0.48      0.48
      0.00     -0.96     -0.48
     -0.48     -0.96      0.00
     -0.48     -0.48     -0.48
      0.00     -0.96     -0.96
      0.00     -0.96     -0.96
     -0.48      0.00      0.00
     -0.48      0.48      0.00
      0.00      0.48     -0.48
      0.48      0.48      0.00
      0.48      0.00      0.48
      0.00      0.00      0.00
      0.00      0.48      0.48
      0.00      0.48      0.00
     -0.48      0.00      0.00
     -0.96     -0.48      0.48
     -0.48      0.00      0.96
     -0.48      0.00      0.48
      0.00      0.48      0.48
      0.48      0.00      0.48
      0.48     -0.48     -0.48
      0.00     -0.96     -0.96
      0.00     -0.96      0.00
      0.00     -0.48      0.48
     -0.48      0.00      0.00
     -0.48      0.00      0.48
      0.48      0.48      0.96
      0.48      0.00      0.00
      0.00     -0.48      0.00
      0.00     -0.48     -0.48
      0.00     -0.48     -0.48
     -0.48     -0.48      0.48
     -0.96      0.00      0.96
     -0.48      0.48      0.48
      0.48      0.00      0.00
      0.48      0.00      0.00
      0.48      0.48      0.00
      0.48     -0.48     -0.96
     -0.48     -0.96     -0.96
      0.00     -0.48     -0.48
      0.48      0.00     -0.48
     -0.48      0.48      0.48
     -0.48      0.96      0.96
     -0.48      0.96      0.96
     -0.48      0.00      0.96
     -0.48     -0.48      0.48
     -0.48     -0.96      0.00
     -0.48     -0.48      0.00
     -0.48      0.00      0.00
     -0.48      0.00      0.48
      0.00     -0.48      0.48
      0.48     -0.48      0.48
      0.96     -0.48     -0.48
      0.48      0.00     -0.48
      0.48      0.48     -0.48
      0.00      0.48      0.00
     -0.96      0.48      0.48
     -0.96      0.00      0.48
     -0.48     -0.48      0.00
     -0.48     -0.48      0.48
      0.00      0.00      0.00
      0.00      0.48     -0.96
      0.48      0.00     -0.48
      0.96      0.00      0.00
      0.48      0.00      0.48
      0.00     -0.48      0.48
      0.00     -0.48      0.48
      0.00     -0.48      0.00
     -0.48     -0.48      0.00
     -0.48     -0.96      0.48
      0.00     -0.96     -0.48
     -0.48     -0.48     -0.48
      0.00     -0.48      0.00
      0.00     -0.48      0.96
      0.00     -0.48      0.48
      0.48      0.00      0.48
      0.48      0.00      0.96
      0.00      0.00      0.00
      0.00      0.00     -0.96
      0.00      0.48      0.00
     -0.96      0.96     -0.48
     -0.96      0.96     -0.48
     -0.48      0.48      0.48
      0.00     -0.48      0.48
      0.48     -0.48     -0.48
      0.96     -0.96     -0.48
      0.48     -0.48      0.00
      0.00     -0.48      0.48
     -0.48     -0.48      0.48
     -0.48      0.00      0.00
      0.00      0.00      0.48
      0.00      0.00      0.96
     -0.48     -0.48      0.96
      0.00     -0.96      0.48
      0.48     -1.44      0.96
      0.00     -0.96      1.44
      0.00      0.00      0.48
     -0.48      0.48     -0.48
     -0.48      0.48     -0.48
     -0.48      0.96     -0.48
      0.00      0.48     -0.96
      0.48      0.00     -0.96
      0.00      0.00     -0.48
      0.00      0.00      0.00
      0.00     -0.48      0.00
      0.00     -0.48     -0.48
      0.00     -0.48      0.00
      0.00     -0.96      0.96
     -0.48     -0.48      0.48
     -0.48      0.48      0.48
     -0.48      0.00      0.96
     -0.48     -0.48      0.96
     -0.48     -0.96      0.96
      0.00     -0.96      0.48
      0.48     -0.48      0.00
      0.48      0.48      0.00
      0.00      0.48      0.00
      0.48      0.00     -0.48
      0.48      0.00     -0.48
      0.00      0.48      0.00
      0.00      0.48      0.00
     -0.48      0.00     -0.48
     -0.96      0.00     -0.48
     -0.48      0.48      0.00
     -0.48      0.48      0.00
     -0.48      0.48      0.00
     -0.48      0.00      0.00
     -0.48     -0.48      0.96
      0.00     -0.48      1.44
      0.48     -0.48      0.96
      0.96     -0.96      0.96
      0.96     -0.96      0.96
      0.00     -0.96      0.00
     -0.48     -0.48     -0.48
     -0.48     -0.48     -0.48
     -0.48      0.00      0.00
      0.00      0.48      0.00
      0.00      0.48     -0.48
      0.00      0.00      0.00
      0.00      0.00      0.48
      0.00     -0.48     -0.48
      0.00      0.00     -0.48
      0.00      0.48      0.00
      0.00      0.48      0.00
      0.48      0.00      0.00
      0.48     -0.48      0.00
      0.48     -0.96      0.00
      0.00     -0.96      0.96
      0.00      0.00      0.96
     -0.48      0.00      0.96
     -0.48      0.00      0.96
     -0.48      0.00      0.96
     -0.48      0.00      0.48
     -0.96      0.48     -0.48
     -0.48      0.48     -0.48
      0.00      0.00      0.00
      0.00      0.00      0.00
      0.48      0.00      0.00
      0.96     -0.48      0.00
      0.48     -0.48      0.00
      0.00      0.00      0.00
      0.00      0.00     -0.96
      0.00     -0.48     -0.48
     -0.48      0.00      0.00
     -0.48     -0.48      0.00
      0.00     -0.48      0.00
     -0.48     -0.96      0.00
     -0.48     -1.44     -0.48
      0.00     -0.96     -0.48
      0.00      0.00      0.00
     -0.48      1.44      0.48
      0.00      1.44      0.48
      0.00      0.48      0.48
      0.00      0.00      0.48
      0.00      0.00      0.96
      0.00     -0.48      0.48
     -0.48      0.00      0.00
     -0.48     -0.48      0.48
      0.00     -0.96      0.48
      0.00     -0.48      0.00
      0.00      0.00     -0.48
      0.48      0.00     -0.96
      0.48     -0.48     -0.96
      0.00     -0.48     -0.48
      0.00     -0.48      0.00
      0.48     -0.48      0.48
      0.00      0.00      0.48
      0.00      0.00      0.48
     -0.48     -0.48      1.44
     -0.48      0.00      1.44
     -0.48      0.48      0.48
      0.00      0.48      0.00
      0.00      0.48      0.48
      0.00      0.48      0.48
      0.00      0.48      0.00
      0.00     -0.48      0.00
      0.48     -0.96      0.00
      0.00     -0.96      0.00
      0.00     -0.48     -0.96
      0.00     -0.48     -0.96
     -0.48      0.00      0.00
     -0.48      0.48      0.00
     -0.96      0.00      0.00
     -0.96      0.00      0.48
     -0.48      0.48      0.48
      0.00      0.48      0.00
      0.48      0.00      0.00
      0.48      0.00      0.96
      0.48      0.00      0.48
      0.00     -0.48      0.48
      0.00     -0.48      0.96
      0.00     -0.96      0.48
     -0.48     -0.48      0.00
     -0.96      0.00      0.00
     -0.96      0.00      0.00
     -0.48      0.48     -0.48
      0.00      0.00     -0.96
      0.48      0.00     -0.96
      0.48      0.00     -0.48
      0.48      0.00      0.00
      0.00      0.00      0.96
      0.00      0.00      1.91
      0.00     -0.48      1.44
      0.00     -0.48      0.96
      0.00     -0.48      0.48
      0.00     -0.48      0.00
      0.00      0.00     -0.48
     -0.48      0.00     -0.48
     -0.48     -0.48      0.00
      0.00     -0.48      0.48
      0.48      0.00      0.00
      0.48      0.00      0.00
      0.00     -0.48      0.00
     -0.48     -0.48      0.00
     -0.96     -0.48      0.48
     -0.48      0.00      0.48
      0.00      0.48      0.00
     -0.48      0.48      0.00
      0.00      0.48      0.00
      0.96     -0.48      0.00
      0.48     -0.48     -0.48
      0.00     -0.48      0.00
      0.48     -0.96      0.48
      0.00     -0.48      0.48
     -0.48      0.00      0.00
     -0.48      0.48      0.00
     -0.48      0.48      0.00
      0.00      0.48      0.00
      0.00      0.00      0.00
      0.00     -0.48      0.48
     -0.48     -0.48      0.96
      0.00     -0.48      0.48
      0.00     -0.48      0.00
      0.00     -0.48      0.00
      0.00     -0.96      0.00
      0.00     -0.96      0.48
      0.00      0.00      0.00
     -0.48      0.48     -0.48
     -0.48      0.48     -0.48
