********************************************************************************
                       INSTITUTO DE INGENIERIA, UNAM
                  Coordinacion de Instrumentacion Sismica
  Ciudad Universitaria, Apartado Postal 70-472, Coyoacan 04510, Mexico, D.F.
 Tel.(52-5)622-3414    Fax.(52-5)616-1514    e-mail: isismica@pumas.iingen.unam.mx
**************************************************************************************
ARCHIVO ESTANDAR DE ACELERACION:
VERSION DEL FORMATO                    : 2.0
NOMBRE DEL ARCHIVO                     : PTQL9104.011
FECHA Y HORA DE CREACION               : Wed Sep 10 14:41:30 1997
REF. CATALOGO ACELEROGRAMAS, SMIS 1995 : REGISTRO No. 2802 /PAG. 266


================================================================================
DATOS DE LA ESTACION:
NOMBRE DE LA ESTACION                  : PETAQUILLAS
CLAVE DE LA ESTACION                   : PTQL
LOCALIZACION DE LA ESTACION            : Deshuesadero de automoviles,
                                       : Petaquillas, Guerrero. Cerca de
                                       : Chilpancingo.
                                       :
                                       :
COORDENADAS DE LA ESTACION             : 17.466 LAT. N 
                                       : 99.453 LONG. W 
ALTITUD (msnm)                         : 1350
TIPO DE SUELO                          : ROCA
                                       : 
                                       : 
INSTITUCION RESPONSABLE                : INSTITUTO DE INGENIERIA UNAM
                                       :

================================================================================
DATOS DEL ACELEROGRAFO: 
MODELO DEL ACELEROGRAFO                : DCA-333
NUMERO DE SERIE DEL ACELEROGRAFO       : 122
NUMERO DE CANALES                      : 3
ORIENTACION C1-C6 (rumbo;orientacion)  : /V/N90E/N00E
ORIENTACION C7-C12 (rumbo;orientacion) :
VEL. DE MUESTREO, C1-C6 (muestras/s)   : /100/100/100
VEL. DE MUESTREO, C7-C12 (muestras/s)  :
ESC. COMPLETA DE SENSORES, C1-C6, (g)  : /2/2/2
ESC. COMPLETA DE SENSORES, C7-C12 (g)  :
FREC. NAT. DE SENSORES, C1-C6, (Hz)    : /31/32/30
FREC. NAT. DE SENSORES, C7-C12 (Hz)    :
AMORTIGUAMIENTO DE SENSORES, C1-C6     : /0.62/0.72/0.63
AMORTIGUAMIENTO DE SENSORES, C7-C12    :
INTERVALO DE MUESTREO, C1-C6 (s)       : /0.01/0.01/0.01
INTERVALO DE MUESTREO, C7-C12 (s)      :
UMBRAL DE DISPARO, C1-C6 (Gal)         : /2/2/2
UMBRAL DE DISPARO, C7-C12 (Gal)        :
MEMORIA DE PREEVENTO (s)               : 4
TIEMPO DE POSEVENTO (s)                : 15


================================================================================
DATOS DEL SISMO:
FECHA DEL SISMO [GMT]                  : 1991/04/01
HORA EPICENTRO (GMT)                   : 07:34:45,9
MAGNITUD(ES)                           : /Mb=5.50/Ms=5.40/Mc=5.30
COORDENADAS DEL EPICENTRO              : 16.044 LAT. N 
                                       : 98.387 LONG. W 
PROFUNDIDAD FOCAL (km)                 : 26 
FUENTES DE LOS DATOS EPICENTRALES      : INSTITUTO DE INGENIERIA UNAM
                                       : 

================================================================================
DATOS DE ESTE REGISTRO:
HORA DE LA PRIMERA MUESTRA (GMT)       : 07:35:39.00
EXACTITUD DEL TIEMPO (s)               : 1.00
DURACION DEL REGISTRO (s), C1-C6       : /15.28/15.28/15.28                      
DURACION DEL REGISTRO (s), C7-C12      : 
NUM. TOTAL DE MUESTRAS, C1-C6          : /1528/1528/1528                       
NUM. TOTAL DE MUESTRAS, C7-C12         : 
ACEL. MAX.(Gal), C1-C6                 : /2.87/-2.87/-2.87                     
ACEL. MAX., C1-C6, EN LA MUESTRA       : /342/304/288                          
ACEL. MAX.(Gal), C7-C12                : 
ACEL. MAX., C7-C12,EN LA MUESTRA       : 
UNIDADES DE LOS DATOS                  : Gal (cm/s/s)
FACTOR DE DECIMACION                   : 1
FORMATO DATOS (FORTRAN,10 campos/dato) : 3F10.2


================================================================================
CALIDAD DEL ACELEROGRAMA:
REGISTRO INCOMPLETO EN SU PARTE INTENSA O CON MUCHOS ERRORES O PELICULA ATORADA
O DUDOSO POR ALGUNA FALLA DEL APARATO. EN GENERAL UN ACELEROGRAMA NO CONFIABLE
QUE SOLO PERMITE TENER UNA IDEA APROXIMADA DE LOS VALORES MAXIMOS.
===============================================================================
COMENTARIOS:
Registro con resolucion muy baja.













===============================================================================
DATOS DE ACELERACION:
---------+---------+---------+---------+---------+---------+---------+---------+
   CANAL-1   CANAL-2   CANAL-3
         V      N90E      N00E
---------+---------+---------+---------+---------+---------+---------+---------+
      0.00      0.00      0.00
      0.00     -0.96      0.00
      0.00     -0.96      0.00
      0.96      0.00      0.00
      0.96      0.00     -0.96
      0.96      0.00      0.00
      0.96      0.00      0.00
      0.96      0.00      0.00
      0.96      0.00     -0.96
      0.96      0.00     -0.96
      0.96     -0.96     -0.96
      0.00      0.00     -0.96
      0.96     -0.96     -0.96
      0.96     -0.96     -0.96
      0.96     -0.96     -0.96
      0.00     -0.96      0.00
      0.00     -1.91     -0.96
      0.00     -0.96     -0.96
      0.00      0.00     -0.96
      0.00      0.00     -0.96
      0.00      0.00     -0.96
      0.00      0.00      0.00
      0.00      0.00      0.00
      0.00      0.00      0.00
      0.96      0.00      0.00
     -0.96     -0.96      0.00
      0.96      0.00      0.00
      0.96      0.00      0.96
      0.00      0.00      0.00
      0.00      0.00      0.00
      0.00     -0.96      0.00
      0.00      0.00     -0.96
      0.00      0.00     -0.96
      0.96      0.96     -0.96
      0.00      0.96     -0.96
      0.00      0.00     -1.91
      0.00      0.00      0.00
      0.00      0.00      0.00
      0.00     -0.96      0.96
      0.00     -0.96      0.96
      0.00     -0.96      0.96
      0.96      0.00      0.96
      0.00      0.00      0.96
      0.96      0.00      0.00
      0.96      0.00      0.00
      0.96      0.00      0.00
      0.96      0.96     -0.96
      0.96      0.00      0.00
      0.96      0.00      0.00
      0.00      0.00      0.00
      0.00      0.00      0.00
      0.00      0.00      0.00
      0.00      0.00      0.00
     -0.96      0.00      0.00
     -0.96      0.00     -0.96
     -1.91     -0.96     -0.96
     -0.96     -0.96     -0.96
     -0.96     -0.96     -0.96
      0.00     -0.96     -1.91
      0.00      0.00     -1.91
      0.00      0.00     -1.91
      0.96      0.00     -1.91
      0.96      0.00     -0.96
      0.96      0.00     -0.96
      0.96      0.00     -0.96
      0.00      0.00      0.96
      0.00      0.00      0.96
      0.00      0.00      0.96
      0.00      0.00      0.96
      0.00      0.00      0.96
      0.00      0.00      0.96
      0.00      0.00      0.96
      0.00      0.00      0.96
      0.00      0.00      0.96
      0.00      0.00      0.00
      0.00     -0.96     -0.96
      0.00     -0.96      0.00
      0.00     -0.96     -0.96
      0.00     -0.96     -0.96
      0.00     -0.96     -0.96
      0.00     -0.96     -0.96
      0.96     -0.96     -0.96
      0.96      0.00      0.00
      0.00      0.00      0.00
      0.96      0.00     -0.96
      0.96      0.00      0.00
      0.96      0.00      0.00
      0.96      0.00     -0.96
      0.96      0.00     -0.96
      0.96      0.00     -0.96
      0.96      0.00     -0.96
      0.00      0.00     -0.96
      0.00      0.00     -0.96
     -0.96      0.00      0.00
     -0.96      0.00      0.00
     -0.96      0.00      0.00
     -0.96      0.00     -0.96
      0.00      0.00     -0.96
      0.00      0.00     -0.96
      0.00      0.00      0.00
      0.00     -0.96     -0.96
     -0.96     -0.96      0.00
     -0.96     -0.96      0.00
      0.00      0.00      0.96
      0.00      0.00      0.96
      0.00      0.00      0.96
      0.00      0.00      0.96
     -0.96      0.00      0.96
      0.00      0.00      0.96
      0.00      0.00      0.00
      0.96      0.00     -0.96
      0.96      0.00     -0.96
      0.96      0.00      0.00
      0.96      0.00      0.00
      0.96     -0.96      0.00
      0.00     -0.96      0.00
      0.00     -0.96      0.00
      0.96      0.00     -0.96
      0.00      0.00     -0.96
      0.00     -0.96     -1.91
      0.00      0.00     -1.91
      0.00     -0.96     -1.91
      0.00     -0.96     -0.96
      0.00     -0.96     -0.96
      0.96     -0.96      0.00
      0.96      0.00      0.00
      0.96      0.00      0.00
      0.00      0.00     -0.96
      0.00      0.00      0.00
      0.00      0.00      0.00
     -0.96      0.00      0.00
     -0.96      0.00      0.00
     -0.96     -0.96      0.00
     -0.96      0.00      0.00
      0.00      0.00      0.00
      0.96      0.00      0.00
      0.96      0.00      0.00
      0.96      0.00      0.00
      0.96      0.96      0.00
      0.96      0.00      0.00
      0.96      0.96      0.00
      0.00      0.00      0.00
      0.00      0.00      0.00
      0.96      0.00      0.00
      0.96      0.00      0.96
      0.00      0.00      0.00
     -0.96      0.00      0.96
     -0.96      0.00      0.96
     -0.96      0.00      0.00
     -0.96      0.00      0.00
      0.00      0.00      0.00
      0.00     -0.96      0.00
      0.00     -0.96      0.00
      0.00     -0.96      0.00
      0.00     -1.91      0.00
      0.96     -0.96      0.00
      0.96     -0.96     -0.96
      0.96      0.00     -0.96
      0.96      0.00      0.00
      0.96      0.96     -0.96
      0.96      0.96     -0.96
      0.96      0.96     -0.96
      0.96      0.00     -0.96
      0.96      0.00     -0.96
      0.96     -0.96     -1.91
      0.96     -0.96     -0.96
      0.96     -1.91     -0.96
      0.00     -1.91     -0.96
     -0.96     -1.91     -0.96
      0.00     -1.91     -0.96
      0.00     -0.96     -1.91
      0.00      0.00     -1.91
      0.00      0.00     -1.91
      0.00      0.96     -0.96
      0.00      0.96     -0.96
      0.00      0.96      0.00
      0.00      0.96      0.96
      0.00      0.96      1.91
      0.96      0.00      1.91
      0.96      0.96      1.91
      0.96      0.00      1.91
      0.96      0.96      0.96
      0.96      0.96      0.96
      0.96      0.96      0.00
      0.96      0.00      0.00
      0.96      0.00     -0.96
      0.96      0.00     -0.96
      0.96     -0.96     -0.96
      0.96     -0.96     -0.96
      0.96     -0.96     -0.96
      0.00     -0.96     -0.96
      0.00     -0.96      0.00
      0.00     -0.96      0.00
      0.00     -0.96      0.00
      0.96     -0.96      0.00
      0.96     -0.96      0.00
      0.96     -0.96      0.00
      0.96      0.00      0.00
      0.96      0.00      0.00
      0.00      0.00     -0.96
      0.00      0.96      0.00
      0.00      0.96      0.00
      0.00      0.96      0.00
      0.00      0.00      0.00
      0.00      0.00      0.96
     -0.96      0.00      0.96
      0.00     -0.96      0.96
      0.00     -0.96      0.96
      0.00      0.00      0.96
      0.96      0.00      0.96
      0.00      0.00      0.96
      0.96      0.00      0.00
      0.00      0.00      0.00
      0.00     -0.96      0.00
      0.96      0.00      0.96
      0.96      0.00      0.96
      0.96      0.00      0.00
      1.91      0.00      0.96
      0.96      0.96      0.96
      0.96      1.91      0.96
      0.96      1.91      0.96
      0.00      1.91      0.00
      0.00      1.91     -0.96
      0.00      1.91     -0.96
      0.00      1.91      0.00
      0.00      0.96      0.00
      0.00      0.96      0.96
     -0.96      0.00      0.96
     -0.96      0.00      0.96
     -0.96      0.00      0.96
     -0.96     -0.96      0.96
     -0.96     -0.96      0.96
      0.00     -0.96      0.00
      0.00     -0.96      0.00
      0.00     -1.91      0.00
      0.00     -1.91      0.00
      0.00     -1.91     -0.96
      0.96     -1.91     -0.96
      0.96     -0.96     -0.96
      0.96     -0.96     -0.96
      0.96      0.00     -0.96
      0.96      0.00     -0.96
      0.96      0.00     -0.96
      0.96      0.00     -0.96
      0.96      0.00     -1.91
      0.96     -0.96     -1.91
      0.96      0.00     -0.96
      0.96      0.00     -0.96
      0.96      0.00     -0.96
      0.96      0.00     -0.96
      0.00      0.00     -0.96
      0.96     -0.96     -0.96
      0.96      0.00     -0.96
      0.96     -0.96     -0.96
      0.00     -0.96     -0.96
      0.96     -0.96     -0.96
      0.96      0.00     -0.96
      0.96      0.00     -1.91
      0.96      0.00     -0.96
      0.00      0.00     -0.96
      0.96      0.00     -0.96
      0.00      0.00     -0.96
      0.96      0.00     -0.96
      0.96      0.00      0.00
      0.96      0.00      0.00
      0.96      0.00     -1.91
      0.00      0.96      0.00
      0.00      0.96      0.96
      0.00      0.96      0.96
      0.00      0.96      1.91
      0.00      0.96      1.91
      0.00      0.96      1.91
      0.00      0.96      1.91
      0.00      0.00      0.96
      0.00      0.00      1.91
      0.00      0.00      1.91
      0.96     -0.96      1.91
      0.00     -0.96      1.91
      0.00     -0.96      1.91
      0.00     -1.91      0.96
      0.00     -1.91      0.96
      0.96     -1.91      0.00
      0.96     -1.91     -0.96
      0.96     -1.91     -0.96
      0.96     -0.96     -0.96
      0.96     -0.96     -0.96
      1.91      0.00     -0.96
      0.96      0.00     -0.96
      0.96      0.96     -2.87
      0.96      0.96     -1.91
      0.00      1.91     -1.91
      0.00      1.91     -1.91
      0.00      1.91     -1.91
      0.00      1.91     -0.96
     -0.96      0.96     -1.91
     -0.96      0.96      0.00
     -0.96      0.96      0.00
     -0.96      0.96      0.00
     -0.96      0.00     -0.96
     -1.91      0.00      0.00
     -0.96     -0.96      0.96
     -0.96     -0.96      0.00
      0.00     -1.91      0.00
      0.00     -1.91      0.00
     -0.96     -2.87      0.00
      0.00     -2.87      0.00
      0.00     -2.87      0.00
      0.00     -1.91      0.00
      0.00     -1.91      0.00
      0.00     -1.91      0.00
      0.00     -0.96      0.00
      0.00      0.00      0.00
      0.96      0.00     -0.96
      0.96      0.00     -0.96
      0.96      0.00     -0.96
      0.96      0.00     -1.91
      0.96      0.00     -1.91
      0.00     -0.96     -1.91
     -0.96     -0.96     -1.91
     -0.96     -0.96     -0.96
     -1.91     -0.96     -0.96
     -1.91     -0.96      0.00
     -1.91     -0.96      0.00
     -0.96     -0.96      0.00
     -0.96     -0.96      0.96
      0.00      0.00      0.96
      0.00      0.00      0.96
      0.00      0.00      0.96
      0.00      0.00      0.96
      0.00      0.00      0.96
      0.00      0.96      0.96
      0.00      0.96      0.96
      0.00      0.96     -0.96
      0.00      0.96     -0.96
      0.96      0.00      0.00
      1.91      0.96      0.00
      1.91      0.96      0.00
      1.91      0.96      0.00
      0.96      0.96     -0.96
      1.91      0.96      0.00
      1.91      0.96     -0.96
      1.91      0.96      0.00
      2.87      0.96      0.96
      1.91      0.00      0.96
      0.96      0.00      0.96
      0.96     -0.96      0.96
      0.00     -0.96      0.96
     -0.96     -0.96      0.96
     -0.96     -0.96      0.96
      0.00     -0.96      0.96
      0.00      0.00      0.96
      0.00      0.00      0.96
      0.00     -0.96      0.00
      0.00      0.00      0.00
      0.00      0.00      0.00
     -0.96      0.96      0.00
      0.00      0.00      0.00
      0.00      0.00      0.00
      0.00      0.00      0.00
      0.96     -0.96      0.00
      0.96      0.00      0.96
      0.96      0.00      0.00
      0.96      0.00      0.96
      0.96      0.00      0.00
      0.96     -0.96      0.00
      0.96      0.00      0.00
      0.96      0.00      0.00
      0.96      0.00      0.00
      1.91      0.96     -0.96
      1.91      0.96     -0.96
      0.00      0.00     -0.96
      0.96      0.00     -0.96
      0.00      0.00     -0.96
      0.00      0.00      0.00
      0.00      0.00      0.00
      0.00      0.00      0.00
      0.00      0.00     -0.96
      0.00      0.00      0.00
      0.00      0.00      0.00
      0.00      0.96      0.00
      0.00      0.00     -0.96
      0.00      0.00     -0.96
      0.00     -0.96     -0.96
      0.00     -0.96     -0.96
      0.00     -0.96     -1.91
      0.00     -0.96     -1.91
      0.00     -0.96     -1.91
      0.00     -0.96     -1.91
      0.96     -0.96     -1.91
      0.00     -0.96     -1.91
      0.00     -0.96     -0.96
      0.00     -0.96     -0.96
      0.00     -0.96     -0.96
      0.00     -0.96      0.00
      0.00     -0.96      0.00
      0.00     -1.91      0.96
      0.00     -1.91      0.96
     -0.96     -0.96      1.91
     -0.96     -0.96      1.91
      0.00     -0.96      1.91
     -0.96     -1.91      1.91
     -0.96     -0.96      1.91
     -0.96     -0.96      1.91
      0.00     -0.96      1.91
      0.00     -0.96      0.96
      0.00     -0.96      0.00
     -0.96     -0.96      0.00
      0.00     -0.96      0.00
      0.00     -0.96     -0.96
      0.00     -0.96     -0.96
      0.96     -0.96     -0.96
      0.96     -0.96      0.00
      1.91      0.00      0.00
      0.96      0.00      0.00
      0.96     -0.96      0.00
      0.00      0.00      0.00
      0.96      0.96      0.00
     -0.96      0.96      0.96
      0.96      1.91      0.00
      0.96      0.96      0.00
      0.96      0.96      0.96
      0.96      0.96      0.96
      0.00      0.96      0.96
      0.00      0.00      0.00
      0.00      0.00      0.00
      0.00      0.00     -0.96
      0.00     -0.96     -0.96
      0.00      0.00     -0.96
      0.96      0.00     -0.96
      0.96     -0.96     -0.96
      0.96      0.00     -0.96
      0.96      0.00     -0.96
      0.96      0.00     -0.96
      0.96      0.00     -1.91
      0.96      0.00     -0.96
      0.96      0.00     -0.96
      0.96      0.00     -0.96
      0.96      0.96     -0.96
      0.96      0.96     -0.96
      0.96      0.96     -0.96
      0.96      0.96     -1.91
      0.00      0.00     -0.96
      0.00      0.00     -0.96
      0.00      0.00     -0.96
      0.00      0.00      0.00
      0.00      0.00      0.00
     -0.96      0.00      0.00
     -0.96      0.00      0.00
     -0.96      0.00      0.96
     -0.96      0.00      0.96
     -0.96      0.00      0.96
      0.00      0.00      0.96
      0.00     -0.96      0.96
      0.00     -0.96      0.96
      0.00     -0.96      0.96
      0.00     -0.96      0.96
      0.00      0.00      0.00
      0.00      0.00      0.00
      0.00      0.00     -0.96
      0.00      0.00     -1.91
      0.96      0.96     -0.96
      0.00      0.96     -0.96
      0.00      0.96     -0.96
      0.00      0.96      0.00
      0.96      0.00      0.00
      0.96      0.00      0.00
      0.96      0.00      0.00
      0.96      0.00      0.00
      0.00      0.00      0.00
      0.00      0.00      0.00
      0.00      0.00      0.00
      0.96      0.00      0.00
      0.00      0.00      0.00
      0.96      0.00      0.00
      0.00      0.00      0.00
      0.00      0.00      0.00
      0.00      0.00      0.96
      0.00     -0.96      0.96
      0.00     -0.96      0.96
     -0.96     -0.96      0.96
      0.00     -0.96      0.00
      0.00     -0.96      0.96
      0.00     -0.96      0.96
      0.00     -0.96      0.96
      0.00     -1.91      0.96
      0.00     -1.91      0.00
      0.00     -1.91      0.00
      0.00     -0.96     -0.96
      0.00     -0.96     -0.96
     -0.96     -0.96     -0.96
      0.00     -0.96     -0.96
      0.00     -0.96     -0.96
      0.00     -1.91     -0.96
      0.96     -0.96      0.00
      0.00     -0.96     -0.96
      0.96      0.00     -0.96
      0.96      0.00     -0.96
      1.91      0.00     -0.96
      1.91      0.00     -0.96
      1.91      0.00     -0.96
      0.96      0.96     -0.96
      0.96      0.96     -0.96
      0.96      0.96     -0.96
      0.96      0.96     -0.96
      0.96      0.96     -0.96
      0.96      0.96     -1.91
      0.00      1.91     -0.96
      0.00      1.91     -0.96
      0.96      1.91     -0.96
      0.00      0.96     -0.96
     -0.96      0.96     -0.96
     -0.96      0.00     -0.96
     -0.96      0.00      0.00
     -0.96     -0.96     -0.96
      0.00     -0.96      0.00
      0.00     -0.96      0.00
      0.96     -0.96      0.96
      0.96     -0.96      0.96
      0.96     -0.96      0.96
      1.91     -0.96      0.96
      0.00     -0.96      0.00
      0.96     -0.96     -0.96
      0.96     -1.91     -0.96
      0.96     -0.96      0.00
      0.00     -0.96     -0.96
      0.00      0.00     -0.96
     -0.96      0.00      0.00
     -0.96      0.00     -0.96
     -0.96      0.00     -0.96
     -1.91      0.00     -0.96
     -0.96      0.96     -0.96
     -0.96      0.96     -0.96
      0.00      0.96     -0.96
      0.00      0.96     -0.96
      0.00      0.96     -0.96
      0.00      0.96     -0.96
      0.00      0.00     -0.96
     -0.96      0.00     -0.96
      0.00      0.96      0.00
      0.00      0.00     -0.96
      0.96      0.00      0.00
      0.96      0.00      0.00
      0.96      0.00      0.00
      1.91      0.00      0.00
      1.91     -0.96      0.96
      0.96      0.00      0.96
      0.96      0.00      0.96
      0.96      0.00      0.96
      0.96     -0.96      0.96
      0.00     -0.96      0.96
      0.96     -0.96      0.96
      0.00     -0.96      0.96
      0.00     -0.96      0.96
     -0.96     -0.96      0.96
      0.00     -1.91      0.96
      0.00     -1.91      0.96
      0.00     -1.91      0.00
      0.96     -1.91      0.00
      0.00     -1.91      0.00
      0.00     -0.96      0.00
      0.00     -0.96      0.00
      0.00      0.00      0.00
      0.00      0.96     -0.96
      0.96      0.96     -0.96
      0.96      0.96     -0.96
      0.96      0.00      0.00
      0.96      0.00     -0.96
      0.00      0.00     -0.96
      0.96      0.00     -0.96
      0.96      0.00     -0.96
      0.96      0.00     -1.91
      0.96      0.00     -1.91
      0.96      0.00     -1.91
      0.96      0.00     -1.91
      0.96      0.00     -1.91
      0.96      0.00     -0.96
      0.96      0.00      0.00
      0.96      0.00      0.00
      0.96      0.00      0.00
      0.96      0.00      0.00
      0.96      0.00     -0.96
      0.96      0.00      0.00
      0.00      0.00      0.00
      0.00     -0.96     -0.96
     -0.96     -0.96     -0.96
     -0.96     -1.91      0.00
     -0.96     -1.91      0.00
     -0.96     -1.91      0.00
      0.00     -0.96      0.00
      0.00     -0.96      0.00
      0.00     -0.96      0.00
      0.00      0.00      0.00
      0.00      0.00      0.00
      0.00      0.00      0.00
      0.96      0.00      0.00
      0.00      0.00      0.00
      0.96      0.00      0.00
      0.96      0.00      0.00
      0.96      0.00     -0.96
      0.96      0.00      0.00
      0.96      0.00     -0.96
      0.96      0.00      0.00
      0.96      0.00      0.00
      0.00      0.00      0.96
      0.00      0.00      0.00
      0.00      0.00     -0.96
      0.00      0.00     -0.96
      0.00      0.00      0.00
      0.00      0.00      0.00
      0.00      0.00      0.00
      0.00      0.00      0.00
      0.00      0.00      0.00
      0.00      0.00     -0.96
      0.00      0.00     -0.96
      0.00      0.00     -0.96
      0.96      0.00     -0.96
      0.96      0.00     -0.96
      0.96      0.00     -0.96
      0.96      0.00      0.00
      0.96      0.00      0.00
      0.96      0.00      0.00
      0.96      0.00      0.00
      0.96      0.96      0.00
      0.96      0.96      0.00
      0.96      0.96      0.00
      0.96      0.96      0.00
      0.00      0.96      0.00
      0.00      0.96      0.00
     -0.96      0.00      0.00
     -0.96      0.00      0.00
     -0.96      0.00      0.00
     -0.96      0.00      0.00
     -0.96     -0.96      0.00
     -0.96      0.00      0.00
      0.00      0.00      0.00
      0.00      0.00      0.00
     -0.96      0.00      0.00
      0.00     -0.96      0.00
      0.00     -0.96      0.00
      0.00     -1.91     -0.96
      0.00     -0.96     -0.96
      0.96     -0.96     -0.96
      0.96     -0.96      0.00
      0.96     -0.96      0.00
      0.96     -0.96      0.00
      0.96      0.00      0.96
      0.96      0.00      0.96
      0.96      0.00      0.96
      0.96      0.00      0.00
      0.96      0.00      0.00
      0.00      0.00      0.00
      0.00      0.00      0.00
      0.00      0.00      0.00
      0.00      0.00      0.00
      0.00      0.00      0.96
      0.00      0.00      0.96
      0.96      0.00      0.96
      0.96      0.00      0.00
      0.96      0.00      0.96
      0.96      0.00      0.96
      0.96      0.00      0.00
      0.00      0.00      0.96
      0.00      0.00      0.96
      0.96      0.00      0.96
      0.96      0.00      0.00
      0.96      0.00      0.00
      0.96      0.00      0.00
      0.96      0.00     -0.96
      0.96      0.96     -0.96
      0.00      0.00     -0.96
      0.00      0.00     -0.96
      0.00      0.00     -0.96
      0.00      0.00     -0.96
      0.00      0.00     -0.96
      0.00     -0.96     -0.96
      0.00     -0.96     -0.96
     -0.96     -0.96     -0.96
      0.00     -0.96     -1.91
      0.00     -0.96     -1.91
      0.00      0.00     -1.91
      0.00     -0.96     -0.96
      0.96     -0.96     -0.96
      0.96     -0.96     -0.96
      0.00      0.00     -0.96
      0.96      0.00     -0.96
      0.96      0.00     -0.96
      0.00      0.96     -0.96
      0.00      0.96     -0.96
      0.00      1.91     -0.96
     -0.96      1.91      0.00
     -0.96      1.91      0.00
     -0.96      1.91      0.00
     -0.96      0.96      0.00
     -0.96      1.91      0.96
     -0.96      0.96      0.00
      0.00      0.96      0.96
      0.00      0.00      0.96
      0.00      0.00      0.96
      0.96      0.00      0.96
      0.00     -0.96      1.91
      0.96     -0.96      1.91
      0.96     -0.96      0.96
      0.00     -0.96      0.96
      0.00     -1.91      0.96
      0.00     -1.91      0.96
      0.00     -0.96      0.96
      0.00     -0.96      0.00
      0.00     -0.96      0.00
      0.00      0.00      0.00
      0.00      0.00      0.00
      0.00      0.00     -0.96
      0.00      0.00     -0.96
      0.00      0.96     -0.96
      0.00      0.96     -0.96
     -0.96      0.96     -0.96
     -0.96      0.96     -0.96
     -0.96      0.96     -0.96
     -0.96      0.96     -0.96
      0.00      0.96     -0.96
      0.00      0.00     -0.96
      0.96      0.00     -0.96
      0.96      0.00      0.00
      1.91      0.00     -0.96
      1.91     -0.96     -0.96
      1.91     -0.96      0.00
      0.96     -0.96      0.00
      1.91     -0.96      0.00
      0.96     -0.96      0.00
      0.96     -0.96      0.00
      0.96     -0.96      0.00
     -0.96      0.00      0.00
      0.00      0.00      0.00
      0.00      0.00      0.00
      0.00      0.00     -0.96
      0.00      0.00     -0.96
      0.00      0.00     -0.96
      0.00      0.00     -0.96
      0.00      0.00     -0.96
      0.00      0.00     -0.96
      0.00      0.00     -0.96
     -0.96      0.00      0.00
     -0.96      0.96      0.00
     -0.96      0.96     -0.96
     -0.96      0.96     -0.96
      0.00      0.00      0.00
      0.00      0.00      0.00
      0.00      0.00      0.00
      0.00      0.00      0.00
      0.00      0.00      0.96
      0.00     -0.96      0.96
      0.00     -0.96     -0.96
      0.00     -0.96      0.96
      0.00     -0.96      0.96
      0.00     -0.96      0.00
      0.00     -0.96      0.00
     -0.96      0.00      0.96
      0.96     -0.96      0.96
      0.96     -0.96      0.96
      0.96     -0.96      0.96
      0.96     -0.96      0.00
      0.96     -0.96      0.00
      0.96     -0.96      0.00
      0.96      0.00      0.00
      0.96      0.00     -0.96
      0.96      0.00      0.00
      0.96      0.00      0.00
      0.96      0.00      0.00
      0.00      0.96      0.00
      0.00      0.00     -0.96
      0.00      0.96     -0.96
      0.00      0.00     -0.96
      0.00      0.00     -0.96
     -0.96      0.96     -0.96
      0.00      0.00      0.00
     -0.96      0.00      0.00
      0.00      0.00      0.00
      0.00      0.00     -0.96
      0.00      0.00      0.96
      0.00     -0.96      1.91
     -0.96     -0.96      1.91
      0.96      0.00      0.96
      0.96      0.00      0.96
      0.96      0.00      0.96
      0.96      0.00      0.96
      0.96      0.00      0.96
      0.96      0.00      0.96
      0.96      0.00      0.96
      0.00      0.00      0.96
      0.00      0.00      0.00
      0.00      0.00      0.00
      0.00      0.00      0.00
      0.00     -0.96     -0.96
      0.00     -0.96     -1.91
      0.00     -0.96     -0.96
      0.96     -0.96     -0.96
      0.96     -0.96     -0.96
      0.96     -0.96     -0.96
      0.96     -0.96     -0.96
      0.96      0.00     -1.91
      0.96      0.00     -1.91
      0.96      0.00     -0.96
      0.96      0.00     -0.96
      0.96      0.00     -0.96
      0.96      0.00     -0.96
      0.96      0.00     -0.96
      0.96      0.00     -0.96
      0.00      0.00     -0.96
      0.96      0.00      0.00
      0.96      0.00     -0.96
      0.96      0.00     -0.96
      0.00      0.00      0.00
      0.00      0.00      0.00
      0.00      0.00      0.00
      0.00      0.00      0.00
     -0.96      0.00      0.00
      0.00      0.96      0.96
      0.00      0.00      0.00
      0.00      0.00      0.00
      0.00      0.00      0.00
      0.96      0.00     -0.96
      0.96      0.00     -0.96
      0.00      0.00     -0.96
      0.00      0.00      0.00
      0.96      0.00      0.00
      0.96     -0.96      0.96
      0.00     -0.96      0.00
      0.00     -0.96      0.96
      0.00     -0.96      0.96
      0.00     -0.96      0.96
      0.00     -0.96      0.00
      0.00     -0.96      0.00
      0.00     -0.96      0.00
     -0.96     -0.96      0.00
     -0.96     -0.96      0.00
      0.00     -0.96      0.00
      0.00     -0.96      0.00
      0.00     -0.96      0.00
      0.00     -1.91      0.00
      0.00      0.00     -0.96
      0.96      0.00     -0.96
      0.96      0.00     -0.96
      0.96      0.00     -0.96
      0.96      0.96     -0.96
      0.96      0.00     -0.96
      0.96      0.00     -1.91
      0.96      0.00     -1.91
      0.96      0.00     -1.91
      0.00      0.96     -1.91
      0.00      0.96     -0.96
      0.00      0.00     -0.96
      0.00      0.00     -0.96
      0.00      0.00     -0.96
     -0.96      0.00     -0.96
      0.00      0.00     -0.96
      0.00      0.00     -0.96
      0.00     -0.96     -0.96
      0.00     -0.96     -0.96
     -0.96     -0.96      0.00
      0.00     -0.96      0.00
      0.00     -0.96      0.00
      0.96     -0.96      0.00
      0.96     -0.96      0.00
      0.96     -0.96      0.00
      0.96     -0.96      0.00
      0.00     -0.96      0.96
      0.00     -0.96      0.96
      0.00     -0.96      0.96
      0.96     -0.96      0.96
      0.96      0.00      0.96
      0.96      0.00      0.96
      0.96      0.00      0.00
      0.96      0.00      0.00
      0.00      0.00      0.00
      0.00      0.00      0.00
      0.00      0.96      0.00
      0.00      0.96      0.00
      0.00      0.96      0.00
      0.00      0.96      0.00
      0.96      0.00      0.00
      0.00      0.00     -0.96
      0.00      0.00     -0.96
      0.96      0.00      0.00
      0.96      0.00      0.00
      0.96      0.00      0.00
      0.96      0.00     -0.96
      0.96      0.00      0.00
      0.96      0.00      0.00
      0.96      0.00     -0.96
      0.96      0.00      0.00
      0.96      0.00     -0.96
      0.96      0.96     -1.91
      0.96      0.00     -0.96
      0.00      0.96     -0.96
      0.00      0.96     -0.96
      0.00      0.96      0.00
      0.00      0.96      0.00
     -0.96      0.00      0.00
      0.00      0.96      0.96
     -0.96      0.96      0.96
      0.96      0.96      0.96
      0.00      0.96      0.96
      0.00      0.00      0.96
      0.96      0.00      0.96
      0.96      0.00      0.96
      0.96      0.00      0.96
      0.00      0.00      0.96
      0.96      0.00      0.00
      0.00      0.00      0.00
      0.00      0.00      0.00
      0.00     -0.96      0.00
      0.00      0.00      0.00
      0.00      0.00      0.00
      0.96      0.00     -0.96
      0.00      0.00      0.00
      0.00      0.00     -0.96
      0.00     -0.96     -0.96
      0.00     -1.91     -0.96
      0.00     -0.96     -0.96
      0.00     -0.96     -0.96
      0.00     -0.96     -0.96
      0.00     -0.96     -0.96
      0.00     -0.96     -0.96
      0.00     -0.96     -0.96
     -0.96     -0.96     -0.96
      0.00     -0.96     -0.96
      0.00     -0.96     -0.96
      0.00     -0.96     -0.96
      0.00     -0.96     -0.96
      0.00     -0.96     -0.96
      0.96     -0.96     -0.96
      0.96      0.00     -0.96
      0.96      0.00     -0.96
      0.96      0.00     -0.96
      0.00      0.00      0.00
      0.00      0.00      0.00
      0.00      0.00      0.00
      0.00      0.00      0.00
      0.00      0.00      0.00
      0.00     -0.96      0.00
      0.00     -0.96      0.00
      0.00     -0.96      0.96
      0.00      0.00      0.00
     -0.96      0.00      0.00
     -0.96      0.00      0.96
      0.00      0.00      0.96
      0.00      0.00      0.96
      0.00      0.00      0.96
      0.00      0.00      0.96
      0.00      0.00      0.00
      0.00      0.00      0.00
      0.00      0.00      0.00
      0.00      0.00      0.00
      0.00      0.00      0.96
      0.00      0.00      0.00
      0.00      0.00      0.96
      0.00      0.00      0.00
      0.96      0.00      0.00
      0.96      0.00     -0.96
      0.96      0.00     -0.96
      0.00      0.00     -0.96
      0.96      0.00     -0.96
      0.96      0.00     -0.96
      0.96      0.00     -0.96
      0.96      0.00     -0.96
      0.00      0.00     -0.96
      0.00      0.00     -0.96
      0.96      0.00     -0.96
      0.96      0.00      0.00
      0.96      0.00      0.00
      0.96      0.00     -0.96
      0.96      0.00     -0.96
      0.96      0.00     -0.96
      0.96      0.00     -0.96
      0.96      0.00      0.00
      0.96     -0.96      0.00
      0.96      0.00      0.00
      0.96      0.00      0.00
      0.96      0.00      0.00
      0.96      0.00      0.00
      0.00      0.00      0.00
      0.00      0.00      0.00
     -0.96      0.00      0.00
      0.00      0.00      0.00
      0.00      0.00      0.00
     -0.96      0.00     -0.96
      0.00      0.00      0.00
      0.00      0.00      0.00
     -0.96      0.00      0.00
      0.00      0.00      0.00
      0.00      0.00     -0.96
      0.00      0.00      0.00
      0.00      0.00      0.96
      0.00      0.00      0.96
      0.00      0.00      0.96
      0.00      0.00      0.00
      0.00      0.00      0.00
      0.00      0.00     -0.96
      0.00      0.00      0.00
      0.00     -0.96      0.00
      0.00     -0.96      0.96
      0.00      0.00      0.96
      0.00      0.00      0.00
      0.00      0.00      0.96
      0.00      0.00      0.96
      0.00     -0.96      0.96
      0.00      0.00      0.00
      0.00      0.00      0.96
      0.00      0.00      0.00
      0.00      0.00      0.00
      0.96      0.00      0.00
      0.00      0.00      0.00
      0.00      0.00      0.00
      0.96      0.00     -0.96
      0.96      0.00      0.00
      0.00      0.00      0.00
      0.00      0.00     -0.96
      0.00      0.00     -0.96
      0.00      0.00     -0.96
      0.00      0.00     -0.96
      0.00      0.00     -0.96
      0.00      0.00     -0.96
     -0.96      0.00     -0.96
      0.00      0.00     -0.96
     -0.96      0.00     -0.96
      0.00     -0.96     -0.96
      0.00     -0.96     -0.96
      0.00     -0.96      0.00
      0.00     -0.96      0.00
      0.00     -0.96      0.00
      0.00     -0.96      0.96
      0.00     -0.96      0.96
      0.00     -0.96      0.96
      0.00     -0.96      0.96
      0.00     -0.96      0.00
      0.00     -0.96      0.96
     -0.96     -0.96      0.96
      0.96     -0.96      0.96
      0.96     -0.96      0.96
      0.96     -1.91      0.96
      0.00     -0.96      0.96
      0.00     -0.96      0.96
      0.96     -0.96      0.96
      0.00      0.00      0.00
      0.96      0.00      0.00
      0.96      0.00      0.00
      0.96      0.00      0.00
      0.96      0.00     -0.96
      0.96      0.00      0.00
      0.00      0.00      0.00
      0.00      0.00      0.00
      0.00      0.96      0.00
      0.00      0.96      0.00
      0.00      0.00      0.00
      0.00      0.00      0.96
      0.00      0.00      0.00
      0.00      0.00      0.00
      0.00      0.00      0.00
      0.00      0.00      0.00
      0.00      0.00      0.00
      0.00      0.00     -0.96
      0.96      0.00     -0.96
      0.96      0.00      0.00
      0.96      0.00      0.00
      0.96      0.00     -0.96
      0.96      0.00     -0.96
      0.96      0.00     -0.96
      0.96     -0.96     -0.96
      0.00      0.00     -0.96
      0.00      0.00     -0.96
      0.00      0.00     -0.96
      0.96      0.00     -0.96
      0.00      0.00     -0.96
      0.00      0.00     -0.96
     -0.96      0.00     -0.96
      0.00      0.00     -0.96
      0.00      0.00     -0.96
      0.00      0.00     -0.96
      0.00      0.00     -0.96
      0.00      0.00     -0.96
      0.00     -0.96     -0.96
     -0.96      0.00     -0.96
      0.00      0.00      0.00
      0.00      0.00      0.00
      0.00      0.00     -0.96
      0.96      0.00      0.00
      0.96      0.96      0.00
      0.96      0.00      0.00
      0.96      0.00      0.00
      0.96      0.00      0.00
      0.96      0.00     -0.96
      0.96      0.00      0.00
      0.96      0.00      0.00
      0.96      0.00     -0.96
      0.96      0.00     -0.96
      0.00     -0.96     -0.96
      0.96     -0.96     -0.96
      0.96     -0.96     -0.96
      0.96     -0.96     -0.96
      0.96     -0.96     -0.96
      0.96     -0.96     -0.96
      0.00      0.00      0.00
      0.96      0.00     -0.96
      0.96      0.00      0.00
      0.00      0.00      0.00
      0.00      0.00      0.00
      0.96      0.00      0.00
      0.00      0.00      0.00
      0.00      0.00      0.96
      0.00      0.00      0.00
      0.00      0.00      0.00
      0.00      0.00      0.00
      0.00      0.00     -0.96
      0.00      0.00     -0.96
      0.00      0.00     -0.96
      0.00      0.00     -0.96
      0.00      0.00     -0.96
      0.00      0.00     -0.96
      0.00      0.00     -2.87
      0.00      0.00     -0.96
      0.00      0.00     -0.96
      0.00      0.00     -0.96
      0.00     -0.96      0.96
      0.00     -0.96      0.96
      0.00     -0.96      0.96
      0.00     -0.96      0.96
      0.96     -0.96      0.96
      0.96     -0.96      0.96
      0.00      0.00      0.96
      0.00     -0.96      0.96
      0.00      0.00      0.96
      0.00      0.00      0.96
      0.96     -0.96      0.96
      0.96      0.00      0.96
      0.00      0.00      0.00
      0.96      0.00      0.00
      0.00      0.00      0.00
      0.00      0.00     -0.96
      0.00      0.00     -0.96
      0.00      0.00     -0.96
     -0.96      0.00      0.00
     -0.96      0.00     -0.96
      0.00      0.00     -0.96
      0.00      0.00      0.00
      0.00      0.00      0.00
     -0.96      0.00      0.00
      0.00      0.00      0.00
      0.00      0.00      0.00
      0.00      0.00      0.96
      0.00      0.00      0.96
      0.96      0.00      0.96
      0.00      0.00      0.00
      0.00      0.96      0.96
      0.00      0.00      0.96
      0.00      0.00      0.96
      0.00      0.00      0.96
      0.00      0.00      0.96
      0.00      0.00      0.00
     -0.96      0.00      0.96
      0.00      0.00      0.96
      0.00     -0.96      0.96
      0.00      0.00      0.96
      0.00     -0.96      0.96
      0.96      0.00      0.00
      0.96      0.00      0.00
      0.96      0.00      0.00
      0.96      0.00      0.00
      0.96      0.00      0.00
      0.96      0.00      0.00
      0.96      0.00     -0.96
      0.96      0.00     -0.96
      0.96      0.00     -0.96
      0.00      0.00     -0.96
      0.00      0.00     -0.96
      0.00      0.00     -0.96
      0.00      0.00     -0.96
      0.00      0.00     -0.96
      0.00      0.00     -0.96
      0.00      0.00     -0.96
      0.00      0.00     -0.96
      0.00      0.00     -0.96
      0.00      0.00      0.00
      0.00      0.96      0.00
      0.00      0.00      0.00
      0.00      0.00      0.00
      0.00     -0.96      0.00
      0.96      0.00      0.00
      0.00      0.00      0.00
      0.96      0.00      0.00
      0.96      0.00      0.00
      0.96      0.00      0.00
      0.96      0.00     -0.96
      0.00      0.00     -0.96
      0.00      0.00      0.00
      0.96      0.00      0.00
      0.96      0.00     -0.96
      0.96      0.00      0.00
      0.96      0.00      0.00
      0.96      0.00      0.00
      0.96      0.00      0.00
      0.96     -0.96      0.00
      0.96     -0.96      0.00
      0.96     -0.96      0.96
      0.96      0.00      0.96
      0.96      0.00      0.96
      0.00      0.00      0.00
      0.00      0.00      0.00
      0.96      0.00      0.00
      0.96      0.00      0.00
      0.96      0.00      0.00
      0.96      0.00      0.00
      0.96      0.00      0.00
      0.00      0.00     -0.96
      0.96      0.00     -0.96
      0.00      0.00     -0.96
      0.00      0.00     -0.96
      0.00      0.00     -0.96
      0.00     -0.96     -0.96
      0.96      0.00     -0.96
      0.00      0.00     -0.96
      0.96      0.00     -0.96
      0.96      0.00      0.00
      0.96      0.00      0.00
      0.00      0.00      0.00
      0.96      0.00     -0.96
      0.00      0.00      0.00
      0.00     -0.96     -0.96
      0.96     -0.96      0.00
      0.00     -0.96      0.00
      0.96     -0.96      0.96
      0.00     -0.96      0.96
      0.96      0.00      0.96
      0.00     -0.96      0.96
      0.96     -0.96      0.96
     -0.96      0.00      0.96
      0.96      0.00      0.96
      0.96      0.00      0.96
      0.00      0.00      0.96
      0.00      0.00      0.00
      0.00      0.00      0.00
      0.00      0.00      0.00
      0.00      0.00      0.00
      0.00      0.00      0.00
     -0.96      0.00      0.00
      0.00      0.00      0.00
     -0.96      0.00     -0.96
      0.00      0.00      0.00
      0.00      0.00      0.00
      0.00      0.00      0.00
      0.00      0.00      0.00
      0.96      0.00     -0.96
      0.96     -0.96     -0.96
      0.96     -0.96     -0.96
      0.96     -0.96      0.00
      0.96     -0.96     -0.96
      0.96     -0.96      0.00
      0.96      0.00      0.00
      0.00      0.00     -0.96
      0.96      0.00     -0.96
      0.00      0.00     -0.96
      0.00      0.00     -0.96
      0.00      0.00     -0.96
      0.00      0.00     -0.96
      0.00      0.00     -0.96
      0.00      0.00     -0.96
      0.96      0.00     -0.96
      0.96      0.00     -0.96
      0.00      0.00      0.00
      0.00      0.00      0.00
      0.00      0.00      0.00
      0.00      0.00      0.00
      0.00      0.00      0.00
      0.00      0.00      0.00
      0.00     -0.96      0.00
      0.00     -0.96      0.00
      0.00     -0.96      0.00
      0.00      0.00      0.00
      0.00     -1.91      0.00
      0.00      0.00      0.00
      0.00      0.00      0.00
      0.00      0.00      0.00
     -0.96      0.00      0.00
      0.96     -0.96      0.00
     -0.96      0.00     -0.96
     -0.96      0.00     -0.96
      0.00      0.00     -0.96
      0.00      0.00     -0.96
      0.00      0.00     -0.96
      0.00      0.00     -0.96
      0.96      0.00      0.00
      0.96      0.00     -0.96
      0.00      0.00     -0.96
      0.00      0.00     -0.96
      0.00      0.00     -0.96
      0.96      0.00      0.00
      0.96      0.00     -0.96
      0.00     -0.96     -0.96
      0.00      0.00     -0.96
      0.00      0.00     -0.96
      0.00      0.00     -0.96
      0.00      0.00     -0.96
      0.00      0.00     -0.96
      0.96      0.00      0.00
      0.00      0.00      0.00
      0.96      0.00      0.00
      0.00      0.96      0.00
      0.96      0.00      0.00
      0.96      0.00      0.00
      0.96      0.00      0.00
      0.96      0.00      0.00
      0.96      0.00      0.00
      0.96      0.00      0.00
      0.96      0.00     -0.96
      0.96      0.00      0.00
      0.96      0.00      0.00
      0.00      0.00      0.00
      0.00      0.00      0.00
      0.00      0.00     -0.96
      0.00      0.00     -0.96
      0.96      0.00     -0.96
      0.96      0.00     -0.96
      0.96      0.00     -0.96
      0.00      0.00     -0.96
      0.00      0.00     -0.96
      0.00      0.00      0.00
      0.00      0.00      0.00
      0.00      0.00      0.00
      0.00      0.00      0.00
      0.00      0.00      0.00
     -0.96      0.00      0.00
      0.00      0.00      0.00
      0.00      0.00      0.00
      0.00      0.00      0.00
      0.00      0.00      0.96
      0.00      0.00      0.00
      0.00      0.00      0.00
      0.00      0.00      0.00
      0.00      0.00      0.00
      0.00      0.00      0.00
      0.00      0.00      0.00
      0.00      0.00      0.00
      0.00      0.00      0.00
     -0.96      0.00      0.00
      0.00      0.00      0.00
      0.00      0.00      0.00
      0.00      0.00      0.00
      0.96      0.00      0.00
      0.00      0.00      0.00
      0.96      0.00      0.00
      0.00     -0.96      0.00
      0.96     -0.96      0.00
      0.96      0.00      0.00
     -0.96      0.00      0.00
      0.00      0.00      0.00
      0.96      0.00      0.00
      0.00      0.00      0.00
      0.00      0.00     -0.96
      0.00      0.00     -0.96
      0.00      0.00     -0.96
      0.00      0.00     -0.96
      0.00      0.00     -0.96
      0.00      0.00     -0.96
      0.00      0.00     -0.96
      0.00      0.00     -0.96
     -0.96      0.00     -0.96
      0.00      0.00     -0.96
      0.00      0.00      0.00
      0.00      0.00      0.00
      0.00      0.00      0.00
      0.96     -0.96      0.00
      0.00      0.00      0.00
      0.96      0.00      0.00
      0.96      0.00      0.00
      0.96      0.00      0.00
      0.96      0.00      0.00
      0.00      0.00      0.00
      0.96      0.00      0.00
      0.96      0.00      0.00
      0.00      0.00      0.00
      0.00      0.00      0.00
      0.00      0.00      0.00
      0.00      0.00     -0.96
      0.00      0.00      0.00
      0.00      0.00     -0.96
      0.00      0.00     -0.96
      0.96      0.00      0.00
      0.00      0.00      0.00
      0.00      0.00      0.00
      0.00      0.00      0.00
      0.00      0.00      0.00
      0.00      0.00      0.00
      0.00      0.00      0.00
      0.96      0.00      0.00
      0.96      0.00      0.00
      0.00      0.00      0.00
      0.00      0.00      0.00
      0.00      0.00     -0.96
      0.00      0.00     -0.96
      0.00      0.00      0.00
      0.00      0.00     -0.96
      0.00      0.00      0.00
      0.00      0.00      0.00
      0.00      0.00     -0.96
      0.00      0.00      0.00
      0.00      0.00      0.00
      0.00      0.00      0.00
     -0.96      0.00      0.00
      0.00     -0.96      0.00
      0.00     -0.96      0.00
      0.00     -0.96      0.00
      0.00      0.00     -0.96
      0.00      0.00      0.00
      0.00      0.00      0.00
      0.00      0.00      0.00
      0.00      0.00      0.00
      0.00      0.00      0.00
      0.00      0.00     -0.96
      0.00      0.00      0.00
      0.00      0.00      0.00
      0.96      0.00      0.00
      0.00      0.00      0.00
      0.00      0.00     -0.96
      0.96      0.00     -0.96
      0.96      0.00      0.00
      0.00      0.00      0.00
      0.00      0.00      0.00
      0.00      0.00      0.00
     -0.96      0.00      0.00
      0.00     -0.96      0.00
      0.00      0.00     -2.87
      0.00      0.00      0.00
      0.00      0.00      0.00
      0.96      0.00      0.00
      0.96      0.00      0.00
      0.96      0.00      0.00
      0.00      0.00      0.00
      0.00      0.00      0.00
      0.00      0.00      0.00
      0.96      0.00      0.00
      0.00      0.00      0.00
      0.00      0.00      0.00
      0.00      0.00      0.00
     -0.96      0.00      0.00
      0.00      0.00     -0.96
      0.00      0.00      0.00
      0.96      0.00      0.00
      0.00      0.00      0.00
      0.00      0.00      0.00
      0.00      0.00      0.00
      0.00      0.00      0.00
      0.00      0.00      0.00
      0.00     -0.96      0.00
      0.00      0.00      0.00
      0.96      0.00     -0.96
      0.00      0.00     -0.96
      0.00      0.00     -0.96
      0.00      0.00     -0.96
      0.00      0.00     -0.96
      0.00      0.00     -0.96
      0.00      0.00     -0.96
      0.00     -0.96     -0.96
      0.96      0.00     -0.96
      0.00      0.00     -0.96
      0.00      0.00     -0.96
      0.00      0.00     -0.96
      0.00      0.00     -0.96
     -0.96      0.00     -0.96
      0.00      0.00     -0.96
      0.96      0.00     -0.96
      0.96      0.00     -0.96
      0.00      0.00      0.00
      0.00      0.00      0.00
      0.00      0.00      0.00
      0.00      0.00      0.00
      0.96      0.00      0.00
      0.00      0.00     -0.96
      0.00      0.00      0.00
      0.96      0.00      0.00
      0.00     -0.96      0.00
      0.00      0.00      0.00
      0.00      0.00      0.00
      0.00      0.00      0.00
      0.00      0.00      0.96
      0.00     -1.91      0.00
      0.96      0.00      0.00
      0.96      0.00      0.00
      0.96      0.00     -0.96
      0.96      0.00      0.00
      0.00      0.00      0.00
      0.96      0.00     -0.96
      0.96      0.00      0.00
      0.96      0.00     -0.96
      0.96      0.00     -0.96
      0.96      0.00      0.00
      0.00      0.00      0.00
      0.96      0.00      0.00
      0.96      0.00      0.00
      0.96      0.00     -0.96
      0.96      0.00      0.00
      0.00      0.00     -0.96
      0.00      0.00      0.00
      0.00      0.00     -0.96
      0.00      0.00      0.00
      0.00      0.00      0.00
      0.00      0.00      0.00
      0.00     -0.96      0.00
      0.00      0.00      0.00
      0.00      0.00      0.00
      0.96      0.00     -0.96
      0.96      0.00      0.00
      0.96      0.00      0.00
      0.00      0.00      0.00
      0.96      0.00      0.00
      0.96      0.00      0.00
     -0.96      0.00      0.00
      0.96      0.00      0.00
      0.00      0.00      0.96
      0.00     -0.96      0.96
      0.00      0.00      0.96
      0.00      0.00      0.00
      0.00      0.00      0.00
      0.00      0.00      0.00
      0.00      0.00      0.00
      0.00      0.00      0.00
      0.00      0.00      0.00
      0.00      0.00      0.00
      0.00      0.00      0.00
      0.00      0.00      0.00
      0.00      0.00      0.00
      0.00      0.00      0.00
