********************************************************************************
                       INSTITUTO DE INGENIERIA, UNAM
                   Coordinacion de Instrumentacion Sismica
  Ciudad Universitaria, Apartado Postal 70-472, Coyoacan 04510, Mexico, D.F.
 Tel.(52-5)622-3414    Fax.(52-5)616-1514    e-mail: isismica@pumas.iingen.unam.mx
********************************************************************************
ARCHIVO ESTANDAR DE ACELERACION:
VERSION DEL FORMATO                    : 2.0
NOMBRE DEL ARCHIVO                     : SMAR8407.021
FECHA Y HORA DE CREACION               : Fri Feb 20 12:12:58 1998
REF. CATALOGO ACELEROGRAMAS, SMIS 1995 : REGISTRO No. 432 /PAG. 67


================================================================================
DATOS DE LA ESTACION:
NOMBRE DE LA ESTACION                  : SAN MARCOS
CLAVE DE LA ESTACION                   : SMAR
LOCALIZACION DE LA ESTACION            : San Marcos, Guerrero
                                       : 
                                       :
                                       :
                                       :
COORDENADAS DE LA ESTACION             : 16.803 LAT. N 
                                       : 99.395 LONG. W 
ALTITUD (msnm)                         : 80  
TIPO DE SUELO                          : ALUVIAL
                                       : 
                                       : 
INSTITUCION RESPONSABLE                : INSTITUTO DE INGENIERIA UNAM
                                       :

================================================================================
DATOS DEL ACELEROGRAFO:
MODELO DEL ACELEROGRAFO                : SMA-1
NUMERO DE SERIE DEL ACELEROGRAFO       : 4484
NUMERO DE CANALES                      : 3
ORIENTACION C1-C6 (rumbo;orientacion)  : /N00E/+V/N90W
ORIENTACION C7-C12 (rumbo;orientacion) :
VEL. DE MUESTREO, C1-C6 (muestras/s)   : /--/--/--
VEL. DE MUESTREO, C7-C12 (muestras/s)  :
ESC. COMPLETA DE SENSORES, C1-C6, (g)  : /2/2/2
ESC. COMPLETA DE SENSORES, C7-C12, (g) :
FREC. NAT. DE SENSORES, C1-C6, (Hz)    : /38.6/37.0/37.6
FREC. NAT. DE SENSORES, C7-C12, (Hz)   :
AMORTIGUAMIENTO DE SENSORES, C1-C6     : /0.52/0.48/0.53
AMORTIGUAMIENTO DE SENSORES, C7-C12    :
INTERVALO DE MUESTREO, C1-C6, (s)      : /0.02/0.02/0.02
INTERVALO DE MUESTREO, C7-C12, (s)     :
UMBRAL DE DISPARO, C1-C6, (Gal)       *: /--/10/--
UMBRAL DE DISPARO, C7-C12, (Gal)       :
MEMORIA DE PREEVENTO (s)               : 0
TIEMPO DE POSEVENTO (s)                : 8


================================================================================
DATOS DEL SISMO:
FECHA DEL SISMO [GMT]                  : 1984/07/02
HORA EPICENTRO (GMT)                   : 04:50:32,7
MAGNITUD(ES)                           : /Mb=5.90/Ms=6.00
COORDENADAS DEL EPICENTRO              : 15.840 LAT. N 
                                       : 99.030 LONG. W 
PROFUNDIDAD FOCAL (km)                 : 33 
FUENTES DE LOS DATOS EPICENTRALES      : SSN
                                       : INSTITUTO DE GEOFISICA, UNAM

================================================================================
DATOS DE ESTE REGISTRO:
HORA DE LA PRIMERA MUESTRA (GMT)       : --:--:--.-
EXACTITUD DEL TIEMPO (s)               : --     
DURACION DEL REGISTRO (s), C1-C6       : /17.8/17.8/17.8
DURACION DEL REGISTRO (s), C7-C12      :
NUM. TOTAL DE MUESTRAS, C1-C6          : /890/890/889   
NUM. TOTAL DE MUESTRAS, C7-C12         :
ACEL. MAX.(Gal), C1-C6                 : /33.228/-22.913/33.406  
ACEL. MAX., C1-C6, EN LA MUESTRA       : /301/267/226   
ACEL. MAX.(Gal), C7-C12                :
ACEL. MAX., C7-C12, EN LA MUESTRA      :
UNIDADES DE LOS DATOS                  : Gal (cm/s/s)
FACTOR DE DECIMACION                   : 1
FORMATO DATOS (FORTRAN,10 campos/dato) : 3F10.3


===============================================================================
CALIDAD DEL ACELEROGRAMA:
REGISTRO ANALOGICO AL QUE FALTA UNA PARTE AL INICIO SIN TIEMPO
ABSOLUTO. DIGITALIZACION SEMIAUTOMATICA O MANUAL.

===============================================================================
COMENTARIOS:

          * Disparo por arrancador mecánico
            Registro en película fotográfica de 70 mm











===============================================================================
DATOS DE ACELERACION:
---------+---------+---------+---------+---------+---------+---------+---------+
   CANAL-1   CANAL-2   CANAL-3   CANAL-4   CANAL-5   CANAL-6   CANAL-7   CANAL-8
      N00E        +V      N90W
---------+---------+---------+---------+---------+---------+---------+---------+
     8.177     4.196     5.682
    21.177     3.129     4.910
    19.569    -6.544     7.272
     4.142    -9.574    11.239
   -14.712    -2.167     8.316
   -30.252    -0.053    -0.620
   -14.641     4.300    -8.308
    -0.593     5.788   -12.424
    -3.409    -1.669   -12.914
    -2.667    -8.981   -14.288
    -2.641    -7.505   -12.737
     0.337     2.058    -6.077
     2.162    11.148    -1.675
    -2.403     6.633     7.982
   -10.376    -0.789    20.176
   -11.337     7.895    25.814
    -0.455     7.903    20.668
     5.928    -2.669     6.821
     8.442    -6.290    -2.641
     7.678    -6.120    -5.265
     6.466    -0.475    -5.310
     6.585     4.617   -12.287
     1.447     2.044   -19.139
     2.993    -6.447   -16.625
    -1.400    -4.722   -10.927
   -11.965     2.296    -3.326
   -12.580     0.033     6.783
   -10.056     0.339    15.477
     0.729    -1.230    19.931
     6.436    -4.374    20.820
     1.274     0.020    10.834
     5.622     6.595     1.083
     8.921     4.242   -11.467
     5.944    -2.875   -23.464
     5.227    -4.129   -16.736
    -2.164    -3.190   -15.221
    -9.101    -0.074   -13.649
    -6.948    -5.151    -1.236
    -1.670     1.142    13.169
     0.273    14.069    19.631
    -6.392     3.361    18.767
   -11.253     3.788    22.791
   -10.765     4.291    16.916
    -0.013    -6.538     2.501
    13.062    -3.392   -11.924
    11.431    -3.474   -21.946
    10.689    -5.641   -24.674
     8.545    -2.482   -18.077
    -1.529    -0.621    -5.544
    -6.545     6.596     1.336
    -7.158     8.736    13.356
    -8.547    -0.976    24.182
   -13.306    -0.371    26.809
   -12.616     2.232    20.124
    -2.511    -0.764     2.883
     1.841     1.313   -10.075
     2.703     2.286   -18.477
    12.483     0.046   -22.286
    24.034    -9.901   -19.670
    23.231   -10.859   -13.228
     5.968     0.350    -7.707
   -11.036     1.365     0.558
   -17.638     2.383    14.002
   -19.212     2.864    17.754
   -12.276    -3.622    13.774
    -6.429    -2.218    14.519
    -5.725     5.254    14.382
     1.257     9.005     3.071
     8.997     6.125   -13.164
    12.686     2.812   -23.139
    12.560     0.450   -15.237
     8.500    -7.455    -2.511
     2.846    -8.012    -9.779
    -4.567     5.736   -11.023
    -6.220    12.944     6.349
     1.599     2.097    13.853
     2.486     0.240    10.242
    -0.660     6.567     7.047
    -2.125    -4.414    -1.043
    -9.673   -11.340   -10.288
    -6.435    -4.016    -7.655
    -0.288     5.178    -3.781
     2.614    10.736   -12.457
    13.984     4.345   -17.647
    19.905    -6.451    -9.795
    16.885    -7.540     3.925
     6.144    -1.031    15.493
    -2.385     4.682    11.095
    -1.604     6.186     5.908
    -1.966     5.428    16.123
   -12.921     5.510    25.913
   -32.590    -0.007    18.184
   -32.831    -5.871    -1.540
    -5.114     0.096   -11.020
    17.259    -0.299   -13.438
    19.329    -6.588    -8.330
    14.388     1.705     0.199
    10.756    -1.368    -4.951
    17.916    -7.673    -8.015
    25.662     3.020     3.403
    10.307    -1.547    10.292
   -18.385    -5.299     4.321
   -30.195     4.038     3.414
   -30.046     9.351    -0.566
   -19.705     6.364   -10.524
     6.948   -11.807    -7.508
    11.574   -18.728    -1.350
     4.571    -3.622     0.070
     9.275    11.382    -4.675
     9.120    10.057   -14.848
     5.434    -2.503   -14.962
    -3.490   -14.235    -0.378
   -16.901   -15.622    13.023
   -26.031     4.627    13.170
   -20.313    16.608     7.519
    -7.284     9.361     1.674
     4.521    -3.477    -0.249
     9.890    -7.199     6.949
    -3.125     7.229     8.916
    -6.473     1.084    -3.620
    11.406    -9.515   -14.970
    12.725     0.850   -14.217
    -3.679     2.747    -7.456
    -4.488    -3.710     2.388
     5.157    -1.643     5.861
    10.002     2.610     4.758
    14.179    -2.370    14.434
     7.267    -3.571    22.326
    -7.949    -3.609    18.243
   -12.169    -6.059     7.095
    -8.271    -0.605    -6.252
     0.315     3.681   -20.603
     9.775    -0.850   -26.313
     6.375    -4.265   -19.233
    -0.362    -0.229   -20.169
     2.038    -0.776   -19.987
    11.386    -1.857    -2.945
    16.339    -1.885    16.576
     5.437    -0.082    29.281
    -9.457     3.216    28.094
   -16.682     1.719    16.890
   -13.124    10.257     9.353
    -2.288    12.922    -1.331
    -3.040     3.437   -10.381
    -6.790    -5.615   -14.873
    -1.956   -15.693   -22.021
     9.790   -11.865   -21.872
    31.829    -0.618    -7.240
    22.379     4.427     7.025
    -6.685     2.644     9.867
    -3.083    -2.908    21.687
    -1.514    -2.958    23.961
   -14.248     5.610    19.553
   -19.375     4.393    19.500
   -16.540    -8.772    -9.039
    -5.028    -2.710   -19.509
     9.009     8.126    -6.688
    17.437     5.802   -17.208
    21.545    -2.459   -16.446
    22.163   -10.873     5.932
    11.069    -2.020     9.808
    -8.798     9.993    -4.531
   -21.684     7.650    -3.349
   -13.820    -0.504     5.935
    -7.886    -2.607     0.623
   -15.600     3.727    -3.345
    -9.002     2.892    -6.285
     4.445    -6.051    -3.756
     9.477    -3.416    10.557
     9.170     1.967     5.775
     9.612     1.149    -2.077
    13.199     0.378     4.155
    10.583    -8.772     6.673
     1.158    -7.742     7.272
    -5.961     4.223     4.141
   -10.938     7.097    -0.492
   -13.808     6.440    -4.540
   -10.066     0.308   -11.043
    -8.991   -12.328   -10.716
    -6.804   -16.755    -1.646
     3.405    -1.973     8.137
     5.784    10.856     7.217
     3.577    12.854    -5.023
     7.085     7.422    -7.433
     7.274    -4.801    -3.239
     0.457    -9.330    -5.758
    -3.724    -2.650    -4.142
    -1.744    11.327     1.226
    -2.356     9.745    -0.959
    -0.830    -2.563    -4.281
     0.423    -4.540     1.478
    -3.703    -0.946    10.791
     1.631     0.355    10.127
     6.281     2.739    -4.488
     6.059    11.267   -10.921
     6.951     6.849    -1.453
     3.465     3.551     8.528
     2.528     0.093    -0.378
     2.513   -10.142   -17.322
     4.187     1.147    -4.499
     5.697     9.045    10.301
     6.387    -0.012    13.337
     0.074    -4.021    17.769
   -11.861     1.597     8.236
    -7.772     7.814     2.822
   -10.696    12.710    -3.338
   -16.276     0.030   -13.569
     1.217   -18.577   -16.473
    13.387    -5.706   -17.087
    11.401    -2.262    -3.507
    14.018    -4.706     7.463
    16.081     9.405     2.893
     4.603    11.179    -0.673
    -7.132     9.623     7.425
   -14.437     1.249    18.396
   -15.936    -2.532    25.124
    -9.366     5.301    24.017
    -0.218    -2.274     6.680
     6.812    -1.418   -13.511
     3.419    15.809   -24.857
     1.979    16.661   -16.934
     3.888     4.546   -12.830
    11.925   -11.961   -26.325
    20.435   -20.455   -22.987
     7.698    -5.383     4.306
    -4.470    13.269    33.406
    -4.416     6.995    32.926
    -8.118   -12.366    11.489
   -15.657    -9.276     0.794
   -20.489    -2.015    11.796
   -18.575    -3.473    13.120
    -4.157    -1.840   -13.248
    21.872     4.219   -28.107
    31.085    10.972   -24.997
     8.672    -2.162   -12.346
    -1.734   -13.120    -0.581
     0.826    -9.901    -5.827
     0.166    -2.121   -12.558
     8.125     6.322     2.876
    -5.584     4.223    20.342
   -21.762    -5.976    17.838
   -14.831   -13.979    15.755
    -6.103    -5.461    10.585
    -1.805    -1.445    -5.687
    -4.525    -1.954   -11.908
    -1.026     5.170    -4.787
     6.053     4.519    -2.258
    11.011    -3.129    -1.639
    15.422    -1.099     0.286
     4.985    10.636     1.379
   -13.450     7.024     3.307
   -19.224    -3.959     3.366
   -15.671   -13.412     4.737
    -3.893   -15.130    -5.800
     1.014    -4.627   -16.108
    -7.633     8.136    -7.026
     2.885     6.628    -2.278
    11.995    -6.890    -7.815
     9.378    -1.010    -0.337
    12.346    -3.511    10.458
     1.755    -5.148    12.761
   -15.418     3.295    19.421
   -14.546    -2.286     9.239
    -2.985    10.774    -7.262
    -2.894    10.640    -9.453
    -3.505   -15.490   -16.431
    -3.943   -22.913   -13.092
    -5.842    -9.676    -0.043
    -4.053     9.601     0.772
    -5.376    16.975     1.852
     6.000     3.696     9.155
    16.594    -8.580    16.702
    20.880    -2.052    24.024
    13.577    -5.797    17.646
   -10.465    -3.584    -7.126
    -9.716    10.992   -23.115
     5.431     7.570   -14.801
    10.536     7.374    -1.442
     7.618     3.985     1.743
    -7.665    -5.979    -6.093
   -20.002    -9.205    -7.304
    -5.792    -3.860     4.674
    12.166     4.910     3.648
    -3.423    10.978    -5.906
   -14.750    12.003    -8.528
    -1.708    -1.090     2.229
     9.702    -5.311    15.747
    20.898    -4.522     5.106
    17.499    -3.384    -0.047
    11.894     3.416     4.981
    14.605     1.411    -2.620
    -2.724     0.826     0.203
   -13.648     4.055     4.976
    -7.377     3.926    -6.159
   -11.403    -4.213   -13.985
   -20.507    -9.351    -6.273
   -13.740    -2.875    -0.990
    -2.440     7.679     3.158
     0.252     1.043    13.699
    20.948    -5.535     5.936
    33.228    10.886    -6.599
    16.073     3.962    -3.439
     4.232    -7.563     3.517
     5.652    -2.293     3.620
    -3.809    -2.993    -6.101
   -25.279     2.644    -6.859
   -28.408     5.771     0.116
   -27.774    -1.125    -0.909
    -9.522    -3.586     7.190
    23.822     0.620    11.755
    27.354    -5.210     2.142
    22.614    -3.401    -0.953
    13.208     5.414   -13.162
    -5.020     2.396   -16.926
   -14.113     9.267     0.747
   -14.997     5.900     3.850
   -21.577    -8.454    -0.017
   -19.124   -10.615     8.584
     3.557    -5.014     5.138
     8.139     6.792   -11.057
     4.111    11.268    -1.720
    12.933     7.113     3.164
    16.170     2.556    -8.158
     7.840     1.085     5.956
    -5.333    -1.024    15.102
   -15.419    -4.851     1.313
   -16.475     0.703    -1.134
    -2.974     5.986    -1.540
    10.138    -0.927    -4.156
    10.350    -7.949     4.875
     6.852    -6.681    -0.556
     6.667    -1.607    -7.656
     7.977     3.679    -4.049
     2.692    10.158    -6.981
    -9.280    11.091    -3.854
   -22.931     1.900     4.448
   -24.215    -5.891     8.974
   -11.139    -8.969     6.697
    -1.004    -5.398     7.010
     6.480     2.438     8.065
    17.659     7.866     9.345
    26.261     9.689     4.273
    20.957     4.646   -13.323
     8.293     2.711   -15.876
    -0.610    -0.916   -12.334
    -3.106   -10.433    -6.387
    -3.291    -4.641    -1.876
   -15.740     7.530    -5.814
   -18.555     7.881     1.322
    -1.445     0.664    14.699
     2.949    -8.543    19.802
    -2.130    -5.636    11.351
     2.242     4.991     5.287
     8.676     1.970    -1.221
    11.880    -1.504    -8.067
    10.566     3.986    -9.616
     3.161     0.744   -16.870
     2.352    -8.369   -15.483
     6.278    -7.274    -5.369
     2.644     0.758     4.061
    -8.029     2.394     7.303
   -12.726     1.012    11.374
    -6.321     3.941    18.470
    -4.211     2.571    11.854
    -0.407    -1.812     2.271
     3.123     0.028    -1.145
     1.311     3.551    -4.004
     3.875     2.163   -10.424
     2.409    -3.604   -17.441
     2.258    -6.335   -16.764
     4.277    -4.515    -5.613
     0.908    -1.418     6.472
    -0.953     1.986    11.211
     3.931     2.040    14.655
     8.072    -2.169    19.233
     1.665    -7.018    17.367
    -7.949    -8.332     1.726
   -15.336    -5.810   -10.182
   -11.504     1.295   -13.262
    -1.409     4.925   -21.605
    -0.081    -0.235   -22.807
     1.406    -4.403    -9.508
     3.081    -5.819     6.115
     5.933    -4.037    14.207
    12.150     1.244    15.125
    14.815     2.862     9.020
     7.393     1.658     8.627
    -9.784    -1.506    16.255
   -19.569    -5.744     5.925
   -20.596     0.347    -4.763
   -15.435     5.943    -5.874
    -4.469     1.631   -13.000
     3.944     0.477   -11.221
     7.396    -2.006    -6.568
    11.431    -5.898    -3.429
    13.654    -0.175    -1.504
     8.489     2.381    -3.241
    12.526    -5.009     1.599
     8.116     0.353     3.078
   -11.746     7.722     5.160
   -18.716     3.481     3.738
   -15.671     3.314    -5.472
    -7.054     1.063    -5.585
    -4.337    -0.897    -1.721
    -7.606    -0.037     2.528
    -6.796     0.712     2.506
     3.119     4.550     1.583
    15.852     3.642     1.240
    11.797    -2.400    -1.705
     2.539    -5.264    -1.804
    -2.487     0.971    -6.109
     2.362     5.016    -7.438
    10.473     5.297    -6.596
     3.861     3.736    -0.882
    -7.240    -4.827     7.202
    -9.663    -2.763     4.592
    -9.407     4.615     4.768
    -8.726    -2.361     3.425
     0.634    -5.952     9.440
    -1.644     0.473    12.581
    -6.115    -3.054    -5.747
     3.673    -1.980   -16.100
     4.161     7.720   -14.649
     6.889    -0.181    -4.855
    10.260    -7.194     2.458
     1.963     3.921    -1.165
    -4.505    10.884     1.467
    -3.962     5.186    10.098
     0.013    -1.036    17.186
     0.541    -5.675    17.032
     2.318    -5.684     7.386
     0.314     2.314    -4.465
    -9.557     8.171   -15.706
   -11.556     5.942   -23.418
    -4.809    -1.219   -18.053
     0.367    -0.557    -9.615
     2.008    -0.108    -3.398
     2.623    -2.982    10.187
     4.714     3.820    21.019
    11.191     2.424    24.015
    12.756    -6.072    21.753
     3.589    -3.819    11.691
    -4.413    -1.570    -3.499
   -10.117    -4.698   -12.135
   -12.354    -0.034   -14.518
    -9.097     3.451   -18.521
    -6.452    -3.824   -15.095
    -1.762    -6.096    -9.048
     2.317    -0.980    -1.923
     5.366     4.367    12.692
    10.655     4.744    19.202
    15.793     2.419    11.888
    13.056     2.418     6.241
     1.492     4.027     9.385
    -6.363     5.053     2.756
   -11.639    -1.822   -11.275
    -9.103    -6.528   -16.195
    -1.221    -1.034   -15.701
     1.909     3.365    -8.786
     7.301     2.474    -4.010
     7.467    -1.518     0.932
     3.602    -0.881     7.648
     0.668     1.842     7.258
    -1.889    -1.506     9.260
     0.233    -0.264     5.694
    -0.489     4.167    -2.460
    -2.251     0.207    -4.753
     0.117    -5.269    -5.504
     2.742    -8.801    -4.793
     2.700    -6.547    -2.284
     0.124     2.601     1.104
     0.682     4.746     0.891
     3.093     2.424     4.524
     1.842     1.433     7.545
    -0.894    -2.154     2.272
    -2.589    -1.015     0.705
    -0.903     1.941    -0.445
     0.629    -0.477    -3.519
    -0.691     1.921    -3.985
    -1.652     5.513    -1.463
    -0.023     0.302     2.230
     2.482    -1.948     4.891
    -5.723     2.661     1.821
   -10.508     4.329    -3.853
    -2.983     2.894    -3.284
     0.352    -1.976    -4.702
     1.223    -6.763    -3.358
    -0.011    -4.349     2.621
     0.373    -1.167     2.771
    -1.708    -0.438     3.039
    -0.839    -0.703     4.424
     6.112    -3.973     3.822
    -2.846    -7.230     5.113
    -9.980    -6.746     7.847
    -4.447    -3.631     3.753
    -0.000     0.614    -4.691
     2.247     0.332    -8.661
     3.406    -4.357    -7.173
     4.308     0.169    -3.527
     2.557     4.316    -1.681
     1.533    -1.066    -2.781
    -0.500    -2.348    -2.334
    -1.917    -1.688     4.371
    -2.059     1.083     8.959
    -4.935     5.548     8.259
    -3.638     3.540     3.367
     1.007    -0.531    -1.146
     5.365    -2.553    -0.459
     8.177    -3.682     0.579
     7.927    -2.160    -3.545
     5.146     3.507   -12.378
     0.048     4.240    -8.249
    -3.029     0.541    -0.480
    -5.737    -2.330    -2.053
    -7.442    -4.045     2.913
    -3.837    -0.006    11.866
     1.534     0.528    13.243
     4.261    -1.187     7.134
     4.980     0.909     5.319
    10.044     2.087     5.831
    15.590     3.349     1.933
    11.313     1.159    -4.135
     1.574    -0.864    -9.824
    -2.086    -0.068    -7.855
    -3.525     1.646    -4.777
    -7.485     3.435    -5.612
    -8.772     0.494    -5.709
    -9.606    -0.305    -3.350
    -7.120     0.790     1.700
    -3.949    -1.861     4.797
    -3.009    -4.054     4.094
     3.126    -3.446     3.015
     8.494     0.801     3.519
    10.559     2.869     3.014
     8.630     1.964    -0.582
     4.967    -0.462    -7.337
     2.822    -6.955    -8.073
    -3.284    -5.929    -0.638
    -6.752     3.303    -0.228
   -10.161     9.509    -3.237
   -11.389     7.889    -0.093
    -5.355    -1.293     4.520
    -3.655    -5.027     8.609
    -1.030    -3.187    11.089
     4.989    -3.270     7.740
     9.300     2.834     1.873
    11.485     7.089    -3.382
     9.086     0.893    -9.357
     4.206    -3.054   -10.255
    -1.367    -2.498    -7.738
    -6.844    -1.192    -5.418
    -8.705     3.266    -1.331
    -5.712     9.774     4.187
    -2.826     7.357     7.260
    -1.125     0.504     7.779
    -1.808     2.728     8.726
    -3.033     0.870     6.105
    -0.924    -5.077     2.462
     0.801    -3.927     0.287
     2.041     3.721    -5.877
     0.981     8.936   -13.053
    -0.089     1.267   -13.195
     1.749    -3.703    -9.197
     2.178    -0.741    -4.311
     1.872     0.490     0.633
    -0.252     0.990     2.394
    -4.248     4.330     5.490
    -6.573     8.804     9.377
    -8.221     4.070     7.644
    -8.684    -3.109     3.343
    -8.174    -4.670     1.811
    -5.791    -4.580    -2.817
     0.763    -1.089    -9.774
     9.266     2.343    -9.553
    17.357     2.239    -5.727
    16.608    -0.405    -3.165
     7.449    -4.838     1.472
     0.217    -5.146     7.806
    -5.034    -2.251     9.637
    -9.014     0.783     7.263
   -11.723     4.574     4.569
   -12.158     4.082     1.640
    -9.453     2.191    -2.280
    -1.837     1.501    -5.152
     7.609    -0.032    -7.327
    14.681    -2.808    -9.533
    18.317    -4.167    -9.053
    13.661    -2.706    -4.713
     6.613    -1.692     2.266
    -0.066     3.623     3.084
    -4.672     5.286     2.128
    -4.460    -0.044     6.431
    -8.321    -2.351     6.668
   -15.281    -2.514     2.646
   -17.152    -1.992    -1.787
    -9.831    -2.280    -3.933
     2.924    -0.020    -2.930
    10.793     2.645    -1.594
     8.240     1.791    -2.017
     3.870    -2.887    -3.846
     6.060    -7.987    -2.282
     8.339    -5.416     3.659
     5.540    -2.019     7.405
    -1.067    -0.012     4.518
    -7.160     2.805     2.971
    -5.672     1.646     4.238
    -0.195    -1.305     3.399
    -0.515    -4.595     0.734
    -2.657    -6.729    -5.932
    -0.681    -3.840    -9.616
     1.965     3.740    -7.131
     1.906     4.482    -4.439
     1.666    -4.133    -1.897
     3.143    -7.932    -0.448
     0.028    -5.784     2.206
    -3.669     0.259     8.088
    -2.642     3.681    11.754
    -0.822    -0.577     9.846
     3.341    -3.880     5.848
     5.480    -2.182     3.358
     1.639     2.190    -1.867
    -1.651     0.206    -8.592
    -2.231    -1.116   -10.109
    -1.293     3.348    -8.996
     0.684     4.915    -7.781
     0.948     1.084    -3.379
    -0.365    -2.530     2.165
    -1.704     2.022     1.838
    -0.387     3.663     4.433
     2.995     2.794     9.580
     1.162     3.324     5.346
    -3.358     4.426     2.802
    -5.283     4.440    -0.349
    -3.802    -3.524    -5.183
    -0.275    -3.651    -2.649
     2.363     1.288    -1.078
     1.383     2.627    -0.136
     0.240     3.386     1.708
     2.863    -3.096     2.877
     0.881    -3.798     3.840
    -2.554     3.958     3.156
    -3.355     0.371     1.067
    -5.141    -3.030    -1.962
    -4.283     1.110    -2.255
    -3.420    -2.163    -1.208
    -5.174    -2.993     0.445
    -5.092    -1.311     1.137
    -0.923    -0.263    -2.962
     5.773     2.737    -3.273
    10.969    -1.066     2.358
     8.211    -3.449     4.277
     2.376    -3.026     3.519
     0.376     0.664     2.549
    -2.678     3.803     0.029
    -6.543    -1.977     0.666
    -7.706    -2.521     0.658
    -5.526     2.935    -0.399
    -2.263     4.914    -0.793
     2.017     3.271    -4.360
     7.372    -0.023    -4.104
    10.050    -3.809    -5.103
     8.286    -3.366    -4.391
     2.435     0.832     3.229
    -2.287     1.831     4.333
    -4.382     3.057     3.420
    -3.251     1.375     4.094
    -0.092    -2.184     3.128
    -1.135    -2.439     2.602
    -1.161    -2.993     2.409
     3.281    -1.079    -0.749
     4.870     0.987    -4.484
     0.694     0.567    -2.876
    -1.623    -0.451    -1.519
    -0.139     0.006    -1.486
     1.284     0.720    -1.282
     1.793     0.241    -0.791
    -1.413     2.045     2.258
    -3.117     3.345     6.205
    -2.411     3.673     6.027
    -3.022     1.526     0.356
    -2.302    -1.656    -3.850
    -0.963     0.079    -4.951
     1.153     1.262    -5.274
     3.492    -0.178    -7.036
     3.144    -0.740    -7.378
    -0.297     0.589    -2.706
    -1.254     0.916     1.738
     0.289    -2.233     5.053
     0.200    -3.068     6.767
     0.248    -0.861     6.605
     0.318     0.243     6.053
     1.609     1.208     2.996
     4.187     0.437    -0.755
     6.311    -1.515    -5.419
     5.894    -2.115    -8.503
     1.870    -2.360    -6.798
    -1.307    -0.025    -5.529
    -2.412     3.741    -4.522
    -0.834     3.391    -1.337
    -0.623     0.358     3.858
    -3.190    -2.481     8.403
    -3.956    -2.600     7.568
    -2.467     3.027     2.625
     2.999     3.646    -3.005
     5.183    -2.962    -5.602
     2.771    -2.983    -2.947
     3.215    -1.259    -0.886
     4.025    -0.288    -3.771
     4.122     3.311    -5.255
     1.720     2.528    -1.017
    -2.917     0.369     3.738
    -9.098     1.086     4.487
   -11.958     2.969     3.188
    -5.027     3.716     2.057
     2.027     1.857     2.544
     5.524    -0.237     4.352
     6.181    -0.661     1.235
     2.937     1.395    -4.276
     2.010     2.788    -4.197
     3.555     1.016    -2.632
     6.846    -1.222    -2.103
     5.199    -0.468    -1.525
    -1.788     0.418    -0.622
    -2.763     0.659     1.937
    -2.039     3.566     3.463
    -2.116     3.992     3.459
    -2.791     2.571     3.691
    -3.673     0.949     4.009
    -0.667    -1.521     1.569
     0.911    -0.556    -1.592
     3.752     0.658    -2.329
     6.878    -0.450    -4.099
     4.725    -0.905    -4.920
     3.272     0.974    -3.785
     2.643     2.147    -0.179
    -0.467     1.408     3.310
    -5.335    -2.981     3.030
    -9.838    -6.120     3.238
   -11.505    -0.532     3.950
   -10.676     0.365     4.430
    -7.573    -2.950     2.779
    -1.571    -0.218    -0.672
     1.439    -0.097    -3.149
     2.967    -1.466    -3.618
     6.270    -0.943    -2.237
     5.221    -3.657    -2.010
     5.006    -3.556    -1.420
     3.585     0.067    -1.443
    -2.984    -2.472    -1.112
    -6.480    -6.256     2.313
    -6.604    -4.724     5.484
    -4.451    -1.425     5.707
    -1.814     1.529     2.552
    -0.577     2.485     0.264
    -0.908     0.519    -0.044
    -0.061    -2.460    -0.450
     1.758    -3.299    -1.431
     1.989    -1.552    -5.362
     2.368     0.317    -5.405
    -0.558     0.780    -0.168
    -2.559     0.123     1.341
    -2.476     0.337     2.721
    -4.588     1.715     1.841
    -3.663     3.204     1.198
    -1.289     3.448     6.267
     1.055     0.407     2.096
     0.476    -1.628    -4.548
    -1.151     0.047    -2.127
     0.491     1.334    -1.246
    -0.335     0.628    -2.834
    -1.505    -1.023    -2.629
     0.212    -1.589    -1.269
     4.051    -1.390     1.227
     4.205    -0.792     2.826
     1.309     0.229     2.055
     2.702     0.976     2.740
     3.715     2.157     3.451
     3.951     1.969     1.733
     1.669     0.245    -1.008
    -3.289    -0.894    -2.476
    -4.151    -0.545    -1.633
    -2.035    -0.134    -2.250
     1.295    -0.077    -2.632
     5.289     0.532    -1.617
     7.294     0.524     1.475
     5.667     0.104     4.646
     1.230    -0.140     1.363
    -2.777     0.710    -1.120
    -2.563     2.025     0.038
    -2.318     1.502    -0.048
    -6.267     1.195    -1.389
    -8.363     1.260    -3.508
    -5.783    -0.543    -3.600
    -1.194    -1.705    -2.714
     2.226    -0.102     0.507
     2.715     1.194     1.448
     1.193     0.798    -1.706
     1.938     0.155     0.721
     1.517    -0.354     3.965
    -1.444    -0.727     4.935
    -1.149    -1.972     3.493
    -2.787    -3.094     0.647
    -4.632    -2.378     0.348
    -6.423    -1.876    -0.226
    -7.751    -1.733    -2.255
    -1.720    -2.341    -6.066
     3.994    -3.002    -7.340
     8.283    -1.159    -5.676
    11.208    -0.211    -2.227
    10.286    -0.335     0.916
     8.094     0.834     1.126
     7.243     1.634     2.842
     4.146     3.010     3.725
    -4.661     2.889     4.068
    -9.003     0.258     4.514
    -8.242    -0.105     2.208
    -4.780    -0.099    -1.769
     0.060    -1.745    -4.524
     2.354    -3.121    -3.296
     2.294    -4.080    -0.214
     1.933    -0.668     1.835
     4.376     5.067     1.641
     4.025     4.771     1.648
     2.513     1.227     2.366
     1.021    -0.682     2.080
    -3.408    -1.535     0.869
    -5.802    -1.383    -1.450
    -2.884    -0.953    -0.980
     0.853     1.051     0.855
     1.030     2.609     0.137
     2.079     0.219    -0.986
     1.469    -1.931    -1.761
    -0.051    -0.904    -2.647
     0.503     0.864    -3.970
     0.497     1.310    -3.933
     1.168     1.649    -0.307
     0.008     1.405     3.851
    -1.456     0.148     4.232
     1.497     0.332     1.236
     4.787     1.400    -1.095
     3.556     2.162    -0.420
     1.796     2.802     0.740
    -1.222     2.856    -0.407
    -4.567     0.712     0.457
    -1.385    -1.809     1.982
    -0.074    -0.729    -0.508
    -4.320     1.065    -0.291
    -5.414     0.565     0.607
    -3.075     0.428    -0.239
     0.514    -0.661    -0.011
     4.090    -2.200    -1.898
     2.731    -0.449    -1.463
     0.942     0.274     0.703
     1.359     0.332     1.774
    -2.132     2.195     2.456
    -3.906     2.663     2.900
    -2.495     0.306     2.859
    -1.775    -2.349    -1.029
     0.732    -1.830    -2.840
     3.022    -0.405    -1.523
     4.190     0.947    -1.587
     4.108     0.690    -2.335
     0.557    -0.625    -2.814
    -3.945     0.320    -1.671
    -3.780     0.289     0.654
    -1.113     0.089     2.912
     1.133     0.831     2.267
     1.309     1.649     0.735
    -1.954     1.052     0.742
    -2.193     0.091     0.679
    -0.112     0.701     0.976
     1.221     0.695     1.051
    -0.672     0.945    -0.740
    -4.794    -1.652    -2.438
    -2.757    -3.779    -1.374
    -0.233    -0.890    -1.084
     0.069     1.112    -2.027
     0.364     2.017    -1.839
    -1.197     2.325    -2.023
    -0.702     0.696    -1.729
     1.964    -1.496    -1.322
     3.094    -0.006    -2.499
     2.287     0.441    -3.946
     1.825    -0.350    -2.691
    -0.720     3.900     1.629
    -4.005     2.228     4.014
    -1.490    -2.874     2.642
     1.282    -1.928     1.310
     1.136     0.486     1.206
     1.216     1.391     0.000
     0.000     0.000     0.000
     0.000     0.000     0.000
