********************************************************************************
                       INSTITUTO DE INGENIERIA, UNAM
                   Coordinacion de Instrumentacion Sismica
  Ciudad Universitaria, Apartado Postal 70-472, Coyoacan 04510, Mexico, D.F.
 Tel.(52-5)622-3414    Fax.(52-5)616-1514    e-mail: isismica@pumas.iingen.unam.mx
**************************************************************************************
ARCHIVO ESTANDAR DE ACELERACION:
VERSION DEL FORMATO                    : 2.0
NOMBRE DEL ARCHIVO                     : SMR28904.271
FECHA Y HORA DE CREACION               : Wed Mar 25 13:24:04 1998
REF. CATALOGO ACELEROGRAMAS, SMIS 1995 : REGISTRO No. 1530 /PAG. 159


================================================================================
DATOS DE LA ESTACION:
NOMBRE DE LA ESTACION                  : SAN MARCOS
CLAVE DE LA ESTACION                   : SMR2
LOCALIZACION DE LA ESTACION            : ESCUELA PRIMARIA A 7KM DE SAN MARCOS, EN EL KILOMETRO
                                       : 55 DE LA CARRETERA ACAPULCO-PINOTEPA NACIONAL,
                                       : GUERRERO 
                                       : 
                                       : 
COORDENADAS DE LA ESTACION             : 16.77351 LAT. N
                                       : 99.4377 LONG. W
ALTITUD (msnm)                         : 83
TIPO DE SUELO                          : ROCA
                                       : 
                                       : 
INSTITUCION RESPONSABLE                : INSTITUTO DE INGENIERIA UNAM 
                                       : 

================================================================================
DATOS DEL ACELEROGRAFO: 
MODELO DEL ACELEROGRAFO                : DSA-1
NUMERO DE SERIE DEL ACELEROGRAFO       : 256
NUMERO DE CANALES                      : 3
ORIENTACION C1-C6 (rumbo;orientacion)  : /S90E/V/S00E
ORIENTACION C7-C12 (rumbo;orientacion) :
VEL. DE MUESTREO, C1-C6 (muestras/s)   : /200/200/200
VEL. DE MUESTREO, C7-C12 (muestras/s)  :
ESC. COMPLETA DE SENSORES, C1-C6, (g)  : /2/2/2
ESC. COMPLETA DE SENSORES, C7-C12 (g)  :
FREC. NAT. DE SENSORES, C1-C6, (Hz)    : /52.8/52.1/53.40
FREC. NAT. DE SENSORES, C7-C12 (Hz)    :                
AMORTIGUAMIENTO DE SENSORES, C1-C6     : /0.64/0.63/0.64
AMORTIGUAMIENTO DE SENSORES, C7-C12    :
INTERVALO DE MUESTREO, C1-C6 (s)       : /0.005/0.005/0.005
INTERVALO DE MUESTREO, C7-C12 (s)      :
UMBRAL DE DISPARO, C1-C6 (Gal)         : /5.5/5.5/5.5
UMBRAL DE DISPARO, C7-C12 (Gal)        :
MEMORIA DE PREEVENTO (s)               : 2.56
TIEMPO DE POSEVENTO (s)                : 20


================================================================================
DATOS DEL SISMO:
FECHA DEL SISMO [GMT]                  : 1989/04/27
HORA EPICENTRO (GMT)                   : 16:22:51.8
MAGNITUD(ES)                           : /Mc=4.30
COORDENADAS DEL EPICENTRO              : 16.664 LAT. N 
                                       : 99.427 LONG. W 
PROFUNDIDAD FOCAL (km)                 : < 5
FUENTES DE LOS DATOS EPICENTRALES      : INSTITUTO DE INGENIERIA UNAM
                                       : 

================================================================================
DATOS DE ESTE REGISTRO:
HORA DE LA PRIMERA MUESTRA (GMT)       : 16:22:53.03
EXACTITUD DEL TIEMPO (s)               : 0.01
DURACION DEL REGISTRO (s), C1-C6       : /9.13/9.13/9.13                         
DURACION DEL REGISTRO (s), C7-C12      : 
NUM. TOTAL DE MUESTRAS, C1-C6          : /1826/1826/1826                       
NUM. TOTAL DE MUESTRAS, C7-C12         : 
ACEL. MAX.(Gal), C1-C6                 : /-12.57/41.15/10.53                   
ACEL. MAX., C1-C6, EN LA MUESTRA       : /334/334/620                          
ACEL. MAX.(Gal), C7-C12                : 
ACEL. MAX., C7-C12,EN LA MUESTRA       : 
UNIDADES DE LOS DATOS                  : Gal (cm/s/s)
FACTOR DE DECIMACION                   : 1
FORMATO DATOS (FORTRAN,10 campos/dato) : 3F10.2


================================================================================
CALIDAD DEL ACELEROGRAMA:
REGISTRO DIGITAL COMPLETO, CON TIEMPO ABSOLUTO CORRECTO.


===============================================================================
COMENTARIOS:














===============================================================================
DATOS DE ACELERACION:
---------+---------+---------+---------+---------+---------+---------+---------+
   CANAL-1   CANAL-2   CANAL-3
      S90E         V      S00E
---------+---------+---------+---------+---------+---------+---------+---------+
     -0.13      0.00      0.00
     -0.13      0.00      0.00
     -0.13      0.00      0.00
     -0.13      0.00      0.00
     -0.13      0.00      0.00
     -0.13      0.00      0.00
     -0.13      0.00      0.00
     -0.13      0.00      0.00
      0.83      0.00      0.00
     -0.13      0.00      0.00
     -0.13      0.00      0.00
     -0.13      0.00      0.00
     -0.13      0.00      0.00
     -0.13      0.00      0.00
     -0.13      0.00      0.00
     -0.13      0.00      0.00
     -0.13      0.00      0.00
     -0.13      0.00      0.00
     -0.13      0.00      0.00
     -0.13      0.00      0.00
      0.83      0.00      0.00
     -0.13      0.00      0.00
     -0.13      0.00      0.00
     -0.13      0.00      0.00
     -0.13      0.00      0.00
     -0.13      0.00      0.00
     -0.13      0.00      0.00
     -0.13      0.00      0.00
     -0.13      0.00      0.00
     -0.13      0.00      0.00
     -0.13      0.00      0.00
     -0.13      0.00      0.00
     -0.13      0.00      0.00
     -0.13      0.00      0.00
      0.83      0.00      0.00
     -0.13      0.00      0.00
      0.83      0.00      0.00
     -0.13      0.00      0.00
     -0.13      0.00      0.00
     -0.13      0.00      0.00
      0.83      0.00      0.00
     -0.13      0.00      0.00
     -0.13      0.00      0.00
     -0.13      0.00      0.00
     -0.13      0.00      0.00
     -0.13      0.00      0.00
     -0.13      0.00      0.00
      0.83      0.00      0.00
     -0.13      0.00      0.00
     -0.13      0.00      0.00
     -0.13      0.00      0.00
     -0.13      0.00      0.00
      0.83      0.00      0.00
     -0.13      0.00      0.00
      0.83      0.00      0.00
      0.83      0.00      0.00
     -0.13      0.00      0.00
     -0.13      0.00      0.00
      0.83      0.00      0.00
     -0.13      0.00      0.00
     -0.13      0.00      0.00
     -0.13      0.00      0.00
     -0.13      0.00      0.00
     -0.13      0.00      0.00
     -0.13      0.00      0.00
     -0.13      0.00      0.00
     -0.13      0.00      0.00
      0.83      0.00      0.00
      0.83      0.00      0.00
     -0.13      0.00      0.00
     -0.13      0.00      0.00
     -0.13      0.00      0.00
     -0.13      0.00      0.00
     -0.13      0.00      0.00
     -0.13      0.00      0.00
     -0.13      0.00      0.00
     -0.13      0.00      0.00
     -0.13      0.00      0.00
     -0.13      0.00      0.00
     -0.13      0.00      0.00
      0.83      0.00      0.00
     -0.13      0.00      0.00
     -0.13      0.00      0.00
     -0.13      0.00      0.00
     -0.13      0.00      0.00
     -0.13      0.00      0.00
     -0.13      0.00      0.00
     -0.13      0.00      0.00
     -0.13      0.00      0.00
     -0.13      0.00      0.00
     -0.13      0.00      0.00
     -0.13      0.00      0.00
     -0.13      0.00      0.00
     -0.13      0.00      0.00
      0.83      0.00      0.00
     -0.13      0.00      0.00
     -0.13      0.00      0.00
     -0.13      0.00      0.00
     -0.13      0.00      0.00
     -0.13      0.00      0.00
     -0.13      0.00      0.00
     -0.13      0.00      0.00
     -0.13      0.00      0.00
     -0.13      0.00      0.00
     -0.13      0.00      0.00
     -0.13      0.00      0.00
     -0.13      0.00      0.00
     -0.13      0.00      0.00
     -0.13      0.00      0.00
     -0.13      0.00      0.00
     -0.13      0.00      0.00
     -0.13      0.00      0.00
     -0.13      0.00      0.00
     -0.13      0.00      0.00
     -0.13      0.00      0.00
      0.83      0.00      0.00
     -0.13      0.00      0.00
     -0.13      0.00      0.00
      0.83      0.00      0.00
     -0.13      0.00      0.00
     -0.13      0.00      0.00
     -0.13      0.00      0.00
     -0.13      0.00      0.00
      0.83      0.00      0.00
     -0.13      0.00      0.00
     -0.13      0.00      0.00
     -0.13      0.00      0.00
     -0.13      0.00      0.00
     -0.13      0.00      0.00
      0.83      0.00      0.00
      0.83      0.00      0.00
     -0.13      0.00      0.00
     -0.13      0.00      0.00
     -0.13      0.00      0.00
     -0.13      0.00      0.00
     -0.13      0.00      0.00
     -0.13      0.00      0.00
     -0.13      0.00      0.00
     -0.13      0.00      0.00
     -0.13      0.00      0.00
     -0.13      0.00      0.00
     -0.13      0.00      0.00
     -0.13      0.00      0.00
     -0.13      0.00      0.00
     -0.13      0.00      0.00
     -0.13      0.00      0.00
     -0.13      0.00      0.00
     -0.13      0.00      0.00
     -0.13      0.00      0.00
      0.83      0.00      0.00
     -0.13      0.00      0.00
      0.83      0.00      0.00
     -0.13      0.00      0.00
     -0.13      0.00      0.00
     -0.13      0.00      0.00
     -0.13      0.00      0.00
     -0.13      0.00      0.00
     -0.13      0.00      0.00
      0.83      0.00      0.00
     -0.13      0.00      0.00
     -0.13      0.00      0.00
     -0.13      0.00      0.00
     -0.13      0.00      0.00
     -0.13      0.00      0.00
     -0.13      0.00      0.00
     -0.13      0.00      0.00
     -0.13      0.00      0.00
     -0.13      0.00      0.00
     -0.13      0.00      0.00
     -0.13      0.00      0.00
     -0.13      0.00      0.00
     -0.13      0.00      0.00
     -0.13      0.00      0.00
     -0.13      0.00      0.00
     -0.13      0.00      0.00
     -0.13      0.00      0.00
     -0.13      0.00      0.00
     -0.13      0.00      0.00
     -0.13      0.00      0.00
     -0.13      0.00      0.00
     -0.13      0.00      0.00
     -0.13      0.00      0.00
     -0.13      0.00      0.00
      0.83      0.00      0.00
     -0.13      0.00      0.00
     -0.13      0.00      0.00
     -0.13      0.00      0.00
     -0.13      0.00      0.00
     -0.13      0.00      0.00
     -0.13      0.00      0.00
      0.83      0.00      0.00
      0.83      0.00      0.00
     -0.13      0.00      0.00
     -0.13      0.00      0.00
      0.83      0.00      0.00
     -0.13      0.00      0.00
     -0.13      0.00      0.00
     -0.13      0.00      0.00
     -0.13      0.00      0.00
      0.83      0.00      0.00
     -0.13      0.00      0.00
     -0.13      0.00      0.00
     -0.13      0.00      0.00
     -0.13      0.00      0.00
     -0.13      0.00      0.00
     -0.13      0.00      0.00
     -0.13      0.00      0.00
     -0.13      0.00      0.00
     -0.13      0.00      0.00
     -0.13      0.00      0.00
     -0.13      0.00      0.00
     -0.13      0.00      0.00
     -0.13      0.00      0.00
     -0.13      0.00      0.00
     -0.13      0.00      0.00
     -0.13      0.00      0.00
     -0.13      0.00      0.00
     -0.13      0.00      0.00
     -0.13      0.00      0.00
     -0.13      0.00      0.00
     -0.13      0.00      0.00
     -0.13      0.00      0.00
     -0.13      0.00      0.00
     -0.13      0.00      0.00
     -0.13      0.00      0.00
     -0.13      0.00      0.00
     -0.13      0.00      0.00
     -0.13      0.00      0.00
     -0.13      0.00      0.00
     -0.13      0.00      0.00
     -0.13      0.00      0.00
     -0.13      0.00      0.00
     -0.13      0.00      0.00
     -0.13      0.00      0.00
     -0.13      0.00      0.00
     -0.13      0.00      0.00
     -0.13      0.00      0.00
     -0.13      0.00      0.00
     -0.13      0.00      0.00
     -0.13      0.00      0.00
     -0.13      0.00      0.00
     -0.13      0.00      0.00
     -0.13      0.00      0.00
     -0.13      0.00      0.00
     -0.13      0.00      0.00
     -0.13      0.00      0.00
     -0.13      0.00      0.00
     -0.13      0.00      0.00
     -0.13      0.00      0.00
     -0.13      0.00      0.00
     -0.13      0.00      0.00
      0.83      0.00      0.00
     -0.13      0.00      0.00
     -0.13      0.00      0.00
     -0.13      0.00      0.00
     -0.13      0.00      0.00
     -0.13      0.00      0.00
     -0.13      0.00      0.00
     -0.13      0.00      0.00
      0.83      0.00      0.00
     -0.13      0.00      0.00
     -0.13      0.00      0.00
     -0.13      0.00      0.00
     -0.13      0.00      0.00
     -0.13      0.00      0.00
      0.83      0.00      0.00
     -0.13      0.00      0.00
     -0.13      0.00      0.00
     -0.13      0.00      0.00
     -0.13      0.00      0.00
     -0.13      0.00      0.00
     -0.13      0.00      0.00
     -0.13      0.00      0.00
     -0.13      0.00      0.00
     -0.13      0.00      0.00
     -0.13      0.00      0.00
     -0.13      0.00      0.00
     -0.13      0.00      0.00
     -0.13      0.00      0.00
     -0.13      0.00      0.00
     -0.13      0.00      0.00
     -0.13      0.00      0.00
     -0.13      0.00      0.00
     -0.13      0.00      0.00
     -0.13      0.00      0.00
     -0.13      0.00      0.00
     -0.13      0.00      0.00
     -0.13      0.00      0.00
     -0.13      0.00      0.00
      0.83      0.00      0.00
     -0.13      0.00      0.00
     -0.13      0.00      0.00
      0.83      0.00      0.00
     -0.13      0.96     -0.96
     -0.13      1.91     -0.96
     -0.13      4.78     -1.91
     -1.09      7.66     -1.91
     -1.09      8.61     -1.91
     -2.04      7.66     -1.91
     -1.09      1.91     -1.91
      0.83     -4.78     -0.96
      0.83     -8.61      0.00
      0.83     -7.66      0.00
     -0.13     -0.96      0.00
     -1.09      4.78      0.00
     -1.09      3.83      0.96
     -0.13     -0.96     -0.96
      1.78     -4.78     -2.87
      1.78     -6.70      0.00
      1.78     -9.57      4.78
      4.66    -12.44      4.78
      5.61     -8.61      1.91
      1.78      4.78      0.96
     -1.09     19.14      0.96
     -3.00     22.01      0.96
     -3.00      9.57     -1.91
     -0.13    -11.48     -3.83
      3.70    -25.84      0.00
      5.61    -20.10      1.91
     -0.13      4.78      1.91
     -6.83     28.71      0.96
     -9.70     29.67      1.91
     -3.00      2.87      0.00
      4.66    -26.80     -2.87
      7.53    -32.54     -3.83
      4.66     -9.57     -2.87
     -2.04     22.01      0.96
     -6.83     34.45      1.91
     -3.00     17.23      0.96
      5.61    -14.35      0.00
     11.35    -37.32      0.96
     10.40    -31.58     -0.96
     -0.13      1.91     -2.87
    -10.66     35.41     -0.96
    -12.57     41.15      1.91
     -3.96     14.35     -0.96
      6.57    -21.06     -3.83
     10.40    -36.37     -1.91
      5.61    -20.10      0.00
     -3.96     12.44      0.00
    -12.57     33.50      0.00
     -8.74     24.88      0.96
      2.74     -1.91      0.00
      9.44    -22.01     -3.83
      6.57    -20.10     -3.83
     -0.13     -1.91      0.00
     -5.87     11.48      0.96
     -4.91      8.61      0.00
      2.74      0.00      0.00
      6.57     -2.87      0.00
      3.70      0.00      0.00
     -2.04      1.91     -0.96
     -4.91     -1.91     -2.87
     -3.00     -4.78     -2.87
      0.83     -0.96      0.00
      2.74      5.74      2.87
      2.74      6.70      1.91
     -0.13      1.91     -1.91
     -2.04     -4.78     -2.87
      0.83     -8.61     -0.96
      1.78     -5.74     -0.96
     -0.13      3.83     -0.96
     -3.00     11.48      0.00
     -2.04     10.53      0.00
      0.83      0.96     -1.91
      3.70     -7.66     -0.96
      3.70     -9.57      0.96
      1.78     -3.83      1.91
     -1.09      5.74      0.00
     -4.91     11.48     -1.91
     -3.00     10.53     -0.96
      1.78      0.96      0.96
      4.66     -8.61      0.00
      1.78    -11.48      0.00
     -1.09     -4.78      0.96
     -1.09      2.87      0.96
     -0.13      6.70      0.00
     -0.13      4.78     -0.96
      0.83     -0.96     -1.91
      2.74     -6.70     -0.96
      2.74     -7.66      0.00
      0.83     -0.96      0.96
     -2.04      7.66      0.96
     -2.04      8.61      0.96
     -0.13      3.83      0.96
      1.78     -3.83     -0.96
      1.78     -7.66     -0.96
     -0.13     -3.83      0.00
     -1.09      1.91      0.96
     -2.04      5.74      0.00
     -1.09      3.83      0.00
     -0.13      0.00      0.00
      0.83     -1.91     -0.96
      0.83     -1.91     -1.91
     -0.13     -1.91     -1.91
      0.83     -1.91     -0.96
      1.78     -0.96     -1.91
      0.83      1.91     -1.91
     -0.13      5.74     -0.96
     -0.13      3.83     -0.96
      0.83     -0.96     -1.91
     -0.13     -4.78     -1.91
     -0.13     -4.78      0.00
     -0.13      0.00      0.96
     -0.13      4.78      0.96
     -0.13      5.74      0.96
     -1.09      1.91      0.00
     -0.13     -2.87      0.96
      1.78     -4.78      0.96
      1.78     -1.91      0.96
     -0.13      3.83      0.96
     -2.04      6.70      0.96
     -1.09      5.74      0.00
     -0.13      1.91     -0.96
      1.78     -2.87     -0.96
      2.74     -4.78      0.96
      1.78     -2.87      1.91
      0.83      1.91      0.00
     -0.13      5.74     -1.91
     -0.13      4.78     -1.91
      0.83      0.00     -1.91
      1.78     -3.83     -1.91
      1.78     -2.87     -1.91
      0.83     -0.96      0.00
     -1.09      0.96      0.96
     -1.09      0.96      0.96
     -0.13     -1.91      0.96
      1.78     -3.83      0.96
      1.78     -3.83      0.00
      0.83     -0.96     -0.96
     -1.09      1.91     -0.96
     -1.09      1.91      0.00
     -0.13      0.00      0.00
      0.83     -0.96      0.00
      0.83      0.00     -0.96
     -0.13      1.91     -0.96
     -1.09      2.87     -0.96
     -1.09      1.91     -0.96
      0.83      0.00     -1.91
      0.83     -1.91     -1.91
      0.83     -0.96     -1.91
     -0.13      1.91     -0.96
     -1.09      2.87      0.00
     -0.13      0.96      0.00
      0.83     -1.91      0.00
      0.83     -0.96     -0.96
     -0.13      1.91      0.00
     -0.13      3.83      0.00
     -0.13      2.87     -0.96
     -0.13     -0.96     -1.91
     -0.13     -3.83     -0.96
      0.83     -2.87      0.00
     -0.13      0.00      0.00
     -1.09      2.87      0.96
     -1.09      1.91      1.91
     -0.13     -0.96      0.96
      1.78     -0.96     -0.96
      1.78      0.96     -0.96
      0.83      2.87      0.00
     -0.13      3.83      0.00
     -0.13      2.87     -0.96
     -0.13      0.96     -1.91
     -0.13     -1.91     -0.96
     -0.13     -2.87      0.00
      0.83     -1.91     -0.96
      1.78      0.96      0.00
      0.83      0.96      0.96
      0.83     -0.96      0.96
      0.83     -1.91      0.00
      0.83      0.00      0.00
      0.83      2.87      0.96
     -1.09      3.83     -0.96
     -1.09      3.83     -2.87
     -0.13      0.96     -1.91
      0.83     -2.87      0.00
      0.83     -4.78      0.96
     -1.09     -1.91      0.00
     -2.04      2.87      0.00
     -1.09      5.74      0.00
     -1.09      4.78      0.00
     -1.09      0.96     -0.96
     -0.13     -2.87     -0.96
      1.78     -5.74     -0.96
      1.78     -3.83      0.00
      0.83      0.00      0.96
      0.83      3.83      0.96
      0.83      2.87      0.96
     -0.13      0.96      0.00
     -0.13      0.00     -0.96
      0.83      0.00     -0.96
      0.83      0.00      0.00
      0.83     -0.96      0.96
      0.83     -1.91      0.00
      1.78     -0.96     -0.96
      0.83      0.00     -0.96
     -0.13      0.96     -0.96
     -0.13      0.00      0.00
     -0.13     -0.96      0.00
     -0.13      0.00     -0.96
     -1.09      3.83     -1.91
     -1.09      4.78     -1.91
     -0.13      1.91     -0.96
      1.78     -1.91      0.00
      1.78     -2.87     -0.96
     -0.13     -0.96      0.00
     -2.04      1.91      0.96
     -2.04      2.87      0.00
     -0.13      0.96      0.00
      0.83     -0.96      0.00
      0.83     -1.91      0.00
      0.83      0.00     -0.96
     -0.13      1.91     -0.96
     -0.13      1.91      0.00
     -0.13      0.00      0.96
      0.83     -1.91      1.91
      2.74     -3.83      0.00
      1.78     -1.91     -1.91
     -1.09      1.91     -0.96
     -2.04      4.78      0.00
     -0.13      4.78      0.00
      0.83      0.00      0.00
     -0.13     -2.87      0.00
     -0.13     -2.87      0.00
     -0.13      0.96     -0.96
     -2.04      4.78     -0.96
     -1.09      3.83     -0.96
      0.83      0.00     -0.96
      0.83     -3.83     -0.96
     -0.13     -2.87     -1.91
     -0.13      0.96     -0.96
     -0.13      3.83     -0.96
     -1.09      3.83      0.00
      0.83      1.91      0.00
      1.78     -0.96      0.00
      1.78     -1.91      0.00
      0.83     -1.91      0.96
      0.83     -1.91      0.00
      0.83     -1.91      0.00
      0.83     -0.96      0.96
      0.83      0.00      0.96
     -0.13      1.91     -0.96
     -1.09      4.78     -0.96
     -1.09      4.78      0.00
     -1.09      1.91     -0.96
     -1.09     -1.91     -0.96
     -1.09     -1.91      0.00
      0.83     -1.91      0.00
      0.83     -0.96      0.00
     -1.09      0.00      0.00
     -0.13      3.83     -1.91
      0.83      4.78     -2.87
      0.83      2.87     -1.91
      1.78     -0.96     -1.91
      1.78     -2.87     -0.96
      0.83     -0.96     -0.96
      0.83      0.96     -0.96
     -0.13      3.83     -0.96
     -0.13      2.87      0.00
      0.83     -1.91      1.91
      1.78     -6.70      1.91
      1.78     -4.78      0.00
     -0.13      1.91     -0.96
     -2.04      7.66      0.00
     -2.04      5.74      1.91
     -2.04     -0.96      0.96
     -0.13     -6.70      0.00
      2.74     -7.66     -0.96
      1.78     -0.96     -1.91
     -2.04      5.74     -0.96
     -3.96      6.70     -0.96
     -0.13      0.00     -1.91
      3.70     -4.78     -2.87
      2.74     -1.91     -1.91
     -0.13      2.87      0.96
     -0.13      2.87      1.91
     -0.13     -0.96     -0.96
     -0.13     -3.83     -2.87
      0.83      0.00     -0.96
      1.78      2.87      1.91
      0.83      2.87      0.96
     -1.09      0.00     -1.91
     -1.09     -0.96     -1.91
     -0.13     -0.96      0.00
      1.78      0.96      0.96
      0.83      2.87      0.00
     -2.04      1.91      0.00
     -2.04      0.00      0.96
      0.83     -1.91     -0.96
      1.78     -1.91     -2.87
     -0.13     -0.96     -0.96
     -2.04      0.00      0.96
     -0.13      0.96      0.00
      0.83      1.91     -1.91
     -0.13      0.96     -0.96
     -0.13     -0.96     -0.96
      1.78     -0.96      0.00
      1.78      1.91     -0.96
      0.83      2.87     -1.91
      1.78      0.96     -3.83
      0.83     -0.96     -4.78
     -1.09     -0.96     -3.83
     -1.09      1.91     -1.91
     -0.13      2.87     -1.91
     -0.13      0.96     -1.91
     -0.13     -0.96     -1.91
      0.83     -3.83     -1.91
      3.70     -4.78     -2.87
      5.61     -0.96     -3.83
      5.61      3.83     -2.87
      4.66      7.66     -2.87
      3.70      6.70     -2.87
      3.70      0.96     -3.83
      2.74     -4.78     -2.87
     -0.13     -6.70     -0.96
     -3.96     -3.83      0.00
     -4.91      1.91      0.96
     -5.87      3.83      3.83
     -6.83      2.87      6.70
     -8.74      1.91      8.61
    -11.61      1.91      9.57
    -11.61      0.00     10.53
     -6.83     -3.83      7.66
     -1.09     -8.61      4.78
      0.83     -7.66      2.87
      2.74      0.00      0.96
      5.61      6.70     -0.96
      7.53      9.57     -1.91
      5.61      5.74     -0.96
      3.70     -0.96     -1.91
      3.70     -8.61     -4.78
      6.57    -11.48     -7.66
      5.61     -8.61     -7.66
      3.70     -2.87     -3.83
      3.70      2.87     -0.96
      5.61      5.74      1.91
      5.61      4.78      1.91
      3.70      1.91      1.91
      3.70      0.00      2.87
      3.70      0.00      4.78
      0.83      0.96      3.83
     -3.00      0.96      2.87
     -3.96      0.96      2.87
     -5.87      2.87      5.74
     -7.79      5.74      7.66
     -7.79      7.66      7.66
     -4.91      7.66      4.78
     -2.04      5.74      1.91
     -2.04      2.87      0.00
     -1.09     -0.96     -2.87
     -1.09     -1.91     -5.74
     -3.00     -0.96     -5.74
     -4.91      0.96     -1.91
     -3.96      0.96     -1.91
     -0.13     -0.96     -4.78
      3.70     -4.78     -7.66
      5.61     -7.66     -8.61
      4.66     -6.70     -9.57
      2.74     -2.87    -10.53
      2.74      0.96     -7.66
      2.74      1.91     -3.83
      1.78     -0.96      0.00
     -0.13     -1.91      0.96
      0.83      0.96      2.87
      0.83      3.83      3.83
     -0.13      3.83      3.83
     -1.09      2.87      0.96
     -0.13      1.91     -1.91
     -1.09      1.91     -2.87
     -3.96      1.91      0.00
     -4.91      1.91      1.91
     -3.00      0.96      3.83
     -0.13      0.00      2.87
      2.74      0.00      1.91
      3.70      0.96     -0.96
      3.70      0.96     -2.87
      1.78     -1.91     -2.87
      0.83     -5.74     -2.87
     -0.13     -5.74     -3.83
     -0.13     -2.87     -4.78
     -0.13      1.91     -3.83
     -1.09      2.87     -2.87
     -1.09      0.00     -1.91
      0.83     -2.87     -0.96
      3.70     -4.78     -0.96
      3.70     -4.78      0.00
      0.83     -1.91      0.00
     -0.13      2.87      0.96
      0.83      4.78      0.96
      0.83      2.87      1.91
      0.83     -0.96      2.87
     -0.13     -2.87      3.83
     -0.13     -1.91      3.83
      1.78      0.96      3.83
      1.78      3.83      2.87
     -0.13      2.87      0.96
     -1.09      0.96     -0.96
     -1.09     -0.96     -1.91
     -1.09      0.00     -0.96
     -3.00      1.91      0.00
     -3.96      2.87      0.00
     -3.00      1.91     -0.96
     -2.04     -0.96     -1.91
     -1.09     -1.91     -2.87
     -0.13      0.00     -2.87
     -0.13      1.91     -2.87
     -0.13      3.83     -1.91
      0.83      3.83     -1.91
      1.78      0.96     -1.91
      1.78     -0.96     -2.87
      1.78      0.00     -1.91
      0.83      0.96     -0.96
      0.83      1.91      0.00
      1.78      1.91      0.00
      2.74      0.00      0.00
      3.70     -1.91     -0.96
      2.74     -2.87      0.00
      0.83     -0.96      1.91
     -0.13      1.91      2.87
     -0.13      3.83      1.91
      0.83      2.87      0.00
      0.83      0.00     -1.91
      0.83     -1.91     -1.91
     -0.13     -2.87     -1.91
     -1.09     -1.91     -0.96
     -2.04      0.00      0.00
     -3.00      2.87      0.96
     -4.91      4.78      2.87
     -4.91      3.83      3.83
     -2.04     -1.91      2.87
     -0.13     -6.70      0.96
      0.83     -5.74      0.00
      0.83      0.96      0.00
      0.83      7.66      0.00
     -0.13      6.70     -0.96
      0.83      0.96     -0.96
      3.70     -4.78     -0.96
      3.70     -4.78     -0.96
      2.74      0.00     -0.96
      1.78      2.87     -0.96
      1.78      3.83     -2.87
      1.78      1.91     -2.87
      1.78     -0.96     -1.91
      2.74     -2.87     -1.91
      1.78     -3.83     -2.87
     -0.13     -0.96     -2.87
     -2.04      3.83     -0.96
     -1.09      4.78      0.00
     -1.09      0.96      0.00
     -1.09     -5.74      0.00
     -1.09     -7.66      0.00
     -1.09     -3.83      1.91
     -2.04      3.83      2.87
     -2.04      8.61      2.87
     -0.13      6.70      1.91
      1.78      0.00      0.96
      1.78     -3.83      0.96
      1.78     -2.87      0.00
      0.83      0.96     -0.96
     -0.13      2.87     -0.96
     -0.13      1.91     -0.96
     -0.13     -0.96      0.00
      0.83     -1.91      0.00
      1.78     -0.96     -0.96
      0.83      2.87     -1.91
     -1.09      5.74     -1.91
     -2.04      4.78     -1.91
     -0.13     -2.87     -1.91
      0.83     -8.61     -2.87
      0.83     -8.61     -3.83
     -0.13      0.00     -1.91
     -2.04      7.66      0.00
     -2.04      9.57      0.96
     -1.09      3.83      0.96
     -0.13     -4.78      0.96
      1.78     -9.57      0.96
      1.78     -7.66      0.00
     -0.13      0.00     -0.96
     -2.04      6.70      0.00
     -1.09      6.70      1.91
     -0.13      1.91      1.91
      0.83     -3.83      0.00
      0.83     -4.78      0.00
      0.83     -1.91     -0.96
      0.83      1.91      0.00
     -0.13      3.83      0.00
      0.83      2.87      0.00
      1.78      0.96      0.00
      0.83      0.00      0.96
     -0.13      0.00      0.00
     -1.09      0.96     -0.96
     -0.13      0.96     -1.91
      0.83      0.96     -1.91
      0.83      1.91     -1.91
     -1.09      2.87     -1.91
     -1.09      1.91     -0.96
     -0.13     -1.91     -1.91
      1.78     -4.78     -0.96
      1.78     -2.87     -0.96
      0.83      0.96     -0.96
     -0.13      3.83     -1.91
     -1.09      1.91     -1.91
     -1.09      0.00     -0.96
     -0.13      0.00     -0.96
     -0.13      0.96      0.00
     -0.13      1.91      0.96
      0.83      0.00      0.00
      1.78     -0.96     -0.96
      1.78     -1.91      0.00
      0.83     -0.96      0.96
      0.83      0.00      1.91
     -0.13      1.91      1.91
     -0.13      2.87      0.96
     -0.13      2.87      0.96
      0.83      0.96      0.00
      1.78      0.00      0.00
     -0.13     -0.96      0.96
     -0.13     -0.96      0.00
     -0.13     -0.96     -0.96
     -0.13      0.96     -0.96
     -1.09      0.96     -0.96
     -1.09      0.00     -0.96
     -1.09     -0.96     -0.96
     -0.13     -0.96     -0.96
      0.83     -1.91      0.00
      0.83     -1.91      0.00
      1.78     -1.91      0.00
      0.83      0.00      0.00
      0.83      1.91      0.00
      0.83      1.91      0.00
      0.83      0.96     -1.91
      1.78     -0.96     -1.91
      1.78     -0.96     -0.96
      0.83      0.00      0.00
     -0.13      0.96      0.00
     -1.09      1.91      0.00
     -2.04      1.91     -0.96
     -2.04      0.96      0.00
     -1.09     -0.96      0.00
     -1.09      0.00     -0.96
     -1.09      0.96     -1.91
     -1.09      0.96     -1.91
     -1.09      0.00     -0.96
     -0.13     -0.96     -0.96
      0.83     -0.96      0.00
      1.78      0.00      0.96
      1.78      1.91      0.96
      1.78      1.91      0.00
      0.83      0.96     -0.96
      0.83     -1.91     -0.96
      1.78     -1.91     -0.96
      1.78      0.96     -1.91
      0.83      2.87     -1.91
     -1.09      2.87     -0.96
     -1.09     -0.96      0.00
      0.83     -4.78      0.00
      0.83     -3.83     -0.96
     -0.13      1.91     -0.96
     -1.09      5.74      0.00
     -2.04      4.78      0.96
     -0.13      0.96      0.96
      0.83     -1.91      0.96
      0.83     -1.91      0.96
     -1.09      0.00      0.96
     -1.09      2.87      0.00
     -0.13      2.87      0.96
      0.83      0.96      0.96
      0.83     -1.91      0.00
      0.83     -1.91     -0.96
      0.83     -0.96     -1.91
      0.83      0.96     -1.91
      0.83      2.87     -1.91
      0.83      2.87     -0.96
      0.83      0.00     -0.96
      1.78     -1.91     -0.96
      0.83     -2.87      0.00
     -0.13     -1.91      0.00
     -0.13      0.00     -0.96
     -0.13     -0.96     -0.96
     -0.13     -1.91     -0.96
     -0.13     -1.91     -0.96
     -0.13      0.00     -0.96
     -0.13      0.96     -1.91
     -1.09      1.91     -0.96
     -1.09      1.91     -0.96
     -0.13      0.00     -0.96
     -0.13     -0.96     -0.96
     -0.13      0.00      0.00
     -0.13      1.91      0.00
     -0.13      1.91      0.00
     -0.13      0.96      0.00
      0.83     -0.96     -0.96
      1.78     -2.87      0.00
      1.78     -1.91      0.96
      0.83      0.00      1.91
      0.83      1.91      0.96
      0.83      1.91      0.96
      0.83      0.96      0.96
      0.83     -0.96      0.00
      0.83      0.00      0.00
     -0.13      1.91     -0.96
     -0.13      3.83      0.00
     -0.13      2.87     -0.96
      0.83      0.96     -1.91
      0.83     -0.96     -1.91
      0.83     -1.91     -0.96
      0.83     -0.96     -0.96
     -0.13      0.00     -1.91
     -1.09      0.96     -0.96
     -1.09      0.00     -0.96
     -0.13      0.96     -0.96
     -1.09      1.91      0.00
     -1.09      1.91      0.00
     -0.13      0.00      0.00
     -0.13     -2.87      0.96
     -0.13     -2.87      0.96
      0.83     -0.96      0.96
     -0.13      0.96      0.96
     -1.09      1.91      0.96
     -1.09      0.96      0.96
     -0.13      0.00      0.00
     -0.13     -0.96      0.00
     -0.13      0.00      0.00
     -0.13      0.96      0.00
      0.83      0.96     -0.96
      0.83      0.00     -0.96
      0.83      0.96     -0.96
      1.78      0.96     -0.96
      2.74      0.96     -1.91
      1.78      0.00     -1.91
      1.78     -1.91     -2.87
      1.78     -1.91     -3.83
      1.78      0.00     -2.87
     -0.13      3.83     -1.91
     -1.09      4.78     -0.96
     -1.09      1.91      0.96
     -1.09     -2.87      1.91
     -1.09     -4.78      1.91
     -1.09     -2.87      0.96
     -1.09      1.91      0.00
     -2.04      3.83      0.00
     -1.09      2.87     -0.96
     -0.13      0.00      0.00
      0.83     -2.87      0.00
      0.83     -3.83      0.00
     -0.13     -1.91      0.00
     -1.09      0.00      0.96
     -1.09      1.91      0.96
     -0.13      1.91      0.00
     -0.13      0.00      0.96
     -0.13     -0.96      0.96
      0.83      0.00      0.96
      0.83      0.96      0.00
      0.83      0.96      0.00
      1.78      0.96     -0.96
      1.78      0.00     -0.96
      2.74     -0.96     -1.91
      1.78     -0.96     -1.91
      1.78      0.00     -1.91
      0.83      0.96     -0.96
     -0.13      0.96     -0.96
     -0.13      0.00     -0.96
     -0.13     -0.96     -0.96
     -0.13     -0.96     -0.96
     -0.13      0.96      0.00
     -0.13      0.96      0.96
     -0.13      0.00      0.96
     -0.13     -0.96      0.00
      0.83      0.00      0.00
     -0.13      1.91      0.00
     -1.09      2.87      0.96
     -1.09      1.91      0.00
     -0.13      0.00      0.00
      0.83     -2.87      0.00
      0.83     -2.87      0.00
     -0.13      0.00     -0.96
     -1.09      2.87     -0.96
     -1.09      2.87     -0.96
     -0.13      0.96     -1.91
      0.83     -1.91     -1.91
      0.83     -0.96     -0.96
      0.83      0.96      0.00
      0.83      1.91      0.00
     -0.13      0.96      0.00
     -0.13     -0.96      0.00
      0.83     -2.87     -0.96
      0.83     -0.96     -0.96
     -0.13      1.91      0.00
     -1.09      2.87      0.96
     -1.09      0.96      0.00
     -0.13     -0.96      0.00
      0.83     -1.91     -0.96
      0.83     -0.96      0.00
      0.83      2.87     -0.96
     -0.13      3.83     -0.96
      0.83      3.83     -1.91
      0.83      0.96     -0.96
      0.83     -1.91     -0.96
     -0.13     -1.91      0.00
     -0.13      0.00      0.00
     -0.13      0.96      0.00
     -0.13      0.96      0.00
     -0.13      0.00      0.00
      0.83      0.00      0.00
      0.83      0.00      0.00
      0.83      0.00      0.96
      0.83     -0.96      0.00
      0.83     -1.91     -0.96
     -0.13     -0.96     -0.96
     -0.13      0.00     -0.96
     -0.13      0.96     -0.96
     -1.09      1.91     -0.96
     -1.09      0.96      0.00
     -1.09     -0.96      0.00
     -0.13     -1.91      0.00
      0.83     -0.96     -0.96
     -0.13      0.96     -0.96
     -1.09      2.87     -0.96
     -0.13      1.91      0.00
      0.83      0.96      0.00
      0.83      0.00      0.00
     -0.13      0.00      0.00
     -0.13      0.00      0.00
     -0.13      0.00     -0.96
     -0.13      0.00     -0.96
     -0.13      0.00     -0.96
     -0.13      0.00     -0.96
     -0.13      0.96      0.00
     -0.13      0.96      0.96
     -0.13      0.00      0.00
      0.83     -0.96     -0.96
      0.83     -0.96     -0.96
      0.83      0.96     -0.96
      0.83      0.96     -0.96
      0.83      0.96     -0.96
      0.83     -0.96      0.00
      0.83     -0.96      0.96
      1.78      0.00      0.96
      0.83      1.91      0.96
     -0.13      2.87      0.00
     -0.13      0.96      0.00
      0.83     -1.91      0.00
      1.78     -2.87     -0.96
      0.83     -0.96     -0.96
     -0.13      0.96     -0.96
     -1.09      1.91     -0.96
     -1.09      1.91     -0.96
     -0.13      0.00     -0.96
     -0.13     -0.96     -0.96
     -1.09     -1.91     -0.96
     -1.09     -0.96     -0.96
     -0.13      0.00      0.00
     -0.13      0.96      0.00
      0.83      0.96      0.00
      0.83      0.96      0.00
      0.83      0.00      0.00
      0.83      0.00      0.00
      0.83      0.96      0.00
     -0.13      0.96      0.00
     -0.13      0.96      0.00
     -0.13      0.96     -0.96
      0.83      0.00     -0.96
      0.83      0.00      0.00
     -0.13     -0.96      0.00
     -0.13     -0.96      0.00
     -0.13      0.00      0.00
      0.83      0.96     -0.96
      0.83      1.91     -0.96
      0.83      1.91     -0.96
      0.83      0.96     -0.96
      0.83      0.00     -1.91
     -0.13     -0.96     -1.91
     -0.13      0.00     -1.91
     -1.09      0.96     -0.96
     -1.09      1.91      0.00
     -1.09      0.96      0.00
     -1.09      0.00      0.96
     -1.09     -0.96      0.00
     -0.13     -0.96      0.00
     -0.13     -0.96      0.00
     -0.13     -0.96      0.00
      0.83     -0.96      0.00
      0.83      0.00     -0.96
      0.83      1.91      0.00
      0.83      1.91      0.00
      0.83      0.96      0.00
      0.83      0.00      0.00
      0.83     -0.96      0.00
      0.83     -0.96      0.00
      0.83      0.00      0.00
     -0.13      0.00      0.00
     -0.13      1.91     -0.96
     -0.13      1.91      0.00
     -0.13      0.96      0.00
     -0.13      0.96      0.00
     -0.13      0.00      0.00
     -0.13     -0.96      0.00
     -0.13     -0.96      0.00
      0.83      0.00     -0.96
      0.83      0.00     -1.91
      0.83      0.00     -0.96
      0.83      0.00      0.00
      0.83      0.96      0.00
      0.83      1.91     -0.96
      0.83      2.87      0.00
     -0.13      1.91      0.00
     -0.13      0.00      0.00
     -0.13     -2.87     -0.96
     -0.13     -3.83      0.00
     -0.13     -2.87     -0.96
     -0.13      0.96     -0.96
     -0.13      3.83     -0.96
     -0.13      2.87      0.00
      0.83      0.00     -0.96
      0.83     -1.91     -0.96
      1.78     -2.87     -0.96
      0.83     -0.96     -0.96
     -0.13      0.96     -0.96
     -1.09      1.91      0.00
     -0.13      1.91      0.00
      0.83      0.96     -0.96
     -0.13      0.00     -0.96
     -0.13      0.96     -0.96
     -0.13      0.96      0.00
     -0.13      0.00      0.96
      0.83     -0.96      0.96
     -0.13     -1.91      0.00
     -0.13     -1.91      0.00
     -0.13     -0.96      0.00
     -0.13      0.96      0.00
     -0.13      1.91     -0.96
     -0.13      2.87     -0.96
     -0.13      1.91      0.00
      0.83      0.96     -0.96
     -0.13      0.00     -0.96
     -0.13      0.00     -0.96
      0.83      0.00     -0.96
      0.83      0.00     -0.96
      0.83      0.96     -0.96
     -0.13      1.91      0.00
     -0.13      0.96      0.00
      0.83     -0.96      0.00
      0.83     -1.91      0.00
      0.83     -1.91      0.00
      0.83     -0.96     -0.96
      0.83      0.00      0.00
     -0.13      1.91     -0.96
     -0.13      2.87     -0.96
      0.83      1.91     -0.96
     -0.13      0.00     -0.96
     -0.13     -0.96     -0.96
     -0.13     -1.91     -0.96
     -0.13     -0.96      0.00
     -0.13      0.96      0.00
     -1.09      1.91      0.00
     -1.09      0.96      0.96
     -0.13     -0.96      0.96
     -0.13     -1.91      0.00
     -0.13     -0.96     -0.96
     -0.13      0.00      0.00
     -0.13      1.91      0.00
      0.83      1.91      0.00
      0.83      0.96     -0.96
      0.83      0.00     -0.96
     -0.13     -0.96     -0.96
      0.83     -0.96     -0.96
     -0.13      0.96     -0.96
     -0.13      2.87      0.00
     -0.13      1.91      0.00
     -0.13      0.00      0.00
      0.83     -1.91      0.00
      0.83     -2.87      0.00
     -0.13     -0.96      0.00
     -0.13      1.91      0.00
      0.83      2.87      0.00
      0.83      1.91      0.00
      0.83      0.00      0.00
      0.83     -1.91     -0.96
      1.78     -1.91      0.00
      0.83      0.00      0.00
      0.83      0.96     -0.96
      0.83      0.96     -0.96
      0.83      0.00     -0.96
      0.83     -0.96      0.00
      0.83      0.00      0.00
     -0.13      0.96     -0.96
     -0.13      1.91      0.00
     -0.13      0.96      0.96
     -0.13      0.00      0.96
     -0.13     -0.96      0.00
     -0.13      0.00     -0.96
     -0.13      0.00     -0.96
     -0.13      0.00     -0.96
     -0.13      0.00     -0.96
     -0.13      0.96     -0.96
     -0.13      0.96     -0.96
     -0.13      0.96      0.00
     -0.13      0.00      0.00
     -0.13     -0.96      0.00
      0.83     -0.96      0.00
      0.83     -0.96      0.00
      0.83      0.00      0.00
      0.83      0.96      0.00
      0.83      0.96      0.00
      0.83      0.96      0.00
     -0.13      0.00      0.00
     -0.13      0.00     -0.96
     -0.13      0.00     -0.96
     -0.13      0.96     -0.96
     -0.13      1.91     -0.96
     -0.13      1.91     -0.96
     -0.13      0.96     -0.96
     -0.13     -0.96     -0.96
      0.83     -1.91     -0.96
      0.83     -0.96     -0.96
     -0.13      0.00     -0.96
     -0.13      0.96      0.00
      0.83      0.96      0.00
      0.83      0.96      0.00
      0.83      0.00      0.00
      0.83      0.00     -0.96
     -0.13      0.00     -0.96
     -0.13      0.00     -1.91
      0.83      0.00     -1.91
      0.83      0.96     -1.91
     -0.13      1.91     -0.96
     -0.13      1.91      0.00
     -0.13      0.00      0.00
     -0.13     -1.91      0.00
     -0.13     -1.91      0.00
     -0.13     -0.96      0.96
     -0.13      0.96      0.00
     -1.09      1.91      0.00
     -0.13      1.91      0.00
     -0.13      0.00      0.00
      0.83     -0.96      0.00
     -0.13     -0.96      0.00
     -0.13      0.00      0.00
     -0.13      0.96      0.00
     -0.13      0.96      0.00
     -0.13      0.96      0.00
      0.83      0.00      0.00
      0.83      0.00      0.96
      0.83      0.00      0.00
      0.83      0.96      0.00
      0.83      1.91      0.00
      0.83      0.96     -0.96
      0.83      0.00     -0.96
      0.83     -0.96     -0.96
      0.83     -0.96     -0.96
     -0.13      0.00     -0.96
     -0.13      0.00     -0.96
      0.83      0.00      0.00
      0.83      0.00     -0.96
     -0.13      0.00     -0.96
     -1.09      0.00     -0.96
     -0.13     -0.96     -0.96
      0.83     -0.96     -0.96
     -0.13      0.00     -0.96
     -0.13      1.91     -0.96
     -1.09      2.87     -0.96
     -1.09      1.91      0.00
     -0.13     -0.96      0.00
     -0.13     -2.87      0.00
     -0.13     -1.91      0.00
     -0.13      0.00      0.00
      0.83      1.91     -0.96
      0.83      1.91     -0.96
      0.83      0.00     -0.96
      0.83     -0.96     -0.96
      0.83     -0.96     -0.96
      0.83      0.96      0.00
     -0.13      1.91      0.00
      0.83      0.96      0.00
      0.83      0.00      0.00
      1.78      0.00      0.00
      0.83      0.00      0.00
      0.83      0.96      0.00
     -0.13      0.96      0.00
     -0.13      0.96      0.00
      0.83      0.96      0.00
      0.83      0.00     -0.96
     -0.13      0.00     -0.96
     -1.09      0.00     -0.96
     -1.09      0.00      0.00
     -0.13      0.00      0.00
     -0.13      0.00      0.00
     -1.09      0.00      0.00
     -1.09      0.00      0.00
     -0.13     -0.96     -0.96
     -0.13     -0.96     -0.96
      0.83     -0.96     -0.96
      0.83      1.91     -0.96
      0.83      2.87     -0.96
     -0.13      1.91      0.00
     -0.13      0.00      0.00
      0.83     -2.87      0.00
      0.83     -2.87      0.00
     -0.13      0.00      0.00
     -0.13      1.91      0.96
     -0.13      1.91      0.96
     -0.13      0.00      0.00
      0.83     -0.96      0.00
      0.83      0.00      0.00
     -0.13      0.96      0.00
     -0.13      1.91     -0.96
     -0.13      0.96     -0.96
      0.83      0.00     -0.96
      0.83     -0.96     -0.96
      0.83     -0.96     -1.91
     -0.13      0.96     -0.96
     -0.13      0.96     -0.96
     -0.13      0.96     -0.96
     -0.13      0.00     -0.96
     -0.13     -1.91      0.00
     -0.13     -1.91      0.00
     -1.09      0.00      0.00
     -1.09      0.96      0.96
     -0.13      0.96      0.96
      0.83      0.00      0.00
      0.83     -0.96      0.00
      0.83      0.00      0.00
     -0.13      1.91      0.00
     -0.13      1.91     -0.96
     -0.13      0.00     -0.96
     -0.13     -1.91     -0.96
     -0.13     -2.87     -0.96
     -0.13     -0.96     -0.96
     -1.09      1.91      0.00
     -0.13      2.87      0.00
      0.83      1.91      0.00
      0.83     -0.96      0.00
      0.83     -0.96      0.00
      0.83      0.00     -0.96
      0.83      0.96      0.00
      0.83      0.96      0.00
     -0.13      0.96     -0.96
     -0.13      0.00      0.00
      0.83      0.00      0.00
      0.83      0.00      0.00
     -0.13      0.00      0.00
     -1.09      0.96      0.00
     -0.13      0.00      0.00
     -0.13      0.00      0.00
     -0.13      0.00      0.00
      0.83      0.00     -0.96
      0.83      0.96     -0.96
      0.83      0.96     -0.96
      0.83      0.96     -0.96
      0.83      0.00     -0.96
     -0.13      0.00     -0.96
     -0.13      0.00     -0.96
     -0.13      0.00     -0.96
     -0.13      0.96     -0.96
      0.83      0.96      0.00
      0.83      0.96     -0.96
     -0.13      0.00     -0.96
     -0.13      0.00     -0.96
     -0.13      0.96      0.00
     -0.13      0.96      0.00
     -0.13      0.96      0.96
     -0.13      0.00      0.96
     -0.13     -1.91      0.96
      0.83     -1.91      0.96
      0.83      0.00      0.00
      0.83      1.91     -0.96
     -0.13      2.87     -0.96
     -0.13      1.91     -0.96
      0.83     -0.96     -0.96
      0.83     -1.91     -0.96
      0.83     -1.91     -0.96
     -0.13      0.00     -0.96
     -0.13      1.91      0.00
     -0.13      0.96      0.00
      0.83      0.00      0.00
     -0.13      0.00      0.00
     -0.13      0.96      0.00
     -0.13      1.91      0.00
     -0.13      1.91      0.00
     -0.13      0.96     -0.96
      0.83      0.00     -0.96
      0.83      0.00     -1.91
      0.83      0.00     -0.96
     -0.13      0.00     -0.96
     -0.13     -0.96     -0.96
      0.83     -0.96     -0.96
      0.83     -0.96     -0.96
     -0.13      0.00      0.00
     -0.13      0.96      0.00
     -1.09      1.91      0.00
     -0.13      1.91      0.00
     -0.13      1.91      0.00
     -0.13      0.96      0.00
     -0.13     -0.96      0.00
     -0.13     -2.87      0.00
      0.83     -2.87      0.00
      0.83     -0.96     -0.96
      0.83      1.91     -0.96
      0.83      2.87     -0.96
      0.83      0.96     -0.96
     -0.13     -0.96     -0.96
     -0.13     -1.91      0.00
     -0.13     -0.96      0.00
     -0.13      0.96      0.96
     -0.13      1.91      0.00
      0.83      0.96      0.00
      0.83      0.96     -0.96
      0.83      0.96     -0.96
     -0.13      0.96     -0.96
     -0.13      0.96     -0.96
     -0.13      0.00     -0.96
     -0.13     -0.96     -0.96
     -0.13     -1.91     -0.96
     -0.13     -0.96     -0.96
     -0.13      0.00      0.00
     -1.09      0.96      0.00
     -0.13      0.96      0.00
      0.83      0.96     -0.96
      0.83      0.96     -0.96
      0.83      0.96     -0.96
      0.83      0.96     -0.96
      0.83      0.96      0.00
      0.83      0.00      0.00
      0.83      0.00      0.00
     -0.13     -0.96      0.00
     -0.13     -0.96      0.00
     -0.13      0.00      0.00
     -0.13      0.00     -0.96
     -0.13      0.96     -0.96
     -0.13      1.91     -0.96
     -0.13      1.91     -0.96
     -0.13      0.00      0.00
     -0.13     -1.91      0.00
      0.83     -1.91     -0.96
      0.83     -0.96     -0.96
      0.83      0.96     -0.96
      0.83      1.91     -0.96
     -0.13      0.96      0.00
     -0.13      0.00      0.00
     -0.13     -0.96      0.96
     -0.13     -0.96      0.96
     -0.13      0.96      0.96
     -0.13      1.91      0.00
     -0.13      1.91      0.00
      0.83      0.00      0.00
     -0.13     -0.96     -0.96
     -0.13     -0.96      0.00
     -0.13      0.00      0.00
     -0.13      0.00      0.00
     -0.13      0.96      0.00
     -0.13      0.96      0.00
     -0.13      0.00      0.00
     -0.13      0.00      0.00
     -0.13      0.00     -0.96
     -0.13      0.96     -0.96
     -0.13      0.96     -0.96
     -0.13      0.96     -0.96
      0.83      0.00      0.00
      0.83      0.00      0.00
      0.83      0.00      0.96
      0.83      0.00      0.00
      0.83      0.00      0.00
      1.78      0.00      0.00
      1.78      0.00      0.00
      0.83      0.00      0.00
      0.83      0.96     -0.96
     -0.13      0.96      0.00
     -0.13      0.96      0.00
     -0.13      0.00     -0.96
     -0.13     -0.96     -0.96
     -0.13     -0.96     -1.91
     -0.13      0.00     -0.96
     -0.13      0.96      0.00
     -0.13      1.91      0.00
     -0.13      0.96      0.00
     -0.13     -0.96     -0.96
     -0.13     -0.96     -0.96
     -0.13     -0.96     -0.96
     -0.13      0.96      0.00
     -0.13      0.96      0.00
     -0.13      0.96     -0.96
     -0.13      0.96     -0.96
     -0.13      0.96      0.00
     -0.13      0.96      0.00
      0.83     -0.96      0.00
      0.83     -0.96      0.00
      0.83     -0.96     -0.96
      0.83      0.00     -0.96
      0.83      0.00      0.00
     -0.13      0.00      0.00
     -0.13     -0.96      0.00
     -0.13     -0.96      0.00
     -0.13      0.00      0.00
     -0.13      0.96      0.00
     -0.13      0.96      0.00
      0.83      0.00      0.00
      0.83      0.00      0.00
      0.83      0.00      0.00
      0.83      0.96     -0.96
      0.83      0.96     -0.96
      0.83      0.00     -0.96
     -0.13      0.96     -0.96
     -0.13      0.00     -0.96
     -0.13      0.00     -0.96
     -0.13      0.00     -0.96
     -1.09      0.00      0.00
     -0.13      0.00      0.00
     -0.13      0.96      0.00
     -0.13      0.96     -0.96
      0.83      0.00     -0.96
      0.83     -0.96     -0.96
      0.83     -0.96     -0.96
      0.83      0.00     -0.96
      0.83      1.91     -0.96
     -0.13      1.91      0.00
     -0.13      0.96      0.00
     -0.13      0.00      0.00
     -0.13     -0.96      0.96
     -0.13      0.00      0.96
     -0.13      0.96      0.00
     -0.13      1.91      0.00
     -0.13      0.96     -0.96
     -0.13      0.00     -0.96
      0.83     -0.96     -0.96
     -0.13      0.00     -0.96
     -0.13      0.96     -0.96
     -0.13      0.96     -0.96
     -0.13      0.96     -0.96
     -0.13      0.00      0.00
     -0.13      0.00      0.00
     -0.13      0.00      0.96
     -0.13      0.96      0.96
     -0.13      0.96      0.96
      0.83      0.96      0.00
      0.83      0.00     -0.96
      0.83     -0.96     -0.96
      0.83      0.00      0.00
      0.83      0.96      0.00
     -0.13      1.91      0.00
     -0.13      1.91      0.00
     -0.13      0.96      0.00
     -0.13     -0.96      0.00
     -0.13     -0.96      0.00
     -0.13      0.00      0.00
      0.83      0.96     -0.96
      0.83      1.91     -0.96
      0.83      0.96     -0.96
      0.83      0.00     -0.96
      0.83     -0.96     -0.96
     -0.13     -0.96     -0.96
     -0.13     -0.96      0.00
     -0.13      0.00      0.00
     -0.13      0.96      0.00
     -0.13      0.96      0.00
     -0.13      0.96      0.00
     -0.13      0.00      0.00
     -0.13     -1.91      0.00
      0.83     -1.91      0.00
      0.83     -0.96      0.00
     -0.13      0.96      0.00
     -0.13      2.87      0.00
     -0.13      2.87      0.00
      0.83      0.96      0.00
      0.83     -0.96      0.00
      0.83     -1.91     -0.96
      0.83     -0.96     -0.96
     -0.13      0.00     -1.91
     -0.13      0.00     -1.91
     -0.13      0.00     -0.96
     -0.13      0.00     -0.96
     -1.09      0.96      0.00
     -0.13      0.96      0.00
     -0.13      0.96      0.00
     -0.13      0.96      0.00
     -0.13      0.96      0.00
     -0.13      0.96      0.00
      0.83      0.00      0.00
      0.83      0.00      0.00
      0.83      0.00      0.00
      0.83      0.00      0.00
      0.83      0.96      0.00
      0.83      0.96      0.00
      0.83      0.00      0.00
      0.83      0.00      0.00
      0.83      0.00      0.00
      0.83      0.00     -0.96
      0.83      0.96     -0.96
      0.83      0.00     -0.96
     -0.13      0.00     -0.96
     -0.13      0.00     -0.96
      0.83      0.96     -0.96
     -0.13      0.96     -0.96
     -0.13      1.91     -0.96
     -0.13      0.96     -0.96
     -0.13      0.00     -0.96
     -0.13      0.00     -0.96
     -0.13      0.00     -0.96
     -0.13      0.00     -0.96
     -0.13     -0.96      0.00
     -0.13     -0.96      0.00
     -0.13      0.00      0.00
     -0.13      0.96      0.00
     -0.13      1.91      0.00
     -0.13      0.96      0.96
     -0.13     -0.96      0.96
     -0.13     -1.91      0.96
      0.83     -0.96      0.00
     -0.13      0.96      0.00
     -0.13      1.91     -0.96
     -0.13      1.91     -0.96
     -0.13      0.96     -0.96
      0.83      0.00     -0.96
      0.83      0.00     -0.96
      0.83      0.00     -0.96
      0.83      0.96     -0.96
     -0.13      0.96      0.00
      0.83      0.96      0.00
      0.83      0.00      0.00
      0.83      0.00      0.00
     -0.13      0.00      0.00
     -0.13      0.96      0.96
     -0.13      0.96      0.96
     -0.13      0.00      0.96
     -0.13     -0.96      0.96
     -0.13     -1.91      0.00
     -0.13     -0.96      0.00
     -0.13      0.96      0.00
      0.83      1.91     -0.96
      0.83      0.00     -0.96
      0.83     -0.96     -1.91
      0.83     -1.91     -1.91
     -0.13     -0.96     -1.91
     -1.09      0.96     -0.96
     -1.09      1.91      0.00
     -0.13      1.91      0.00
     -0.13      0.96     -0.96
     -0.13      0.00     -0.96
     -1.09     -0.96     -0.96
     -1.09     -0.96     -0.96
     -1.09      0.00     -0.96
     -1.09      0.96      0.00
     -0.13      0.96      0.00
     -0.13      0.00      0.00
      0.83      0.00      0.00
      0.83      0.00      0.00
      0.83      0.00      0.00
      0.83      0.96      0.00
      0.83      0.96      0.00
      1.78      0.96      0.00
      0.83      0.00      0.00
      0.83      0.00      0.00
      0.83      0.96     -0.96
      0.83      0.96     -0.96
      0.83      0.96     -0.96
      0.83      0.00     -0.96
      0.83      0.96      0.00
     -0.13      1.91      0.00
     -1.09      0.96      0.00
     -0.13      0.00      0.96
     -0.13     -1.91      0.96
     -0.13     -1.91      0.00
     -0.13      0.00      0.00
     -0.13      1.91      0.00
     -0.13      1.91      0.00
     -0.13      0.96      0.00
      0.83     -0.96     -0.96
      1.78     -1.91     -0.96
      0.83     -0.96     -0.96
      0.83      0.96     -0.96
     -0.13      2.87     -0.96
     -0.13      1.91      0.00
     -0.13      0.96      0.00
      0.83     -0.96      0.96
     -0.13     -0.96      0.96
     -0.13      0.00      0.96
     -0.13      0.96      0.96
     -0.13      0.96      0.00
     -0.13      0.96      0.00
     -0.13      0.00     -0.96
     -0.13      0.00     -0.96
      0.83     -0.96     -0.96
      0.83     -0.96     -1.91
      0.83      0.00     -1.91
     -0.13      0.00     -2.87
     -0.13      0.96     -1.91
     -0.13      0.00     -0.96
     -0.13      0.00     -0.96
      0.83      0.00     -0.96
      0.83      0.00     -0.96
      0.83      0.00      0.00
      0.83      0.00      0.00
      0.83      0.00      0.00
      0.83      0.00      0.00
      0.83      0.96      0.00
      0.83      0.96      0.00
     -0.13      0.96      0.00
     -0.13      0.00      0.00
     -0.13      0.00      0.00
     -0.13     -0.96      0.00
     -0.13      0.00      0.00
     -0.13      0.96      0.00
     -1.09      0.96      0.00
     -1.09      0.96      0.00
     -1.09      0.00      0.00
     -0.13     -0.96     -0.96
     -0.13     -0.96     -0.96
     -0.13      0.00     -0.96
     -0.13      0.00     -0.96
     -0.13      0.00     -0.96
     -0.13      0.00     -0.96
     -0.13      0.96     -0.96
     -0.13      0.96     -0.96
     -0.13      1.91      0.00
     -0.13      0.96      0.00
      0.83      0.96      0.96
      0.83      0.00      0.96
      0.83      0.00      0.00
     -0.13      0.00      0.00
     -0.13      0.00      0.00
      0.83     -0.96      0.00
      1.78     -0.96     -0.96
      1.78      0.00     -0.96
      0.83      0.96     -0.96
      0.83      1.91     -0.96
      0.83      1.91     -0.96
      0.83      0.96     -0.96
      0.83      0.00     -0.96
      0.83     -0.96     -0.96
      0.83     -0.96     -0.96
     -0.13      0.00     -0.96
     -1.09      0.00     -0.96
     -0.13      0.96      0.00
     -0.13      0.96      0.00
     -0.13      0.00      0.00
     -0.13     -0.96      0.00
      0.83     -0.96      0.00
      0.83      0.00      0.00
      0.83      0.96      0.00
     -0.13      0.96      0.00
     -0.13      0.00     -0.96
      0.83     -0.96     -0.96
      0.83     -0.96     -0.96
     -0.13     -0.96     -0.96
     -0.13      0.00     -0.96
     -0.13      0.96     -0.96
     -0.13      0.96     -0.96
     -0.13      0.96      0.00
     -0.13      1.91      0.00
     -0.13      0.96      0.96
     -0.13      0.00      0.00
     -0.13     -0.96      0.00
     -0.13      0.00     -0.96
     -0.13      0.00      0.00
      0.83      0.96      0.00
     -0.13      0.96      0.00
     -0.13      0.00      0.00
     -0.13      0.00      0.00
      0.83     -0.96      0.00
      0.83     -0.96     -0.96
     -0.13      0.00     -0.96
     -0.13      0.96     -0.96
     -0.13      0.96     -0.96
      0.83      0.96     -0.96
      0.83      0.00     -0.96
      0.83      0.00     -0.96
      0.83      0.00      0.00
     -0.13      0.96      0.00
      0.83      1.91      0.00
      0.83      0.96      0.00
      0.83     -0.96      0.00
      0.83     -0.96     -0.96
      0.83      0.00     -0.96
     -0.13      0.96     -0.96
     -0.13      1.91     -0.96
     -0.13      0.96     -0.96
     -0.13      0.00     -0.96
     -0.13      0.00     -0.96
     -0.13      0.96     -0.96
     -0.13      0.96     -0.96
     -0.13      0.96     -0.96
     -0.13      0.00      0.00
     -0.13     -0.96      0.00
     -0.13     -0.96      0.00
     -0.13      0.96      0.00
     -0.13      0.96      0.96
     -0.13      0.96      0.96
      0.83      0.00      0.00
      0.83     -0.96      0.00
      0.83      0.00      0.00
      0.83      0.96      0.00
     -0.13      1.91      0.00
     -0.13      1.91      0.00
     -0.13      0.96      0.00
      0.83     -0.96     -0.96
      0.83     -1.91     -0.96
     -0.13     -0.96     -0.96
     -0.13      0.00     -0.96
     -0.13      0.96     -0.96
      0.83      0.96     -0.96
      0.83      0.00     -0.96
      0.83      0.00      0.00
      0.83      0.00      0.00
      0.83      0.00      0.00
      0.83      0.00      0.00
      0.83      0.00      0.00
     -0.13      0.00      0.00
     -0.13      0.00      0.00
     -0.13      0.00      0.00
     -0.13      0.00      0.00
     -0.13      0.00      0.00
     -0.13      0.00      0.00
     -0.13      0.00      0.00
     -0.13      0.96     -0.96
     -0.13      0.96     -0.96
     -0.13      0.00     -0.96
     -0.13      0.00      0.00
     -0.13      0.00      0.00
     -0.13      0.00      0.00
     -0.13      0.96      0.00
     -0.13      0.96      0.00
      0.83      0.96      0.00
      0.83      0.96     -0.96
      0.83      0.00     -0.96
      0.83      0.00      0.00
     -0.13      0.00      0.00
     -0.13      0.96      0.00
     -0.13      0.96      0.00
     -0.13      0.96      0.00
