********************************************************************************
                       INSTITUTO DE INGENIERIA, UNAM
                   Coordinacion de Instrumentacion Sismica
  Ciudad Universitaria, Apartado Postal 70-472, Coyoacan 04510, Mexico, D.F.
 Tel.(52-5)622-3414    Fax.(52-5)616-1514    e-mail: isismica@pumas.iingen.unam.mx
**************************************************************************************
ARCHIVO ESTANDAR DE ACELERACION:
VERSION DEL FORMATO                    : 2.0
NOMBRE DEL ARCHIVO                     : SUCH9405.231
FECHA Y HORA DE CREACION               : Mon Feb 19 11:11:36 1996
REF. CATALOGO ACELEROGRAMAS, SMIS 1995 : REGISTRO NO.      /PAG.    


================================================================================
DATOS DE LA ESTACION:
NOMBRE DE LA ESTACION                  : EL SUCHIL
CLAVE DE LA ESTACION                   : SUCH
LOCALIZACION DE LA ESTACION            : Taller Mecanico en el Suchil,
                                       : Guerrero.
                                       :
                                       :
                                       :
COORDENADAS DE LA ESTACION             : 17.226169 LAT. N
                                       : 100.638345 LONG. W
ALTITUD (msnm)                         : 40  
TIPO DE SUELO                          : ROCA
                                       : 
                                       : 
INSTITUCION RESPONSABLE                : INSTITUTO DE INGENIERIA UNAM
                                       :

================================================================================
DATOS DEL ACELEROGRAFO: 
MODELO DEL ACELEROGRAFO                : DCA-333
NUMERO DE SERIE DEL ACELEROGRAFO       : 109
NUMERO DE CANALES                      : 3
ORIENTACION C1-C6 (rumbo;orientacion)  : /V/N90E/N00E
ORIENTACION C7-C12 (rumbo;orientacion) :
VEL. DE MUESTREO, C1-C6 (muestras/s)   : /100/100/100
VEL. DE MUESTREO, C7-C12 (muestras/s)  :
ESC. COMPLETA DE SENSORES, C1-C6, (g)  : /2/2/2
ESC. COMPLETA DE SENSORES, C7-C12 (g)  :
FREC. NAT. DE SENSORES, C1-C6, (Hz)    : /30.0/30.0/30.0
FREC. NAT. DE SENSORES, C7-C12 (Hz)    :
AMORTIGUAMIENTO DE SENSORES, C1-C6     : /0.70/0.70/0.70
AMORTIGUAMIENTO DE SENSORES, C7-C12    :
INTERVALO DE MUESTREO, C1-C6 (s)       : /0.01/0.01/0.01
INTERVALO DE MUESTREO, C7-C12 (s)      :
UMBRAL DE DISPARO, C1-C6 (Gal)         : /8/8/8
UMBRAL DE DISPARO, C7-C12 (Gal)        :
MEMORIA DE PREEVENTO (s)               : 4
TIEMPO DE POSEVENTO (s)                : 15


================================================================================
DATOS DEL SISMO:
FECHA DEL SISMO [GMT]                  : 1994/05/23
HORA EPICENTRO (GMT)                   : 1:41:46,0 
MAGNITUD(ES)                           : /Mc=5.60
COORDENADAS DEL EPICENTRO              : 18.030 LAT. N 
                                       : 100.570 LONG. W
PROFUNDIDAD FOCAL (km)                 : 23 
FUENTES DE LOS DATOS EPICENTRALES      : SSN
                                       : INSTITUTO DE GEOFISICA, UNAM

================================================================================
DATOS DE ESTE REGISTRO:
HORA DE LA PRIMERA MUESTRA (GMT)       : 01:41:59.00
EXACTITUD DEL TIEMPO (s)               : 0.50
DURACION DEL REGISTRO (s), C1-C6       : /28.82/28.82/28.82                      
DURACION DEL REGISTRO (s), C7-C12      : 
NUM. TOTAL DE MUESTRAS, C1-C6          : /2882/2882/2882                       
NUM. TOTAL DE MUESTRAS, C7-C12         : 
ACEL. MAX.(Gal), C1-C6                 : /9.57/-17.23/12.44                    
ACEL. MAX., C1-C6, EN LA MUESTRA       : /354/1429/345                         
ACEL. MAX.(Gal), C7-C12                : 
ACEL. MAX., C7-C12,EN LA MUESTRA       : 
UNIDADES DE LOS DATOS                  : Gal (cm/s/s)
FACTOR DE DECIMACION                   : 1
FORMATO DATOS (FORTRAN,10 campos/dato) : 3F10.2


================================================================================
CALIDAD DEL ACELEROGRAMA:
REGISTRO DIGITAL COMPLETO, CON TIEMPO ABSOLUTO CORRECTO.


===============================================================================
COMENTARIOS:














===============================================================================
DATOS DE ACELERACION:
---------+---------+---------+---------+---------+---------+---------+---------+
   CANAL-1   CANAL-2   CANAL-3
         V      N90E      N00E
---------+---------+---------+---------+---------+---------+---------+---------+
     -0.96      0.96      0.96
      0.00      0.96      0.96
      0.96      0.96      0.96
      1.91      0.96      0.96
      2.87      0.00     -1.91
      1.91      0.00     -1.91
     -0.96     -0.96      0.00
     -0.96      0.00      0.96
      0.00      0.00      0.96
      0.96      0.96      0.96
      0.00      0.96      0.00
     -1.91      0.96      0.96
     -3.83      0.96      2.87
     -2.87      1.91      2.87
     -1.91      0.96      1.91
     -0.96      1.91      0.96
      0.00      0.96      0.00
      0.00      0.00     -0.96
      1.91     -0.96     -0.96
      0.96     -0.96     -0.96
      0.00      0.00     -0.96
      1.91      0.00     -0.96
      1.91      0.00      0.00
      1.91     -0.96      0.00
      0.00     -0.96      0.96
     -1.91      0.00      1.91
     -1.91      0.96      1.91
      0.96      1.91      0.00
      2.87      0.96     -1.91
      1.91      0.96     -1.91
     -0.96      0.00      0.00
     -3.83      0.00      1.91
     -1.91      0.96      2.87
      0.00      1.91      1.91
     -0.96      1.91      0.00
     -2.87      0.96      1.91
     -2.87      0.96      4.79
     -0.96      0.00      3.83
      0.00      0.96      0.96
      0.96      0.96     -1.91
      0.96      0.00     -1.91
      1.91     -1.91     -0.96
      3.83     -1.91     -1.91
      6.70     -0.96     -1.91
      6.70      0.00     -3.83
      2.87     -0.96     -4.79
     -0.96     -0.96     -2.87
     -1.91      0.00      0.96
     -0.96      1.91      3.83
      0.00      2.87      2.87
      0.00      2.87      1.91
     -1.91      0.96      1.91
     -1.91      0.00      1.91
     -2.87      0.00      0.96
     -3.83      1.91      0.00
     -3.83      1.91      0.96
     -2.87      0.96      0.96
     -2.87      0.96      0.96
     -3.83      0.96      1.91
     -5.74      0.96      3.83
     -3.83      1.91      3.83
     -1.91      0.96      1.91
     -0.96      0.96      0.96
      0.96      0.00      0.96
      1.91     -0.96      0.96
      0.00     -0.96      0.00
      1.91     -0.96     -1.91
      0.00     -0.96     -1.91
     -2.87      0.00      0.00
     -0.96      0.00      0.96
     -0.96      0.96      1.91
      0.00      1.91      1.91
      2.87      1.91      0.00
      2.87      0.96     -3.83
      2.87      0.00     -1.91
      0.96     -1.91     -1.91
     -0.96     -1.91     -2.87
      0.00     -0.96     -1.91
      1.91      0.00     -0.96
      3.83      0.96     -0.96
      0.96      0.96     -0.96
     -0.96      0.96      0.00
      0.96      0.96      2.87
      3.83      1.91      1.91
      5.74      1.91     -1.91
      2.87      0.00     -1.91
      0.00     -1.91      0.00
     -2.87     -0.96      1.91
     -2.87      1.91      2.87
     -2.87      2.87      2.87
     -1.91      2.87      3.83
     -0.96      1.91      4.79
      0.00      0.96      3.83
     -1.91      0.00      2.87
     -2.87     -0.96      1.91
     -4.79      0.00      0.96
     -3.83      0.96      0.00
     -1.91      0.00      0.96
     -0.96      0.00      0.96
      0.00     -0.96      0.96
      1.91     -0.96      0.00
      1.91      0.00     -2.87
      1.91     -0.96     -3.83
      2.87     -2.87     -3.83
     -0.96     -1.91     -1.91
     -4.79      0.00      0.00
     -3.83      1.91      0.96
     -0.96      2.87      1.91
      1.91      1.91      1.91
      2.87      0.00     -1.91
      0.96     -1.91     -1.91
     -1.91      0.00      0.96
     -0.96      0.96      0.96
      1.91      0.96     -1.91
     -0.96      1.91      0.00
      0.00      1.91      2.87
      1.91      0.96      2.87
      1.91      0.00     -0.96
      1.91      0.00     -2.87
      1.91      0.00      0.00
     -1.91      0.00      1.91
     -1.91      0.00      1.91
      1.91      0.96      1.91
      1.91      1.91      0.96
      0.96      1.91      1.91
      0.00      0.96      0.96
     -0.96     -1.91      1.91
     -2.87     -1.91      1.91
     -2.87      0.00      0.96
      0.00      1.91      0.96
      1.91      1.91      0.96
      1.91      1.91      0.96
     -0.96      0.96      0.00
     -1.91      0.00      0.00
     -0.96      0.00      0.00
      0.00     -0.96     -2.87
      1.91     -0.96     -3.83
      1.91     -0.96     -0.96
      0.96      0.00      0.00
      0.00      0.96     -0.96
     -0.96      0.96     -1.91
     -1.91      1.91      0.00
     -1.91      1.91      0.96
     -0.96      0.96      0.96
      0.00      0.00      0.96
      0.00      0.00      1.91
      1.91      0.00      0.96
      1.91      0.00     -1.91
      0.00      0.96     -1.91
     -1.91      0.00     -0.96
     -1.91      0.00      2.87
      1.91      0.96      2.87
      3.83      0.96      0.00
      1.91      0.00     -0.96
      0.00      0.00      0.96
     -0.96      0.00      0.96
      0.96      0.00     -0.96
      1.91      0.96     -0.96
      1.91      0.00      0.00
      1.91     -1.91      0.96
      0.00     -0.96      0.96
      0.00      0.96      0.00
      1.91      1.91      0.00
      0.00      0.96      0.00
     -1.91      0.96      0.96
     -1.91      0.96      2.87
     -1.91      0.96      3.83
     -0.96      0.96      2.87
      0.96      0.96      0.96
      1.91      0.96     -0.96
      0.00      0.96     -1.91
     -1.91      0.96      0.00
     -1.91      0.96      0.96
      0.96      0.96      1.91
      1.91      0.96      0.96
      1.91      0.00     -1.91
      2.87     -0.96     -2.87
      0.96     -0.96     -2.87
     -1.91     -0.96     -1.91
     -3.83      0.00      0.00
     -2.87      0.96      2.87
      0.00      1.91      4.79
      0.00      1.91      2.87
     -0.96      0.96      0.96
      0.00      0.00      0.00
      1.91      0.00     -1.91
      0.00      0.96     -2.87
     -1.91      0.96     -1.91
     -1.91      0.96      0.96
      1.91      0.00      0.96
      2.87      0.96      0.00
      1.91      0.00     -1.91
      1.91     -0.96     -0.96
      1.91     -1.91     -0.96
      0.96     -0.96     -2.87
      0.96      0.96     -0.96
     -1.91      0.96      0.96
     -4.79      1.91      2.87
     -2.87      0.96      3.83
     -0.96      1.91      2.87
     -2.87      1.91      2.87
     -2.87      1.91      2.87
     -1.91      1.91      1.91
     -2.87      2.87      0.96
     -2.87      2.87      0.00
     -0.96      0.96     -0.96
      1.91     -0.96      0.96
      2.87      0.00      0.96
      1.91     -0.96     -1.91
      1.91     -1.91     -1.91
      1.91     -1.91      0.00
      1.91      0.00      0.96
      0.00      0.96     -0.96
     -2.87      1.91      0.00
     -2.87      1.91      3.83
     -1.91      0.96      2.87
     -0.96      0.96      0.96
      0.00      0.96     -1.91
     -1.91      0.96      0.00
     -1.91      0.96      0.96
      0.00      0.00     -0.96
      0.00      0.96      0.00
     -0.96      0.96      0.96
      1.91      0.00      0.96
      3.83     -1.91     -1.91
      4.79     -2.87     -2.87
      3.83     -1.91     -0.96
      1.91     -0.96      0.00
      1.91     -0.96     -0.96
      0.00      0.00      0.00
      1.91      1.91      0.00
      2.87      0.96      0.96
      0.96      1.91      0.00
     -2.87      1.91      0.96
     -2.87      0.96      3.83
     -1.91      0.00      3.83
      0.96      0.96      0.00
      2.87      0.00     -3.83
      2.87     -0.96     -1.91
      2.87     -0.96      0.00
      1.91     -0.96     -0.96
      0.00      0.00     -2.87
     -3.83      0.00     -0.96
     -5.74      1.91      2.87
     -6.70      3.83      7.66
     -4.79      3.83      7.66
     -2.87      2.87      4.79
     -2.87      1.91      2.87
     -4.79      0.96      1.91
     -5.74     -0.96      0.96
     -2.87     -0.96     -0.96
     -2.87      0.96      0.00
      0.96      0.00      0.00
      3.83     -0.96     -2.87
      4.79     -1.91     -3.83
      4.79     -1.91     -3.83
      1.91     -1.91     -1.91
     -1.91     -1.91      0.96
     -1.91      0.00      3.83
      3.83      0.96      2.87
      5.74      1.91     -1.91
      3.83      0.96     -5.74
      1.91     -0.96     -3.83
      0.00     -1.91     -0.96
     -0.96      0.00     -0.96
     -1.91      1.91     -1.91
     -0.96      2.87      0.96
      0.96      1.91      4.79
      0.96      0.96      5.74
      1.91      0.96      2.87
      1.91     -0.96      0.96
     -0.96     -1.91     -0.96
     -1.91     -1.91     -0.96
     -1.91     -0.96      0.00
      0.96      0.96      1.91
      1.91      0.96      2.87
      0.96      2.87      0.96
     -5.74      3.83      1.91
     -7.66      2.87      3.83
     -4.79      2.87      4.79
      0.96      3.83      3.83
      1.91      1.91      1.91
      0.00     -1.91     -1.91
      1.91     -2.87     -3.83
      0.00     -2.87     -4.79
     -3.83     -0.96     -2.87
     -4.79      0.96      0.00
     -4.79      0.96      2.87
     -3.83      3.83      7.66
     -0.96      2.87      5.74
      1.91      0.96      0.96
      0.00     -0.96     -2.87
      0.00     -2.87     -3.83
      1.91     -1.91     -3.83
      0.00      0.00     -6.70
     -3.83      0.00     -3.83
     -3.83      0.00      3.83
     -0.96      0.96      8.61
      3.83      0.96      4.79
      3.83      0.96     -0.96
      0.96      0.00     -2.87
      0.00     -1.91     -1.91
      1.91     -0.96     -1.91
      1.91      0.00     -0.96
      1.91      0.96      0.96
      0.00      0.96      2.87
     -0.96      0.96      3.83
      0.00      0.96      4.79
      1.91      0.96      4.79
     -2.87      0.96      1.91
     -4.79      1.91      0.96
     -1.91      2.87      0.96
      1.91      1.91      1.91
      0.00      0.00      0.96
     -5.74     -1.91      0.00
     -5.74     -1.91      3.83
     -2.87     -0.96      4.79
     -0.96      0.96      0.00
     -0.96      0.00     -2.87
     -0.96     -0.96      0.96
     -1.91      0.00      4.79
     -4.79      1.91      2.87
     -2.87      1.91     -0.96
      4.79      0.96     -1.91
      5.74      0.96     -4.79
      1.91      0.00     -4.79
      1.91     -1.91     -0.96
      0.00      0.00      2.87
      0.96      2.87      1.91
      1.91      1.91     -3.83
      0.96     -1.91     -4.79
     -0.96     -1.91      0.00
     -0.96     -0.96      0.96
      1.91      0.96      0.00
     -1.91      2.87     -1.91
     -5.74      2.87      0.00
     -6.70      0.96      5.74
     -1.91      0.96      6.70
      4.79      0.00      2.87
      7.66     -0.96     -0.96
      8.61     -0.96     -3.83
      3.83     -0.96     -6.70
     -2.87     -0.96     -5.74
     -7.66      0.96      0.96
     -6.70      1.91      8.61
     -2.87      2.87     12.44
     -1.91      0.00      9.57
     -1.91     -1.91      4.79
      1.91     -2.87      0.96
      1.91     -0.96     -4.79
     -4.79      0.96     -4.79
     -6.70      1.91     -0.96
     -3.83      1.91      2.87
      2.87      3.83      5.74
      9.57      0.96      2.87
      8.61     -2.87     -6.70
      0.00     -2.87     -9.57
     -6.70     -1.91     -5.74
     -9.57      1.91     -0.96
     -6.70      4.79      3.83
     -1.91      5.74      6.70
     -0.96      4.79      8.61
      2.87      0.00      8.61
      4.79     -3.83      0.96
      1.91     -3.83     -5.74
     -0.96     -2.87     -6.70
     -3.83     -1.91     -4.79
     -2.87      1.91      0.00
      4.79      5.74      0.96
      9.57      4.79      0.00
      4.79      0.96      0.96
     -1.91     -1.91      0.00
     -4.79     -2.87      0.00
     -2.87     -1.91      0.96
      1.91     -0.96      0.96
      7.66      0.96     -0.96
      6.70      0.00     -3.83
      2.87     -1.91     -1.91
      0.00      0.00     -1.91
     -3.83      0.96     -1.91
     -1.91      0.96      0.00
      2.87      0.96      1.91
      2.87      0.96      2.87
     -2.87      0.00      1.91
     -6.70      1.91      2.87
     -5.74      5.74      6.70
     -6.70      4.79      6.70
     -2.87      0.96      2.87
      0.00     -0.96      0.00
      1.91     -1.91     -1.91
      5.74     -0.96     -3.83
      7.66      0.00     -6.70
      4.79      0.96     -5.74
      0.00      0.96     -1.91
     -6.70      0.00      0.96
     -7.66      0.00      3.83
     -4.79      0.00      7.66
      1.91      2.87      9.57
      7.66      3.83      4.79
      7.66      0.96     -3.83
      4.79      0.00     -8.61
     -2.87     -2.87     -6.70
     -8.61     -0.96     -0.96
     -3.83      0.96      0.96
      0.96      0.96      0.96
      1.91     -0.96      2.87
      1.91     -2.87      0.96
      4.79     -2.87      0.00
      3.83      0.00     -1.91
      0.00      1.91     -3.83
     -2.87      0.96     -2.87
     -0.96      0.00      0.96
      1.91      0.00      1.91
      2.87     -1.91     -0.96
      2.87     -1.91      0.00
      1.91      0.00      0.96
      0.96      3.83      0.00
     -0.96      5.74     -0.96
     -1.91      5.74      0.96
     -1.91      1.91      4.79
     -3.83     -0.96      6.70
     -4.79      0.00      6.70
     -3.83     -0.96      2.87
     -2.87     -1.91      0.00
     -1.91      0.00      0.96
      0.96      0.96      1.91
      0.96      0.00      0.00
      1.91     -0.96     -1.91
      3.83      0.00     -1.91
      4.79      2.87     -4.79
      0.96      3.83     -5.74
     -3.83      0.00     -4.79
     -1.91     -1.91     -1.91
      0.00      0.00     -1.91
      1.91      0.00     -0.96
      1.91      0.96      0.00
     -0.96      1.91      0.96
     -1.91      2.87      4.79
     -0.96      2.87      2.87
      0.00      1.91     -0.96
      0.00     -0.96     -2.87
     -1.91     -1.91      0.96
     -2.87      0.00      1.91
      0.00      1.91      1.91
      2.87      2.87      0.96
      1.91      0.00      0.96
     -0.96     -2.87      0.96
     -1.91     -2.87      0.96
      0.00     -0.96     -0.96
      0.96     -0.96      0.00
      0.00      0.00      0.00
      1.91      0.00      0.00
      1.91      0.96     -0.96
      1.91      0.96      0.00
      0.00      0.96      0.96
     -1.91      0.96      2.87
     -2.87      2.87      2.87
     -2.87      3.83      0.96
     -0.96      1.91      0.00
     -1.91      0.00      0.00
     -0.96     -1.91      0.96
      0.96     -0.96      0.00
      2.87     -0.96     -1.91
      1.91      0.96     -1.91
     -0.96      1.91      0.00
     -0.96      0.00      1.91
      0.00      0.96      1.91
      1.91      1.91     -2.87
      2.87      0.96     -4.79
      1.91      0.00     -4.79
      0.00     -0.96     -2.87
     -1.91     -0.96     -0.96
     -1.91      0.00      1.91
      0.96      1.91      1.91
      0.00      0.96      0.96
     -3.83      0.00      1.91
     -1.91     -0.96      5.74
      0.00      0.96      4.79
     -0.96      0.96      0.96
     -1.91      0.96     -2.87
     -2.87      0.00     -0.96
     -2.87      0.96      5.74
     -0.96      1.91      5.74
      2.87      0.00      0.96
      4.79     -0.96     -1.91
      1.91     -1.91     -1.91
      0.96     -1.91     -1.91
      1.91     -1.91     -1.91
     -0.96     -0.96      0.96
     -0.96      0.00      1.91
     -1.91      1.91     -0.96
     -4.79      1.91      0.96
     -1.91      0.96      7.66
      2.87      1.91      3.83
      2.87      2.87     -1.91
     -1.91      0.96     -2.87
     -1.91     -0.96     -0.96
      0.00     -2.87     -0.96
      1.91     -1.91     -3.83
      1.91      0.96     -3.83
      0.00      1.91      0.00
     -0.96      2.87      1.91
      1.91      1.91      3.83
      3.83      0.00      0.96
      1.91     -1.91     -2.87
     -1.91     -0.96     -0.96
     -2.87      0.00      0.00
     -0.96      0.00      0.96
      0.96      0.96      2.87
     -2.87      1.91      2.87
     -3.83      0.00      1.91
      0.00     -0.96      2.87
      1.91      0.96      1.91
     -0.96      1.91     -0.96
     -1.91     -0.96     -0.96
     -1.91     -0.96      0.96
      0.96      0.96      1.91
      4.79      0.96     -0.96
      1.91      0.00     -1.91
     -1.91      0.00      0.96
      0.96      0.00      0.00
      1.91      0.00     -0.96
     -0.96      0.00      0.00
     -1.91     -0.96      0.96
     -1.91     -0.96      0.96
     -1.91      0.96      1.91
      1.91      1.91      1.91
      4.79      0.96      0.00
      2.87      0.96     -0.96
      0.00      0.96      0.00
     -0.96      0.00     -1.91
     -1.91     -0.96      0.00
     -2.87     -0.96      1.91
     -1.91      0.00      2.87
     -1.91      0.00      0.96
      0.00      0.00      1.91
      0.00      0.96      0.96
     -0.96      1.91      0.00
     -3.83      1.91      0.96
     -4.79      1.91      5.74
     -0.96      1.91      6.70
      0.00      0.96      1.91
     -1.91      0.00     -0.96
      1.91     -0.96      1.91
      3.83     -1.91      1.91
      1.91     -1.91      0.00
     -0.96     -0.96     -1.91
     -1.91      0.00     -0.96
     -1.91      0.96      1.91
      1.91      0.00      1.91
      4.79     -0.96     -2.87
      1.91     -0.96     -4.79
      0.00      0.00     -2.87
      1.91      0.96     -2.87
      1.91      1.91     -2.87
      0.96      2.87     -0.96
      0.96      0.96      0.96
     -1.91     -0.96      1.91
     -3.83     -1.91      1.91
     -3.83      0.96      1.91
     -1.91      1.91      1.91
      0.00      0.96      2.87
      0.00      0.00      1.91
      0.00     -0.96      0.96
     -0.96      0.00      1.91
      0.00      0.00      1.91
      0.00      0.00     -2.87
      1.91      1.91     -1.91
      0.00      2.87      0.96
     -4.79      2.87      1.91
      0.00      1.91      2.87
      1.91     -0.96      0.00
      0.96     -0.96     -0.96
      0.00      0.00      0.00
     -1.91      0.96     -0.96
     -1.91      0.96      0.96
      1.91      0.00      1.91
      4.79      0.00     -1.91
      1.91     -0.96     -0.96
     -0.96     -0.96      0.00
      1.91     -0.96     -2.87
      1.91      0.00     -3.83
      0.00      2.87     -0.96
     -1.91      2.87      0.96
     -1.91      1.91      0.96
     -1.91      0.96      0.96
     -3.83      0.00      3.83
     -1.91      0.00      4.79
     -1.91      0.96      1.91
     -2.87      0.96      0.96
     -1.91      0.00      3.83
     -0.96      0.00      2.87
      1.91      0.00      1.91
      6.70     -1.91     -0.96
      3.83     -1.91     -4.79
      0.00     -0.96     -3.83
     -0.96      2.87     -0.96
     -0.96      4.79      1.91
     -0.96      3.83      6.70
      2.87      0.00      3.83
      3.83     -0.96      0.96
      0.96     -0.96      0.00
     -1.91     -1.91     -1.91
     -2.87     -1.91     -3.83
      0.00      0.00      0.00
      1.91      2.87      0.96
     -0.96      2.87     -0.96
     -2.87      1.91     -0.96
     -1.91      0.00      0.96
     -1.91      0.00      0.96
     -1.91      0.00     -0.96
      0.96      0.96     -2.87
      2.87      1.91     -0.96
      1.91      1.91      0.96
      0.00      1.91      0.00
      0.00      0.96      0.96
      2.87      0.00      0.96
      5.74      0.00      0.00
      2.87      0.00     -3.83
     -0.96     -0.96     -3.83
     -1.91      0.00      1.91
      0.00      0.96      2.87
      1.91      1.91      0.00
     -1.91      1.91      0.96
     -3.83      0.00      6.70
      0.96      0.00      5.74
      0.96      1.91     -0.96
     -0.96      1.91     -3.83
     -1.91      0.96     -0.96
     -2.87      0.96      2.87
     -1.91      0.00      3.83
     -1.91      0.00      1.91
     -3.83      0.00      3.83
     -1.91      0.00      4.79
      3.83     -1.91      0.96
      4.79     -1.91     -3.83
      1.91     -1.91     -5.74
      0.00     -0.96     -2.87
      0.00      0.96     -2.87
     -0.96      2.87     -1.91
     -1.91      3.83      0.96
     -1.91      1.91      3.83
      0.96      0.00      4.79
      1.91     -0.96      0.00
      2.87     -0.96     -2.87
      0.96     -0.96     -1.91
     -1.91      0.00     -0.96
     -0.96      0.00     -0.96
     -0.96      0.00      0.00
     -0.96      0.00      0.96
      0.96      0.00      2.87
     -1.91      0.00      1.91
     -4.79      0.96      0.96
     -3.83      1.91      0.96
     -1.91      2.87      0.96
      0.96      2.87      0.00
      1.91      1.91     -2.87
      0.00      0.00     -2.87
     -3.83     -0.96      1.91
     -1.91      0.00      4.79
      0.00      0.96      1.91
      2.87      0.96      0.96
      3.83      0.00      0.00
      2.87     -0.96     -0.96
      2.87     -2.87     -0.96
      2.87     -2.87     -2.87
     -0.96     -0.96     -4.79
     -2.87      0.96     -2.87
     -1.91      1.91      0.00
     -1.91      1.91      0.96
     -0.96      2.87      1.91
      0.96      2.87      2.87
      0.96      1.91      2.87
     -0.96      0.96      0.96
      0.00      0.96     -2.87
      0.00      1.91     -1.91
     -2.87      0.96      2.87
     -4.79     -0.96      3.83
     -1.91     -2.87      2.87
      1.91      0.00      2.87
      4.79      1.91      3.83
      2.87      0.00      0.96
     -0.96      0.00     -1.91
      0.00     -0.96      0.00
      0.00      0.00      0.96
     -2.87      0.96      0.00
     -0.96      0.00      0.96
     -0.96      0.00      1.91
     -0.96      0.00      0.96
      1.91     -0.96     -1.91
      0.00     -0.96     -5.74
      0.00      0.96     -1.91
      0.96      0.96      0.96
      0.00      0.96      0.00
     -2.87      0.00      0.96
     -1.91      0.00      2.87
      0.96      0.00      4.79
      1.91      0.96      1.91
      3.83      0.00      0.00
      1.91      0.00     -1.91
     -1.91     -0.96     -2.87
     -2.87     -0.96     -0.96
     -0.96     -0.96      0.00
     -0.96      0.96      0.00
     -0.96      0.96      0.00
     -0.96      0.96      0.00
      0.00      0.00      0.00
     -0.96      0.00     -0.96
     -1.91      0.00      0.96
     -1.91      1.91      2.87
      0.00      1.91      1.91
      0.00      1.91      0.96
      0.00      0.96      0.96
     -1.91      0.00      0.96
     -2.87      0.00      1.91
      0.00      0.00      0.96
      1.91     -0.96     -0.96
      1.91     -2.87      0.00
      1.91     -2.87      0.96
      1.91     -1.91      0.00
      1.91     -0.96     -0.96
      0.96      0.96     -3.83
     -0.96      1.91     -2.87
     -0.96      0.96     -0.96
     -0.96      0.96      0.96
     -2.87      0.96      2.87
     -2.87      0.96      2.87
      0.00      2.87      0.96
      1.91      2.87      0.00
      0.96      1.91      0.96
     -0.96      0.00      2.87
     -0.96     -1.91      3.83
      2.87     -0.96      2.87
      3.83      0.00     -0.96
      0.00      0.96     -3.83
     -1.91      0.96     -0.96
     -1.91      0.00      0.96
     -2.87      0.96      1.91
      0.00      0.96      0.00
      0.96      0.00     -1.91
     -1.91      0.96      1.91
      0.96      0.96      3.83
      1.91      0.96      0.96
      0.00      0.96      0.00
      0.96      0.00      1.91
      0.00      0.00      0.96
     -1.91      0.00     -0.96
     -2.87      0.00     -0.96
     -1.91      0.00      1.91
      0.00      2.87      3.83
      0.96      0.96      0.00
      0.00     -1.91     -3.83
      1.91     -1.91     -0.96
      1.91     -2.87      0.00
      1.91     -0.96     -3.83
      1.91      0.00     -5.74
      0.96      0.96     -2.87
      0.96      1.91      0.00
      1.91      1.91      0.00
      0.96      1.91     -1.91
      0.00      0.96      0.00
      0.00      0.00      0.00
     -0.96     -0.96      0.96
     -2.87      0.96      1.91
     -0.96      2.87      2.87
      0.96      2.87      0.96
      1.91      3.83      0.96
      1.91      1.91      0.96
      0.00      0.00      0.96
      0.96     -1.91      0.96
      0.96     -0.96      1.91
      0.00      0.00      1.91
     -0.96      0.96      1.91
     -2.87      2.87      2.87
     -3.83      1.91      2.87
     -1.91      0.00      1.91
      0.00     -0.96      0.96
      0.96     -1.91     -0.96
      0.00     -2.87      0.00
     -0.96     -2.87      0.00
     -1.91     -1.91     -1.91
     -1.91      0.00     -2.87
     -2.87      0.96     -0.96
     -1.91      2.87      0.96
      0.00      2.87      0.96
      0.96      0.96      0.96
      0.00     -0.96      1.91
      1.91     -1.91      1.91
      1.91     -1.91     -0.96
      1.91      0.00     -1.91
      0.00      0.96     -1.91
      1.91      1.91      0.00
      1.91      1.91      2.87
     -0.96      0.96      4.79
     -0.96      0.96      2.87
      1.91     -0.96     -0.96
      0.00      0.00     -2.87
      0.00      0.00     -1.91
      0.96      0.00     -2.87
      1.91      0.00     -2.87
      0.96      0.96      0.00
     -0.96      1.91      0.96
      0.96      3.83      1.91
      1.91      1.91      1.91
      2.87      0.96      0.00
      1.91      0.00     -1.91
     -2.87      0.00      0.00
     -6.70      0.00      2.87
     -2.87      0.00      2.87
      0.00      0.96     -0.96
     -0.96      0.00      0.96
     -0.96     -0.96      3.83
      1.91     -0.96      0.96
      2.87      0.00     -1.91
      1.91      0.00     -0.96
      1.91     -0.96      1.91
     -2.87      0.00      3.83
     -4.79      2.87      4.79
     -1.91      3.83      4.79
     -1.91      3.83      2.87
     -1.91      2.87      2.87
      0.00      0.00      0.96
      0.00     -1.91     -1.91
     -0.96     -2.87     -2.87
     -1.91     -1.91     -3.83
     -0.96     -0.96     -2.87
      0.00     -1.91     -0.96
      0.00     -1.91      0.96
      0.00      0.00     -0.96
      0.00      1.91     -2.87
      1.91      0.96     -3.83
      2.87      0.00     -4.79
      1.91      0.96     -2.87
      1.91      1.91      0.96
      0.00      1.91      3.83
     -1.91      1.91      4.79
     -3.83      1.91      4.79
     -1.91      0.96      6.70
     -0.96      1.91      5.74
      0.00      3.83      2.87
     -0.96      2.87     -0.96
      0.96      0.00     -0.96
      2.87     -1.91      0.00
      4.79     -2.87     -0.96
      1.91     -1.91     -1.91
     -0.96     -1.91     -0.96
     -2.87      0.00      0.00
     -3.83      1.91      0.96
      0.00      0.96      0.96
      1.91      0.96      0.96
      0.00      1.91      0.00
     -2.87      0.96     -0.96
     -5.74      0.96      0.00
     -4.79      1.91      2.87
     -2.87      1.91      3.83
     -0.96      0.96      0.96
      0.96      1.91      0.96
      1.91      1.91     -0.96
      1.91     -0.96     -1.91
      0.00     -2.87     -1.91
     -0.96     -2.87     -0.96
     -1.91     -1.91      0.00
     -1.91     -0.96      0.96
      1.91      0.00      0.96
      4.79     -0.96      0.96
      2.87      0.00     -0.96
     -0.96      0.00     -1.91
      0.00     -0.96     -0.96
      0.96     -0.96     -1.91
     -1.91      0.00      0.00
     -2.87      1.91      0.96
      0.00      1.91      1.91
      0.00      0.96      3.83
      1.91      2.87      4.79
      1.91      2.87      0.96
      1.91      1.91     -0.96
      0.96      0.96      0.00
     -1.91      0.96      0.00
     -2.87      0.96      0.96
     -3.83      1.91      2.87
     -3.83      1.91      3.83
     -1.91      2.87      3.83
      0.00      1.91      3.83
      1.91      0.00      4.79
      0.96     -1.91      2.87
      0.00     -2.87      0.00
     -0.96     -1.91     -0.96
     -3.83      0.96      0.00
     -2.87      2.87      0.96
      1.91      1.91      0.00
      1.91      0.96      0.00
     -0.96      0.00      0.96
      1.91     -0.96      0.96
      4.79     -0.96     -0.96
      3.83      0.00     -3.83
      1.91     -1.91     -4.79
      0.00     -1.91     -4.79
      1.91     -1.91     -3.83
      1.91      0.00     -3.83
      1.91     -0.96     -2.87
      0.00     -0.96     -1.91
     -0.96      0.96     -1.91
      0.00      1.91     -0.96
      1.91      2.87      0.00
      1.91      1.91      0.96
     -4.79      1.91      3.83
     -4.79      2.87      6.70
      0.00      2.87      6.70
      1.91      1.91      3.83
      0.00      0.00      3.83
     -2.87     -1.91      4.79
     -0.96     -0.96      1.91
      0.00      0.00     -2.87
      0.96      0.96     -5.74
      1.91      0.96     -2.87
      0.00      0.96      0.00
     -1.91      0.00      0.96
     -1.91     -0.96      1.91
     -0.96      0.00      0.96
      1.91      0.96      1.91
      1.91      0.96      0.96
     -0.96      1.91     -0.96
      0.00      0.96      0.00
      1.91      0.00     -0.96
      0.00      0.00     -2.87
     -4.79      0.00     -2.87
     -5.74     -0.96      0.00
     -1.91     -0.96      3.83
      0.96      0.96      1.91
     -0.96      0.96      0.00
     -1.91      0.00      0.00
      0.00     -1.91      0.96
      2.87     -1.91     -0.96
      2.87     -0.96     -4.79
      0.96     -0.96     -2.87
     -0.96     -1.91     -0.96
      0.00      0.00      0.00
      4.79      1.91      0.00
      5.74      1.91      0.00
      1.91      0.00      0.96
      0.00      0.96      2.87
     -2.87      0.96      2.87
     -3.83      1.91      1.91
     -1.91      2.87      0.96
     -1.91      3.83      0.96
      0.00      3.83      0.96
      0.00      0.96     -0.96
     -0.96     -0.96     -0.96
      0.96     -1.91     -0.96
      2.87     -0.96     -0.96
      3.83      0.00     -1.91
      1.91     -1.91     -0.96
      0.00     -0.96      0.96
     -2.87      0.96      0.96
     -4.79      1.91      1.91
     -3.83      1.91      1.91
     -1.91      1.91      1.91
     -0.96      1.91      0.96
     -0.96      0.00      1.91
     -0.96     -1.91      2.87
     -1.91     -0.96      0.96
     -1.91      0.96      0.00
     -4.79      2.87     -1.91
     -5.74      3.83     -0.96
     -0.96      0.96      2.87
      5.74     -0.96      2.87
      7.66     -0.96     -0.96
      4.79     -2.87     -5.74
      1.91     -4.79     -4.79
      0.96     -1.91     -0.96
      0.00      0.96      0.00
      0.00      0.96      0.00
      1.91      0.96      0.96
      0.96      0.96      1.91
      0.96      1.91      0.96
      0.96      0.96     -2.87
      0.96      0.00     -1.91
     -0.96      0.00      0.96
     -2.87      0.96      2.87
     -2.87      0.96      5.74
     -1.91      0.96      6.70
     -3.83      0.96      5.74
     -0.96      0.96      2.87
      2.87      0.96      0.00
      1.91      0.96     -2.87
      0.00      0.00     -1.91
     -0.96     -0.96     -0.96
     -0.96      0.00      0.96
      1.91      0.00      1.91
      1.91      0.00     -1.91
     -2.87      0.96     -0.96
     -3.83      1.91      1.91
      0.96      2.87      1.91
      1.91      1.91      0.96
      0.00      0.00      0.00
      1.91     -1.91      0.96
      1.91     -1.91      0.96
      0.00      0.00     -1.91
      0.00      0.00     -2.87
      0.00      0.96     -0.96
      1.91      0.96      0.96
      1.91      0.00      0.00
      0.96     -0.96     -0.96
      0.00     -0.96      0.96
      0.00     -0.96      0.96
      0.00     -0.96      0.96
      0.00      0.00     -0.96
     -1.91      0.00     -1.91
      0.00      0.00      0.00
      0.00      0.00     -0.96
      0.96      1.91     -1.91
      1.91      1.91     -1.91
      0.00      1.91      0.00
     -2.87      0.96      1.91
     -1.91     -0.96      3.83
      0.00      0.00      2.87
      0.96      0.96      1.91
      0.96      0.00      0.96
     -0.96      0.00     -0.96
     -1.91     -0.96      0.00
     -1.91      0.00      2.87
     -2.87      0.96      2.87
     -1.91      1.91      1.91
     -0.96      1.91      1.91
      0.00      1.91      2.87
      0.00      0.96      0.96
      0.96      0.96     -0.96
      1.91      0.96      0.96
      1.91      0.00      0.96
      2.87     -1.91     -0.96
      2.87     -1.91      0.00
      0.96      0.00      0.00
     -0.96      0.00      0.00
     -2.87      0.00     -0.96
     -1.91      0.96     -0.96
      0.00      0.96     -0.96
     -1.91      0.96     -0.96
     -1.91     -0.96      0.00
      1.91     -0.96      0.96
      1.91      0.96      0.00
      0.00      0.96      0.00
     -0.96      0.96      1.91
     -0.96      2.87      2.87
     -3.83      2.87      3.83
     -1.91      0.96      3.83
      1.91      0.00      2.87
      0.96      0.00      0.00
      1.91     -0.96     -1.91
      2.87     -1.91     -1.91
      2.87     -0.96     -1.91
      1.91      0.00     -0.96
      1.91      0.96     -1.91
      0.00      0.96     -2.87
     -1.91      0.00      0.00
      0.00      0.96      2.87
      0.96      1.91      1.91
      0.00      0.00      0.00
     -0.96      0.00     -0.96
     -0.96      0.00      0.00
     -1.91      2.87      0.96
     -1.91      2.87      0.96
      0.00      1.91      0.96
     -1.91      0.96      0.96
     -2.87      0.96      0.96
     -1.91      0.00      0.96
     -0.96      0.96      0.96
      0.00      0.96      1.91
      0.00      0.00      0.96
     -2.87      0.00      1.91
     -3.83     -0.96      3.83
      0.00     -0.96      3.83
      2.87      0.00     -0.96
      1.91      0.00     -3.83
      0.96     -0.96     -2.87
      0.00     -2.87     -0.96
     -3.83     -0.96      0.00
     -1.91      0.96      0.00
      1.91      0.96      0.00
      0.00      0.96     -0.96
      0.00      0.00     -0.96
      0.00     -0.96     -1.91
      0.96     -0.96      0.00
      1.91     -0.96      0.96
      1.91      0.00     -1.91
      0.00      0.00     -2.87
     -0.96      0.96      0.96
      1.91      2.87      2.87
      1.91      3.83      2.87
      0.96      1.91      1.91
      1.91      0.96      0.00
      0.00      0.00      0.00
     -0.96      0.96      0.96
     -1.91      0.96      2.87
     -1.91      0.96      1.91
     -0.96      1.91      0.00
     -1.91      1.91     -0.96
     -2.87      1.91      0.96
     -1.91      0.00      0.96
      1.91     -0.96      0.00
      1.91      0.96     -0.96
      1.91      0.00     -1.91
      0.00     -0.96     -0.96
      0.96      0.00      0.00
      1.91      0.00      0.96
      0.00      0.96      0.00
     -1.91      0.96      0.96
     -1.91      2.87      0.96
     -1.91      3.83      1.91
      0.00      2.87      0.00
      1.91      1.91     -0.96
      1.91      0.96     -0.96
      0.96      0.96     -1.91
      1.91      0.00     -2.87
      0.00      0.96     -2.87
     -0.96      1.91     -0.96
      0.00      0.96      0.00
     -1.91      0.00     -1.91
     -1.91     -0.96     -2.87
     -3.83      0.00     -2.87
     -2.87      0.96     -0.96
      0.00      0.96     -0.96
     -0.96      0.96     -1.91
      0.00      0.96     -0.96
     -0.96      1.91      0.00
     -0.96      1.91      0.00
      0.00      0.00     -0.96
      1.91     -1.91     -0.96
     -1.91     -2.87      0.96
     -1.91     -2.87      3.83
      2.87     -2.87      5.74
      4.79     -1.91      4.79
      1.91     -1.91      3.83
     -2.87     -2.87      2.87
     -2.87     -2.87      3.83
     -0.96     -2.87      4.79
     -3.83      0.00      1.91
     -5.74      0.96      0.96
     -2.87     -0.96      2.87
     -0.96     -2.87      2.87
     -0.96     -2.87      0.00
     -0.96     -2.87     -1.91
     -1.91     -2.87     -0.96
     -0.96      0.00      0.96
      1.91      1.91      0.00
      1.91      2.87     -1.91
     -0.96      3.83      0.96
      0.96      3.83      1.91
      2.87      3.83      0.96
      2.87      3.83      0.96
      3.83      1.91     -0.96
      0.96      2.87     -0.96
     -0.96      3.83      1.91
      0.96      2.87      1.91
      1.91      3.83     -0.96
      0.96      3.83      0.96
      0.00      3.83      1.91
      1.91      3.83      2.87
      1.91      2.87      2.87
      0.96      2.87      3.83
      0.96      0.96      4.79
      0.00     -0.96      3.83
      0.00     -0.96      2.87
      0.96      0.00      0.96
      1.91      0.00     -0.96
      2.87     -1.91     -1.91
     -0.96     -2.87     -2.87
     -0.96     -2.87     -2.87
     -0.96     -2.87     -0.96
      0.00     -2.87     -0.96
      0.00     -1.91     -0.96
     -2.87     -2.87     -0.96
     -3.83     -2.87      1.91
     -2.87     -3.83      2.87
     -1.91     -2.87      0.00
     -3.83     -1.91     -1.91
     -4.79     -0.96      0.00
     -4.79      1.91      0.00
     -3.83      2.87     -0.96
      1.91      2.87     -0.96
      1.91      2.87     -2.87
      0.96      1.91     -1.91
      0.96      0.00      0.00
      0.96      0.00      0.96
      0.00      1.91      1.91
      0.00      2.87      2.87
      1.91      1.91      0.00
      0.00      0.96      0.00
     -0.96      0.96      0.96
      0.00      0.96      1.91
      0.00      1.91      3.83
      0.00      3.83      4.79
     -0.96      3.83      3.83
      0.00      2.87      2.87
      1.91      1.91      0.96
      1.91      0.96     -1.91
      0.96      0.96     -5.74
      1.91      0.00     -5.74
      1.91      0.00     -2.87
      1.91      0.96     -0.96
      2.87      0.00     -1.91
      4.79      0.00     -0.96
      6.70     -0.96      0.96
      5.74      0.96     -0.96
      1.91      1.91     -2.87
      0.96      1.91      0.00
      1.91      2.87      0.96
      1.91      2.87     -1.91
      1.91      0.96     -2.87
      1.91     -1.91     -0.96
      0.00     -2.87      0.96
     -3.83     -1.91      0.00
     -4.79     -0.96     -0.96
     -3.83      0.00      0.00
     -1.91      0.96     -1.91
     -4.79      0.96     -3.83
     -7.66     -0.96     -2.87
     -8.61     -2.87     -0.96
     -7.66     -2.87     -0.96
     -4.79     -2.87     -1.91
     -3.83     -2.87     -0.96
     -2.87     -2.87      1.91
     -2.87     -2.87      2.87
     -3.83     -0.96     -0.96
     -3.83      2.87     -1.91
     -2.87      4.79      0.00
     -1.91      3.83      0.96
      0.00      0.96      1.91
      0.00      0.00      2.87
     -0.96      0.96      3.83
     -1.91      0.00      7.66
      0.00     -0.96      8.61
      1.91     -1.91      6.70
      1.91     -1.91      5.74
      0.00     -1.91      6.70
     -0.96     -0.96      6.70
     -2.87     -0.96      4.79
     -1.91     -0.96      2.87
     -0.96      0.00      2.87
      0.00      0.96      4.79
      1.91      0.00      4.79
      2.87      0.00      4.79
      4.79      0.00      2.87
      4.79      0.00      0.96
      2.87      0.96      0.00
      1.91      0.96      2.87
      1.91      0.00      5.74
      4.79     -0.96      5.74
      6.70      0.96      2.87
      5.74      1.91      0.96
      2.87      2.87     -0.96
      1.91      3.83      0.96
      1.91      6.70      0.00
     -1.91      7.66     -2.87
     -3.83      6.70     -3.83
     -1.91      5.74     -3.83
      0.96      6.70     -3.83
      1.91      6.70     -2.87
      1.91      4.79     -0.96
      0.00      2.87      0.00
     -2.87      0.96      0.96
     -4.79     -0.96      1.91
     -2.87     -1.91      2.87
      0.00     -1.91      1.91
      0.96     -1.91      0.96
      0.00     -1.91      0.00
      1.91     -2.87      0.96
      1.91     -3.83      0.00
      0.96     -4.79     -2.87
     -0.96     -2.87     -4.79
     -2.87     -0.96     -2.87
     -2.87      0.96      0.00
     -0.96      1.91      0.96
     -1.91      2.87     -0.96
     -1.91      1.91     -1.91
     -2.87      0.96      0.96
     -2.87      0.96      0.96
     -1.91      0.96      0.00
     -0.96      0.00     -2.87
     -2.87     -1.91     -1.91
     -2.87     -2.87     -0.96
      0.00     -4.79     -2.87
     -0.96     -4.79     -3.83
     -1.91     -5.74     -0.96
     -1.91     -9.57      0.96
      0.00     -9.57      0.96
      0.00     -6.70      0.96
      1.91     -4.79      0.96
      2.87     -1.91      1.91
      2.87      0.00      4.79
      4.79      1.91      5.74
      4.79      4.79      5.74
      2.87      5.74      5.74
      2.87      5.74      3.83
      1.91      4.79      1.91
      1.91      3.83      1.91
      1.91      5.74      0.96
      0.96      6.70     -0.96
      1.91      5.74     -1.91
      3.83      3.83     -0.96
      3.83      0.96     -0.96
      4.79     -0.96      0.00
      4.79      0.96      0.00
      2.87      2.87     -2.87
      3.83      3.83     -4.79
      1.91      3.83     -5.74
     -1.91      3.83     -2.87
     -2.87      1.91      0.00
     -1.91     -0.96      0.00
      0.00     -1.91      0.96
      0.00     -0.96      0.00
     -0.96      0.00     -0.96
     -1.91     -0.96      1.91
     -2.87      0.00      3.83
     -2.87     -0.96      1.91
     -1.91     -0.96      1.91
     -1.91     -1.91      3.83
     -1.91      0.00      3.83
      0.00     -0.96      1.91
      0.96      0.00      0.00
     -0.96      0.96     -1.91
     -3.83      0.00     -1.91
     -5.74      0.00      0.96
     -2.87      0.96      2.87
     -1.91      0.00      4.79
     -1.91     -0.96      3.83
     -0.96      0.00      0.96
     -0.96      1.91     -4.79
     -1.91      1.91     -6.70
     -1.91      1.91     -7.66
     -1.91      2.87     -6.70
      0.00      3.83     -3.83
      0.96      1.91     -1.91
      1.91      0.00     -1.91
      1.91     -0.96     -2.87
      1.91     -0.96     -2.87
      0.00      0.00     -2.87
      0.00      0.96     -1.91
      0.96      1.91     -0.96
      2.87      2.87      0.96
      1.91      3.83      0.00
      0.00      3.83      0.00
     -1.91      1.91      0.00
      0.00      2.87      0.96
      4.79      3.83      2.87
      6.70      4.79      0.00
      6.70      2.87      0.00
      4.79      1.91      0.00
      4.79     -0.96      0.00
      2.87     -0.96      0.00
      0.00      0.96      0.96
     -0.96      1.91      4.79
      1.91      2.87      3.83
      1.91      2.87      0.96
      1.91      1.91     -1.91
      0.96      0.96     -4.79
     -2.87      1.91     -4.79
     -3.83      2.87     -3.83
     -2.87      4.79     -2.87
     -0.96      3.83     -0.96
      0.00      1.91      0.00
      0.00      1.91     -0.96
     -1.91      1.91     -1.91
     -0.96      0.96     -2.87
      0.00     -0.96     -4.79
      0.00     -1.91     -5.74
     -0.96     -2.87     -4.79
     -0.96     -5.74     -2.87
      0.96     -6.70      0.96
      0.00     -5.74      0.96
     -1.91     -3.83      1.91
     -4.79     -4.79      2.87
     -5.74     -4.79      4.79
     -4.79     -2.87      5.74
     -4.79     -1.91      4.79
     -5.74     -2.87      0.96
     -5.74     -0.96      0.00
     -3.83     -0.96      0.00
     -1.91     -1.91     -1.91
     -1.91     -0.96     -0.96
     -4.79     -0.96     -0.96
     -5.74      0.00      1.91
     -1.91      0.00      5.74
      0.96     -0.96      3.83
      0.96     -1.91      3.83
      1.91     -2.87      6.70
      2.87     -4.79      8.61
      2.87     -5.74      7.66
      2.87     -4.79      5.74
      3.83     -3.83      2.87
      2.87     -1.91      4.79
      2.87      0.96      4.79
      1.91      2.87      0.00
      0.00      2.87     -2.87
     -1.91      1.91     -5.74
     -3.83      0.96     -5.74
     -3.83      0.00     -4.79
     -2.87      0.00     -2.87
     -2.87      1.91     -1.91
     -2.87      4.79     -0.96
     -0.96      6.70      0.96
      1.91      7.66      1.91
      4.79      9.57     -0.96
      3.83     11.48     -4.79
      0.96     11.48     -2.87
     -0.96     11.48     -0.96
      1.91     12.44     -1.91
      2.87     13.40     -5.74
      1.91     12.44     -5.74
      1.91      9.57     -3.83
      1.91      8.61     -0.96
      0.00      7.66     -0.96
      1.91      6.70     -0.96
      0.00      5.74     -0.96
     -1.91      3.83     -0.96
      0.00      3.83     -1.91
      0.00      3.83     -0.96
     -0.96      1.91      0.00
     -1.91      0.00      0.00
      0.00     -2.87      0.96
      0.00     -5.74      0.96
     -0.96     -8.61      0.96
      0.00    -10.53      2.87
      0.96    -10.53      1.91
      1.91    -10.53      0.00
      0.96    -10.53     -1.91
     -0.96    -11.48     -0.96
     -1.91    -13.40      0.00
     -4.79    -15.31     -0.96
     -5.74    -16.27      0.96
     -5.74    -17.23      1.91
     -4.79    -16.27      2.87
     -5.74    -14.36      0.00
     -5.74    -11.48     -2.87
     -5.74     -8.61     -3.83
     -5.74     -4.79     -2.87
     -3.83     -1.91     -3.83
     -3.83      0.00     -4.79
     -6.70      1.91     -3.83
     -6.70      3.83     -0.96
     -4.79      3.83     -0.96
     -3.83      4.79     -1.91
     -2.87      4.79     -1.91
      0.00      4.79      0.00
      1.91      5.74      2.87
      2.87      6.70      4.79
      4.79      8.61      4.79
      3.83     12.44      2.87
      0.00     15.31      3.83
     -1.91     15.31      2.87
     -0.96     15.31      0.00
      0.00     15.31     -1.91
      0.96     11.48     -1.91
      1.91      5.74      0.96
      0.00      3.83      2.87
     -1.91      1.91      4.79
     -0.96      0.96      7.66
      1.91      0.96      9.57
      5.74      1.91      8.61
      4.79      2.87      3.83
      4.79      1.91      3.83
      2.87      0.00      4.79
      0.00     -1.91      5.74
     -0.96     -2.87      3.83
     -1.91     -2.87      3.83
     -2.87     -2.87      2.87
     -2.87      0.00      0.96
     -2.87      0.96      0.00
     -0.96      1.91      0.96
     -0.96      2.87      0.96
     -2.87      3.83     -0.96
     -4.79      5.74     -1.91
     -0.96      7.66     -1.91
      1.91      7.66     -3.83
      0.00      6.70     -3.83
     -1.91      3.83     -1.91
      0.00      0.00      0.96
      0.00     -2.87      1.91
     -2.87     -5.74      0.96
     -5.74     -6.70      0.00
     -2.87     -4.79      0.96
      1.91     -3.83      2.87
      2.87     -1.91      0.00
      1.91     -1.91     -1.91
     -1.91     -1.91      1.91
     -3.83     -2.87      6.70
     -3.83     -4.79      6.70
     -3.83     -5.74      2.87
     -5.74     -8.61      3.83
     -7.66    -11.48      6.70
     -7.66    -13.40      6.70
     -4.79    -14.36      5.74
     -2.87    -13.40      3.83
     -3.83    -13.40      1.91
     -5.74    -12.44      0.96
     -5.74     -9.57      0.96
     -4.79     -5.74      0.96
     -2.87     -2.87      2.87
     -3.83     -0.96      6.70
     -4.79      0.00      9.57
     -3.83      1.91     10.53
     -1.91      3.83      9.57
      0.00      5.74      4.79
      2.87      4.79      1.91
      4.79      3.83      1.91
      6.70      1.91      4.79
      8.61      1.91      7.66
      8.61      3.83      8.61
      6.70      4.79     10.53
      5.74      5.74     10.53
      6.70      7.66      9.57
      6.70      8.61      4.79
      5.74      7.66      0.96
      2.87      5.74     -2.87
      1.91      5.74     -4.79
      1.91      6.70     -5.74
      1.91      7.66     -5.74
      1.91      8.61     -6.70
      1.91      8.61     -6.70
      0.00      7.66     -3.83
      0.96      5.74      0.96
      2.87      3.83      5.74
      3.83     -0.96      7.66
      4.79     -4.79      8.61
      4.79     -6.70      8.61
      2.87     -6.70      5.74
      1.91     -5.74      4.79
      0.96     -6.70      3.83
      0.00     -8.61      2.87
      0.00     -7.66      3.83
     -1.91     -6.70      2.87
     -5.74     -2.87      0.96
     -7.66     -0.96      0.00
     -5.74     -0.96     -1.91
     -4.79      0.00     -3.83
     -2.87      2.87     -7.66
      1.91      7.66     -9.57
      2.87     10.53     -7.66
      4.79     11.48     -2.87
      5.74      9.57     -0.96
      3.83      7.66      0.00
      3.83      4.79      0.96
      3.83      1.91      0.00
      2.87      1.91      0.00
      1.91      0.96     -0.96
      1.91     -1.91     -4.79
      0.00     -4.79     -4.79
     -1.91     -6.70     -3.83
     -3.83     -7.66     -2.87
     -3.83     -5.74     -1.91
      0.00     -1.91      0.00
      2.87      0.96     -1.91
      2.87      3.83     -5.74
      0.00      4.79     -7.66
     -1.91      2.87     -3.83
     -1.91      1.91      0.00
     -0.96      0.96      1.91
      1.91      1.91      2.87
      6.70      3.83      2.87
      8.61      3.83      0.96
      9.57      3.83     -3.83
      8.61      4.79     -7.66
      5.74      5.74     -7.66
      3.83      4.79     -5.74
      3.83      3.83     -3.83
      5.74      1.91     -3.83
      5.74      0.96     -1.91
      1.91     -0.96      0.96
     -0.96     -2.87      6.70
      0.00     -5.74     12.44
      1.91     -2.87     10.53
      2.87     -1.91      3.83
      3.83      0.00     -1.91
      5.74      1.91     -6.70
      6.70      2.87     -5.74
      5.74      2.87     -6.70
      3.83      0.96     -4.79
      3.83     -0.96      0.00
      5.74     -1.91      0.96
      4.79     -1.91     -1.91
     -1.91     -0.96     -3.83
     -7.66     -0.96     -3.83
     -7.66      0.00     -1.91
     -6.70     -1.91     -1.91
     -6.70     -4.79      0.96
     -4.79     -9.57      4.79
     -4.79    -12.44      6.70
     -4.79     -9.57      4.79
     -1.91     -5.74     -0.96
     -1.91      0.00     -9.57
      0.96      3.83    -11.48
      2.87      6.70    -12.44
      0.00      5.74    -11.48
     -0.96      3.83     -5.74
      0.00      3.83     -0.96
      1.91      3.83      1.91
      1.91      4.79      3.83
      0.00      4.79      1.91
     -2.87      5.74      0.00
     -4.79      6.70      1.91
     -2.87      6.70      2.87
     -2.87      6.70      0.00
     -3.83      5.74     -1.91
     -1.91      3.83      0.00
     -1.91      1.91      0.96
      0.00      1.91      2.87
      1.91      2.87      3.83
      0.96      3.83      3.83
      1.91      2.87      5.74
      0.00      0.00      4.79
      0.00     -1.91      2.87
      0.00     -3.83      3.83
      2.87     -4.79      6.70
      4.79     -4.79      8.61
      1.91     -2.87      8.61
      0.00     -0.96      7.66
      0.00      0.96      5.74
      0.00      2.87      1.91
     -0.96      4.79     -1.91
      0.96      3.83     -4.79
      2.87      2.87     -5.74
      2.87      0.96     -5.74
      3.83      0.00     -5.74
      3.83     -0.96     -3.83
      1.91      0.96      0.00
     -0.96      2.87      0.96
     -1.91      3.83     -2.87
     -1.91      1.91     -2.87
     -1.91     -0.96     -2.87
     -1.91     -1.91     -2.87
     -1.91      0.00     -4.79
      0.00      0.96     -2.87
      1.91      1.91     -0.96
      1.91      2.87     -2.87
      0.00      1.91     -0.96
     -1.91     -0.96      2.87
     -3.83     -4.79      4.79
     -5.74     -6.70      1.91
     -5.74     -6.70      0.96
     -6.70     -5.74      1.91
     -4.79     -2.87      1.91
     -2.87     -1.91     -0.96
     -4.79      0.00     -1.91
     -7.66      0.00      1.91
     -4.79     -2.87      2.87
     -3.83     -4.79      2.87
     -5.74     -4.79      2.87
     -4.79     -3.83      3.83
      0.00     -2.87      3.83
      3.83     -1.91      2.87
      6.70     -0.96      0.00
      5.74      0.00     -1.91
      1.91      1.91     -0.96
     -0.96      4.79      0.96
      0.00      6.70      0.96
      0.00      7.66      0.00
     -0.96      6.70     -1.91
     -1.91      3.83     -0.96
     -3.83      1.91      0.00
     -3.83      1.91      1.91
     -1.91      4.79      2.87
      0.00      7.66      2.87
     -0.96      5.74      2.87
      0.00      2.87      0.96
     -0.96     -1.91      0.00
      0.00     -5.74     -1.91
      0.00     -6.70     -0.96
     -0.96     -5.74     -3.83
     -0.96     -1.91     -4.79
      0.00      1.91     -1.91
      0.00      2.87      2.87
      0.96      4.79      7.66
      1.91      5.74      8.61
     -1.91      6.70      5.74
     -3.83      5.74      1.91
     -2.87      3.83     -0.96
      0.00      4.79     -0.96
      1.91      3.83     -0.96
      2.87      0.96     -3.83
      2.87     -0.96     -1.91
      2.87     -0.96      0.96
      2.87      0.00      0.96
      1.91      0.00     -0.96
      1.91     -2.87     -3.83
     -0.96     -5.74     -0.96
     -2.87     -6.70      0.96
     -0.96     -5.74     -1.91
      0.96     -3.83     -4.79
     -1.91     -1.91     -5.74
     -2.87      1.91     -5.74
     -4.79      2.87     -7.66
     -7.66      0.96     -6.70
     -7.66     -0.96     -3.83
     -3.83     -2.87     -1.91
      0.96     -5.74     -1.91
      0.96     -6.70     -0.96
      1.91     -6.70      0.96
      1.91     -4.79      0.00
     -1.91     -2.87      0.96
      0.00      0.00      2.87
      1.91      5.74      1.91
      0.00      9.57      2.87
     -0.96      9.57      3.83
     -1.91      6.70      5.74
      0.96      4.79      6.70
      1.91      1.91      2.87
      0.00      0.96      0.96
     -0.96      1.91      2.87
     -0.96      4.79      2.87
      0.96      7.66      0.96
      1.91      7.66     -2.87
      0.96      3.83     -3.83
      1.91     -2.87     -1.91
      2.87     -6.70      0.00
      6.70     -5.74      0.96
      4.79     -4.79      1.91
      2.87     -3.83      1.91
      0.96     -2.87      1.91
     -1.91     -1.91      0.96
     -3.83     -0.96      0.00
     -5.74     -1.91      0.96
     -1.91     -0.96      2.87
      2.87      0.96      0.96
      3.83      1.91     -0.96
      0.96      1.91      1.91
     -1.91      0.00      5.74
     -3.83     -1.91      3.83
     -4.79     -1.91      1.91
     -4.79     -0.96      2.87
     -2.87      0.00      4.79
     -0.96      0.00      5.74
      0.00      0.00      4.79
     -0.96      0.00      1.91
      1.91      0.00     -0.96
      3.83      1.91     -1.91
      2.87      2.87     -2.87
      0.00      1.91     -4.79
     -2.87     -0.96     -1.91
     -2.87     -0.96      0.96
     -1.91      2.87      1.91
     -1.91      6.70     -2.87
     -0.96      6.70     -4.79
      1.91      4.79     -2.87
      1.91      2.87     -3.83
      0.96      0.96     -4.79
      0.96     -0.96     -4.79
      0.00     -2.87     -1.91
     -1.91     -1.91      0.96
     -0.96      0.00      1.91
     -1.91      0.96      2.87
     -4.79      1.91      6.70
     -3.83      0.96      8.61
     -1.91      0.00      4.79
     -1.91     -1.91      1.91
     -0.96     -2.87      0.00
      0.96     -5.74     -2.87
      2.87     -4.79     -4.79
      4.79     -3.83     -6.70
      4.79     -4.79     -5.74
      4.79     -6.70     -1.91
      5.74     -5.74     -0.96
      2.87     -2.87     -0.96
     -1.91      0.00      0.00
     -3.83      0.96      0.96
     -2.87      2.87      0.96
     -1.91      4.79      0.00
     -1.91      4.79      0.00
     -0.96      2.87      0.00
     -0.96      2.87      2.87
     -1.91      3.83      4.79
     -0.96      3.83      4.79
      0.00      1.91      4.79
     -0.96      2.87      2.87
     -2.87      5.74     -0.96
     -3.83      7.66     -4.79
     -2.87      5.74     -6.70
     -0.96      3.83     -5.74
      0.96      1.91     -5.74
      1.91      0.00     -2.87
     -0.96     -1.91      0.00
      0.00     -1.91      3.83
      0.96     -2.87      3.83
      0.00     -5.74      1.91
      0.00     -6.70      2.87
     -0.96     -4.79      3.83
      0.00     -1.91      3.83
      1.91      0.96      2.87
      2.87      3.83      1.91
      1.91      5.74      0.00
     -0.96      5.74     -2.87
      0.00      3.83     -1.91
      0.96      2.87      0.00
     -1.91      2.87      0.96
     -2.87      2.87      3.83
     -0.96      0.00      3.83
     -1.91     -1.91      2.87
     -1.91     -1.91     -0.96
      1.91     -2.87     -3.83
      2.87     -3.83     -1.91
      1.91     -5.74      0.96
      1.91     -6.70      0.96
      0.96     -6.70      0.96
      1.91     -2.87      1.91
      0.00      0.00      2.87
     -0.96      3.83      1.91
     -0.96      5.74      1.91
     -0.96      7.66      0.96
      0.00      7.66     -0.96
      1.91      6.70     -1.91
      0.96      5.74     -3.83
     -1.91      4.79     -4.79
     -2.87      4.79     -4.79
     -3.83      3.83     -1.91
     -4.79      2.87      0.96
     -3.83      1.91      2.87
     -2.87      0.96      0.96
     -3.83      0.96     -1.91
     -5.74      0.00     -2.87
     -2.87     -0.96      0.00
      0.96     -2.87      2.87
      1.91     -2.87      4.79
      0.00     -1.91      3.83
      0.00     -0.96      4.79
      0.96      0.00      6.70
      0.96      0.96      4.79
      2.87      0.00      3.83
      2.87     -1.91      0.00
      1.91     -0.96     -4.79
      0.96     -0.96     -6.70
      1.91      0.00     -7.66
      2.87      0.96     -5.74
      5.74      2.87     -2.87
      7.66      1.91     -3.83
      3.83      1.91     -2.87
      0.96      2.87     -0.96
      1.91      4.79      0.00
      1.91      2.87      0.96
      0.96      0.96      2.87
     -0.96     -1.91      2.87
     -1.91     -2.87      1.91
     -0.96     -4.79      3.83
     -2.87     -5.74      3.83
     -4.79     -2.87      5.74
     -3.83      0.96      5.74
     -3.83      2.87      3.83
     -1.91      5.74      1.91
      0.00      6.70     -1.91
      0.96      4.79     -4.79
      0.96      1.91     -2.87
      3.83     -0.96     -1.91
      4.79     -1.91     -2.87
      2.87     -1.91     -2.87
      1.91     -1.91      0.00
      1.91     -1.91      0.00
      0.00     -2.87     -1.91
      0.00     -2.87     -2.87
      0.96     -0.96     -3.83
      1.91      0.96     -3.83
      1.91      0.96     -2.87
      4.79     -0.96     -1.91
      5.74     -1.91      0.00
      1.91     -1.91      0.96
     -1.91     -0.96      3.83
     -1.91     -1.91      5.74
     -2.87     -2.87      7.66
     -1.91     -1.91      8.61
     -1.91      0.00      6.70
     -1.91      1.91      3.83
     -0.96      0.96      1.91
      0.00     -0.96      0.00
     -0.96     -0.96     -1.91
     -1.91      0.00     -1.91
     -1.91      1.91      0.00
     -0.96      3.83      0.00
      0.00      4.79     -1.91
     -1.91      6.70     -3.83
     -3.83      6.70     -3.83
     -3.83      5.74     -3.83
     -1.91      3.83     -4.79
     -0.96      1.91     -3.83
     -2.87      0.96      0.00
     -2.87      3.83      2.87
     -0.96      3.83      3.83
      0.00      0.96      3.83
      0.96     -1.91      5.74
      1.91     -0.96      7.66
      1.91      0.00      7.66
      2.87      1.91      7.66
      3.83      1.91      5.74
      3.83     -0.96      2.87
      1.91     -2.87      2.87
      0.00     -4.79      2.87
      0.96     -2.87      1.91
      1.91     -0.96      0.00
      2.87      1.91     -1.91
      2.87      0.96     -2.87
      1.91      0.00     -2.87
     -0.96     -0.96     -1.91
     -2.87      0.00      0.00
     -2.87      0.00      0.00
     -2.87      0.00     -0.96
     -3.83      0.96     -1.91
     -3.83      0.96     -1.91
     -5.74      2.87     -3.83
     -5.74      5.74     -5.74
     -4.79      5.74     -5.74
     -4.79      5.74     -3.83
     -4.79      3.83     -1.91
     -2.87      0.00      0.00
     -0.96     -1.91      0.96
      1.91     -1.91      0.00
      1.91     -0.96      0.00
      0.96     -0.96     -0.96
      0.00      0.00      1.91
     -1.91      0.00      5.74
      0.00      0.96      5.74
      0.96      0.96      4.79
     -0.96      0.96      3.83
     -1.91      0.96      3.83
     -0.96      0.96      0.96
      0.00      0.96     -0.96
      0.96      0.96      0.00
      1.91      1.91      0.00
      1.91      0.96     -0.96
      2.87      0.96     -1.91
      3.83      0.96     -0.96
      4.79      0.00      0.96
      3.83     -0.96      1.91
      1.91     -1.91      1.91
      0.00     -1.91      0.96
      0.00     -0.96     -0.96
      0.00      1.91     -3.83
     -0.96      3.83     -4.79
      0.00      3.83     -4.79
      1.91      3.83     -3.83
      1.91      1.91     -1.91
      1.91      0.00      0.00
      1.91     -1.91      2.87
      0.00     -1.91      5.74
      0.00     -0.96      3.83
      0.00     -0.96      3.83
      0.00     -0.96      4.79
      1.91     -0.96      4.79
      1.91     -0.96      3.83
      0.96      0.00      4.79
     -0.96      0.00      2.87
     -0.96      0.96      0.96
     -0.96      0.00      0.96
     -0.96     -0.96      2.87
      0.00     -1.91      2.87
     -1.91     -1.91      1.91
     -2.87     -1.91      0.96
     -0.96      0.00      0.96
      0.00      1.91     -1.91
     -0.96      1.91     -1.91
      1.91     -0.96      0.00
      1.91     -1.91      0.96
      0.00     -0.96      1.91
     -1.91     -0.96      0.96
     -0.96      0.00      1.91
     -1.91      0.00      0.96
     -1.91      0.00     -2.87
     -0.96      0.96     -4.79
     -0.96      1.91     -5.74
     -2.87      1.91     -2.87
      1.91      1.91     -2.87
      0.96      1.91     -2.87
      0.00      1.91     -1.91
      0.00      0.00      0.00
      0.00     -0.96     -0.96
     -2.87     -0.96     -0.96
     -3.83     -2.87      1.91
     -3.83     -3.83      3.83
     -5.74     -2.87      2.87
     -5.74     -1.91      1.91
     -4.79     -0.96      1.91
     -1.91      0.96      1.91
      1.91      1.91      1.91
      1.91      1.91      0.96
     -1.91      0.96      1.91
     -3.83      0.00      2.87
     -2.87      0.00      0.96
      0.00      0.00     -0.96
      0.96      0.00     -1.91
     -0.96      0.00     -1.91
     -1.91      0.96      0.00
     -1.91      1.91      0.96
      0.96      0.96      0.96
      1.91     -0.96      1.91
      1.91     -0.96      1.91
      1.91      1.91      0.96
      1.91      2.87      0.96
      1.91      2.87      2.87
      3.83      0.96      2.87
      5.74      0.00      1.91
      3.83     -0.96      1.91
      1.91     -0.96      0.96
      1.91     -0.96      0.00
      0.96      0.96     -0.96
      0.96      0.96      0.00
      1.91      0.96     -0.96
      0.96      1.91     -0.96
      0.00      0.96      0.00
      0.96      0.00      1.91
      0.96     -1.91      2.87
      0.96     -2.87      2.87
      0.00     -2.87      1.91
      0.96     -2.87      0.96
     -0.96     -1.91      0.00
      0.00      0.00      0.00
      0.96      1.91     -0.96
      0.00      2.87     -1.91
     -0.96      3.83     -0.96
     -0.96      4.79      0.00
     -0.96      4.79      0.96
      0.96      3.83      3.83
      1.91      3.83      2.87
      1.91      2.87      0.96
      0.00      2.87      0.00
      0.00      0.96     -1.91
      0.96     -0.96     -1.91
      0.00     -1.91     -2.87
     -1.91     -2.87     -0.96
     -0.96     -1.91      0.00
      0.00     -1.91     -1.91
      0.00      0.00     -1.91
     -0.96      0.96     -1.91
     -0.96      0.96     -2.87
      0.00      0.00     -2.87
      0.00     -0.96     -0.96
      0.00     -0.96      0.00
      0.00     -1.91      0.96
     -0.96     -1.91      1.91
     -1.91     -1.91      2.87
      0.00     -1.91      1.91
      1.91     -0.96      0.96
      0.96     -0.96     -0.96
     -1.91     -0.96     -0.96
     -1.91     -0.96      0.00
     -1.91     -0.96      1.91
      0.96     -0.96      3.83
      2.87     -0.96      3.83
      2.87     -0.96      3.83
      0.96     -1.91      2.87
      0.00      0.00      1.91
     -1.91      0.00      0.96
     -2.87      0.00     -0.96
     -1.91     -0.96     -0.96
     -0.96      0.00     -1.91
     -0.96      0.96     -0.96
     -0.96      0.96      0.96
     -0.96      1.91      2.87
      0.00      1.91      3.83
      1.91      1.91      0.96
      0.96      2.87     -1.91
     -0.96      2.87     -1.91
     -1.91      2.87      0.00
     -0.96      2.87      0.96
     -1.91      2.87      0.96
     -1.91      2.87      2.87
      0.00      0.00      2.87
      0.96     -1.91      2.87
      0.96     -1.91      2.87
      1.91     -0.96      0.96
      1.91      0.96      0.96
     -0.96      1.91      0.96
     -2.87      0.96      0.96
     -4.79      0.00      0.96
     -4.79      0.96      1.91
     -3.83      1.91     -0.96
     -1.91      2.87     -6.70
     -1.91      3.83     -7.66
     -2.87      2.87     -5.74
     -0.96      0.00     -3.83
      0.96     -0.96     -1.91
      1.91     -1.91     -1.91
      0.00     -1.91     -0.96
     -0.96     -1.91      0.00
     -0.96      0.00      0.00
      0.96      0.00     -0.96
      1.91      0.00     -1.91
      2.87      0.00     -1.91
      4.79      0.00     -1.91
      2.87      0.00     -0.96
      1.91     -0.96     -0.96
      1.91     -0.96     -0.96
      2.87      0.00      0.00
      2.87      0.96      0.96
      2.87      0.96      3.83
      1.91      1.91      3.83
      1.91      2.87      1.91
      1.91      3.83     -0.96
      1.91      3.83     -4.79
      1.91      1.91     -2.87
     -0.96      0.00      0.00
     -1.91     -1.91      2.87
     -1.91     -1.91      1.91
     -1.91     -1.91     -0.96
     -1.91     -0.96      0.00
     -1.91      0.96      0.00
     -0.96      3.83     -0.96
     -0.96      4.79      0.96
      0.00      4.79      3.83
      1.91      3.83      3.83
      1.91      0.96      0.96
      1.91      0.00      1.91
      2.87      0.00      3.83
      1.91     -0.96      2.87
      0.00     -2.87      3.83
      0.00     -2.87      2.87
      0.00     -1.91      2.87
      0.00      0.00      0.96
     -0.96      0.96     -0.96
     -2.87      2.87     -0.96
     -0.96      3.83      0.00
      0.96      3.83      0.00
      1.91      3.83      0.96
      0.96      3.83      0.00
      0.00      2.87     -0.96
     -0.96      0.00      0.00
     -0.96     -0.96      0.96
     -2.87     -2.87      0.96
     -4.79     -2.87      0.00
     -3.83     -2.87      0.96
     -1.91     -2.87      0.00
     -0.96     -0.96     -2.87
     -1.91      0.00     -3.83
     -0.96      0.96     -0.96
     -0.96      0.96      0.96
      0.00      0.96      0.00
      0.00     -0.96     -0.96
     -0.96     -1.91      0.00
     -1.91     -1.91      0.96
     -1.91     -1.91      1.91
     -0.96     -0.96      0.96
     -0.96      0.00      0.00
     -1.91      0.00     -0.96
      0.00      0.00     -0.96
      1.91      0.00     -0.96
      0.96      0.96     -0.96
      1.91      0.96      0.00
      1.91      0.96      0.96
      2.87      0.00      0.96
      3.83      1.91      0.96
      2.87      3.83      0.00
      1.91      4.79      0.00
      0.96      4.79     -0.96
      0.00      2.87     -0.96
     -0.96      0.96      0.96
     -0.96      0.00      2.87
      0.00      0.96      0.96
      0.00      0.96      0.96
     -0.96      0.96      0.96
     -1.91      1.91      0.96
     -0.96      3.83      0.96
      0.96      4.79      0.96
      1.91      3.83      0.96
      1.91      1.91      0.96
      1.91      0.96      0.96
      1.91      0.96      0.96
      0.96      0.96      0.96
      0.96      0.96      0.96
      1.91      2.87      0.96
      0.96      1.91      0.96
      0.00      0.00      0.00
     -1.91     -0.96      2.87
     -1.91     -1.91      4.79
      0.00      0.00      5.74
      1.91      1.91      3.83
      1.91      2.87      2.87
      0.96      3.83      0.96
     -0.96      2.87      0.96
     -1.91      2.87      0.96
     -0.96      0.96      0.96
     -1.91      0.00      0.96
     -0.96     -0.96      2.87
      0.00     -2.87      2.87
     -0.96     -2.87      2.87
     -1.91     -1.91      3.83
     -1.91      0.00      2.87
      0.00      0.96      1.91
      0.00      1.91      0.96
     -0.96      0.96     -0.96
     -1.91     -0.96     -0.96
     -1.91     -2.87     -0.96
     -1.91     -2.87     -0.96
     -0.96     -0.96     -0.96
      0.96     -0.96     -2.87
      1.91      0.00     -0.96
      0.96      0.00      0.00
     -0.96     -0.96     -0.96
     -0.96      0.00     -0.96
     -2.87      0.96     -0.96
     -3.83      0.96      0.96
     -3.83      0.00      3.83
     -3.83      0.00      4.79
     -2.87     -0.96      3.83
     -1.91     -0.96      0.00
     -1.91     -0.96     -2.87
      0.00     -1.91     -2.87
      0.00     -1.91     -1.91
     -1.91     -0.96     -0.96
     -0.96      0.00      0.00
     -0.96      0.00     -0.96
      0.00      1.91     -0.96
      0.96      0.96      0.00
      1.91      0.00      0.96
      0.96     -0.96      0.96
      0.96     -1.91      1.91
     -0.96     -2.87      0.96
     -0.96     -2.87     -0.96
      0.00     -1.91     -0.96
      1.91     -0.96     -0.96
      0.00      0.96      0.00
      1.91      2.87     -1.91
      2.87      2.87     -2.87
      3.83      1.91     -2.87
      2.87      0.96     -2.87
      1.91     -0.96     -1.91
      1.91     -0.96      0.00
      0.96      0.96      0.96
      1.91      0.96      0.96
      1.91      1.91      0.96
      0.96      1.91     -0.96
      0.00      0.96      0.96
      0.96      0.96      0.96
      1.91      1.91     -0.96
      1.91      2.87     -0.96
      1.91      2.87      0.00
      1.91      2.87      0.96
     -0.96      2.87      2.87
     -2.87      1.91      2.87
     -1.91      0.00      1.91
     -0.96     -1.91      2.87
     -0.96     -0.96      2.87
     -1.91      0.00      0.96
     -0.96      0.96      0.96
      0.96      1.91      0.96
      1.91      3.83      0.96
      0.96      4.79      0.00
      0.00      3.83      1.91
      1.91      1.91      3.83
      0.96      0.00      2.87
      0.00     -0.96      0.00
     -0.96      0.00     -1.91
     -0.96      0.96     -0.96
      0.96      1.91     -1.91
      1.91      0.96     -2.87
      0.96      0.00     -0.96
      0.96     -1.91      0.00
     -0.96     -1.91     -0.96
     -0.96      0.00     -1.91
      1.91      0.00     -0.96
      0.96      0.96     -0.96
     -0.96      0.96      0.00
     -1.91     -0.96      0.00
     -2.87     -1.91      0.96
     -0.96     -0.96      2.87
     -0.96      0.00      0.96
      0.00      0.96     -0.96
      1.91      0.96      0.96
      0.96      0.00      1.91
     -0.96      0.00      0.96
     -1.91     -0.96      0.00
     -0.96     -0.96      0.96
     -1.91     -1.91      1.91
     -0.96     -0.96      2.87
     -1.91     -0.96      0.96
     -1.91     -0.96      0.00
     -1.91      0.00      0.00
     -0.96      0.96     -0.96
     -1.91      1.91     -1.91
     -0.96      1.91     -1.91
      0.00      0.96      0.00
      1.91      0.00     -0.96
      1.91      0.00     -3.83
      0.96      0.00     -3.83
     -0.96     -0.96     -0.96
      0.00     -0.96      0.96
      0.96      0.00      0.00
      0.00      0.96     -0.96
     -0.96      1.91     -0.96
     -0.96      1.91      0.00
      0.96      1.91      0.00
      0.00      1.91      0.00
     -2.87      0.96      1.91
     -1.91      0.96      2.87
     -1.91      1.91      0.96
     -1.91      1.91      0.00
     -1.91      0.96      0.96
     -1.91      0.00      0.96
     -0.96     -0.96      1.91
      0.96      0.00      0.00
      0.96      0.00     -0.96
      0.00     -0.96     -0.96
      0.00     -0.96      0.00
      0.00      0.00      0.96
      0.00      1.91      0.96
      0.00      1.91      0.96
      0.96      1.91     -0.96
      0.96      0.96      0.00
      0.00      0.00      0.96
      0.96      0.00      0.96
     -0.96      0.96      0.96
      0.00      1.91      0.96
      0.00      2.87      0.96
      0.00      1.91      0.96
      0.00      1.91      0.96
      0.00      0.96      0.00
      0.00      0.00      0.00
      0.96     -0.96      0.96
      1.91     -0.96      0.96
      1.91     -0.96      1.91
      2.87     -1.91      0.00
      3.83     -0.96      0.00
      2.87      0.00      0.96
      1.91     -0.96      0.96
      1.91      0.00      0.96
      0.96      0.00      0.96
      0.96      0.96      1.91
      0.00      1.91      1.91
     -0.96      1.91      0.96
     -0.96      0.96      2.87
     -0.96     -0.96      3.83
     -0.96      0.00      2.87
     -1.91      0.96      1.91
     -1.91      0.96     -0.96
     -1.91      1.91     -0.96
     -0.96      1.91      0.00
      0.00      1.91      0.00
     -0.96      0.00      0.00
      0.00     -1.91      0.96
      0.00     -1.91      0.96
      0.96     -0.96     -0.96
      0.00      0.00     -1.91
     -0.96      0.96     -0.96
     -1.91      0.96      0.00
     -1.91      0.00      0.96
     -0.96      0.00      0.96
      0.00      0.96     -0.96
      0.00      0.00     -1.91
      1.91      0.96     -1.91
      0.00      2.87     -0.96
     -0.96      3.83     -0.96
      0.00      3.83      0.00
      0.00      1.91      0.00
      0.00      0.96      0.96
      0.00      0.00      0.96
      0.00      0.96     -0.96
      0.00      0.96     -1.91
     -1.91      0.96     -0.96
     -2.87      0.00      0.96
     -2.87     -0.96      1.91
     -2.87     -1.91      0.96
     -0.96     -2.87      0.00
      0.96     -2.87     -1.91
      0.00     -1.91     -0.96
     -0.96     -2.87      0.00
     -0.96     -0.96      0.00
      0.00      0.96      0.00
      0.00      1.91      0.96
     -0.96      0.00      1.91
     -0.96      0.00      0.96
      0.00     -0.96      0.00
      1.91     -0.96     -0.96
      1.91     -0.96     -0.96
      0.00     -1.91     -1.91
      0.96     -1.91     -0.96
      1.91     -0.96      0.00
      1.91     -0.96      0.96
      1.91      0.00      1.91
      1.91      0.00      1.91
      1.91      0.00      2.87
      2.87      0.96      2.87
      4.79      1.91      0.96
      4.79      1.91     -1.91
      3.83      2.87     -1.91
      2.87      1.91      0.00
      1.91      0.96      0.00
      0.00      0.96      0.96
     -0.96      0.96      2.87
     -0.96      0.00      2.87
      0.00     -1.91      0.96
      0.00     -0.96      1.91
      0.00      0.96      2.87
      1.91      2.87      3.83
      1.91      3.83      2.87
      1.91      3.83      1.91
     -0.96      1.91      0.96
     -1.91      0.96      0.96
     -0.96     -0.96      0.96
     -0.96     -0.96      1.91
      0.00     -0.96      0.96
     -0.96      0.00      0.96
     -1.91     -0.96      0.96
     -1.91     -1.91      0.96
     -2.87     -2.87      1.91
     -1.91     -2.87      1.91
     -1.91     -1.91      0.96
     -1.91     -0.96      0.00
     -1.91     -0.96      0.96
     -0.96      0.00      2.87
      0.00      0.96      2.87
      0.00      0.00      0.96
      0.00     -0.96      0.96
      0.00     -1.91      1.91
      0.00     -1.91      0.96
     -1.91     -1.91      0.96
     -1.91     -2.87      0.00
     -1.91     -2.87     -0.96
     -0.96     -2.87     -0.96
     -0.96     -1.91     -2.87
     -1.91     -0.96     -1.91
     -1.91      0.96      0.00
     -1.91      0.96      0.00
     -0.96      0.96     -0.96
     -1.91      0.96     -1.91
     -0.96      0.96     -2.87
     -1.91      0.96     -2.87
     -1.91      1.91     -2.87
     -0.96      2.87     -2.87
     -0.96      2.87     -2.87
     -0.96      1.91     -1.91
     -0.96      0.96     -2.87
     -1.91      0.00     -2.87
     -2.87      0.00     -1.91
     -2.87      0.00      0.00
     -1.91      0.00      0.00
      0.00     -0.96      0.00
      0.00     -0.96      0.96
      1.91      0.00      0.00
      1.91      0.96     -0.96
      0.96      2.87      0.00
      0.96      2.87      0.96
      1.91      2.87      1.91
      1.91      1.91      1.91
      0.00      1.91      1.91
      0.96      1.91      1.91
      1.91      2.87      0.96
      1.91      2.87      0.96
      1.91      3.83      0.00
      1.91      3.83      0.00
      1.91      2.87      0.96
      1.91      1.91      0.96
      0.96      1.91      0.96
      0.96      1.91     -0.96
      1.91      2.87      0.96
      1.91      3.83      0.96
      1.91      3.83      1.91
      1.91      2.87      1.91
      1.91      1.91      0.96
      0.00      0.96      1.91
      1.91     -0.96      1.91
      1.91     -1.91      1.91
      0.00     -1.91      0.96
      0.00     -0.96      0.96
      1.91      0.00     -2.87
      1.91      0.96      0.00
      1.91      1.91     -0.96
      0.96      2.87      0.96
      0.00      2.87      0.96
      0.00      2.87      2.87
     -0.96      2.87      2.87
      0.00      1.91      0.96
      0.96      1.91      1.91
      0.00      1.91      2.87
      0.96      1.91      1.91
      0.00      1.91      0.96
      0.00      0.96      0.00
      0.00      0.00      0.96
      0.00      0.00      1.91
      0.00      0.00      1.91
     -0.96     -0.96      1.91
     -1.91     -0.96      1.91
     -1.91     -0.96      0.96
     -1.91     -0.96      0.00
     -1.91     -0.96      0.96
     -1.91      0.00      0.96
     -2.87      1.91      0.00
     -2.87      1.91      0.00
     -2.87      0.96      0.96
     -3.83      0.96      1.91
     -3.83      0.00      0.96
     -2.87      0.96     -0.96
     -1.91      0.96     -0.96
     -0.96      1.91     -0.96
      0.00      0.96     -1.91
      0.00     -0.96     -0.96
      1.91      0.00      0.00
      1.91      0.00     -0.96
      0.96     -0.96     -0.96
      0.00     -0.96      0.00
      0.00      0.00      0.00
      0.00      1.91     -1.91
     -0.96      2.87     -1.91
      0.00      1.91     -0.96
     -0.96      0.96     -0.96
     -1.91      0.96     -0.96
     -1.91      0.00     -0.96
     -0.96      0.00      0.00
     -1.91      0.96      0.96
     -0.96      0.96      0.00
     -0.96      1.91      0.00
     -1.91      1.91      0.96
     -0.96      0.96      0.96
      0.00     -0.96      0.96
      0.00     -1.91      1.91
     -0.96     -1.91      1.91
      0.00     -0.96      0.96
      0.96      0.00      0.00
      0.00      0.00      0.00
      0.96      0.96      0.96
      1.91      0.96      0.96
      1.91      1.91      0.00
      1.91      1.91     -1.91
      1.91      0.96     -1.91
      1.91      0.00     -0.96
      1.91      0.00     -0.96
      1.91      0.00     -1.91
      1.91      0.00     -2.87
     -0.96      0.00     -1.91
     -0.96      0.96     -1.91
     -0.96      0.96      0.96
     -0.96      0.96      2.87
     -1.91      1.91      3.83
     -1.91      1.91      2.87
      0.00      1.91      2.87
      0.00      1.91      1.91
      0.00      0.96      0.96
     -0.96      0.00      1.91
      0.00      0.00      3.83
      1.91      0.00      2.87
      1.91      0.00      0.96
      0.00     -1.91      0.96
     -2.87     -0.96      0.96
     -1.91      0.00      2.87
     -0.96      0.96      1.91
     -0.96      0.96      2.87
      0.00      0.96      2.87
      0.00      0.00      2.87
      0.00      0.00      2.87
     -0.96      0.96      1.91
      0.00      0.96      0.96
      0.00      0.00     -0.96
     -0.96      0.00      0.96
     -0.96     -0.96      1.91
     -0.96     -1.91      1.91
     -1.91     -0.96      0.96
     -0.96      0.00      0.00
     -0.96      0.00     -1.91
      0.00      0.00     -0.96
      0.00      0.00     -0.96
      1.91      0.00      0.96
      0.96     -0.96      0.96
     -0.96     -0.96      2.87
     -1.91     -0.96      1.91
     -2.87      0.00      0.00
     -3.83     -0.96     -1.91
     -3.83     -0.96     -0.96
     -1.91      0.00     -0.96
     -0.96      0.00      0.00
      0.00      0.00      0.00
     -1.91      0.00     -0.96
     -2.87     -0.96      0.00
     -3.83     -1.91      0.00
     -3.83     -0.96      0.00
     -2.87     -0.96      0.96
     -0.96      0.00      0.96
      0.00      0.00      0.00
      0.00      0.00     -0.96
      0.00     -0.96     -0.96
      1.91      0.00     -0.96
      0.96      0.96     -0.96
      0.96      0.00     -0.96
      0.00      1.91     -1.91
      0.00      2.87     -1.91
     -0.96      2.87     -1.91
      0.00      1.91     -1.91
      0.96      0.00     -1.91
      0.00      0.00     -0.96
      0.00      0.00     -0.96
      0.00      0.00     -0.96
      0.96      0.96      0.00
      0.96      0.00      0.96
      0.96      0.00      0.96
      2.87      0.00      0.00
      2.87     -0.96      0.00
      1.91      0.00      0.00
      1.91      0.00      0.96
      1.91      0.00      0.96
      0.96      0.00      0.96
      0.96      0.96      1.91
      1.91      0.00      1.91
      1.91      0.00      2.87
      1.91      0.00      2.87
      1.91      0.96      1.91
      1.91      0.96      0.96
      0.96      1.91      0.96
      0.00      1.91      0.96
      0.96      0.96      0.96
      0.00      0.96      0.00
      0.96      0.96      0.00
      1.91      0.96      0.00
      1.91      0.96      0.00
      1.91      0.00      0.96
      1.91      0.00      1.91
      1.91      0.00      2.87
      1.91      0.00      2.87
     -0.96      0.96      1.91
     -0.96      0.96      1.91
     -1.91      0.96      0.96
     -1.91      0.96      1.91
     -0.96      0.00      0.96
     -1.91     -0.96      0.96
     -1.91     -0.96      2.87
     -1.91     -0.96      3.83
     -1.91      0.00      2.87
     -0.96      0.00      1.91
     -1.91      0.00      0.96
     -1.91      0.00      0.00
     -1.91      0.00     -0.96
     -1.91      0.96      0.00
     -1.91      0.96      0.00
     -1.91      0.96     -1.91
     -2.87      1.91     -2.87
     -0.96      1.91     -2.87
     -0.96      1.91     -1.91
     -2.87      0.00     -1.91
     -0.96      0.00      0.00
      0.00      0.00      0.00
      0.00      0.00      0.00
      0.00      0.00     -0.96
      0.00      0.00     -2.87
      1.91      0.00     -3.83
      1.91      0.00     -3.83
      0.96      0.00     -3.83
      0.96      0.00     -1.91
      1.91      0.96     -0.96
      1.91      0.96      0.00
      1.91      0.00      0.96
      1.91      0.00      0.00
      0.00      0.00      0.96
      0.00      0.00      0.96
      1.91      0.00      0.96
      1.91      0.00      0.96
      1.91      0.00      0.96
      2.87     -0.96      0.00
      1.91     -0.96      0.96
      1.91     -0.96      0.96
      1.91      0.00      0.00
      0.00      0.96     -1.91
     -0.96      0.96      0.00
     -0.96      1.91      0.96
      0.00      1.91      0.00
      1.91      2.87     -0.96
      1.91      1.91      0.00
      1.91      1.91      0.96
      1.91      1.91      0.96
      0.00      1.91      0.96
     -0.96      1.91      0.96
     -0.96      1.91      0.96
     -1.91      0.96      0.00
     -0.96      0.00      0.00
      0.00      0.00      0.96
      0.00      0.00      0.96
      0.96      0.96      0.00
      0.96      0.96      0.00
      0.00      0.96      0.00
      0.00      0.00      0.96
      0.00      0.96      0.96
      0.00      0.96      0.96
      0.00      0.96      0.96
     -0.96      0.00      0.96
     -0.96      0.00      0.00
     -0.96     -0.96      0.00
     -0.96      0.00      0.00
     -0.96      0.00      0.96
     -0.96      0.96      0.00
     -0.96      0.96      0.00
     -1.91      0.96      0.96
     -1.91      0.96      0.00
     -0.96      0.96      1.91
     -0.96      0.96      1.91
      0.00      0.96      1.91
      0.96      0.96      0.96
      1.91      0.00      0.96
      1.91     -0.96      0.96
      1.91     -1.91      1.91
      1.91     -1.91      0.96
      1.91     -0.96      0.96
      1.91      0.00      0.96
      1.91      0.96      0.96
      1.91      0.96      0.00
      0.96      1.91      0.00
      0.96      1.91     -0.96
      0.96      2.87     -0.96
      0.00      0.96     -0.96
      0.00      0.00     -0.96
      0.00     -0.96      0.00
     -0.96     -0.96      0.00
     -0.96      0.00      0.96
      0.00      0.96      0.00
      0.00      1.91      0.96
     -0.96      1.91      0.96
     -0.96      1.91      1.91
     -0.96      1.91      1.91
      0.00      0.96      0.00
      0.00      0.00      0.96
      1.91      0.00      0.00
      1.91      0.00      0.96
      0.96     -0.96      0.00
      0.96     -1.91      0.96
      1.91     -1.91      0.96
      0.00     -0.96      0.96
     -1.91      0.00      0.96
     -0.96      0.00      0.96
     -0.96      0.00      0.00
     -0.96      0.96      0.00
     -0.96      0.00      0.00
     -1.91      0.96     -0.96
     -1.91      1.91      0.00
     -0.96      1.91     -0.96
     -0.96      2.87     -0.96
     -0.96      1.91      0.00
     -0.96      0.00      0.00
     -1.91     -0.96      0.96
     -1.91     -0.96      0.96
     -0.96      0.00      0.96
      0.00      0.00      0.00
      0.96      0.00      0.96
      0.00      0.00      1.91
      0.96      0.00      1.91
     -0.96      0.96      0.96
     -1.91      0.96      0.00
     -1.91      1.91      0.96
     -2.87      0.96      0.96
     -1.91      0.00      0.96
     -0.96      0.00      1.91
      0.00      0.00      0.96
      0.00      0.00      0.96
     -0.96     -0.96      1.91
     -1.91     -0.96      0.96
     -0.96     -1.91      0.96
      0.00     -1.91      0.96
     -0.96     -1.91      0.00
     -0.96     -0.96     -0.96
     -0.96     -0.96     -0.96
     -0.96     -0.96      0.00
     -0.96     -1.91     -0.96
      0.00     -1.91     -0.96
      0.00     -0.96      0.00
      0.00     -0.96      0.96
      0.00     -0.96      0.00
     -1.91      0.00     -0.96
     -0.96      1.91     -0.96
      0.00      1.91      0.00
     -0.96      2.87      0.00
     -0.96      2.87      0.00
      0.96      1.91      0.00
      0.96      1.91      0.00
      0.00      1.91      0.00
      0.00      1.91     -0.96
      0.00      0.96      0.00
      0.00      0.96      0.96
      0.96      0.96      0.96
      1.91      0.96      0.00
      1.91      0.96     -0.96
      0.00      0.96     -0.96
      0.00      0.00     -1.91
      0.00     -0.96     -0.96
      0.00      0.00      0.00
      0.00     -0.96      0.00
      0.96     -1.91      0.00
      1.91     -0.96      0.96
      1.91     -0.96      0.96
      0.96     -0.96      0.96
      1.91     -0.96      0.96
      1.91     -0.96      1.91
      0.00     -0.96      2.87
      0.00     -0.96      2.87
      0.00     -0.96      2.87
     -0.96      0.00      2.87
      0.00      0.00      1.91
      0.96      0.00      0.00
      0.00      0.00     -0.96
      0.00      0.00      0.00
      0.00      0.00      0.00
      0.00      0.00      0.96
      0.96      0.00      0.96
      1.91      0.00      0.96
      1.91      0.00      0.96
      0.96      0.00      0.96
     -0.96      0.00      1.91
     -1.91      0.00      1.91
     -1.91      0.00      1.91
     -1.91      0.00      1.91
     -1.91     -0.96      1.91
     -1.91      0.00      1.91
     -1.91      0.96      0.96
     -0.96     -0.96      0.00
     -0.96      0.00      0.00
     -1.91      0.96      0.00
      0.00      0.00     -0.96
      0.00      0.00      0.00
      0.00      0.00      0.96
     -0.96      0.00      0.00
     -0.96      0.00      0.00
     -0.96     -0.96     -0.96
     -0.96     -0.96     -1.91
     -0.96      0.00     -1.91
     -0.96      0.96     -1.91
     -0.96      0.96     -0.96
     -1.91      0.96      0.00
     -0.96      0.96      0.96
      0.00      0.00      0.96
      1.91      0.00      0.96
      0.96      0.00      0.00
      0.00      0.00      0.00
     -0.96      0.96     -0.96
     -0.96      0.96     -0.96
     -0.96      1.91     -0.96
      0.00      0.96     -0.96
      0.00      0.96     -0.96
     -0.96      0.96      0.00
     -0.96      0.96      0.00
      0.00      0.96     -0.96
      0.00      0.96     -0.96
      0.96      0.96     -0.96
      0.96      0.00      0.00
      0.96      0.00      0.96
      1.91      0.00      0.96
      1.91      0.00      0.96
      1.91     -0.96      0.96
      0.96     -0.96      0.96
      0.00     -0.96      0.00
     -0.96     -0.96      0.96
     -0.96      0.00      2.87
      0.00      0.96      2.87
      0.96      1.91      0.96
      0.00      1.91      0.00
      0.96      0.96      0.00
      1.91      0.96      0.00
      1.91      0.96      0.96
      1.91      0.00      0.96
      1.91     -0.96      1.91
      0.00     -0.96      2.87
      0.96     -0.96      1.91
      1.91      0.00      0.96
      0.96      0.96      0.96
      0.96      1.91      0.96
      0.96      2.87      0.96
      0.96      2.87      0.96
      1.91      2.87      0.96
      0.96      2.87      0.00
      0.00      2.87      0.00
     -0.96      0.96      0.96
      0.00      0.00      0.96
      0.00      0.00      0.96
     -0.96      0.00      0.96
     -0.96      0.96      0.96
     -0.96      0.96      0.00
     -0.96      0.00      0.96
     -0.96      0.00      0.00
     -0.96      0.00     -0.96
     -0.96     -0.96      0.00
     -0.96     -0.96      0.00
      0.00     -0.96     -1.91
      0.00      0.00     -0.96
      1.91      0.96      0.00
      1.91      0.96      0.00
      0.96      1.91     -0.96
     -0.96      1.91     -0.96
      0.00      1.91      0.00
      0.96      2.87      0.00
      1.91      2.87      0.00
      1.91      2.87      0.00
      0.96      3.83      0.00
      0.96      3.83      0.96
      0.96      2.87      0.96
      0.96      1.91      0.96
      0.00      0.96      0.96
     -0.96      0.00      0.00
     -0.96      0.96      0.00
     -0.96      0.96      0.00
