********************************************************************************
                       INSTITUTO DE INGENIERIA, UNAM
                   Coordinacion de Instrumentacion Sismica
  Ciudad Universitaria, Apartado Postal 70-472, Coyoacan 04510, Mexico, D.F.
 Tel.(52-5)622-3414    Fax.(52-5)616-1514    e-mail: isismica@pumas.iingen.unam.mx
**************************************************************************************
ARCHIVO ESTANDAR DE ACELERACION:
VERSION DEL FORMATO                    : 2.0
NOMBRE DEL ARCHIVO                     : SUCH9005.111
FECHA Y HORA DE CREACION               : Fri Mar 06 14:13:11 1998
REF. CATALOGO ACELEROGRAMAS, SMIS 1995 : REGISTRO No. 2127 /PAG. 209


================================================================================
DATOS DE LA ESTACION:
NOMBRE DE LA ESTACION                  : EL SUCHIL
CLAVE DE LA ESTACION                   : SUCH
LOCALIZACION DE LA ESTACION            : Taller Mecanico en el Suchil,
                                       : Guerrero.
                                       :
                                       :
                                       :
COORDENADAS DE LA ESTACION             : 17.226169 LAT. N
                                       : 100.638345 LONG. W
ALTITUD (msnm)                         : 40  
TIPO DE SUELO                          : ROCA
                                       : 
                                       : 
INSTITUCION RESPONSABLE                : INSTITUTO DE INGENIERIA UNAM
                                       :

================================================================================
DATOS DEL ACELEROGRAFO: 
MODELO DEL ACELEROGRAFO                : DCA-333
NUMERO DE SERIE DEL ACELEROGRAFO       : 109
NUMERO DE CANALES                      : 3
ORIENTACION C1-C6 (rumbo;orientacion)  : /V/N90E/N00E
ORIENTACION C7-C12 (rumbo;orientacion) :
VEL. DE MUESTREO, C1-C6 (muestras/s)   : /100/100/100
VEL. DE MUESTREO, C7-C12 (muestras/s)  :
ESC. COMPLETA DE SENSORES, C1-C6, (g)  : /2/2/2
ESC. COMPLETA DE SENSORES, C7-C12 (g)  :
FREC. NAT. DE SENSORES, C1-C6, (Hz)    : /30/30/30
FREC. NAT. DE SENSORES, C7-C12 (Hz)    :
AMORTIGUAMIENTO DE SENSORES, C1-C6     : /0.7/0.7/0.7
AMORTIGUAMIENTO DE SENSORES, C7-C12    :
INTERVALO DE MUESTREO, C1-C6 (s)       : /0.01/0.01/0.01
INTERVALO DE MUESTREO, C7-C12 (s)      :
UMBRAL DE DISPARO, C1-C6 (Gal)         : /8/8/8
UMBRAL DE DISPARO, C7-C12 (Gal)        :
MEMORIA DE PREEVENTO (s)               : 4
TIEMPO DE POSEVENTO (s)                : 15


================================================================================
DATOS DEL SISMO:
FECHA DEL SISMO [GMT]                  : 1990/05/11
HORA EPICENTRO (GMT)                   : 23:43:49,1
MAGNITUD(ES)                           : /Mb=5.30/Ms=4.90/Mc=5.30
COORDENADAS DEL EPICENTRO              : 17.046 LAT. N 
                                       : 100.840 LONG. W
PROFUNDIDAD FOCAL (km)                 : 12 
FUENTES DE LOS DATOS EPICENTRALES      : INSTITUTO DE INGENIERIA UNAM
                                       : 

================================================================================
DATOS DE ESTE REGISTRO:
HORA DE LA PRIMERA MUESTRA (GMT)       : 23:43:56.21
EXACTITUD DEL TIEMPO (s)               : 0.01
DURACION DEL REGISTRO (s), C1-C6       : /16.07/16.07/16.07                      
DURACION DEL REGISTRO (s), C7-C12      : 
NUM. TOTAL DE MUESTRAS, C1-C6          : /1607/1607/1607                       
NUM. TOTAL DE MUESTRAS, C7-C12         : 
ACEL. MAX.(Gal), C1-C6                 : /-9.14/-7.62/-13.83                   
ACEL. MAX., C1-C6, EN LA MUESTRA       : /337/338/350                          
ACEL. MAX.(Gal), C7-C12                : 
ACEL. MAX., C7-C12,EN LA MUESTRA       : 
UNIDADES DE LOS DATOS                  : Gal (cm/s/s)
FACTOR DE DECIMACION                   : 1
FORMATO DATOS (FORTRAN,10 campos/dato) : 3F10.2


================================================================================
CALIDAD DEL ACELEROGRAMA:
REGISTRO DIGITAL COMPLETO CON TIEMPO ABSOLUTO CORRECTO.


===============================================================================
COMENTARIOS:














===============================================================================
DATOS DE ACELERACION:
---------+---------+---------+---------+---------+---------+---------+---------+
   CANAL-1   CANAL-2   CANAL-3
         V      N90E      N00E
---------+---------+---------+---------+---------+---------+---------+---------+
     -0.53      0.04     -0.43
      0.43      0.04      0.53
     -0.53      0.04      0.53
     -1.48      0.04      0.53
     -1.48      0.04     -0.43
      0.43      0.04     -1.39
      0.43      0.04     -1.39
      0.43     -1.87     -0.43
      0.43     -0.92      1.48
     -0.53      0.04      1.48
     -0.53      1.95      1.48
     -0.53      1.00     -0.43
      0.43     -0.92     -2.34
      1.39      0.04     -1.39
      1.39      0.04      0.53
      1.39      1.00      1.48
      1.39      1.00      1.48
      1.39      1.95      2.44
      1.39      1.95      2.44
      1.39      1.00      0.53
      0.43     -0.92     -2.34
      0.43     -1.87     -1.39
      0.43     -0.92     -0.43
      0.43      1.00      0.53
     -0.53      1.00     -0.43
     -1.48      0.04     -1.39
      0.43     -0.92     -0.43
     -1.48     -0.92     -0.43
     -2.44     -0.92     -0.43
     -3.40     -0.92     -0.43
     -2.44     -1.87     -1.39
      0.43     -1.87     -0.43
      0.43      0.04     -0.43
      0.43      1.00      1.48
      0.43      1.00      1.48
     -1.48      0.04      1.48
     -1.48      0.04      1.48
     -1.48     -0.92      1.48
     -1.48     -0.92      1.48
     -1.48     -0.92      0.53
     -0.53     -1.87     -0.43
      1.39     -1.87     -0.43
      1.39      1.00     -0.43
      1.39      1.00      0.53
      0.43      1.00      0.53
      0.43      0.04     -0.43
      0.43     -0.92      0.53
      0.43     -0.92      0.53
      0.43      0.04     -0.43
      0.43      0.04     -0.43
      0.43      0.04     -1.39
      0.43      0.04      0.53
      0.43      1.00      0.53
      1.39      0.04     -0.43
      1.39      0.04      0.53
      0.43      1.00      0.53
     -0.53      1.95     -0.43
      0.43      1.00     -1.39
     -0.53      1.00     -1.39
     -1.48      0.04     -0.43
     -1.48     -0.92      0.53
     -0.53      0.04     -0.43
      0.43      0.04     -0.43
      1.39      1.00      0.53
      0.43      1.00      1.48
     -1.48     -0.92      1.48
     -2.44     -0.92      0.53
     -1.48     -0.92     -0.43
      0.43      0.04     -0.43
     -0.53      0.04     -0.43
      0.43      0.04      0.53
      1.39     -0.92      0.53
      0.43     -0.92      0.53
      0.43      0.04      1.48
      0.43      0.04      0.53
      0.43      1.00     -0.43
      0.43      1.00      0.53
      0.43      0.04      0.53
      1.39      0.04      0.53
      0.43      0.04      0.53
      0.43     -0.92     -0.43
      0.43     -0.92     -0.43
     -1.48      0.04     -0.43
     -1.48      0.04     -0.43
     -1.48      0.04     -0.43
     -0.53      0.04     -1.39
      0.43      0.04     -0.43
      0.43      0.04     -0.43
      0.43      1.00      0.53
     -0.53      0.04      0.53
     -1.48     -0.92      0.53
      0.43     -0.92      0.53
      0.43     -0.92      0.53
      1.39      0.04     -0.43
      0.43      0.04     -0.43
     -0.53     -0.92     -0.43
     -1.48     -0.92     -1.39
     -0.53     -0.92     -1.39
     -0.53     -0.92     -1.39
     -0.53      0.04     -1.39
     -0.53      0.04     -1.39
     -1.48      0.04     -0.43
     -1.48     -0.92      0.53
     -1.48     -1.87      0.53
     -0.53      0.04      1.48
      0.43      1.00      0.53
      0.43      1.00     -0.43
      0.43      1.00     -1.39
      0.43      0.04     -0.43
     -0.53     -0.92      0.53
      0.43      0.04      0.53
      1.39      1.00     -0.43
      1.39      1.00     -0.43
     -0.53      1.00      0.53
     -0.53      1.00      0.53
      0.43      0.04     -0.43
      0.43      1.00     -0.43
      0.43      0.04      0.53
      0.43     -0.92      0.53
      0.43     -0.92     -0.43
      0.43      0.04     -1.39
      0.43     -0.92      0.53
     -0.53     -0.92      0.53
      0.43     -0.92     -0.43
      1.39      0.04     -0.43
      1.39     -0.92     -0.43
      1.39      0.04     -0.43
      1.39     -0.92      0.53
     -0.53     -0.92      0.53
     -2.44     -0.92      0.53
     -2.44      0.04     -1.39
      0.43      1.95     -1.39
      1.39      2.91     -0.43
      0.43      1.95      0.53
      0.43      1.00      2.44
      0.43      0.04      1.48
      0.43      0.04      1.48
      0.43      0.04      1.48
     -0.53      0.04     -0.43
      0.43     -0.92     -1.39
      0.43     -1.87     -1.39
      0.43     -1.87     -0.43
      0.43     -0.92      1.48
      0.43     -0.92      0.53
      0.43      0.04      0.53
     -0.53      1.00      0.53
      0.43      0.04     -0.43
     -0.53      0.04     -0.43
      0.43     -0.92     -0.43
      0.43      1.00     -0.43
      1.39      1.95      0.53
      0.43      2.91     -0.43
      1.39      1.95      1.48
      1.39      1.00      0.53
     -0.53     -0.92     -1.39
     -0.53     -0.92     -0.43
      1.39     -0.92      0.53
      0.43      0.04     -0.43
     -2.44      0.04     -0.43
      0.43      0.04      1.48
      0.43     -0.92      0.53
     -1.48      0.04     -1.39
     -1.48      0.04     -2.34
     -1.48      0.04     -2.34
     -2.44     -0.92     -2.34
     -2.44     -0.92     -2.34
     -0.53      0.04     -1.39
      0.43      1.00     -0.43
      0.43      2.91      0.53
      0.43      1.95      0.53
      0.43      0.04     -0.43
      0.43     -1.87     -0.43
      0.43     -1.87     -0.43
      1.39     -0.92      0.53
      0.43     -0.92     -0.43
      1.39      0.04      0.53
      1.39      0.04      1.48
      0.43     -0.92      0.53
      0.43     -0.92      0.53
      0.43      0.04     -0.43
      1.39      1.00     -0.43
      0.43      1.00      0.53
     -1.48      0.04      0.53
     -1.48      0.04      0.53
     -1.48     -0.92     -0.43
     -0.53      0.04      0.53
      0.43      0.04      1.48
      1.39      0.04      0.53
      0.43      0.04     -0.43
     -0.53     -0.92      0.53
     -0.53     -0.92     -0.43
     -0.53      0.04     -0.43
     -1.48      1.00     -1.39
     -1.48      1.00     -0.43
     -0.53      0.04     -0.43
      0.43      1.00     -0.43
      0.43      1.00      0.53
      0.43      1.00      1.48
      0.43      1.00      1.48
      0.43      1.00      0.53
      1.39      1.95      0.53
      0.43      1.00     -1.39
      1.39      0.04     -0.43
      0.43     -0.92     -0.43
      0.43      0.04      0.53
      0.43     -0.92     -0.43
      0.43     -0.92      0.53
      0.43     -1.87      0.53
      0.43     -1.87     -0.43
      1.39      0.04     -0.43
      0.43      0.04     -0.43
      0.43      0.04     -0.43
     -0.53      0.04     -0.43
     -1.48      0.04     -1.39
     -1.48      0.04     -1.39
     -2.44      0.04     -2.34
     -1.48      0.04     -1.39
     -1.48      0.04     -0.43
      0.43      1.00      0.53
      0.43      1.00      0.53
      0.43      1.00     -0.43
      0.43      0.04      0.53
     -0.53     -0.92      1.48
     -1.48     -1.87      1.48
     -1.48     -0.92      0.53
      0.43      0.04     -1.39
      1.39      1.95     -0.43
      1.39      1.95      0.53
      0.43      1.00      1.48
      0.43      1.00      1.48
      0.43      0.04      0.53
     -1.48      0.04      0.53
     -0.53      0.04     -0.43
      0.43     -0.92     -0.43
      0.43     -0.92     -0.43
      0.43      0.04     -0.43
      0.43      1.00      1.48
      0.43      1.95      0.53
      0.43      1.95      0.53
     -0.53      1.95      1.48
     -1.48      0.04      1.48
     -2.44     -0.92     -1.39
     -3.40     -1.87     -1.39
     -3.40     -1.87     -0.43
     -0.53     -0.92      0.53
      0.43     -0.92     -0.43
      0.43      0.04     -0.43
      0.43      0.04     -0.43
      0.43     -0.92     -1.39
     -0.53     -0.92     -1.39
      0.43      0.04     -0.43
      0.43      1.00      1.48
     -1.48      0.04      0.53
     -1.48     -0.92     -0.43
      0.43     -0.92     -1.39
      0.43      0.04     -0.43
     -0.53     -0.92      0.53
     -0.53     -2.83      0.53
      0.43     -1.87      0.53
     -0.53     -0.92     -0.43
     -2.44     -0.92     -1.39
     -2.44     -1.87     -0.43
     -1.48     -1.87     -1.39
     -1.48     -0.92     -1.39
      0.43      0.04     -1.39
      0.43      0.04     -3.30
     -0.53      0.04     -2.34
     -1.48      0.04     -2.34
     -1.48     -0.92     -1.39
     -3.40     -1.87     -0.43
     -2.44     -2.83     -0.43
     -0.53     -2.83     -1.39
      0.43     -1.87     -0.43
      0.43     -1.87      0.53
     -1.48     -1.87      0.53
     -2.44     -2.83      0.53
     -1.48     -3.79     -0.43
     -1.48     -3.79     -1.39
      0.43     -2.83     -1.39
      0.43     -2.83     -2.34
      0.43     -3.79     -1.39
      0.43     -3.79     -1.39
      1.39     -2.83     -2.34
      0.43     -1.87     -1.39
      1.39     -0.92     -2.34
      2.34     -2.83     -3.30
      1.39     -1.87     -4.26
      1.39     -1.87     -5.22
      1.39     -1.87     -5.22
      1.39     -0.92     -5.22
      2.34      1.00     -4.26
      2.34      2.91     -4.26
      3.30      3.87     -4.26
      1.39      4.83     -4.26
      1.39      3.87     -2.34
      3.30      3.87     -1.39
      4.26      5.78     -1.39
      3.30      6.74     -0.43
      3.30      6.74     -0.43
      3.30      6.74     -0.43
      3.30      6.74     -1.39
      3.30      5.78     -1.39
      2.34      4.83      0.53
      2.34      4.83      2.44
      2.34      5.78      2.44
      1.39      5.78      5.31
      2.34      4.83      6.27
      3.30      2.91      6.27
      3.30      1.00      7.23
      2.34      0.04      7.23
      0.43     -1.87      7.23
      0.43     -2.83      6.27
     -0.53     -1.87      5.31
      0.43     -1.87      4.36
      1.39     -1.87      1.48
      1.39     -1.87     -0.43
      0.43     -2.83     -3.30
      1.39     -0.92     -4.26
      1.39      1.00     -4.26
      1.39      2.91     -2.34
      1.39      3.87     -1.39
      1.39      3.87     -2.34
      0.43      3.87     -2.34
     -0.53      3.87     -1.39
     -0.53      4.83     -1.39
      0.43      3.87     -1.39
      2.34      3.87     -2.34
      4.26      3.87     -1.39
      2.34      2.91      0.53
      0.43      2.91      2.44
     -0.53      2.91      2.44
     -1.48      2.91      2.44
     -2.44      2.91      2.44
     -3.40      2.91      1.48
     -4.36      0.04      3.40
     -6.27     -2.83      7.23
     -8.18     -4.75      9.14
     -9.14     -6.66      9.14
     -8.18     -7.62      9.14
     -6.27     -5.70     10.10
     -5.31     -3.79     10.10
     -4.36     -3.79     10.10
     -0.53     -3.79      9.14
      0.43     -3.79      6.27
     -0.53     -2.83      4.36
     -1.48     -1.87      1.48
     -1.48     -2.83     -3.30
     -4.36     -3.79     -8.09
     -5.31     -2.83    -10.96
     -1.48     -0.92    -12.87
     -2.44      1.00    -13.83
     -4.36      1.95    -11.91
     -6.27     -0.92     -8.09
     -4.36     -1.87     -6.17
     -1.48      0.04     -4.26
      1.39      2.91     -5.22
      3.30      3.87     -6.17
      4.26      2.91     -6.17
      3.30      0.04     -4.26
      3.30     -2.83     -2.34
      3.30     -2.83     -2.34
      3.30     -4.75     -1.39
      4.26     -5.70      0.53
      6.17     -6.66      1.48
      5.22     -6.66      2.44
      3.30     -4.75      2.44
      2.34     -2.83      3.40
      0.43      1.00      2.44
      0.43      2.91      1.48
      0.43      3.87      0.53
     -1.48      2.91      1.48
     -0.53      2.91      1.48
      0.43      2.91      2.44
     -0.53      2.91      5.31
     -0.53      2.91      7.23
      1.39      1.00      8.18
      3.30      1.00      7.23
      3.30      1.95      5.31
      5.22      1.95      4.36
      4.26      2.91      3.40
      2.34      3.87      2.44
      0.43      2.91      1.48
      0.43      3.87      1.48
      1.39      4.83      3.40
      2.34      4.83      6.27
      3.30      3.87      5.31
     -0.53      2.91      4.36
     -4.36      2.91      3.40
     -5.31      0.04      3.40
     -7.23     -1.87      2.44
     -9.14     -3.79      3.40
     -9.14     -4.75      3.40
     -6.27     -4.75      3.40
     -4.36     -2.83      5.31
     -3.40     -2.83      5.31
     -4.36     -3.79      5.31
     -4.36     -4.75      3.40
     -3.40     -3.79      1.48
     -1.48     -2.83     -1.39
     -0.53     -1.87     -2.34
      0.43     -1.87     -2.34
      0.43     -2.83     -2.34
      1.39     -2.83     -3.30
      3.30     -2.83     -6.17
      2.34     -1.87     -7.13
      1.39     -1.87     -6.17
      2.34     -0.92     -5.22
      1.39     -1.87     -5.22
      1.39     -1.87     -7.13
      1.39     -2.83     -9.04
     -0.53     -4.75    -10.00
     -0.53     -5.70     -8.09
     -1.48     -4.75     -5.22
     -1.48     -4.75     -4.26
     -0.53     -5.70     -3.30
     -0.53     -5.70     -1.39
     -2.44     -5.70      2.44
     -2.44     -7.62      6.27
     -1.48     -4.75      8.18
     -0.53     -0.92     10.10
      1.39      2.91     12.01
      2.34      4.83     11.05
      2.34      3.87      9.14
      1.39      2.91      8.18
      0.43      1.00      4.36
     -0.53      1.00      2.44
     -0.53      1.00     -0.43
     -0.53      1.00     -2.34
      0.43      1.00     -5.22
      1.39      1.00     -6.17
      3.30      0.04     -5.22
      3.30     -0.92     -5.22
      3.30     -0.92     -4.26
      4.26      0.04     -2.34
      5.22      2.91     -1.39
      6.17      4.83     -0.43
      6.17      4.83      0.53
      3.30      3.87     -1.39
      1.39      2.91     -3.30
      0.43      1.00     -5.22
     -2.44      0.04     -5.22
     -2.44     -0.92     -5.22
     -0.53      0.04     -5.22
     -0.53      1.00     -4.26
     -2.44      2.91     -1.39
     -2.44      2.91     -0.43
     -3.40      2.91      0.53
     -4.36      2.91     -0.43
     -5.31      2.91     -1.39
     -3.40      2.91     -2.34
     -0.53      2.91     -0.43
      0.43      1.95      0.53
     -1.48      0.04      0.53
     -0.53     -1.87      1.48
      0.43     -0.92      2.44
      1.39      1.00      2.44
      1.39      1.95      1.48
      0.43      1.00      0.53
     -0.53     -0.92      1.48
     -1.48     -1.87      0.53
     -2.44     -0.92     -0.43
     -1.48      1.00     -0.43
     -1.48      1.00     -0.43
     -0.53      1.00     -0.43
      0.43      1.00     -0.43
      1.39      0.04     -0.43
      1.39     -0.92      0.53
      1.39     -0.92     -0.43
      1.39     -0.92     -1.39
      1.39     -0.92     -2.34
      0.43      0.04     -4.26
     -0.53      0.04     -5.22
      0.43     -0.92     -4.26
      1.39     -1.87     -3.30
      0.43     -3.79     -2.34
      0.43     -5.70     -0.43
      0.43     -6.66      0.53
      0.43     -6.66      0.53
      0.43     -6.66     -0.43
      0.43     -6.66     -0.43
      0.43     -6.66      0.53
      0.43     -5.70      1.48
      0.43     -4.75      3.40
      0.43     -1.87      4.36
     -1.48      1.00      4.36
     -2.44      2.91      3.40
     -2.44      3.87      1.48
     -3.40      3.87      0.53
     -3.40      3.87      0.53
     -3.40      2.91     -0.43
     -2.44      1.00      0.53
     -0.53     -0.92      1.48
      0.43      0.04      1.48
      2.34      1.00      0.53
      2.34      2.91     -1.39
      3.30      2.91     -1.39
      4.26      2.91     -2.34
      3.30      1.95     -3.30
      1.39      1.00     -2.34
      0.43      1.00     -2.34
     -0.53      2.91     -3.30
     -0.53      1.95     -4.26
      0.43      1.00     -5.22
      0.43      1.00     -4.26
      0.43      1.00     -4.26
      0.43      0.04     -3.30
      0.43      1.00     -1.39
      2.34      1.00      0.53
      3.30      0.04      2.44
      3.30      0.04      2.44
      0.43      0.04      3.40
     -0.53      0.04      3.40
     -3.40      0.04      4.36
     -5.31      0.04      5.31
     -5.31     -0.92      5.31
     -4.36     -0.92      2.44
     -4.36     -0.92      3.40
     -1.48     -0.92      4.36
      0.43     -0.92      4.36
      0.43     -0.92      3.40
      1.39      0.04      1.48
      1.39      0.04     -0.43
      1.39      0.04     -1.39
      2.34      1.00     -0.43
      2.34      1.00     -1.39
      2.34      1.00     -2.34
      1.39      1.95     -1.39
      0.43      2.91     -2.34
      0.43      1.95     -4.26
     -1.48      1.00     -3.30
     -0.53      1.00     -3.30
      0.43      1.95     -4.26
      0.43      1.95     -5.22
      1.39      1.00     -3.30
      1.39      1.00     -1.39
      1.39      0.04     -0.43
      1.39      0.04     -0.43
      0.43      0.04     -0.43
      0.43     -0.92     -0.43
     -1.48     -0.92     -0.43
     -0.53     -0.92      1.48
      1.39      0.04      1.48
      2.34      1.00      1.48
      1.39      1.00      1.48
      0.43     -0.92      3.40
     -0.53     -1.87      3.40
      0.43     -2.83      2.44
      0.43     -2.83      0.53
      0.43     -3.79     -0.43
      0.43     -3.79     -1.39
      0.43     -2.83     -1.39
     -1.48     -0.92     -0.43
     -1.48     -1.87      0.53
     -1.48     -1.87     -0.43
     -1.48     -1.87      1.48
     -0.53      0.04      0.53
      0.43      0.04     -0.43
      0.43      0.04     -1.39
      0.43      1.00     -0.43
      0.43      2.91     -1.39
     -0.53      2.91     -1.39
     -0.53      2.91     -1.39
     -0.53      2.91     -2.34
     -1.48      3.87     -2.34
     -1.48      2.91     -2.34
     -1.48      1.95     -1.39
     -2.44      0.04     -0.43
     -3.40     -0.92      0.53
     -3.40     -0.92      0.53
     -2.44     -1.87      1.48
     -2.44     -2.83      0.53
     -2.44     -2.83      2.44
     -1.48     -2.83      3.40
     -0.53     -0.92      3.40
      0.43      0.04      3.40
      0.43      1.00      1.48
     -0.53      0.04      0.53
     -1.48      0.04      0.53
      0.43      2.91      0.53
      0.43      2.91     -1.39
      0.43      3.87     -0.43
      0.43      4.83     -1.39
      0.43      4.83     -0.43
      0.43      4.83     -0.43
      0.43      2.91      0.53
      0.43      1.95     -1.39
      0.43      1.00     -0.43
      0.43     -0.92     -1.39
      0.43     -1.87     -0.43
      1.39     -3.79      0.53
      1.39     -4.75      0.53
      1.39     -4.75     -0.43
      1.39     -4.75     -1.39
      1.39     -4.75     -1.39
      1.39     -4.75     -0.43
      1.39     -4.75      0.53
      2.34     -3.79      1.48
      3.30     -2.83      1.48
      2.34     -0.92      1.48
      0.43     -0.92      2.44
      0.43      0.04      2.44
      0.43      1.00      2.44
      0.43      1.00      1.48
      0.43      1.00      2.44
     -0.53      0.04      2.44
      0.43     -0.92      3.40
      1.39      0.04      2.44
      0.43      0.04      1.48
     -1.48      0.04     -0.43
     -0.53      0.04     -1.39
      0.43      0.04     -3.30
      0.43      1.00     -5.22
      0.43      1.95     -6.17
     -2.44      1.95     -5.22
     -3.40      1.95     -3.30
     -2.44      2.91     -2.34
     -1.48      2.91     -3.30
     -0.53      2.91     -3.30
     -1.48      2.91     -4.26
     -1.48      2.91     -3.30
     -1.48      2.91     -3.30
     -0.53      1.95     -3.30
      0.43      0.04     -3.30
      0.43     -0.92     -2.34
     -0.53     -1.87     -1.39
      0.43     -2.83     -0.43
      0.43     -2.83      0.53
      0.43     -0.92      1.48
      1.39      0.04      0.53
      2.34      0.04      1.48
      2.34      1.00      1.48
      2.34      1.95      1.48
      2.34      1.00      0.53
      2.34      1.00      0.53
      2.34     -0.92      1.48
      2.34     -1.87      2.44
      1.39     -3.79      3.40
      1.39     -2.83      3.40
      0.43     -2.83      2.44
      0.43     -2.83      1.48
     -0.53     -1.87      1.48
     -0.53     -1.87      1.48
     -1.48     -1.87      1.48
     -1.48     -1.87      0.53
     -3.40     -0.92      0.53
     -1.48      0.04      0.53
     -0.53      1.00      1.48
     -0.53      1.00      1.48
     -0.53      1.00      2.44
     -1.48      0.04      3.40
     -0.53     -0.92      3.40
      0.43     -0.92      3.40
      0.43     -0.92      3.40
      0.43     -0.92      3.40
      0.43     -1.87      2.44
      0.43     -1.87      2.44
      0.43     -1.87      2.44
      0.43     -1.87      1.48
     -0.53     -0.92      0.53
     -0.53     -0.92     -0.43
     -0.53      0.04     -1.39
     -0.53      0.04     -2.34
     -1.48      1.00     -2.34
     -1.48      1.00     -3.30
     -0.53      1.00     -4.26
     -0.53      0.04     -3.30
      0.43      0.04     -3.30
      0.43      0.04     -2.34
      0.43      1.00     -2.34
      0.43      2.91     -3.30
      0.43      2.91     -2.34
      0.43      3.87     -2.34
     -0.53      3.87     -1.39
     -0.53      2.91     -1.39
     -1.48      2.91     -1.39
     -1.48      1.00     -1.39
     -1.48      0.04     -2.34
     -0.53     -1.87     -2.34
      0.43     -2.83     -1.39
      0.43     -2.83     -0.43
      0.43     -2.83      1.48
      0.43     -2.83      0.53
      0.43     -0.92      0.53
     -0.53      0.04     -0.43
      0.43      0.04     -0.43
      1.39     -0.92     -0.43
      1.39     -1.87     -1.39
      0.43     -1.87     -1.39
      0.43     -1.87     -0.43
      0.43     -1.87      0.53
      0.43     -1.87      1.48
      0.43     -1.87      1.48
      0.43     -0.92      1.48
      0.43      0.04      1.48
      0.43      1.95      1.48
      0.43      2.91      2.44
      0.43      2.91      3.40
      0.43      1.95      2.44
      0.43      1.00      1.48
      0.43      0.04      1.48
      0.43     -0.92      2.44
      0.43     -0.92      2.44
      0.43      0.04      0.53
      0.43      1.00     -0.43
      0.43      1.00     -0.43
      0.43      1.00     -1.39
     -0.53      1.00     -0.43
     -0.53      0.04     -0.43
     -1.48     -0.92     -0.43
     -0.53     -0.92     -1.39
     -0.53     -0.92     -3.30
     -0.53     -0.92     -3.30
     -1.48     -0.92     -3.30
     -1.48     -0.92     -3.30
     -0.53      0.04     -2.34
     -1.48      1.00     -1.39
     -1.48      1.00     -0.43
     -1.48      0.04      0.53
      0.43      1.00      1.48
      0.43      1.95      1.48
      0.43      1.95      2.44
      0.43      1.95      2.44
      0.43      1.00      1.48
      0.43     -0.92      3.40
      0.43     -1.87      3.40
      1.39     -2.83      2.44
      0.43     -3.79      1.48
      0.43     -3.79      0.53
      0.43     -2.83      0.53
      0.43     -1.87     -0.43
      0.43     -0.92     -0.43
     -0.53     -0.92     -0.43
     -0.53      0.04     -0.43
     -1.48      1.00     -0.43
     -1.48      1.95     -1.39
     -1.48      1.00     -1.39
     -1.48      1.00     -2.34
     -0.53      1.00     -2.34
     -0.53      1.00     -2.34
      0.43      1.00     -2.34
      0.43      0.04     -2.34
      1.39      0.04     -2.34
      1.39      0.04     -1.39
      1.39      0.04     -1.39
      1.39     -0.92     -0.43
      0.43      0.04      1.48
      1.39      0.04      1.48
      2.34      0.04      1.48
      2.34      0.04      0.53
      1.39      0.04      0.53
      1.39      0.04      0.53
      1.39      0.04     -0.43
      1.39      1.00     -0.43
      0.43      2.91      0.53
     -0.53      2.91      0.53
     -0.53      2.91      0.53
     -0.53      2.91     -0.43
      0.43      2.91     -1.39
      0.43      2.91     -1.39
      0.43      2.91     -0.43
      0.43      2.91     -0.43
      1.39      1.95      0.53
      1.39      0.04      0.53
      0.43      0.04      0.53
     -0.53     -0.92      0.53
      1.39     -1.87      0.53
      0.43     -0.92      0.53
      0.43      0.04      0.53
      0.43      0.04      0.53
      0.43      0.04      1.48
     -0.53      1.00      1.48
     -0.53      1.95      1.48
     -0.53      1.95     -0.43
     -1.48      1.00     -0.43
     -0.53      1.00     -0.43
     -0.53      0.04     -0.43
     -1.48     -0.92      0.53
     -0.53     -2.83      0.53
     -1.48     -2.83      0.53
     -1.48     -2.83      0.53
      0.43     -1.87      0.53
      0.43     -0.92      0.53
     -0.53      0.04      0.53
      0.43      0.04     -0.43
      0.43     -0.92      0.53
      0.43     -1.87      0.53
      0.43     -1.87     -0.43
     -0.53     -0.92     -1.39
      0.43     -0.92     -0.43
      0.43     -0.92      0.53
     -0.53     -0.92     -0.43
      0.43     -0.92     -0.43
     -1.48     -0.92     -0.43
     -1.48     -0.92     -0.43
     -0.53      0.04      0.53
     -1.48      0.04     -0.43
     -2.44      0.04     -0.43
     -2.44      1.00     -0.43
     -2.44      1.00      0.53
     -1.48      0.04      0.53
     -0.53      1.00     -0.43
      0.43      1.00     -0.43
     -0.53      1.00     -0.43
      0.43      1.00     -0.43
      0.43      1.95     -0.43
      0.43      1.95     -2.34
      0.43      1.00     -1.39
      0.43      1.00     -1.39
      0.43     -0.92     -1.39
      0.43     -1.87     -1.39
      0.43     -1.87     -0.43
      0.43     -1.87     -0.43
      0.43     -1.87     -0.43
      0.43     -2.83      0.53
      0.43     -0.92      0.53
      0.43     -0.92     -0.43
      0.43     -0.92     -1.39
      0.43      0.04     -1.39
      0.43      0.04     -0.43
      0.43      0.04     -0.43
      1.39      0.04      0.53
      0.43      0.04      1.48
      0.43      0.04      0.53
      0.43     -0.92      0.53
      0.43     -0.92     -0.43
      0.43     -0.92     -1.39
      0.43      0.04     -1.39
      0.43      0.04     -1.39
      0.43      1.00     -0.43
     -0.53      1.00     -0.43
     -0.53      1.00     -0.43
     -1.48      1.00      0.53
     -2.44      0.04      1.48
     -1.48     -0.92      1.48
     -0.53     -0.92      2.44
     -1.48     -1.87      2.44
     -0.53     -1.87      2.44
      0.43     -2.83      2.44
     -0.53     -0.92      1.48
      0.43      0.04      0.53
     -0.53      0.04     -0.43
     -1.48      0.04     -1.39
     -1.48      0.04     -1.39
     -1.48      0.04     -1.39
     -0.53      0.04     -2.34
     -0.53      0.04     -1.39
     -0.53      0.04     -2.34
     -0.53      1.00     -2.34
     -0.53      1.00     -1.39
      0.43      1.00     -0.43
      0.43      1.00      0.53
      0.43      0.04     -0.43
      0.43      0.04     -1.39
      0.43      0.04      0.53
     -0.53     -0.92      1.48
      0.43     -0.92      1.48
      0.43      0.04      1.48
      2.34      0.04      0.53
      2.34     -0.92      1.48
      1.39     -0.92      1.48
      1.39      0.04      1.48
      0.43      0.04      1.48
      1.39      1.00      1.48
      0.43      1.00      0.53
      0.43      1.00      0.53
      0.43      1.95     -0.43
      0.43      1.95     -0.43
      0.43      1.00     -0.43
     -0.53      1.00     -1.39
     -0.53      1.95     -1.39
     -0.53      1.95     -1.39
      0.43      1.00     -2.34
     -0.53      0.04     -1.39
     -0.53      0.04     -1.39
      0.43     -0.92     -0.43
      0.43     -0.92      0.53
      0.43     -0.92      0.53
     -0.53     -0.92     -0.43
      0.43     -0.92     -0.43
      0.43     -0.92     -0.43
      0.43     -1.87     -0.43
      0.43     -0.92     -0.43
      0.43     -1.87     -0.43
      0.43     -1.87     -0.43
      0.43     -1.87     -0.43
      0.43     -0.92     -1.39
     -0.53     -0.92     -1.39
      0.43      0.04     -1.39
      0.43      1.00     -0.43
      0.43      1.00      1.48
      0.43      1.00      2.44
      0.43      0.04      2.44
      1.39      0.04      2.44
      2.34     -1.87      2.44
      2.34      0.04      0.53
      1.39      0.04      0.53
      1.39     -1.87      0.53
      1.39     -1.87      0.53
      1.39     -0.92      0.53
      0.43      0.04     -0.43
      0.43      1.00     -1.39
      0.43      1.95     -0.43
     -0.53      1.95      0.53
     -1.48      1.95      0.53
     -1.48      2.91      0.53
     -1.48      2.91      0.53
      0.43      2.91     -0.43
      0.43      2.91     -0.43
      0.43      1.00     -0.43
      0.43      0.04     -0.43
      0.43      0.04     -0.43
      0.43     -0.92      0.53
      0.43      0.04     -0.43
      0.43     -0.92     -0.43
     -1.48     -0.92     -0.43
     -1.48     -0.92      0.53
     -2.44     -0.92      0.53
     -2.44     -0.92      0.53
     -2.44     -0.92      0.53
     -1.48     -0.92      1.48
     -0.53     -0.92      1.48
      0.43     -0.92      0.53
     -0.53     -0.92      0.53
     -0.53     -0.92     -0.43
      0.43     -0.92     -0.43
      0.43      0.04     -0.43
      0.43      0.04     -1.39
      0.43      1.00     -1.39
      0.43      1.95     -1.39
      1.39      1.95     -1.39
      0.43      1.00     -1.39
      0.43      1.00     -2.34
      0.43      1.00     -1.39
      0.43      1.00     -1.39
      0.43      1.00     -0.43
      0.43      1.00     -0.43
      0.43      1.00     -0.43
      0.43      1.00      0.53
      0.43      0.04     -0.43
      0.43      0.04     -0.43
      0.43     -0.92      0.53
      1.39     -0.92      1.48
      1.39     -0.92      1.48
      1.39     -0.92      1.48
      0.43      0.04      1.48
      0.43     -0.92      1.48
      0.43      0.04      1.48
      0.43     -0.92      0.53
      0.43     -0.92     -0.43
     -0.53     -0.92     -0.43
     -1.48     -1.87     -0.43
     -1.48     -2.83     -0.43
     -2.44     -0.92     -0.43
     -1.48     -0.92      0.53
     -1.48      0.04      0.53
     -1.48      0.04      0.53
     -1.48      0.04      0.53
     -0.53      0.04      0.53
     -0.53      0.04     -0.43
      0.43      0.04     -0.43
      0.43      0.04      0.53
      0.43      0.04      0.53
      0.43      0.04     -0.43
      0.43      0.04     -0.43
      0.43      0.04     -1.39
      0.43      0.04     -0.43
      0.43      0.04     -0.43
      0.43      0.04     -0.43
     -0.53      0.04     -0.43
      0.43      1.00     -1.39
     -0.53      1.00     -1.39
     -1.48      1.00     -0.43
     -0.53      0.04      0.53
     -0.53     -0.92      0.53
     -0.53     -0.92      0.53
      0.43     -0.92      0.53
      0.43     -0.92     -0.43
      0.43     -0.92     -0.43
      0.43     -0.92      0.53
     -0.53     -0.92      0.53
     -0.53      0.04     -0.43
      0.43      0.04     -0.43
      0.43     -0.92     -0.43
      0.43     -0.92      0.53
      0.43     -0.92      0.53
      0.43     -0.92     -0.43
      1.39     -0.92     -0.43
      2.34     -0.92     -0.43
      2.34     -0.92     -0.43
      1.39     -0.92      0.53
      1.39      0.04      0.53
      1.39      0.04      1.48
      0.43      1.00      1.48
      0.43      1.00      0.53
      0.43      0.04      0.53
     -1.48      0.04     -0.43
      0.43      0.04      0.53
      0.43      0.04     -0.43
      0.43     -0.92      0.53
      0.43     -0.92      0.53
      0.43      0.04      0.53
      0.43      0.04      0.53
     -0.53      1.00      0.53
      0.43      1.00      0.53
      0.43      1.95      1.48
      0.43      1.95      0.53
      0.43      2.91     -0.43
      0.43      1.95     -0.43
      0.43      1.95     -1.39
      0.43      1.00     -1.39
      0.43      0.04     -1.39
     -0.53      0.04     -1.39
     -0.53      0.04     -0.43
     -0.53      0.04     -0.43
      0.43      0.04     -0.43
      0.43      0.04     -0.43
     -0.53      0.04     -1.39
     -0.53      0.04     -0.43
     -1.48      0.04     -0.43
     -0.53      0.04      0.53
      0.43      0.04     -0.43
     -0.53     -0.92     -1.39
      0.43     -0.92     -1.39
      0.43     -0.92     -0.43
      0.43     -0.92     -0.43
      0.43     -1.87     -1.39
      0.43     -0.92     -0.43
      0.43     -0.92      0.53
      0.43      0.04      0.53
      0.43      0.04      0.53
      0.43      0.04      0.53
      1.39      0.04      0.53
      0.43      0.04      0.53
      0.43      0.04      0.53
      0.43     -0.92      1.48
      0.43     -0.92      1.48
      0.43     -0.92      1.48
      0.43     -0.92      1.48
      0.43     -0.92      0.53
      0.43      0.04      0.53
     -0.53      1.00     -0.43
     -0.53      1.00     -1.39
     -0.53      1.00     -0.43
     -0.53      0.04      0.53
     -1.48      0.04      0.53
     -1.48     -0.92      1.48
     -1.48     -0.92      1.48
     -0.53     -0.92      1.48
     -1.48     -0.92      0.53
     -0.53      0.04      1.48
     -0.53      0.04      1.48
      0.43      1.00      1.48
      0.43      1.95      0.53
      0.43      1.95      0.53
      0.43      1.95     -0.43
      0.43      1.95     -0.43
      0.43      1.95     -1.39
      0.43      1.00     -1.39
      0.43      0.04     -1.39
      0.43     -0.92     -1.39
      0.43     -0.92     -1.39
      0.43     -0.92     -1.39
      0.43     -0.92     -0.43
      0.43      0.04     -0.43
      0.43      0.04     -0.43
      0.43      0.04      0.53
     -0.53      0.04      0.53
      0.43      0.04     -0.43
      0.43      0.04     -0.43
      0.43      0.04     -0.43
      0.43      0.04     -0.43
      0.43      0.04     -0.43
      0.43      0.04     -0.43
      0.43      0.04     -1.39
      0.43      0.04     -1.39
      0.43      0.04     -0.43
     -0.53     -0.92     -0.43
     -0.53     -0.92     -0.43
      0.43     -0.92     -0.43
     -0.53     -0.92     -0.43
      0.43     -0.92     -0.43
      0.43     -0.92     -0.43
     -0.53     -0.92     -0.43
     -0.53      0.04     -0.43
     -0.53      0.04     -0.43
     -0.53      1.00     -0.43
      0.43      0.04     -0.43
      0.43      0.04     -0.43
      0.43      1.00     -1.39
      0.43      1.00     -1.39
      0.43      1.00     -0.43
      0.43      0.04     -0.43
      0.43     -0.92      0.53
      0.43      0.04      0.53
      0.43      0.04      0.53
      0.43      0.04      0.53
     -0.53      0.04      0.53
     -0.53      1.00      0.53
     -0.53      0.04      0.53
      0.43      1.00      0.53
      0.43      1.00      0.53
      0.43      0.04     -0.43
      0.43      0.04     -0.43
      0.43     -0.92     -0.43
      0.43     -1.87     -0.43
      0.43     -1.87     -1.39
      0.43     -1.87     -1.39
      0.43     -1.87     -1.39
      0.43     -1.87     -1.39
      0.43     -1.87     -1.39
      0.43     -1.87     -1.39
      0.43     -0.92     -1.39
      0.43      0.04     -0.43
      0.43      0.04      0.53
      0.43      0.04      0.53
     -0.53      0.04      0.53
      0.43      0.04      0.53
      0.43      0.04      0.53
      0.43      0.04      1.48
      0.43      0.04      0.53
      0.43      0.04      0.53
      0.43      0.04      0.53
      0.43      0.04      0.53
      0.43      0.04      0.53
      0.43      0.04     -0.43
      0.43      1.00     -0.43
      0.43      1.95     -1.39
      0.43      1.95      0.53
      0.43      1.00      0.53
      0.43      0.04      0.53
      1.39      0.04      1.48
      0.43      0.04      1.48
      0.43      1.00      0.53
      0.43      1.00      0.53
      0.43      1.00      0.53
      1.39      0.04      0.53
      1.39      0.04      0.53
      1.39     -0.92     -0.43
      0.43     -0.92     -1.39
      0.43      0.04     -0.43
      0.43      0.04     -1.39
      0.43      0.04     -1.39
      0.43      0.04     -0.43
      0.43      0.04     -0.43
     -0.53      1.00     -1.39
     -0.53      1.00     -0.43
     -0.53      1.00     -0.43
     -0.53      1.00     -0.43
     -1.48      1.00     -0.43
     -1.48      0.04     -0.43
     -1.48      0.04      0.53
     -0.53      0.04     -0.43
      0.43      0.04      1.48
      0.43     -0.92      1.48
      0.43     -0.92      1.48
      0.43     -0.92      0.53
      0.43     -0.92      0.53
      0.43     -0.92      0.53
      0.43     -0.92      0.53
      0.43     -0.92      1.48
      0.43      0.04      1.48
      0.43      0.04      1.48
      0.43      1.00      1.48
      0.43      1.00      0.53
      0.43      1.00      0.53
      0.43      0.04      0.53
      0.43      0.04      0.53
      0.43      0.04      0.53
      0.43      1.00      0.53
     -0.53      1.00      0.53
     -0.53      0.04      0.53
     -0.53      0.04     -0.43
     -0.53      0.04     -0.43
      0.43     -0.92     -0.43
      0.43     -0.92     -1.39
      0.43     -0.92     -0.43
      0.43      0.04     -0.43
      0.43      0.04     -1.39
      0.43      1.00     -1.39
      0.43      1.00     -1.39
      0.43      1.00     -0.43
      0.43      1.00      0.53
      0.43      1.00      0.53
      0.43      1.00     -0.43
      0.43      0.04     -0.43
      0.43      0.04     -0.43
      0.43      0.04     -0.43
      0.43      0.04     -0.43
     -0.53      0.04     -0.43
      0.43      0.04      0.53
     -0.53      0.04      0.53
      0.43      0.04      0.53
      0.43      1.00      0.53
      0.43      1.00     -0.43
      0.43      1.00     -0.43
      0.43      1.00     -1.39
     -0.53      1.00     -0.43
      0.43      0.04     -0.43
      0.43      0.04     -0.43
      0.43     -0.92      0.53
      1.39     -0.92      0.53
      1.39     -0.92     -0.43
      0.43     -0.92     -0.43
      0.43      0.04     -0.43
      0.43     -0.92     -0.43
      1.39     -0.92     -0.43
      0.43     -0.92     -0.43
      0.43     -0.92     -0.43
      0.43     -0.92     -0.43
      0.43     -0.92     -0.43
      0.43      0.04     -0.43
      0.43     -0.92     -0.43
      0.43     -0.92      0.53
      0.43     -1.87      0.53
      0.43     -0.92      0.53
      0.43     -0.92      0.53
      0.43      0.04      0.53
      0.43      1.00      0.53
      0.43     -0.92      0.53
      0.43      1.00      0.53
     -0.53      1.00     -0.43
     -1.48      1.00     -0.43
     -0.53      1.00     -0.43
     -0.53      0.04     -1.39
     -1.48      0.04     -0.43
     -1.48     -0.92     -0.43
     -1.48     -0.92      0.53
     -1.48      0.04      0.53
     -0.53      0.04     -0.43
     -0.53      0.04     -0.43
     -0.53      0.04     -0.43
     -1.48      1.00     -0.43
     -1.48      0.04     -0.43
     -0.53      0.04     -0.43
     -0.53      0.04     -0.43
     -0.53     -0.92     -0.43
     -0.53     -0.92      0.53
     -0.53     -0.92      0.53
     -0.53     -0.92     -0.43
     -0.53     -1.87      0.53
     -0.53     -1.87      0.53
      0.43     -1.87      1.48
      0.43     -0.92      1.48
      0.43     -0.92      0.53
     -0.53      0.04     -0.43
     -0.53      1.00     -0.43
     -1.48      0.04     -0.43
     -1.48      0.04     -0.43
     -1.48      0.04     -0.43
     -1.48      0.04     -0.43
     -0.53     -0.92     -0.43
     -0.53     -0.92     -0.43
     -0.53     -0.92     -0.43
      0.43     -0.92     -0.43
      0.43     -0.92     -0.43
      0.43     -0.92     -0.43
      0.43     -0.92     -0.43
      0.43     -0.92     -0.43
      1.39      0.04     -0.43
      0.43      1.00     -0.43
      0.43      0.04     -0.43
      0.43      0.04     -0.43
      0.43      1.00     -0.43
      0.43      1.00     -0.43
      0.43      0.04     -0.43
      0.43      0.04     -0.43
      0.43      0.04     -0.43
      0.43      0.04      0.53
      0.43      0.04      0.53
      0.43      0.04      0.53
      0.43      0.04      0.53
      0.43      0.04     -0.43
      0.43     -0.92     -0.43
      0.43      0.04     -0.43
      0.43      0.04     -0.43
      0.43      0.04     -0.43
      0.43      0.04     -0.43
      0.43      0.04      0.53
      0.43      0.04     -0.43
     -0.53      0.04     -0.43
      0.43      0.04     -0.43
      0.43      0.04     -0.43
      0.43      0.04     -0.43
     -0.53      0.04     -0.43
     -1.48      0.04      0.53
     -0.53      0.04      0.53
     -1.48      0.04      0.53
     -1.48      0.04     -0.43
     -0.53      0.04     -0.43
     -1.48      0.04     -0.43
     -1.48      0.04     -0.43
     -0.53     -0.92     -0.43
      0.43      0.04      0.53
      0.43      0.04      0.53
      0.43      1.00     -0.43
      0.43      1.00     -0.43
      0.43      1.95     -0.43
      0.43      1.95     -1.39
      0.43      0.04     -0.43
      0.43      1.00     -0.43
      0.43      0.04      0.53
      0.43      0.04      1.48
      0.43      0.04      2.44
      0.43      0.04      2.44
      0.43      0.04      2.44
      0.43      0.04      1.48
      0.43      0.04      1.48
      0.43      0.04      0.53
      0.43     -0.92      0.53
     -0.53     -0.92     -0.43
     -0.53     -0.92     -0.43
      0.43     -0.92      0.53
      0.43     -0.92      0.53
      0.43      0.04     -0.43
      0.43     -0.92     -0.43
      0.43      0.04      0.53
      0.43      0.04      0.53
      0.43      0.04      0.53
      0.43      1.00      0.53
      0.43      1.00      0.53
      0.43      0.04      0.53
      0.43     -0.92      0.53
      0.43      0.04     -0.43
      0.43      0.04      0.53
      0.43      1.00      0.53
      0.43      1.00     -0.43
      0.43      1.00      0.53
      0.43      1.00      0.53
      0.43      1.00      0.53
      0.43      1.00     -0.43
      0.43      0.04     -0.43
      0.43      0.04     -0.43
      0.43      0.04      0.53
      0.43      0.04     -0.43
     -0.53      0.04     -0.43
      0.43      1.00     -0.43
      0.43      0.04     -0.43
      0.43     -0.92     -0.43
      0.43      0.04     -0.43
      0.43      0.04     -1.39
      0.43      0.04     -1.39
      0.43      0.04     -1.39
      0.43      0.04     -1.39
     -0.53      1.00     -1.39
      0.43      1.00     -1.39
      0.43      0.04     -0.43
      0.43      0.04     -0.43
      0.43      0.04     -0.43
      0.43      0.04     -1.39
      0.43     -0.92     -0.43
      0.43     -0.92     -0.43
      0.43     -0.92      0.53
      0.43     -0.92      0.53
      0.43     -0.92      0.53
      0.43     -0.92      0.53
      0.43     -0.92      0.53
      0.43     -0.92      0.53
      0.43     -0.92      0.53
      0.43     -0.92      0.53
      0.43      0.04      0.53
      0.43      0.04     -0.43
      0.43     -0.92     -0.43
      0.43      0.04     -0.43
      0.43      0.04     -0.43
      0.43      0.04     -0.43
      0.43      0.04     -0.43
      0.43      0.04     -0.43
      0.43      0.04     -0.43
      0.43      0.04     -0.43
      0.43      0.04      0.53
      0.43      0.04     -0.43
     -0.53      0.04      0.53
      0.43      0.04     -0.43
      0.43      0.04     -1.39
      0.43      0.04     -1.39
      0.43      0.04     -1.39
      0.43      0.04     -1.39
     -0.53      0.04     -1.39
      0.43      0.04     -1.39
      0.43      0.04     -0.43
      0.43      0.04      0.53
      0.43      0.04     -0.43
     -0.53      0.04      0.53
     -0.53     -1.87      0.53
     -0.53      0.04      0.53
      0.43      0.04      0.53
      0.43      0.04      0.53
      0.43     -0.92      0.53
      0.43     -0.92     -0.43
      0.43      0.04     -0.43
      0.43     -0.92     -0.43
      0.43      0.04     -1.39
      0.43      1.00     -0.43
      0.43      1.00     -0.43
      0.43      0.04      0.53
      0.43      0.04      0.53
     -0.53      0.04      0.53
      0.43      0.04     -0.43
      0.43     -0.92     -0.43
      0.43      0.04      0.53
      0.43      0.04      0.53
      0.43     -0.92      0.53
      0.43      0.04      0.53
     -0.53      0.04      0.53
     -0.53     -0.92      0.53
      0.43      0.04     -0.43
      0.43      0.04     -0.43
      0.43      0.04     -1.39
      0.43     -0.92     -0.43
      0.43     -0.92     -1.39
      0.43      0.04     -0.43
      0.43      0.04     -0.43
      0.43      0.04     -0.43
      0.43      1.00     -0.43
      0.43      0.04     -0.43
      0.43      1.00      0.53
      0.43      1.00      0.53
      0.43      1.00     -0.43
      0.43      1.00     -0.43
      0.43      0.04     -0.43
      0.43      0.04      0.53
      0.43      0.04      0.53
      0.43     -0.92      0.53
      0.43     -0.92      0.53
      0.43     -0.92      0.53
      0.43     -0.92      0.53
      0.43     -0.92      0.53
      0.43      0.04      0.53
     -0.53      0.04     -0.43
      0.43      0.04     -1.39
      0.43      0.04     -1.39
      0.43      0.04     -0.43
      0.43      0.04     -0.43
      0.43      1.00     -0.43
      0.43      0.04     -0.43
      0.43      0.04      0.53
      0.43      0.04      0.53
      0.43      0.04      0.53
      0.43      0.04      0.53
      0.43      0.04      0.53
      0.43      0.04      0.53
     -0.53      0.04      0.53
     -0.53      0.04      0.53
     -0.53      1.00      0.53
     -0.53      0.04     -0.43
     -0.53      0.04     -0.43
     -0.53      0.04     -0.43
      0.43     -0.92     -0.43
      0.43     -0.92     -0.43
      0.43     -1.87     -0.43
      0.43     -0.92     -0.43
      0.43     -0.92      0.53
      0.43     -0.92      1.48
      0.43      0.04      0.53
      0.43     -0.92      0.53
      0.43      0.04      0.53
      0.43      1.00      0.53
      0.43      0.04      0.53
      0.43      0.04      0.53
      0.43      0.04      0.53
      0.43     -0.92      0.53
      0.43     -0.92      0.53
      0.43     -0.92     -0.43
      0.43     -0.92     -1.39
      0.43     -0.92     -1.39
      0.43      0.04     -0.43
      0.43      0.04     -0.43
      0.43      0.04     -0.43
      0.43      0.04     -0.43
      0.43      0.04     -0.43
      0.43      0.04     -0.43
      0.43      0.04     -0.43
      0.43      0.04     -0.43
      0.43      0.04     -0.43
      0.43      1.00      0.53
      0.43      1.00      0.53
      0.43      0.04     -0.43
      0.43      0.04     -0.43
      0.43      0.04      0.53
      0.43      0.04      0.53
      0.43      0.04      0.53
      0.43      1.00      0.53
      0.43      1.00      0.53
      0.43      0.04     -0.43
      0.43      0.04     -0.43
     -0.53      0.04      0.53
      0.43      0.04      0.53
      0.43      0.04     -0.43
      0.43      0.04      0.53
      0.43      0.04      0.53
      0.43      0.04     -0.43
      0.43      0.04      0.53
      0.43     -0.92      0.53
      0.43     -0.92      0.53
      0.43     -0.92     -1.39
      0.43     -0.92     -0.43
      0.43     -0.92     -1.39
      0.43      0.04     -1.39
      0.43      0.04     -1.39
      0.43      0.04     -1.39
      0.43      0.04     -1.39
     -0.53     -0.92     -0.43
      0.43     -0.92     -0.43
      0.43     -0.92     -0.43
      0.43     -1.87     -0.43
      0.43     -0.92     -0.43
      0.43     -0.92     -0.43
      0.43     -0.92      1.48
      0.43      0.04      0.53
      0.43      1.00      0.53
      0.43      1.00     -0.43
      0.43      1.00     -0.43
      0.43      0.04     -0.43
     -0.53      0.04      0.53
     -0.53      0.04      0.53
     -0.53      0.04      1.48
     -0.53      0.04      1.48
     -0.53      1.00      0.53
      0.43      1.00      0.53
      0.43      1.00      0.53
      0.43      1.00     -0.43
      0.43      1.00     -0.43
      0.43      0.04     -0.43
      0.43      0.04     -0.43
      0.43      0.04     -0.43
      0.43      0.04     -0.43
      0.43      0.04     -0.43
      0.43      0.04      0.53
     -0.53      0.04      0.53
      0.43      0.04      0.53
      0.43      0.04      0.53
      0.43      0.04      1.48
     -0.53      0.04      0.53
     -0.53      1.00      0.53
     -0.53      1.00     -0.43
     -0.53      1.00     -0.43
     -0.53      0.04     -0.43
     -0.53      0.04     -0.43
      0.43      0.04     -0.43
      0.43      0.04     -0.43
      0.43      0.04     -1.39
      0.43     -0.92     -0.43
      0.43      0.04     -0.43
      0.43      0.04     -0.43
      0.43      0.04     -0.43
      0.43      0.04     -0.43
      0.43      0.04      0.53
      0.43      0.04      0.53
      0.43      0.04      0.53
      0.43      0.04     -0.43
      0.43      0.04     -0.43
      0.43      0.04      0.53
      0.43      0.04      0.53
      0.43      0.04      0.53
      0.43      0.04      0.53
      0.43      0.04      0.53
      0.43      0.04      0.53
      0.43      0.04      0.53
      0.43      0.04     -0.43
      0.43      0.04     -0.43
      0.43      0.04     -0.43
      0.43      0.04      0.53
      0.43     -0.92     -0.43
      0.43     -0.92      0.53
      0.43     -0.92      0.53
      0.43     -0.92      0.53
      0.43     -0.92      0.53
      0.43     -0.92      0.53
      0.43     -0.92      0.53
      0.43     -0.92     -0.43
      1.39      0.04     -0.43
      0.43      0.04     -0.43
      0.43      1.00     -0.43
      0.43      0.04     -0.43
      0.43      0.04     -0.43
      0.43      0.04     -1.39
      0.43      1.00      0.53
     -0.53      0.04     -0.43
     -1.48      0.04      0.53
     -0.53      0.04      0.53
     -0.53      0.04     -0.43
      0.43      0.04      0.53
      0.43      0.04     -0.43
      0.43     -0.92     -0.43
     -0.53      0.04     -0.43
      0.43      0.04     -0.43
      0.43      0.04     -0.43
      0.43      0.04     -1.39
      0.43      0.04     -0.43
      0.43      0.04     -0.43
      0.43      0.04     -0.43
      0.43      0.04     -0.43
     -0.53      0.04     -0.43
      0.43      0.04     -0.43
      0.43      0.04     -0.43
      0.43      0.04     -0.43
      0.43      1.00      0.53
     -0.53      1.00     -0.43
      0.43      1.00      0.53
      0.43      1.00      0.53
      0.43      1.00     -0.43
      0.43      1.00     -0.43
      0.43      0.04     -0.43
      0.43      0.04      0.53
      0.43      0.04      0.53
      0.43     -0.92      0.53
      0.43      0.04      0.53
      0.43      0.04      0.53
