********************************************************************************
                       INSTITUTO DE INGENIERIA, UNAM
                   Coordinacion de Instrumentacion Sismica
  Ciudad Universitaria, Apartado Postal 70-472, Coyoacan 04510, Mexico, D.F.
 Tel.(52-5)622-3414    Fax.(52-5)616-1514    e-mail: isismica@pumas.iingen.unam.mx
********************************************************************************
ARCHIVO ESTANDAR DE ACELERACION:
VERSION DEL FORMATO                    : 2.0
NOMBRE DEL ARCHIVO                     : SXCU7811.291
FECHA Y HORA DE CREACION               : Wed Mar  4 11:40:18 1998
REF. CATALOGO ACELEROGRAMAS, SMIS 1995 : REGISTRO No. 183 /PAG. 46


================================================================================
DATOS DE LA ESTACION:
NOMBRE DE LA ESTACION                  : SISMEX CIUDAD UNIVERSITARIA
CLAVE DE LA ESTACION                   : SXCU
LOCALIZACION DE LA ESTACION            : Patio del Instituto de Ingenieria,
                                       : Ciudad Universitaria.
                                       :
                                       :
                                       :
COORDENADAS DE LA ESTACION             : 19.326 LAT. N 
                                       : 99.182 LONG. W 
ALTITUD (msnm)                         : 2240
TIPO DE SUELO                          : ROCA
                                       : 
                                       : 
INSTITUCION RESPONSABLE                : INSTITUTO DE INGENIERIA UNAM
                                       :

================================================================================
DATOS DEL ACELEROGRAFO:
MODELO DEL ACELEROGRAFO                : SISMEX-A
NUMERO DE SERIE DEL ACELEROGRAFO       : --
NUMERO DE CANALES                      : 3
ORIENTACION C1-C6 (rumbo;orientacion)  : /N00E/+V/N90W
ORIENTACION C7-C12 (rumbo;orientacion) :
VEL. DE MUESTREO, C1-C6 (muestras/s)   : /--/--/--
VEL. DE MUESTREO, C7-C12 (muestras/s)  :
ESC. COMPLETA DE SENSORES, C1-C6, (g)  : /1/1/1
ESC. COMPLETA DE SENSORES, C7-C12, (g) :
FREC. NAT. DE SENSORES, C1-C6, (Hz)    : /--/--/--
FREC. NAT. DE SENSORES, C7-C12, (Hz)   :
AMORTIGUAMIENTO DE SENSORES, C1-C6     : /--/--/--
AMORTIGUAMIENTO DE SENSORES, C7-C12    :
INTERVALO DE MUESTREO, C1-C6, (s)      : /0.04/0.04/0.04
INTERVALO DE MUESTREO, C7-C12, (s)     :
UMBRAL DE DISPARO, C1-C6, (Gal)        : /--/--/-- 
UMBRAL DE DISPARO, C7-C12, (Gal)       :
MEMORIA DE PREEVENTO (s)               : --
TIEMPO DE POSEVENTO (s)                : --


================================================================================
DATOS DEL SISMO:
FECHA DEL SISMO [GMT]                  : 1978/11/29
HORA EPICENTRO (GMT)                   : 19:52:47,3
MAGNITUD(ES)                           : /Ms=7.80
COORDENADAS DEL EPICENTRO              : 16.000 LAT. N 
                                       : 96.690 LONG. W 
PROFUNDIDAD FOCAL (km)                 : 19 
FUENTES DE LOS DATOS EPICENTRALES      : S.K.SINGH (IG)
                                       : 

================================================================================
DATOS DE ESTE REGISTRO:
HORA DE LA PRIMERA MUESTRA (GMT)       : --:--:--.-
EXACTITUD DEL TIEMPO (s)               : --     
DURACION DEL REGISTRO (s), C1-C6       : /79.96/80/80.0
DURACION DEL REGISTRO (s), C7-C12      :
NUM. TOTAL DE MUESTRAS, C1-C6          : /1999/2000/2000
NUM. TOTAL DE MUESTRAS, C7-C12         :
ACEL. MAX.(Gal), C1-C6                 : /17.764/-5.160/-18.010  
ACEL. MAX., C1-C6, EN LA MUESTRA       : /226/695/498   
ACEL. MAX.(Gal), C7-C12                :
ACEL. MAX., C7-C12, EN LA MUESTRA      :
UNIDADES DE LOS DATOS                  : Gal (cm/s/s)
FACTOR DE DECIMACION                   : 1
FORMATO DATOS (FORTRAN,10 campos/dato) : 3F10.3


===============================================================================
CALIDAD DEL ACELEROGRAMA:
REGISTRO DIGITAL COMPLETO CARECE DE TIEMPO ABSOLUTO


===============================================================================
COMENTARIOS:

            Equipo con tres sensores internos uniaxiales, marca DONNER.
            Señales enviadas por telemetría y almacenadas en cinta magnética
            analógica digitizada a 12 bits.







                                


===============================================================================
DATOS DE ACELERACION:
---------+---------+---------+---------+---------+---------+---------+---------+
   CANAL-1   CANAL-2   CANAL-3   CANAL-4   CANAL-5   CANAL-6   CANAL-7   CANAL-8
      N00E        +V      N90W
---------+---------+---------+---------+---------+---------+---------+---------+
     1.587     0.070     1.244
     2.547    -0.067     2.358
     3.085    -0.239     3.124
     2.957    -0.341     3.322
     2.224    -0.289     3.019
     1.187    -0.100     2.474
     0.185     0.088     1.926
    -0.596     0.102     1.457
    -1.162    -0.147     1.005
    -1.620    -0.586     0.535
    -1.851    -1.033     0.305
    -2.247    -1.288     0.128
    -2.546    -1.282     0.161
    -2.706    -1.063     0.181
    -2.729    -0.749    -0.146
    -2.632    -0.450    -1.035
    -2.390    -0.220    -2.359
    -1.925    -0.067    -3.652
    -1.148     0.032    -4.407
    -0.054     0.105    -4.404
     1.389     0.170    -3.753
     2.630     0.250    -3.247
     3.625     0.339    -3.129
     4.287     0.423    -3.331
     4.669     0.479    -3.452
     4.891     0.479    -3.159
     5.044     0.399    -2.484
     5.134     0.238    -1.751
     5.102     0.023    -1.210
     4.880    -0.195    -0.754
     4.545    -0.367     0.062
     3.897    -0.450     1.299
     3.100    -0.452     2.844
     2.239    -0.403     4.222
     1.417    -0.339     5.025
     0.727    -0.290     5.205
     0.225    -0.283     5.020
    -0.094    -0.337     4.799
    -0.268    -0.442     4.701
    -0.323    -0.557     4.711
    -0.197    -0.632     4.771
     0.062    -0.623     4.780
     0.475    -0.541     4.806
     0.907    -0.413     4.942
     1.137    -0.246     5.208
     0.971    -0.019     5.480
     0.392     0.269     5.490
    -0.392     0.568     4.947
    -1.027     0.789     3.798
    -1.207     0.874     2.372
    -0.875     0.837     1.179
    -0.162     0.756     0.666
     0.551     0.696     0.726
     0.941     0.692     0.925
     0.870     0.756     0.811
     0.442     0.889     0.228
    -0.078     1.071    -0.628
    -0.395     1.224    -1.414
    -0.312     1.239    -1.883
     0.203     1.048    -1.979
     0.940     0.711    -1.890
     1.892     0.406    -1.642
     2.792     0.291    -1.586
     3.550     0.381    -1.920
     4.165     0.534    -2.614
     4.668     0.575    -3.328
     5.052     0.456    -3.593
     5.255     0.289    -3.171
     5.201     0.245    -2.295
     4.866     0.391    -1.521
     4.168     0.637    -1.425
     3.491     0.818    -1.691
     2.749     0.826    -1.905
     1.929     0.691    -1.488
     0.992     0.553    -0.329
    -0.036     0.554     1.115
    -1.018     0.754     2.162
    -1.753     1.109     2.404
    -2.109     1.506     1.972
    -2.122     1.820     1.364
    -2.162     1.960     0.864
    -2.142     1.895     0.842
    -2.414     1.648     0.885
    -3.009     1.276     0.671
    -3.841     0.843     0.053
    -4.794     0.413    -0.848
    -5.786     0.032    -1.754
    -6.773    -0.272    -2.441
    -7.708    -0.502    -2.900
    -8.510    -0.688    -3.334
    -9.278    -0.871    -4.175
    -9.628    -1.090    -5.264
    -9.824    -1.347    -6.601
   -10.009    -1.616    -7.814
   -10.292    -1.858    -8.503
   -10.641    -2.040    -8.462
   -10.873    -2.138    -7.826
   -10.756    -2.140    -6.925
   -10.165    -2.057    -6.029
    -9.195    -1.926    -5.153
    -8.301    -1.794    -4.236
    -7.484    -1.702    -2.852
    -7.082    -1.642    -1.242
    -6.992    -1.577     0.201
    -6.888    -1.473     1.089
    -6.402    -1.339     1.367
    -5.333    -1.234     1.390
    -3.754    -1.233     1.688
    -1.964    -1.364     2.589
    -0.307    -1.577     4.013
     0.877    -1.772     5.449
     1.853    -1.882     6.598
     2.662    -1.888     7.104
     3.484    -1.824     7.025
     4.377    -1.731     6.610
     5.249    -1.621     6.089
     5.948    -1.475     5.526
     6.399    -1.260     4.838
     6.691    -0.933     3.921
     7.017    -0.454     2.763
     7.451     0.187     1.505
     8.116     0.917     0.512
     8.701     1.617    -0.121
     8.908     2.138    -0.475
     8.566     2.383    -0.778
     7.745     2.352    -1.222
     6.704     2.135    -1.821
     5.737     1.847    -2.434
     0.000     0.000     0.000
     4.623     1.326    -3.276
     4.440     1.117    -3.540
     4.448     0.947    -3.729
     4.554     0.846    -3.751
     4.672     0.800    -3.565
     4.698     0.721    -3.315
     4.559     0.485    -3.269
     4.240     0.030    -3.553
     3.781    -0.567    -3.934
     3.220    -1.114    -3.960
     2.565    -1.437    -3.338
     1.871    -1.488    -2.157
     1.172    -1.386    -1.012
     0.697    -1.276    -0.247
     0.609    -1.234     0.153
     0.896    -1.215     0.559
     1.327    -1.122     1.331
     1.594    -0.916     2.473
     1.544    -0.651     3.641
     1.313    -0.436     4.455
     1.221    -0.350     4.859
     1.598    -0.378     5.218
     2.252    -0.454     5.600
     2.985    -0.484     6.003
     3.487    -0.420     6.069
     3.663    -0.255     5.593
     3.699    -0.006     4.808
     3.911     0.317     4.240
     4.504     0.711     4.269
     5.433     1.179     4.798
     6.441     1.702     5.285
     7.339     2.243     5.249
     7.722     2.715     4.246
     7.717     3.032     2.679
     7.461     3.120     1.159
     7.098     2.957     0.213
     6.666     2.578    -0.003
     6.064     2.077     0.292
     5.124     1.563     0.705
     3.738     1.132     0.946
     1.958     0.839     0.957
     0.124     0.699     0.956
    -1.763     0.677     0.807
    -3.421     0.731     0.602
    -4.866     0.806     0.195
    -6.208     0.854    -0.551
    -7.496     0.838    -1.618
    -8.635     0.747    -2.748
    -9.439     0.598    -3.536
    -9.784     0.433    -3.736
    -9.723     0.293    -3.486
    -9.346     0.208    -3.142
    -9.126     0.185    -3.350
    -9.054     0.215    -4.147
    -9.111     0.278    -5.312
    -9.208     0.361    -6.467
    -9.281     0.480    -7.315
    -9.315     0.680    -7.724
    -9.324     1.001    -7.638
    -9.318     1.400    -7.027
    -9.299     1.724    -5.953
    -9.152     1.755    -4.613
    -9.006     1.351    -3.578
    -8.619     0.566    -3.080
    -7.821    -0.356    -3.020
    -6.528    -1.115    -2.921
    -4.863    -1.511    -2.309
    -3.167    -1.508    -1.137
    -1.856    -1.194     0.189
    -1.219    -0.698     1.207
    -1.288    -0.140     1.815
    -1.820     0.372     2.371
    -2.680     0.729     3.195
    -3.609     0.832     4.347
    -4.487     0.640     5.513
    -5.222     0.191     6.368
    -5.694    -0.402     6.880
    -5.781    -1.002     7.295
    -5.430    -1.489     7.834
    -4.719    -1.784     8.457
    -3.836    -1.856     8.931
    -2.978    -1.734     9.030
    -2.319    -1.494     8.779
    -1.838    -1.255     8.334
    -1.398    -1.121     7.880
    -0.799    -1.140     7.463
     0.119    -1.300     6.984
     1.398    -1.544     6.369
     2.961    -1.793     5.693
     4.693    -1.959     5.062
     6.548    -1.989     4.479
     8.555    -1.902     3.804
    10.830    -1.761     3.124
    13.265    -1.645     2.514
    15.533    -1.564     2.149
    17.156    -1.467     2.083
    17.764    -1.313     2.154
    17.346    -1.135     2.123
    16.300    -1.025     1.884
    15.209    -1.056     1.455
    14.487    -1.214     0.792
    14.078    -1.427    -0.432
    13.746    -1.619    -2.305
    12.990    -1.788    -4.816
    11.629    -1.946    -7.384
     9.866    -2.060    -9.267
     8.135    -2.042   -10.121
     6.792    -1.818   -10.279
     5.863    -1.392   -10.436
     5.039    -0.850   -11.024
     3.887    -0.292   -11.825
     2.056     0.228   -12.299
    -0.193     0.735   -11.822
    -2.556     1.233   -10.713
    -4.538     1.700    -9.620
    -5.777     2.099    -9.032
    -6.186     2.414    -8.852
    -5.934     2.651    -8.485
    -5.319     2.816    -7.352
    -4.625     2.885    -5.361
    -4.026     2.802    -3.017
    -3.673     2.508    -1.167
    -3.375     2.009    -0.138
    -3.255     1.344    -0.108
    -3.407     0.617    -0.814
    -3.980    -0.042    -1.950
    -5.088    -0.513    -3.399
    -6.722    -0.739    -5.192
    -8.711    -0.730    -7.218
   -10.783    -0.531    -9.048
   -12.661    -0.180   -10.106
   -14.248     0.278   -10.153
   -15.275     0.791    -9.211
   -15.814     1.228    -7.829
   -15.876     1.443    -6.317
   -15.513     1.345    -4.606
   -14.857     0.963    -2.484
   -14.102     0.445    -0.010
   -13.420    -0.017     2.366
   -12.830    -0.286     4.122
   -12.132    -0.329     5.124
   -11.052    -0.239     5.712
    -9.148    -0.149     6.535
    -6.433    -0.202     7.731
    -3.174    -0.451     8.958
     0.117    -0.833     9.665
     2.881    -1.197     9.578
     4.733    -1.385     8.897
     5.585    -1.329     8.079
     5.636    -1.086     7.432
     5.240    -0.782     6.904
     4.684    -0.514     6.203
     4.215    -0.273     5.090
     3.787    -0.002     3.547
     3.319     0.354     1.882
     2.805     0.796     0.557
     2.386     1.287    -0.079
     2.304     1.801    -0.005
     2.759     2.346     0.444
     3.769     2.942     0.865
     5.146     3.568     1.096
     6.597     4.110     1.370
     7.896     4.389     1.924
     8.952     4.234     2.790
     9.806     3.579     3.499
    10.528     2.524     3.404
    11.121     1.327     2.218
    11.514     0.308     0.359
    11.620    -0.290    -1.274
    11.409    -0.398    -1.930
    10.920    -0.136    -1.495
    10.251     0.282    -0.418
     9.383     0.649     0.483
     8.337     0.844     0.966
     7.077     0.818     1.221
     5.575     0.580     1.657
     3.844     0.186     2.518
     1.948    -0.235     3.752
     0.027    -0.521     5.146
    -1.698    -0.560     6.545
    -2.940    -0.378     7.960
    -3.391    -0.144     9.532
    -3.079    -0.089    10.993
    -2.123    -0.349    12.256
    -0.917    -0.915    13.189
     0.130    -1.653    13.837
     0.820    -2.388    14.292
     1.270    -2.978    14.514
     1.801    -3.348    14.317
     2.665    -3.475    13.519
     3.825    -3.378    12.110
     5.017    -3.101    10.366
     5.670    -2.732     8.293
     5.647    -2.318     6.066
     5.074    -1.885     3.580
     4.295    -1.437     0.719
     3.587    -0.978    -2.413
     2.933    -0.536    -5.471
     2.043    -0.145    -8.075
     0.604     0.178   -10.033
    -1.433     0.429   -11.387
    -3.668     0.587   -12.168
    -5.713     0.563   -12.592
    -7.009     0.303   -12.513
    -7.364    -0.175   -12.000
    -6.895    -0.747   -11.396
    -5.901    -1.241   -11.096
    -4.708    -1.523   -11.106
    -3.592    -1.570   -10.857
    -2.778    -1.456    -9.602
    -2.435    -1.291    -7.146
    -2.558    -1.149    -4.167
    -3.170    -1.083    -2.100
    -3.910    -1.068    -1.856
    -4.424    -1.073    -3.367
    -4.450    -1.065    -5.594
    -3.923    -1.029    -7.288
    -2.956    -0.975    -7.807
    -1.728    -0.918    -7.320
    -0.378    -0.849    -6.368
     1.011    -0.722    -5.300
     2.389    -0.462    -4.052
     3.468    -0.053    -2.508
     4.061     0.495    -0.687
     4.000     1.105     1.047
     3.325     1.683     2.209
     2.311     2.153     2.506
     1.320     2.465     2.002
     0.587     2.586     1.056
     0.088     2.508     0.106
    -0.411     2.262    -0.541
    -1.108     1.927    -0.835
    -2.060     1.563    -0.882
    -2.998     1.248    -0.875
    -3.608     1.019    -0.899
    -3.758     0.879    -0.929
    -3.638     0.796    -0.965
    -3.649     0.685    -1.133
    -4.117     0.444    -1.593
    -5.038     0.014    -2.308
    -6.062    -0.567    -2.910
    -6.754    -1.160    -2.932
    -6.902    -1.638    -1.944
    -6.722    -1.913    -0.176
    -6.665    -1.980     1.740
    -7.055    -1.878     3.087
    -7.805    -1.642     3.545
    -8.457    -1.304     3.378
    -8.537    -0.914     3.147
    -7.928    -0.541     3.223
    -6.967    -0.240     3.535
    -6.195     0.001     3.674
    -5.800     0.260     3.596
    -5.620     0.658     3.281
    -5.185     1.249     2.879
    -4.164     1.961     2.361
    -2.665     2.606     1.530
    -1.164     2.970     0.298
    -0.141     2.919    -1.018
     0.290     2.475    -1.790
     0.446     1.808    -1.499
     0.757     1.169    -0.249
     1.628     0.774     1.605
     2.902     0.722     3.230
     4.184     0.965     4.187
     5.066     1.346     4.501
     5.360     1.674     4.492
     5.150     1.792     4.437
     4.679     1.636     4.386
     4.206     1.272     4.222
     3.921     0.886     3.846
     3.883     0.705     3.205
     4.298     0.878     2.672
     5.083     1.350     2.278
     6.106     1.882     1.975
     7.130     2.175     1.505
     7.925     2.054     0.526
     8.405     1.575    -1.094
     8.690     0.984    -3.081
     9.007     0.556    -4.876
     9.484     0.411    -6.030
     9.928     0.454    -6.578
    10.109     0.476    -6.682
     9.554     0.278    -6.876
     8.086    -0.202    -7.404
     5.893    -0.885    -8.195
     3.444    -1.613    -8.992
     1.242    -2.211    -9.534
    -0.433    -2.546    -9.709
    -1.634    -2.547    -9.568
    -2.663    -2.229    -9.229
    -3.915    -1.697    -8.813
    -5.444    -1.084    -8.158
    -7.225    -0.535    -7.181
    -8.985    -0.133    -5.817
   -10.424     0.093    -4.192
   -11.355     0.136    -2.587
   -11.746    -0.008    -1.267
   -11.654    -0.338    -0.284
   -11.132    -0.830     0.529
   -10.193    -1.430     1.332
    -8.902    -2.068     2.098
    -7.301    -2.643     2.666
    -5.649    -3.093     2.877
    -4.172    -3.374     2.836
    -2.964    -3.490     2.830
    -1.897    -3.491     3.050
    -0.681    -3.447     3.408
     0.979    -3.400     3.697
     3.206    -3.342     3.856
     5.872    -3.240     4.047
     8.644    -3.083     4.475
    11.159    -2.867     4.989
    13.089    -2.644     5.247
    14.266    -2.449     4.872
    14.675    -2.295     3.841
    14.430    -2.158     2.558
    13.713    -1.983     1.591
    12.727    -1.692     1.270
    11.621    -1.206     1.517
    10.439    -0.493     1.939
     9.143     0.375     2.197
     7.606     1.258     2.016
     5.807     1.946     1.661
     3.833     2.284     1.504
     1.894     2.225     1.855
     0.235     1.847     2.750
    -0.950     1.321     3.923
    -1.562     0.854     4.978
    -1.597     0.618     5.656
    -1.121     0.688     6.019
    -0.237     1.006     6.499
     0.747     1.438     7.202
     1.576     1.813     8.168
     1.978     2.024     8.951
     1.826     2.057     9.055
     1.191     1.968     8.333
     0.291     1.848     7.120
    -0.663     1.792     6.014
    -1.590     1.856     5.474
    -2.541     2.023     5.574
    -3.530     2.193     6.194
    -4.618     2.246     6.860
    -5.555     2.081     7.629
    -6.122     1.704     8.536
    -6.263     1.225     9.557
    -6.168     0.804    10.483
    -6.189     0.576    10.977
    -6.635     0.602    10.802
    -7.580     0.869    10.001
    -8.815     1.295     8.890
    -9.896     1.738     7.941
   -10.570     2.043     7.106
   -10.521     2.087     6.406
    -9.665     1.861     5.571
    -8.063     1.478     4.336
    -5.896     1.113     2.563
    -3.445     0.905     0.265
    -1.044     0.884    -2.450
     1.008     0.977    -5.412
     2.573     1.071    -8.386
     3.781     1.089   -10.984
     4.724     1.027   -13.126
     5.649     0.938   -14.628
     6.561     0.888   -15.639
     7.245     0.900   -16.430
     7.402     0.942   -17.161
     6.840     0.950   -17.759
     5.615     0.891   -18.010
     4.017     0.793   -17.798
     2.409     0.731   -17.281
     1.095     0.763   -16.755
     0.023     0.853   -16.591
    -0.870     0.881   -16.648
    -1.716     0.689   -16.503
    -2.515     0.186   -15.612
    -3.114    -0.583   -13.629
    -3.307    -1.456   -10.605
    -3.023    -2.238    -7.003
    -2.444    -2.809    -3.523
    -1.962    -3.164    -0.817
    -1.954    -3.374     0.821
    -2.648    -3.513     1.597
    -3.843    -3.560     2.204
    -5.125    -3.418     3.369
    -6.067    -2.981     5.404
    -6.442    -2.224     7.961
    -6.267    -1.261    10.177
    -5.708    -0.318    11.155
    -4.936     0.361    10.464
    -4.062     0.632     8.311
    -3.163     0.514     5.265
    -2.336     0.134     2.036
    -1.652    -0.327    -1.003
    -1.109    -0.742    -3.665
    -0.591    -1.074    -5.835
     0.081    -1.340    -7.365
     1.034    -1.564    -8.112
     2.261    -1.741    -8.065
     3.641    -1.831    -7.364
     5.013    -1.778    -6.203
     6.215    -1.536    -4.809
     7.140    -1.131    -3.156
     7.584    -0.621    -1.485
     7.346    -0.117     0.001
     6.325     0.276     1.141
     4.664     0.513     1.898
     2.766     0.623     2.344
     1.142     0.683     2.589
     0.150     0.765     2.717
    -0.202     0.894     2.783
    -0.277     1.054     2.736
    -0.432     1.184     2.867
    -0.977     1.248     3.066
    -1.872     1.221     3.200
    -2.825     1.108     3.082
    -3.518     0.960     2.627
    -3.818     0.861     1.947
    -3.837     0.890     1.265
    -3.816     1.070     0.711
    -3.935     1.333     0.230
    -4.243     1.546    -0.379
    -4.484     1.535    -0.769
    -4.567     1.197    -0.789
    -4.486     0.518    -0.253
    -4.393    -0.399     0.636
    -4.475    -1.351     1.344
    -4.800    -2.091     1.429
    -5.249    -2.445     0.957
    -5.585    -2.399     0.526
    -5.617    -2.122     0.842
    -5.389    -1.850     2.107
    -4.947    -1.748     4.327
    -4.572    -1.797     6.751
    -4.401    -1.868     8.743
    -4.394    -1.845     9.931
    -4.361    -1.728    10.275
    -4.056    -1.620     9.967
    -3.295    -1.605     9.258
    -2.015    -1.647     8.358
    -0.285    -1.592     7.368
     1.685    -1.280     6.214
     3.835    -0.682     5.065
     5.988     0.076     3.808
     8.100     0.779     2.528
    10.171     1.265     1.361
    12.180     1.507     0.379
    14.025     1.586    -0.488
    15.531     1.597    -1.442
    16.515     1.556    -2.649
    16.874     1.394    -4.054
    16.585     1.022    -5.415
    15.860     0.426    -6.203
    14.832    -0.294    -6.253
    13.677    -0.950    -5.656
    12.538    -1.353    -4.781
    11.498    -1.405    -4.057
    10.546    -1.128    -3.678
     9.568    -0.639    -3.456
     8.375    -0.070    -2.977
     6.809     0.497    -1.963
     4.829     1.064    -0.570
     2.648     1.688     0.720
     0.511     2.385     1.343
    -1.355     3.081     1.121
    -2.881     3.618     0.403
    -4.158     3.832    -0.160
    -5.307     3.662    -0.031
    -6.330     3.196     0.855
    -7.061     2.618     2.058
    -7.270     2.093     2.926
    -6.843     1.671     3.045
    -5.903     1.308     2.391
    -4.803     0.906     1.470
    -3.946     0.433     0.909
    -3.592    -0.039     1.141
    -3.741    -0.386     2.229
    -4.165    -0.514     3.847
    -4.533    -0.434     5.415
    -4.568    -0.251     6.380
    -4.144    -0.092     6.450
    -3.275    -0.038     5.744
    -2.151    -0.056     4.376
    -0.944    -0.090     2.713
     0.173    -0.094     0.948
     1.066    -0.068    -0.837
     1.659    -0.037    -2.588
     1.925     0.013    -4.173
     1.882     0.153    -5.369
     1.571     0.463    -5.937
     1.029     0.937    -5.775
     0.309     1.435    -4.894
    -0.678     1.760    -3.805
    -1.873     1.728    -2.709
    -3.180     1.323    -1.764
    -4.423     0.707    -0.900
    -5.406     0.134     0.041
    -6.011    -0.195     1.078
    -6.265    -0.236     1.995
    -6.320    -0.110     2.480
    -6.341    -0.013     2.386
    -6.331    -0.111     1.989
    -6.308    -0.425     1.373
    -6.044    -0.900     0.939
    -5.420    -1.421     0.699
    -4.480    -1.894     0.538
    -3.438    -2.269     0.423
    -2.589    -2.527     0.435
    -2.167    -2.658     0.614
    -2.243    -2.651     0.830
    -2.703    -2.522     0.844
    -3.252    -2.345     0.626
    -3.767    -2.211     0.006
    -4.034    -2.235    -0.603
    -4.030    -2.460    -0.969
    -3.836    -2.837    -1.128
    -3.559    -3.230    -1.343
    -3.265    -3.467    -1.839
    -2.967    -3.395    -2.597
    -2.647    -2.947    -3.359
    -2.299    -2.162    -3.858
    -1.876    -1.177    -3.920
    -1.492    -0.139    -3.923
    -1.059     0.819    -3.941
    -0.525     1.651    -4.014
     0.135     2.370    -4.020
     0.879     2.993    -3.825
     1.597     3.491    -3.418
     2.150     3.791    -2.922
     2.435     3.814    -2.522
     2.431     3.538    -2.378
     2.252     3.010    -2.500
     1.965     2.359    -2.962
     1.794     1.713    -3.470
     1.875     1.191    -3.747
     2.233     0.860    -3.548
     2.764     0.726    -2.791
     3.303     0.736    -1.647
     3.737     0.798    -0.492
     4.087     0.814     0.334
     4.475     0.720     0.764
     5.008     0.506     1.015
     5.558     0.215     1.238
     5.899    -0.100     1.459
     5.761    -0.375     1.456
     5.055    -0.554     1.057
     3.974    -0.590     0.415
     2.895    -0.462    -0.036
     2.163    -0.186     0.083
     1.900     0.183     0.726
     1.977     0.560     1.408
     2.141     0.869     1.515
     2.206     1.059     0.852
     2.155     1.119    -0.299
     2.108     1.062    -1.296
     2.204     0.894    -1.622
     2.487     0.590    -1.188
     2.858     0.107    -0.277
     3.115    -0.585     0.765
     3.048    -1.459     1.747
     2.536    -2.429     2.624
     1.587    -3.373     3.313
     0.421    -4.190     3.926
    -0.729    -4.799     4.375
    -1.648    -5.139     4.691
    -2.245    -5.160     4.933
    -2.580    -4.834     5.105
    -2.799    -4.203     5.139
    -3.021    -3.404     4.952
    -3.260    -2.630     4.560
    -3.422    -2.038     4.103
    -3.434    -1.662     3.640
    -3.167    -1.427     3.454
    -2.725    -1.195     3.331
    -2.235    -0.882     3.081
    -1.797    -0.498     2.602
    -1.425    -0.117     1.949
    -1.056     0.187     1.261
    -0.611     0.384     0.594
    -0.063     0.480    -0.147
     0.561     0.497    -1.108
     1.151     0.468    -2.456
     1.755     0.416    -3.811
     2.268     0.407    -5.111
     2.627     0.507    -6.218
     2.784     0.750    -7.144
     2.745     1.120    -7.980
     2.608     1.563    -8.748
     2.530     2.020    -9.376
     2.632     2.450    -9.763
     2.905     2.830    -9.851
     3.135     3.141    -9.701
     3.216     3.325    -8.889
     2.950     3.354    -7.372
     2.361     3.227    -5.138
     1.625     3.003    -2.502
     0.957     2.778    -0.038
     0.499     2.643     1.708
     0.252     2.632     2.559
     0.099     2.719     2.818
    -0.117     2.839     3.022
    -0.564     2.944     3.454
    -1.167     2.978     4.363
    -1.937     2.938     5.310
    -2.804     2.813     5.956
    -3.721     2.598     6.181
    -4.682     2.293     6.118
    -5.687     1.917     6.019
    -6.689     1.500     6.047
    -7.560     1.073     6.180
    -8.117     0.657     6.270
    -8.227     0.269     6.111
    -7.721    -0.108     5.863
    -6.674    -0.468     5.511
    -5.225    -0.836     5.121
    -3.565    -1.244     4.642
    -1.890    -1.721     3.931
    -0.359    -2.261     2.896
     0.931    -2.803     1.626
     1.968    -3.241     0.370
     2.808    -3.463    -0.616
     3.507    -3.399    -1.270
     4.148    -3.091    -1.660
     4.644    -2.627    -2.131
     4.875    -2.135    -2.897
     4.738    -1.710    -3.909
     4.243    -1.381    -4.871
     3.542    -1.125    -5.445
     2.865    -0.904    -5.451
     2.422    -0.694    -4.930
     2.312    -0.491    -4.070
     2.503    -0.287    -3.047
     2.890    -0.098    -2.026
     3.331     0.088    -1.105
     3.728     0.273    -0.356
     4.038     0.473     0.213
     4.254     0.741     0.736
     4.388     1.143     1.418
     4.433     1.719     2.353
     4.346     2.426     3.409
     4.045     3.136     4.316
     3.437     3.690     4.958
     2.394     3.951     5.235
     0.891     3.901     5.358
    -1.017     3.603     5.433
    -3.170     3.163     5.401
    -5.323     2.674     5.116
    -7.208     2.181     4.552
    -8.604     1.678     3.850
    -9.420     1.129     3.208
    -9.725     0.498     2.729
    -9.687    -0.221     2.483
    -9.618    -0.999     2.144
    -9.650    -1.751     1.699
    -9.794    -2.382     1.123
    -9.903    -2.833     0.497
    -9.769    -3.108    -0.077
    -9.245    -3.272    -0.573
    -8.328    -3.392    -1.064
    -7.148    -3.484    -1.633
    -5.871    -3.510    -2.292
    -4.544    -3.428    -2.848
    -3.235    -3.253    -3.427
    -1.794    -3.061    -3.715
    -0.140    -2.957    -3.588
     1.701    -2.995    -3.065
     3.592    -3.147    -2.327
     5.340    -3.332    -1.674
     6.798    -3.476    -1.428
     7.926    -3.538    -1.806
     8.796    -3.509    -2.815
     9.612    -3.382    -4.070
    10.417    -3.130    -5.459
    11.348    -2.715    -6.472
    12.363    -2.127    -6.937
    13.278    -1.396    -6.935
    13.814    -0.594    -6.729
    13.697     0.179    -6.591
    12.782     0.833    -6.670
    11.123     1.310    -6.930
     8.944     1.603    -7.218
     6.595     1.731    -7.218
     4.211     1.726    -7.027
     1.978     1.602    -6.411
    -0.057     1.374    -5.330
    -1.851     1.095    -3.768
    -3.317     0.866    -1.789
    -4.329     0.814     0.365
    -4.801     1.019     2.283
    -4.745     1.475     3.597
    -4.286     2.087     4.178
    -3.566     2.718     4.264
    -2.838     3.269     3.933
    -2.157     3.672     3.521
    -1.553     3.892     3.089
    -1.019     3.906     2.589
    -0.531     3.701     1.981
    -0.057     3.297     1.339
     0.429     2.762     0.846
     0.915     2.193     0.697
     1.314     1.682     0.962
     1.498     1.255     1.522
     1.253     0.901     1.905
     0.562     0.561     1.903
    -0.468     0.208     1.576
    -1.624    -0.134     1.372
    -2.712    -0.405     1.818
    -3.661    -0.547     3.084
    -4.513    -0.544     4.779
    -5.318    -0.433     6.187
    -6.015    -0.286     6.789
    -6.418    -0.191     6.598
    -6.353    -0.196     6.017
    -5.730    -0.326     5.445
    -4.646    -0.552     4.917
    -3.313    -0.808     4.246
    -1.927    -1.031     3.356
    -0.587    -1.186     2.436
     0.698    -1.279     1.811
     1.944    -1.342     1.703
     3.121    -1.398     2.064
     4.138    -1.450     2.571
     4.926    -1.460     2.975
     5.428    -1.423     2.983
     5.656    -1.347     2.435
     5.658    -1.253     1.328
     5.477    -1.157    -0.109
     5.127    -1.050    -1.503
     4.590    -0.914    -2.551
     3.849    -0.738    -3.169
     2.929    -0.529    -3.474
     1.896    -0.306    -3.720
     0.947    -0.060    -3.747
     0.183     0.202    -3.500
    -0.356     0.473    -2.921
    -0.742     0.723    -2.161
    -1.122     0.898    -1.500
    -1.640     0.952    -1.111
    -2.357     0.870    -0.962
    -3.231     0.692    -0.924
    -4.147     0.497    -0.895
    -5.018     0.378    -0.927
    -5.661     0.418    -0.692
    -6.084     0.622    -0.181
    -6.324     0.935     0.595
    -6.483     1.242     1.401
    -6.686     1.410     1.866
    -7.032     1.335     1.716
    -7.523     0.982     0.993
    -8.050     0.407     0.012
    -8.426    -0.267    -0.911
    -8.535    -0.901    -1.792
    -8.214    -1.374    -2.410
    -7.583    -1.640    -2.933
    -6.795    -1.695    -3.351
    -5.994    -1.568    -3.634
    -5.241    -1.299    -3.779
    -4.507    -0.934    -3.794
    -3.726    -0.532    -3.596
    -2.860    -0.157    -3.056
    -1.942     0.135    -2.157
    -1.115     0.314    -1.257
    -0.389     0.396    -0.495
     0.102     0.409    -0.242
     0.333     0.401    -0.388
     0.348     0.399    -0.552
     0.224     0.402    -0.402
     0.045     0.381     0.086
    -0.132     0.309     0.659
    -0.268     0.186     1.062
    -0.324     0.052     1.260
    -0.277    -0.025     1.304
     0.049     0.008     1.509
     0.674     0.156     1.713
     1.601     0.378     1.732
     2.752     0.608     1.450
     3.994     0.781     0.925
     5.193     0.848     0.344
     6.262     0.788    -0.118
     7.178     0.616    -0.369
     7.953     0.389    -0.390
     8.572     0.196    -0.229
     9.096     0.112     0.232
     9.466     0.164     0.817
     9.657     0.324     1.328
     9.668     0.529     1.582
     9.523     0.723     1.542
     9.270     0.882     1.339
     8.960     1.008     1.169
     8.638     1.110     1.150
     8.336     1.205     1.266
     8.061     1.319     1.407
     7.839     1.459     1.502
     7.621     1.610     1.464
     7.344     1.724     1.266
     6.927     1.730     0.874
     6.310     1.576     0.224
     5.477     1.260    -0.770
     4.481     0.833    -2.158
     3.426     0.371    -3.865
     2.429    -0.062    -5.649
     1.577    -0.421    -7.075
     0.878    -0.702    -7.812
     0.297    -0.902    -7.699
    -0.213    -1.025    -6.959
    -0.668    -1.069    -6.070
    -1.031    -1.020    -5.431
    -1.243    -0.864    -5.080
    -1.272    -0.595    -4.743
    -1.151    -0.231    -4.163
    -0.973     0.189    -3.355
    -0.817     0.620    -2.466
    -0.816     0.997    -1.801
    -0.993     1.270    -1.211
    -1.366     1.373    -0.462
    -1.935     1.245     0.551
    -2.676     0.858     1.652
    -3.526     0.248     2.507
    -4.386    -0.483     2.909
    -5.151    -1.198     2.972
    -5.754    -1.784     3.026
    -6.132    -2.186     3.433
    -6.369    -2.429     3.948
    -6.423    -2.551     4.388
    -6.272    -2.583     4.512
    -5.913    -2.525     4.299
    -5.405    -2.364     3.914
    -4.885    -2.099     3.576
    -4.514    -1.768     3.388
    -4.394    -1.442     3.273
    -4.501    -1.202     3.050
    -4.631    -1.090     2.715
    -4.668    -1.116     2.065
    -4.393    -1.227     1.409
    -3.746    -1.370     0.988
    -2.783    -1.518     0.949
    -1.631    -1.686     1.300
    -0.424    -1.911     1.948
     0.728    -2.219     2.776
     1.747    -2.601     3.666
     2.577    -3.008     4.497
     3.235    -3.362     5.321
     3.618    -3.598     5.944
     3.793    -3.647     6.592
     3.766    -3.464     7.380
     3.507    -3.038     8.298
     2.958    -2.397     9.177
     2.082    -1.610     9.789
     0.927    -0.773     9.990
    -0.372     0.018     9.773
    -1.654     0.686     9.200
    -2.774     1.197     8.419
    -3.816     1.548     7.242
    -4.774     1.785     5.805
    -5.646     1.966     4.251
    -6.325     2.145     2.768
    -6.652     2.343     1.483
    -6.512     2.547     0.396
    -5.924     2.715    -0.572
    -5.025     2.806    -1.453
    -3.986     2.811    -2.203
    -2.888     2.763    -2.707
    -1.815     2.716    -3.117
    -0.719     2.728    -3.508
     0.370     2.822    -4.015
     1.341     2.972    -4.659
     2.031     3.124    -5.347
     2.302     3.216    -5.947
     2.126     3.211    -6.396
     1.621     3.115    -6.732
     1.022     2.964    -7.031
     0.602     2.810    -7.221
     0.497     2.686    -7.182
     0.709     2.590    -6.815
     1.059     2.473    -6.268
     1.310     2.266    -5.833
     1.325     1.918    -5.699
     1.151     1.431    -5.759
     0.970     0.855    -5.693
     0.945     0.256    -5.251
     1.062    -0.327    -4.486
     1.113    -0.908    -3.758
     0.845    -1.516    -3.339
     0.134    -2.161    -3.307
    -0.891    -2.800    -3.413
    -1.914    -3.351    -3.312
    -2.604    -3.735    -2.845
    -2.796    -3.905    -2.124
    -2.547    -3.857    -1.404
    -2.056    -3.607    -0.875
    -1.529    -3.187    -0.565
    -1.107    -2.635    -0.466
    -0.773    -1.989    -0.373
    -0.532    -1.299    -0.352
    -0.388    -0.611    -0.425
    -0.369     0.046    -0.566
    -0.504     0.652    -0.738
    -0.777     1.189    -0.913
    -1.122     1.631    -1.114
    -1.440     1.940    -1.424
    -1.632     2.075    -1.906
    -1.659     2.006    -2.594
    -1.414     1.754    -3.099
    -0.919     1.369    -3.355
    -0.199     0.933    -3.424
     0.700     0.522    -3.546
     1.704     0.182    -3.908
     2.731    -0.085    -4.439
     3.689    -0.289    -4.845
     4.502    -0.428    -4.879
     5.117    -0.465    -4.542
     5.487    -0.355    -4.155
     5.737    -0.071    -3.692
     5.896     0.331    -3.299
     6.019     0.742    -2.912
     6.112     1.042    -2.508
     6.117     1.156    -2.169
     5.945     1.081    -1.979
     5.534     0.871    -1.858
     4.893     0.600    -1.549
     4.115     0.329    -0.793
     3.296     0.080     0.318
     2.654    -0.128     1.703
     2.221    -0.305     2.820
     1.990    -0.456     3.391
     1.894    -0.582     3.432
     1.843    -0.682     3.178
     1.771    -0.744     2.904
     1.655    -0.749     2.779
     1.512    -0.675     2.822
     1.370    -0.515     2.946
     1.212    -0.298     2.911
     1.119    -0.066     2.756
     1.062     0.112     2.322
     1.063     0.193     1.673
     1.147     0.177     0.995
     1.317     0.097     0.480
     1.523    -0.008     0.200
     1.670    -0.121     0.055
     1.660    -0.241    -0.125
     1.442    -0.363    -0.430
     1.015    -0.460    -0.845
     0.529    -0.464    -1.062
     0.062    -0.330    -0.946
    -0.330    -0.046    -0.418
    -0.674     0.346     0.443
    -1.070     0.774     1.421
    -1.628     1.167     2.263
    -2.388     1.485     2.773
    -3.262     1.728     2.919
    -4.053     1.921     2.884
    -4.547     2.086     2.907
    -4.552     2.233     3.170
    -4.061     2.331     3.557
    -3.175     2.339     3.851
    -2.061     2.229     3.965
    -0.888     1.998     4.074
     0.219     1.668     4.451
     1.176     1.268     5.159
     1.941     0.829     5.974
     2.504     0.383     6.606
     2.881    -0.036     7.013
     3.090    -0.401     7.349
     3.125    -0.734     7.854
     2.958    -1.087     8.487
     2.567    -1.515     8.976
     1.971    -2.020     9.097
     1.235    -2.533     8.907
     0.441    -2.961     8.655
    -0.364    -3.245     8.517
    -1.179    -3.406     8.426
    -2.005    -3.508     8.247
    -2.865    -3.599     7.744
    -3.695    -3.669     7.055
    -4.429    -3.666     6.307
    -5.044    -3.538     5.515
    -5.576    -3.270     4.605
    -6.092    -2.870     3.552
    -6.632    -2.351     2.468
    -7.170    -1.725     1.491
    -7.628    -1.025     0.659
    -7.904    -0.321    -0.006
    -8.030     0.286    -0.764
    -8.009     0.721    -1.478
    -7.881     0.966    -1.989
    -7.644     1.069    -2.181
    -7.247     1.112    -2.089
    -6.633     1.156    -1.872
    -5.794     1.212    -1.687
    -4.806     1.249    -1.606
    -3.793     1.221    -1.590
    -2.815     1.109    -1.431
    -1.969     0.913    -1.266
    -1.180     0.664    -0.983
    -0.413     0.391    -0.654
     0.302     0.106    -0.394
     0.881    -0.185    -0.297
     1.249    -0.466    -0.383
     1.421    -0.698    -0.590
     1.514    -0.849    -0.839
     1.684    -0.918    -1.128
     2.078    -0.940    -1.435
     2.618    -0.984    -2.046
     3.260    -1.068    -2.826
     3.887    -1.163    -3.640
     4.397    -1.213    -4.356
     4.702    -1.180    -4.953
     4.730    -1.086    -5.531
     4.436    -0.994    -6.238
     3.842    -0.962    -7.158
     3.073    -0.989    -8.224
     2.374    -1.007    -9.146
     1.881    -0.953    -9.884
     1.734    -0.777   -10.249
     1.875    -0.501   -10.318
     2.103    -0.190   -10.322
     2.188     0.093   -10.489
     1.991     0.322   -10.886
     1.552     0.507   -11.384
     1.063     0.675   -11.734
     0.770     0.845   -11.751
     0.861     1.022   -11.404
     1.275     1.178   -11.015
     1.887     1.311   -10.758
     2.500     1.426   -10.692
     2.979     1.524   -10.637
     3.302     1.600   -10.286
     3.513     1.634    -9.441
     3.645     1.607    -8.131
     3.668     1.518    -6.596
     3.509     1.385    -5.102
     3.129     1.244    -3.753
     2.519     1.102    -2.556
     1.806     0.980    -1.399
     1.140     0.895    -0.223
     0.648     0.878     1.004
     0.381     0.959     2.316
     0.301     1.146     3.703
     0.321     1.390     5.033
     0.366     1.601     6.070
     0.431     1.688     6.630
     0.576     1.621     6.683
     0.847     1.417     6.419
     1.215     1.174     5.982
     1.541     0.983     5.411
     1.661     0.900     4.664
     1.506     0.931     3.791
     1.180     1.035     2.995
     0.897     1.154     2.509
     0.829     1.238     2.400
     0.979     1.269     2.508
     1.153     1.276     2.557
     1.132     1.295     2.580
     0.758     1.372     2.609
     0.061     1.514     2.750
    -0.788     1.688     2.963
    -1.596     1.845     3.072
    -2.253     1.937     2.941
    -2.770     1.942     2.623
    -3.226     1.862     2.328
    -3.699     1.713     2.234
    -4.218     1.513     2.308
    -4.661     1.270     2.668
    -4.926     0.993     3.156
    -4.911     0.688     3.678
    -4.599     0.354     4.112
    -4.082    -0.012     4.346
    -3.528    -0.408     4.344
    -3.108    -0.827     4.170
    -2.896    -1.252     3.955
    -2.823    -1.653     3.810
    -2.740    -2.000     3.684
    -2.405    -2.263     3.784
    -1.788    -2.434     3.987
    -1.007    -2.524     4.228
    -0.305    -2.556     4.372
     0.099    -2.548     4.280
     0.138    -2.500     3.907
    -0.077    -2.400     3.365
    -0.348    -2.241     2.838
    -0.527    -2.031     2.465
    -0.614    -1.801     2.148
    -0.581    -1.573     2.010
    -0.486    -1.372     1.908
    -0.282    -1.202     1.916
     0.120    -1.053     2.151
     0.760    -0.909     2.648
     1.574    -0.759     3.303
     2.407    -0.593     3.962
     3.099    -0.414     4.542
     3.567    -0.240     5.044
     3.788    -0.119     5.383
     3.901    -0.078     5.660
     3.950    -0.142     5.666
     3.977    -0.289     5.333
     3.996    -0.461     4.710
     4.013    -0.607     3.898
     4.042    -0.707     2.974
     4.109    -0.779     1.984
     4.227    -0.855     0.993
     4.385    -0.944     0.099
     4.513    -1.033    -0.676
     4.599    -1.064    -1.180
     4.540    -1.018    -1.523
     4.272    -0.901    -1.805
     3.749    -0.751    -2.123
     2.967    -0.618    -2.501
     1.977    -0.536    -2.875
     0.893    -0.513    -3.143
    -0.132    -0.523    -3.248
    -0.960    -0.523    -3.207
    -1.536    -0.488    -3.140
    -1.855    -0.391    -3.076
    -2.042    -0.274    -3.034
    -2.220    -0.182    -2.937
    -2.464    -0.141    -2.733
    -2.774    -0.141    -2.489
    -3.087    -0.144    -2.360
    -3.319    -0.113    -2.428
    -3.402    -0.039    -2.579
    -3.302     0.048    -2.552
    -3.038     0.099    -2.130
    -2.645     0.106    -1.375
    -2.208     0.061    -0.562
    -1.805    -0.010    -0.002
    -1.494    -0.066     0.199
    -1.298    -0.074     0.147
    -1.206    -0.021    -0.027
    -1.183     0.085    -0.295
    -1.181     0.220    -0.678
    -1.144     0.355    -1.134
    -1.015     0.464    -1.483
    -0.779     0.560    -1.726
    -0.470     0.638    -1.857
    -0.188     0.701    -2.045
    -0.055     0.750    -2.404
    -0.154     0.786    -2.850
    -0.486     0.819    -3.152
    -0.979     0.873    -3.146
    -1.536     0.970    -2.880
    -2.090     1.122    -2.557
    -2.593     1.311    -2.293
    -3.058     1.514    -2.277
    -3.444     1.668    -2.333
    -3.699     1.727    -2.355
    -3.770     1.675    -2.333
    -3.627     1.535    -2.316
    -3.273     1.367    -2.314
    -2.747     1.243    -2.294
    -2.114     1.208    -2.296
    -1.448     1.260    -2.470
    -0.790     1.351    -2.875
    -0.217     1.428    -3.676
     0.286     1.441    -4.547
     0.715     1.380    -5.162
     1.036     1.263    -5.275
     1.185     1.121    -4.850
     1.102     0.976    -4.030
     0.776     0.833    -3.060
     0.261     0.684    -2.180
    -0.357     0.520    -1.572
    -0.977     0.343    -1.212
    -1.619     0.170    -1.190
    -2.242     0.028    -1.165
    -2.805    -0.063    -0.894
    -3.218    -0.106    -0.287
    -3.369    -0.131     0.557
    -3.173    -0.181     1.453
    -2.633    -0.295     2.256
    -1.855    -0.486     2.911
    -1.029    -0.740     3.354
    -0.319    -1.014     3.516
     0.116    -1.273     3.062
     0.343    -1.489     2.166
     0.529    -1.658     1.268
     0.864    -1.800     0.895
     1.436    -1.942     1.247
     2.164    -2.101     1.986
     2.856    -2.267     2.467
     3.332    -2.409     2.288
     3.541    -2.488     1.639
     3.600    -2.475     1.209
     3.611    -2.399     1.393
     3.698    -2.290     2.223
     3.857    -2.189     3.154
     4.002    -2.107     3.584
     4.031    -2.018     3.309
     3.877    -1.873     2.609
     3.532    -1.623     1.969
     3.054    -1.246     1.679
     2.564    -0.753     1.658
     2.228    -0.169     1.637
     2.126     0.433     1.350
     2.290     1.016     0.877
     2.594     1.540     0.440
     2.817     1.973     0.211
     2.744     2.279     0.166
     2.272     2.423     0.138
     1.455     2.376    -0.018
     0.475     2.143    -0.270
    -0.445     1.770    -0.424
    -1.131     1.342    -0.334
    -1.547     0.897    -0.063
    -1.744     0.475     0.114
    -1.837     0.072    -0.045
    -1.911    -0.320    -0.526
    -1.965    -0.678    -1.069
    -1.915    -0.953    -1.404
    -1.666    -1.103    -1.472
    -1.182    -1.125    -1.424
    -0.521    -1.056    -1.428
     0.208    -0.930    -1.498
     0.903    -0.803    -1.387
     1.517    -0.663    -1.046
     2.044    -0.500    -0.617
     2.496    -0.308    -0.367
     2.887    -0.094    -0.430
     3.239     0.129    -0.657
     3.583     0.346    -0.756
     3.933     0.537    -0.561
     4.260     0.691    -0.157
     4.480     0.822     0.176
     4.535     0.926     0.440
     4.395     1.045     0.610
     4.101     1.190     0.792
     3.714     1.334     0.995
     3.268     1.419     1.125
     2.769     1.399     1.132
     2.236     1.272     1.127
     1.736     1.082     1.298
     1.355     0.889     1.731
     1.110     0.741     2.231
     0.958     0.621     2.701
     0.733     0.526     2.853
     0.309     0.449     2.685
    -0.316     0.405     2.391
    -1.014     0.421     2.195
    -1.612     0.516     2.218
    -2.010     0.680     2.441
    -2.244     0.874     2.749
    -2.455     1.046     3.033
    -2.816     1.160     3.159
    -3.372     1.195     3.322
    -4.134     1.176     3.450
    -5.025     1.130     3.480
    -5.943     1.064     3.276
    -6.791     0.970     2.760
    -7.487     0.842     2.015
    -7.970     0.687     1.275
    -8.200     0.531     0.745
    -8.163     0.390     0.434
    -7.896     0.259     0.087
    -7.383     0.112    -0.301
    -6.683    -0.067    -0.812
    -5.837    -0.273    -1.285
    -4.904    -0.483    -1.624
    -3.957    -0.679    -1.938
    -3.069    -0.854    -2.408
    -2.284    -0.991    -3.025
    -1.603    -1.055    -3.491
    -1.003    -1.005    -3.455
    -0.478    -0.835    -2.940
     0.023    -0.581    -2.197
     0.480    -0.315    -1.787
     0.906    -0.093    -1.874
     1.320     0.076    -2.184
     1.713     0.215    -2.283
     2.027     0.345    -1.997
     2.175     0.457    -1.533
     2.113     0.521    -1.225
     1.905     0.513    -1.197
     1.696     0.421    -1.315
     1.694     0.285    -1.227
     1.949     0.122    -0.878
     2.368    -0.047    -0.386
     2.744    -0.210     0.087
     2.875    -0.353     0.488
     2.661    -0.466     0.850
     2.138    -0.548     1.205
     1.436    -0.613     1.532
     0.719    -0.681     1.795
     0.115    -0.776     1.995
    -0.262    -0.872     2.180
    -0.414    -0.970     2.305
    -0.416    -1.068     2.296
    -0.391    -1.166     2.121
    -0.453    -1.263     1.815
    -0.631    -1.337     1.464
    -0.850    -1.360     1.103
    -0.996    -1.305     0.655
    -1.011    -1.175    -0.006
    -0.965    -1.025    -0.927
    -0.979    -0.882    -2.099
    -1.154    -0.805    -3.350
    -1.426    -0.811    -4.459
    -1.585    -0.892    -5.220
    -1.398    -1.031    -5.531
    -0.780    -1.212    -5.449
     0.133    -1.419    -5.148
     1.060    -1.629    -4.834
     1.748    -1.814    -4.626
     2.119    -1.970    -4.458
     2.292    -2.049    -4.302
     2.463    -2.057    -3.999
     2.778    -1.985    -3.488
     3.253    -1.830    -2.774
     3.818    -1.598    -1.934
     4.399    -1.307    -1.086
     4.969    -0.980    -0.347
     5.527    -0.636     0.229
     6.040    -0.282     0.688
     6.418     0.067     1.227
     6.532     0.440     1.755
     6.321     0.820     2.233
     5.827     1.205     2.536
     5.181     1.594     2.659
     4.525     1.973     2.762
     3.931     2.309     3.011
     3.375     2.558     3.368
     2.769     2.685     3.569
     2.031     2.680     3.362
     1.143     2.551     2.829
     0.135     2.361     2.111
    -0.878     2.139     1.606
    -1.775     1.918     1.424
    -2.463     1.717     1.409
    -2.926     1.531     1.334
    -3.233     1.340     1.123
    -3.514     1.117     0.915
    -3.892     0.848     0.886
    -4.404     0.543     1.063
    -4.954     0.233     1.373
    -5.414    -0.028     1.477
    -5.624    -0.221     1.342
    -5.537    -0.353     0.976
    -5.218    -0.465     0.465
    -4.790    -0.604    -0.063
    -4.357    -0.794    -0.460
    -3.963    -1.028    -0.603
    -3.605    -1.268    -0.462
    -3.290    -1.469    -0.117
    -3.034    -1.598     0.346
    -2.904    -1.642     0.657
    -2.858    -1.610     0.834
    -2.798    -1.516     0.940
    -2.593    -1.373     1.072
    -2.172    -1.195     1.279
    -1.581    -1.000     1.515
    -0.966    -0.808     1.671
    -0.492    -0.639     1.648
    -0.250    -0.496     1.417
    -0.203    -0.372     1.047
    -0.288    -0.271     0.475
    -0.366    -0.183    -0.221
    -0.352    -0.097    -0.964
    -0.213     0.007    -1.601
     0.032     0.147    -1.988
     0.323     0.322    -2.147
     0.585     0.504    -2.279
     0.767     0.655    -2.629
     0.869     0.745    -3.285
     0.961     0.788    -4.084
     1.065     0.792    -4.813
     1.199     0.796    -5.272
     1.292     0.814    -5.501
     1.252     0.838    -5.660
     1.055     0.854    -5.811
     0.784     0.859    -5.817
     0.589     0.858    -5.483
     0.573     0.851    -4.804
     0.722     0.825    -4.016
     0.933     0.781    -3.436
     1.046     0.687    -3.176
     1.040     0.581    -3.070
     0.990     0.496    -2.825
     1.017     0.454    -2.257
     1.196     0.446    -1.400
     1.500     0.445    -0.441
     1.823     0.421     0.469
     2.051     0.365     1.289
     2.137     0.293     2.030
     2.135     0.252     2.652
     2.129     0.231     3.161
     2.228     0.253     3.488
     2.455     0.304     3.659
     2.739     0.363     3.773
     2.944     0.421     3.958
     2.938     0.482     4.303
     2.662     0.563     4.825
     2.168     0.674     5.457
     1.599     0.817     6.065
     1.133     1.002     6.472
     0.885     1.182     6.733
     0.871     1.369     6.882
     0.982     1.546     7.037
     1.052     1.679     7.217
     0.960     1.723     7.300
     0.720     1.654     7.118
     0.481     1.493     6.626
     0.430     1.313     5.948
     0.666     1.192     5.293
     1.123     1.190     4.742
     1.637     1.249     4.417
     2.063     1.328     4.167
     2.384     1.375     3.897
     2.691     1.370     3.566
     3.072     1.325     3.181
     3.496     1.250     2.712
     3.810     1.135     2.046
     3.854     0.955     1.075
     3.595     0.697    -0.175
     3.161     0.387    -1.554
     2.775     0.038    -2.620
     2.546    -0.297    -3.205
     2.405    -0.600    -3.305
     2.138    -0.887    -3.174
     1.530    -1.188    -3.154
     0.510    -1.517    -3.430
    -0.808    -1.845    -3.894
    -2.200    -2.114    -4.251
    -3.448    -2.275    -4.262
    -4.440    -2.318    -4.002
    -5.121    -2.298    -3.569
    -5.535    -2.262    -3.232
    -5.737    -2.244    -2.998
    -5.796    -2.247    -2.709
    -5.800    -2.270    -2.247
    -5.835    -2.316    -1.680
    -5.943    -2.393    -1.191
    -6.090    -2.493    -0.896
    -6.178    -2.579    -0.773
    -6.130    -2.612    -0.787
    -5.885    -2.579    -0.828
    -5.514    -2.492    -1.024
    -5.111    -2.378    -1.435
    -4.746    -2.247    -1.963
    -4.438    -2.088    -2.383
    -4.188    -1.886    -2.563
    -4.016    -1.654    -2.635
    -3.956    -1.424    -2.892
    -4.006    -1.234    -3.476
    -4.114    -1.111    -4.239
    -4.109    -1.045    -4.752
    -3.896    -1.038    -4.809
    -3.451    -1.087    -4.532
    -2.839    -1.180    -4.268
    -2.159    -1.280    -4.251
    -1.467    -1.336    -4.404
    -0.759    -1.298    -4.442
    -0.018    -1.151    -4.154
     0.741    -0.924    -3.571
     1.443    -0.676    -2.885
     2.057    -0.419    -2.241
     2.531    -0.173    -1.665
     2.862     0.079    -1.054
     3.052     0.353    -0.309
     3.086     0.640     0.563
     2.950     0.916     1.449
     2.664     1.157     2.199
     2.298     1.352     2.687
     1.948     1.514     2.863
     1.670     1.646     2.800
     1.507     1.802     2.647
     1.413     1.976     2.664
     1.353     2.161     2.963
     1.308     2.337     3.423
     1.270     2.479     3.756
     1.211     2.577     3.725
     1.081     2.643     3.276
     0.842     2.703     2.532
     0.514     2.781     1.681
     0.173     2.852     0.913
    -0.055     2.929     0.238
    -0.131     2.959    -0.283
    -0.107     2.923    -0.673
    -0.100     2.826    -0.976
    -0.207     2.682    -1.218
    -0.437     2.501    -1.396
    -0.707     2.298    -1.493
    -0.913     2.086    -1.530
    -1.001     1.881    -1.594
    -0.982     1.673    -1.695
    -0.883     1.507    -1.857
    -0.697     1.354    -1.807
    -0.374     1.200    -1.358
     0.133     1.030    -0.571
     0.806     0.825     0.244
     1.561     0.565     0.757
     2.300     0.243     0.916
     2.978    -0.130     0.997
     3.625    -0.521     1.336
     4.306    -0.917     2.074
     5.026    -1.252     2.847
     5.734    -1.537     3.409
     6.336    -1.777     3.660
     6.767    -1.977     3.741
     7.032    -2.141     3.850
     7.187    -2.277     4.053
     7.280    -2.389     4.271
     7.299    -2.473     4.370
     7.177    -2.514     4.269
     6.843    -2.523     4.040
     6.232    -2.478     3.635
     5.379    -2.432     3.191
     4.355    -2.414     2.761
     3.238    -2.428     2.333
     2.096    -2.448     1.792
     0.995    -2.438     1.002
     0.014    -2.374    -0.019
    -0.759    -2.248    -1.020
    -1.263    -2.061    -1.678
    -1.489    -1.834    -1.848
    -1.568    -1.563    -1.858
    -1.626    -1.287    -1.977
    -1.787    -1.039    -2.318
    -2.097    -0.844    -2.722
    -2.512    -0.700    -2.983
    -2.930    -0.579    -3.075
    -3.244    -0.437    -3.140
    -3.383    -0.240    -3.301
    -3.337     0.018    -3.489
    -3.129     0.315    -3.475
    -2.873     0.618    -3.226
    -2.616     0.886    -2.814
    -2.386     1.096    -2.452
    -2.155     1.246    -2.256
    -1.871     1.351    -2.181
    -1.505     1.432    -2.124
    -1.092     1.502    -2.047
    -0.721     1.558    -1.991
    -0.482     1.588    -1.958
    -0.395     1.602    -1.817
    -0.462     1.604    -1.479
    -0.581     1.627    -0.947
    -0.665     1.692    -0.368
    -0.660     1.798     0.131
    -0.545     1.921     0.561
    -0.336     2.022     1.000
    -0.080     2.064     1.452
     0.151     2.030     1.815
     0.284     1.939     2.009
     0.288     1.847     2.098
     0.136     1.764     2.275
    -0.110     1.714     2.651
    -0.403     1.662     3.155
    -0.718     1.554     3.546
    -1.053     1.358     3.618
    -1.395     1.083     3.408
    -1.706     0.779     3.182
    -1.938     0.496     3.203
    -2.073     0.255     3.507
    -2.144     0.071     3.892
    -2.259    -0.120     4.210
    -2.485    -0.307     4.316
    -2.845    -0.498     4.214
    -3.290    -0.695     3.968
    -3.723    -0.900     3.651
    -4.043    -1.106     3.333
    -4.189    -1.292     3.064
    -4.155    -1.437     2.823
    -3.974    -1.533     2.491
    -3.685    -1.562     1.863
    -3.321    -1.590     1.001
    -2.887    -1.601     0.049
    -2.400    -1.598    -0.651
    -1.922    -1.583    -0.869
    -1.557    -1.570    -0.702
    -1.408    -1.571    -0.552
    -1.516    -1.593    -0.830
    -1.813    -1.625    -1.644
    -2.133    -1.644    -2.708
    -2.291    -1.601    -3.633
    -2.156    -1.538    -4.008
    -1.729    -1.429    -3.927
    -1.141    -1.284    -3.620
    -0.590    -1.119    -3.342
    -0.255    -0.954    -3.266
    -0.205    -0.801    -3.460
    -0.372    -0.654    -3.852
    -0.579    -0.495    -4.230
    -0.636    -0.305    -4.311
    -0.448    -0.056    -3.959
    -0.034     0.181    -3.115
     0.436     0.405    -2.205
     0.772     0.596    -1.629
     0.861     0.750    -1.523
     0.736     0.876    -1.673
     0.553     0.981    -1.746
     0.494     1.062    -1.578
     0.661     1.108    -1.272
     1.013     1.116    -1.024
     1.388     1.120    -0.959
     1.670     1.107    -0.842
     1.784     1.120    -0.627
     1.794     1.164    -0.356
     1.822     1.219    -0.155
     1.956     1.263    -0.086
     2.189     1.284    -0.075
     2.429     1.289    -0.011
     2.566     1.287     0.104
     2.548     1.277     0.163
     2.380     1.258     0.045
     2.181     1.190    -0.069
     2.016     1.081    -0.079
     1.931     0.943     0.094
     1.924     0.800     0.358
     1.958     0.673     0.530
     1.982     0.568     0.504
     1.960     0.482     0.304
     1.888     0.401     0.032
     1.804     0.317    -0.209
     1.744     0.231    -0.394
     1.796     0.151    -0.432
     1.939     0.096    -0.350
     2.126     0.083    -0.149
     2.284     0.107     0.155
     2.358     0.143     0.500
     2.326     0.152     0.784
     2.201     0.103     0.921
     2.015    -0.005     0.891
     1.802    -0.145     0.735
     1.574    -0.285     0.503
     1.400    -0.371     0.255
     1.273    -0.406    -0.012
     1.185    -0.418    -0.271
     1.123    -0.452    -0.479
     1.095    -0.549    -0.625
     1.146    -0.713    -0.741
     1.341    -0.912    -0.863
     1.702    -1.095    -0.975
     2.161    -1.227    -1.000
     2.557    -1.324    -0.885
     2.778    -1.357    -0.765
     2.752    -1.353    -0.821
     2.547    -1.303    -1.169
     2.303    -1.199    -1.684
     2.122    -1.057    -2.056
     2.013    -0.919    -2.029
     1.899    -0.831    -1.635
     1.703    -0.814    -1.216
     1.405    -0.852    -1.132
     1.042    -0.937    -1.421
     0.706    -0.974    -1.858
     0.428    -0.977    -2.014
     0.221    -0.942    -1.736
     0.081    -0.868    -1.208
     0.011    -0.753    -0.733
     0.007    -0.602    -0.450
     0.035    -0.434    -0.233
     0.029    -0.279     0.122
    -0.090    -0.163     0.673
    -0.379    -0.136     1.307
    -0.832    -0.118     1.669
    -1.390    -0.121     1.723
    -1.951    -0.113     1.622
    -2.405    -0.069     1.637
    -2.679     0.021     1.951
    -2.765     0.144     2.528
    -2.728     0.279     3.179
    -2.678     0.403     3.718
    -2.711     0.506     4.084
    -2.856     0.541     4.391
    -3.082     0.581     4.561
    -3.289     0.584     4.681
    -3.387     0.556     4.742
    -3.337     0.522     4.742
    -3.169     0.514     4.725
    -2.961     0.551     4.739
    -2.798     0.625     4.782
    -2.725     0.703     4.775
    -2.732     0.753     4.615
    -2.737     0.732     4.329
    -2.690     0.735     3.859
    -2.518     0.755     3.449
    -2.213     0.803     3.229
    -1.819     0.859     3.206
    -1.401     0.895     3.283
    -1.028     0.891     3.336
    -0.758     0.855     3.286
    -0.638     0.803     3.070
    -0.695     0.747     2.612
    -0.887     0.651     1.938
    -1.175     0.566     1.027
    -1.403     0.462     0.216
    -1.440     0.359    -0.214
    -1.242     0.281    -0.181
    -0.891     0.247     0.107
    -0.561     0.251     0.278
    -0.426     0.262     0.056
    -0.564     0.239    -0.562
    -0.912     0.153    -1.333
    -1.294    -0.013    -1.919
    -1.607    -0.189    -2.253
    -1.745    -0.345    -2.269
    -1.714    -0.452    -2.092
    -1.582    -0.508    -1.907
    -1.426    -0.538    -1.853
    -1.314    -0.567    -1.970
    -1.297    -0.604    -2.178
    -1.401    -0.640    -2.353
    -1.628    -0.661    -2.459
    -1.908    -0.675    -2.545
    -2.226    -0.697    -2.787
    -2.478    -0.759    -3.167
    -2.605    -0.868    -3.583
    -2.577    -1.002    -3.915
    -2.377    -1.116    -4.102
    -2.002    -1.167    -4.137
    -1.465    -1.138    -4.028
    -0.815    -1.047    -3.799
    -0.136    -0.939    -3.518
     0.502    -0.840    -3.306
     0.991    -0.784    -3.286
     1.346    -0.733    -3.429
     1.607    -0.657    -3.609
     1.832    -0.544    -3.706
     2.070    -0.413    -3.727
     2.356    -0.295    -3.754
     2.710    -0.210    -3.812
     3.143    -0.151    -3.817
     3.643    -0.094    -3.658
     4.177     0.014    -3.380
     4.641     0.113    -3.144
     4.980     0.212    -3.163
     5.162     0.283    -3.420
     5.202     0.314    -3.684
     5.149     0.308    -3.739
     5.059     0.281    -3.562
     4.964     0.248    -3.337
     4.876     0.211    -3.232
     4.786     0.170    -3.252
     4.694     0.169    -3.304
     4.585     0.132    -3.151
     4.472     0.122    -2.757
     4.351     0.156    -2.135
     4.207     0.235    -1.368
     4.008     0.345    -0.581
     3.718     0.463     0.082
     3.314     0.576     0.500
     2.803     0.687     0.652
     2.226     0.805     0.649
     1.639     0.995     0.624
     1.109     1.144     0.872
     0.661     1.297     1.374
     0.282     1.436     2.045
    -0.075     1.539     2.712
    -0.472     1.581     3.193
    -0.951     1.545     3.366
    -1.509     1.434     3.228
    -2.101     1.278     2.947
    -2.655     1.124     2.834
    -3.123     1.078     3.081
    -3.430     1.028     3.884
    -3.588     1.012     4.922
    -3.622     0.985     5.809
    -3.579     0.909     6.264
    -3.513     0.769     6.256
    -3.472     0.583     5.948
    -3.468     0.385     5.537
    -3.465     0.209     5.149
    -3.386     0.077     4.821
    -3.188     0.055     4.477
    -2.817     0.001     4.274
    -2.377    -0.043     4.085
    -1.988    -0.097     3.849
    -1.730    -0.176     3.529
    -1.577    -0.285     3.168
    -1.410    -0.428     2.839
    -1.105    -0.609     2.571
    -0.632    -0.825     2.295
    -0.084    -1.057     1.917
     0.353    -1.211     1.393
     0.634    -1.362     1.059
     0.737    -1.417     1.029
     0.759    -1.371     1.325
     0.794    -1.249     1.736
     0.855    -1.085     1.969
     0.861    -0.909     1.844
     0.703    -0.732     1.405
     0.336    -0.557     0.846
    -0.179    -0.383     0.361
    -0.720    -0.167    -0.020
    -1.065    -0.014    -0.164
    -1.163     0.118    -0.211
    -1.063     0.223    -0.251
    -0.907     0.295    -0.374
    -0.846     0.324    -0.635
    -0.943     0.310    -1.006
    -1.127     0.265    -1.373
    -1.235     0.216    -1.628
    -1.112     0.189    -1.717
    -0.740     0.230    -1.703
    -0.151     0.270    -1.545
     0.446     0.328    -1.356
     0.880     0.388    -1.208
     1.067     0.440    -1.200
     1.039     0.477    -1.431
     0.912     0.489    -1.908
     0.808     0.468    -2.508
     0.797     0.410    -3.029
     0.864     0.313    -3.337
     0.916     0.192    -3.492
     0.923     0.034    -3.573
     0.836    -0.128    -3.644
     0.684    -0.274    -3.651
     0.520    -0.387    -3.538
     0.380    -0.465    -3.333
     0.270    -0.506    -3.135
     0.178    -0.511    -3.000
     0.088    -0.483    -2.879
    -0.003    -0.433    -2.641
    -0.116    -0.397    -2.232
    -0.241    -0.386    -1.779
    -0.394    -0.423    -1.476
    -0.558    -0.493    -1.396
    -0.695    -0.560    -1.399
    -0.772    -0.590    -1.216
    -0.784    -0.581    -0.688
    -0.752    -0.553     0.080
    -0.694    -0.530     0.819
    -0.603    -0.520     1.297
    -0.458    -0.549     1.503
    -0.267    -0.543     1.514
    -0.077    -0.543     1.517
     0.040    -0.562     1.576
     0.044    -0.608     1.674
    -0.039    -0.673     1.783
    -0.133    -0.738     1.877
    -0.177    -0.792     1.909
    -0.168    -0.838     1.835
    -0.159    -0.891     1.622
    -0.181    -1.018     1.333
    -0.240    -1.103     0.950
    -0.230    -1.171     0.668
    -0.056    -1.181     0.581
     0.301    -1.111     0.658
     0.757    -0.971     0.772
     1.177    -0.789     0.797
     1.465    -0.596     0.666
     1.612    -0.399     0.384
     1.665    -0.181     0.040
     1.684     0.010    -0.204
     1.584     0.319    -0.474
     1.332     0.654    -0.770
     0.920     0.979    -1.171
     0.446     1.267    -1.645
     0.082     1.512    -2.064
    -0.039     1.725    -2.299
     0.080     1.915    -2.297
     0.292     2.076    -2.129
     0.400     2.192    -1.915
     0.319     2.174    -1.678
     0.000     2.187    -1.601
    -0.397     2.168    -1.553
    -0.732     2.139    -1.479
    -0.931     2.121    -1.349
    -1.014     2.128    -1.134
    -1.052     2.162    -0.810
    -1.120     2.209    -0.401
    -1.254     2.238     0.039
    -1.451     2.209     0.483
    -1.671     2.100     0.956
    -1.858     1.914     1.505
    -1.949     1.680     2.140
    -1.893     1.437     2.766
    -1.676     1.202     3.213
    -1.333     0.973     3.377
    -0.943     0.739     3.292
    -0.595     0.498     3.076
    -0.357     0.270     2.819
     0.000     0.085     2.543
     0.000     0.000     0.000
     0.000     0.000     0.000
