********************************************************************************
                       INSTITUTO DE INGENIERIA, UNAM
                   Coordinacion de Instrumentacion Sismica
  Ciudad Universitaria, Apartado Postal 70-472, Coyoacan 04510, Mexico, D.F.
 Tel.(52-5)622-3414    Fax.(52-5)616-1514    e-mail: isismica@pumas.iingen.unam.mx
********************************************************************************
ARCHIVO ESTANDAR DE ACELERACION:
VERSION DEL FORMATO                    : 2.0
NOMBRE DEL ARCHIVO                     : SXPU7811.292
FECHA Y HORA DE CREACION               : Thu Mar 12 11:56:37 1998
REF. CATALOGO ACELEROGRAMAS, SMIS 1995 : REGISTRO No. 188 /PAG. 47


================================================================================
DATOS DE LA ESTACION:
NOMBRE DE LA ESTACION                  : SISMEX PUEBLA
CLAVE DE LA ESTACION                   : SXPU
LOCALIZACION DE LA ESTACION            : Estacionamiento en las oficinas de
                                       : CFE. Puebla, Puebla.
                                       : 
                                       :
                                       :
COORDENADAS DE LA ESTACION             : 19.039943 LAT. N
                                       : 98.215087 LONG. W
ALTITUD (msnm)                         : 2200
TIPO DE SUELO                          : TRAVERTINO
                                       : 
                                       : 
INSTITUCION RESPONSABLE                : INSTITUTO DE INGENIERIA UNAM
                                       :

================================================================================
DATOS DEL ACELEROGRAFO:
MODELO DEL ACELEROGRAFO                : DCA-333
NUMERO DE SERIE DEL ACELEROGRAFO       : SMEX
NUMERO DE CANALES                      : 3
ORIENTACION C1-C6 (rumbo;orientacion)  : /N00E/+V/N90W
ORIENTACION C7-C12 (rumbo;orientacion) :
VEL. DE MUESTREO, C1-C6 (muestras/s)   : /--/--/--
VEL. DE MUESTREO, C7-C12 (muestras/s)  :
ESC. COMPLETA DE SENSORES, C1-C6, (g)  : /1/1/1
ESC. COMPLETA DE SENSORES, C7-C12, (g) :
FREC. NAT. DE SENSORES, C1-C6, (Hz)    : /--/--/--
FREC. NAT. DE SENSORES, C7-C12, (Hz)   :
AMORTIGUAMIENTO DE SENSORES, C1-C6     : /--/--/--
AMORTIGUAMIENTO DE SENSORES, C7-C12    :
INTERVALO DE MUESTREO, C1-C6, (s)      : /0.04/0.00/0.04
INTERVALO DE MUESTREO, C7-C12, (s)     :
UMBRAL DE DISPARO, C1-C6, (Gal)        : /--/--/--
UMBRAL DE DISPARO, C7-C12, (Gal)       :
MEMORIA DE PREEVENTO (s)               : 4
TIEMPO DE POSEVENTO (s)                : 15


================================================================================
DATOS DEL SISMO:
FECHA DEL SISMO [GMT]                  : 1978/11/29
HORA EPICENTRO (GMT)                   : 20:04:45,5
MAGNITUD(ES)                           : /Mb=5.30
COORDENADAS DEL EPICENTRO              : 15.740 LAT. N 
                                       : 96.830 LONG. W 
PROFUNDIDAD FOCAL (km)                 : 33
FUENTES DE LOS DATOS EPICENTRALES      : SSN
                                       : INSTITUTO DE GEOFISICA, UNAM

================================================================================
DATOS DE ESTE REGISTRO:
HORA DE LA PRIMERA MUESTRA (GMT)       : --:--:--.-
EXACTITUD DEL TIEMPO (s)               : --     
DURACION DEL REGISTRO (s), C1-C6       : /31.76/0.00/31.76
DURACION DEL REGISTRO (s), C7-C12      :
NUM. TOTAL DE MUESTRAS, C1-C6          : /794/0000/794  
NUM. TOTAL DE MUESTRAS, C7-C12         :
ACEL. MAX.(Gal), C1-C6                 : /2.309/0.000/-2.046     
ACEL. MAX., C1-C6, EN LA MUESTRA       : /547/0000/417  
ACEL. MAX.(Gal), C7-C12                :
ACEL. MAX., C7-C12, EN LA MUESTRA      :
UNIDADES DE LOS DATOS                  : Gal (cm/s/s)
FACTOR DE DECIMACION                   : 1
FORMATO DATOS (FORTRAN,10 campos/dato) : 3F10.3


===============================================================================
CALIDAD DEL ACELEROGRAMA:



===============================================================================
COMENTARIOS:

            Equipo con tres sensores internos uniaxiales, marca DONNER.
            Señales enviadas por telemetría y almacenadas en cinta magnética
            analógica digitizada a 12 bits.
            El equipo no registró el canal 2









===============================================================================
DATOS DE ACELERACION:
---------+---------+---------+---------+---------+---------+---------+---------+
   CANAL-1   CANAL-2   CANAL-3   CANAL-4   CANAL-5   CANAL-6   CANAL-7   CANAL-8
      N00E        +V      N90W
---------+---------+---------+---------+---------+---------+---------+---------+
     0.203     0.000     0.058
     0.128     0.000     0.043
     0.053     0.000    -0.004
    -0.028     0.000    -0.082
    -0.075     0.000    -0.141
    -0.081     0.000    -0.137
    -0.072     0.000    -0.093
    -0.022     0.000     0.023
     0.019     0.000     0.135
     0.053     0.000     0.226
     0.062     0.000     0.245
     0.022     0.000     0.205
    -0.016     0.000     0.127
    -0.084     0.000     0.006
    -0.112     0.000    -0.103
    -0.127     0.000    -0.196
    -0.127     0.000    -0.270
    -0.108     0.000    -0.294
    -0.114     0.000    -0.306
    -0.105     0.000    -0.246
    -0.076     0.000    -0.121
    -0.035     0.000     0.045
     0.021     0.000     0.231
     0.021     0.000     0.297
     0.012     0.000     0.245
    -0.006     0.000     0.059
    -0.022     0.000    -0.165
     0.019     0.000    -0.320
     0.029     0.000    -0.407
     0.057     0.000    -0.350
     0.046     0.000    -0.217
     0.025     0.000    -0.050
     0.035     0.000     0.101
     0.038     0.000     0.143
     0.073     0.000     0.113
     0.085     0.000    -0.005
     0.079     0.000    -0.144
     0.067     0.000    -0.231
     0.011     0.000    -0.261
    -0.032     0.000    -0.203
    -0.089     0.000    -0.116
    -0.151     0.000    -0.027
    -0.194     0.000     0.049
    -0.238     0.000     0.066
    -0.219     0.000     0.102
    -0.175     0.000     0.125
    -0.096     0.000     0.173
    -0.002     0.000     0.227
     0.070     0.000     0.272
     0.164     0.000     0.345
     0.221     0.000     0.387
     0.277     0.000     0.403
     0.312     0.000     0.376
     0.309     0.000     0.277
     0.297     0.000     0.172
     0.253     0.000     0.054
     0.228     0.000     0.009
     0.238     0.000     0.038
     0.266     0.000     0.111
     0.323     0.000     0.234
     0.334     0.000     0.293
     0.309     0.000     0.279
     0.218     0.000     0.198
     0.075     0.000     0.068
    -0.035     0.000    -0.038
    -0.153     0.000    -0.140
    -0.203     0.000    -0.177
    -0.206     0.000    -0.186
    -0.190     0.000    -0.182
    -0.165     0.000    -0.178
    -0.213     0.000    -0.227
    -0.288     0.000    -0.295
    -0.404     0.000    -0.382
    -0.513     0.000    -0.432
    -0.560     0.000    -0.419
    -0.560     0.000    -0.391
    -0.488     0.000    -0.350
    -0.413     0.000    -0.365
    -0.354     0.000    -0.437
    -0.304     0.000    -0.521
    -0.324     0.000    -0.615
    -0.358     0.000    -0.637
    -0.415     0.000    -0.602
    -0.443     0.000    -0.499
    -0.381     0.000    -0.340
    -0.234     0.000    -0.156
     0.034     0.000     0.044
     0.315     0.000     0.188
     0.562     0.000     0.284
     0.727     0.000     0.353
     0.792     0.000     0.422
     0.795     0.000     0.537
     0.747     0.000     0.683
     0.709     0.000     0.833
     0.678     0.000     0.939
     0.615     0.000     0.938
     0.521     0.000     0.853
     0.348     0.000     0.671
     0.132     0.000     0.474
    -0.090     0.000     0.286
    -0.295     0.000     0.094
    -0.420     0.000    -0.060
    -0.474     0.000    -0.207
    -0.402     0.000    -0.283
    -0.250     0.000    -0.281
    -0.054     0.000    -0.219
     0.118     0.000    -0.117
     0.186     0.000    -0.067
     0.182     0.000    -0.065
     0.101     0.000    -0.122
     0.014     0.000    -0.181
    -0.034     0.000    -0.198
    -0.053     0.000    -0.180
    -0.029     0.000    -0.090
    -0.001     0.000     0.028
     0.026     0.000     0.161
     0.044     0.000     0.317
     0.012     0.000     0.422
    -0.035     0.000     0.496
    -0.126     0.000     0.470
    -0.223     0.000     0.351
    -0.299     0.000     0.179
    -0.359     0.000    -0.031
    -0.350     0.000    -0.195
    -0.345     0.000    -0.339
    -0.314     0.000    -0.406
    -0.290     0.000    -0.435
    -0.253     0.000    -0.439
    -0.191     0.000    -0.424
    -0.136     0.000    -0.447
    -0.073     0.000    -0.521
    -0.037     0.000    -0.625
    -0.009     0.000    -0.738
     0.053     0.000    -0.792
     0.130     0.000    -0.802
     0.258     0.000    -0.731
     0.394     0.000    -0.634
     0.497     0.000    -0.529
     0.552     0.000    -0.389
     0.517     0.000    -0.243
     0.448     0.000    -0.033
     0.344     0.000     0.226
     0.241     0.000     0.504
     0.159     0.000     0.778
     0.061     0.000     0.975
    -0.011     0.000     1.112
    -0.109     0.000     1.158
    -0.200     0.000     1.155
    -0.285     0.000     1.123
    -0.398     0.000     1.057
    -0.505     0.000     0.950
    -0.643     0.000     0.765
    -0.781     0.000     0.515
    -0.894     0.000     0.215
    -0.982     0.000    -0.113
    -0.979     0.000    -0.378
    -0.907     0.000    -0.569
    -0.727     0.000    -0.644
    -0.455     0.000    -0.616
    -0.143     0.000    -0.528
     0.206     0.000    -0.386
     0.506     0.000    -0.264
     0.790     0.000    -0.151
     1.049     0.000    -0.067
     1.284     0.000    -0.010
     1.465     0.000     0.034
     1.502     0.000     0.003
     1.414     0.000    -0.072
     1.182     0.000    -0.190
     0.901     0.000    -0.299
     0.682     0.000    -0.331
     0.529     0.000    -0.334
     0.479     0.000    -0.296
     0.451     0.000    -0.308
     0.370     0.000    -0.373
     0.226     0.000    -0.476
    -0.052     0.000    -0.634
    -0.359     0.000    -0.762
    -0.662     0.000    -0.836
    -0.865     0.000    -0.802
    -0.899     0.000    -0.611
    -0.795     0.000    -0.301
    -0.564     0.000     0.122
    -0.351     0.000     0.507
    -0.220     0.000     0.823
    -0.210     0.000     1.030
    -0.329     0.000     1.124
    -0.454     0.000     1.181
    -0.544     0.000     1.181
    -0.547     0.000     1.141
    -0.449     0.000     1.016
    -0.327     0.000     0.729
    -0.170     0.000     0.364
    -0.064     0.000    -0.070
    -0.010     0.000    -0.435
    -0.038     0.000    -0.672
    -0.184     0.000    -0.775
    -0.365     0.000    -0.734
    -0.596     0.000    -0.715
    -0.786     0.000    -0.792
    -0.919     0.000    -0.993
    -0.969     0.000    -1.302
    -0.915     0.000    -1.543
    -0.818     0.000    -1.668
    -0.642     0.000    -1.549
    -0.407     0.000    -1.180
    -0.125     0.000    -0.617
     0.222     0.000     0.101
     0.541     0.000     0.792
     0.823     0.000     1.355
     1.031     0.000     1.701
     1.172     0.000     1.791
     1.320     0.000     1.744
     1.439     0.000     1.594
     1.571     0.000     1.481
     1.634     0.000     1.412
     1.588     0.000     1.365
     1.423     0.000     1.308
     1.099     0.000     1.117
     0.721     0.000     0.814
     0.313     0.000     0.420
    -0.030     0.000     0.001
    -0.263     0.000    -0.300
    -0.403     0.000    -0.485
    -0.443     0.000    -0.517
    -0.486     0.000    -0.514
    -0.582     0.000    -0.571
    -0.741     0.000    -0.740
    -0.978     0.000    -1.051
    -1.168     0.000    -1.357
    -1.263     0.000    -1.591
    -1.200     0.000    -1.642
    -0.953     0.000    -1.465
    -0.612     0.000    -1.119
    -0.217     0.000    -0.627
     0.090     0.000    -0.168
     0.275     0.000     0.178
     0.319     0.000     0.377
     0.270     0.000     0.419
     0.227     0.000     0.422
     0.206     0.000     0.424
     0.250     0.000     0.526
     0.350     0.000     0.735
     0.432     0.000     0.980
     0.483     0.000     1.217
     0.436     0.000     1.303
     0.312     0.000     1.221
     0.134     0.000     0.963
    -0.049     0.000     0.603
    -0.149     0.000     0.286
    -0.190     0.000     0.045
    -0.145     0.000    -0.056
    -0.064     0.000    -0.079
     0.005     0.000    -0.089
     0.037     0.000    -0.122
    -0.034     0.000    -0.241
    -0.156     0.000    -0.367
    -0.312     0.000    -0.468
    -0.411     0.000    -0.522
    -0.380     0.000    -0.480
    -0.230     0.000    -0.427
     0.023     0.000    -0.362
     0.257     0.000    -0.369
     0.383     0.000    -0.473
     0.342     0.000    -0.636
     0.124     0.000    -0.839
    -0.158     0.000    -0.971
    -0.398     0.000    -1.012
    -0.516     0.000    -0.938
    -0.482     0.000    -0.791
    -0.361     0.000    -0.640
    -0.208     0.000    -0.468
    -0.158     0.000    -0.337
    -0.215     0.000    -0.212
    -0.346     0.000    -0.077
    -0.468     0.000     0.085
    -0.477     0.000     0.304
    -0.377     0.000     0.545
    -0.171     0.000     0.764
     0.076     0.000     0.911
     0.286     0.000     0.944
     0.458     0.000     0.904
     0.548     0.000     0.773
     0.573     0.000     0.612
     0.548     0.000     0.419
     0.491     0.000     0.198
     0.469     0.000    -0.030
     0.466     0.000    -0.288
     0.503     0.000    -0.503
     0.518     0.000    -0.683
     0.494     0.000    -0.810
     0.434     0.000    -0.859
     0.340     0.000    -0.882
     0.308     0.000    -0.837
     0.308     0.000    -0.732
     0.348     0.000    -0.556
     0.354     0.000    -0.295
     0.235     0.000     0.000
    -0.010     0.000     0.299
    -0.366     0.000     0.509
    -0.734     0.000     0.627
    -1.026     0.000     0.682
    -1.186     0.000     0.696
    -1.146     0.000     0.764
    -0.993     0.000     0.860
    -0.775     0.000     0.977
    -0.567     0.000     1.076
    -0.423     0.000     1.084
    -0.312     0.000     1.055
    -0.278     0.000     0.944
    -0.268     0.000     0.806
    -0.287     0.000     0.614
    -0.294     0.000     0.395
    -0.204     0.000     0.212
     0.017     0.000     0.064
     0.403     0.000    -0.015
     0.856     0.000    -0.076
     1.245     0.000    -0.183
     1.467     0.000    -0.340
     1.450     0.000    -0.570
     1.304     0.000    -0.757
     1.125     0.000    -0.874
     1.009     0.000    -0.870
     0.989     0.000    -0.743
     0.944     0.000    -0.613
     0.859     0.000    -0.509
     0.643     0.000    -0.523
     0.339     0.000    -0.637
     0.016     0.000    -0.782
    -0.301     0.000    -0.909
    -0.521     0.000    -0.904
    -0.697     0.000    -0.806
    -0.820     0.000    -0.624
    -0.905     0.000    -0.415
    -0.990     0.000    -0.248
    -1.013     0.000    -0.085
    -1.011     0.000     0.050
    -0.959     0.000     0.225
    -0.856     0.000     0.466
    -0.742     0.000     0.761
    -0.593     0.000     1.159
    -0.469     0.000     1.515
    -0.361     0.000     1.761
    -0.293     0.000     1.785
    -0.297     0.000     1.524
    -0.282     0.000     1.070
    -0.292     0.000     0.472
    -0.259     0.000    -0.072
    -0.200     0.000    -0.467
    -0.110     0.000    -0.658
     0.035     0.000    -0.637
     0.169     0.000    -0.543
     0.284     0.000    -0.430
     0.324     0.000    -0.380
     0.267     0.000    -0.395
     0.207     0.000    -0.382
     0.178     0.000    -0.322
     0.283     0.000    -0.159
     0.501     0.000     0.050
     0.747     0.000     0.210
     0.937     0.000     0.293
     0.924     0.000     0.173
     0.727     0.000    -0.041
     0.373     0.000    -0.334
    -0.031     0.000    -0.598
    -0.378     0.000    -0.762
    -0.613     0.000    -0.851
    -0.670     0.000    -0.837
    -0.646     0.000    -0.757
    -0.587     0.000    -0.643
    -0.541     0.000    -0.466
    -0.557     0.000    -0.269
    -0.557     0.000    -0.019
    -0.505     0.000     0.249
    -0.339     0.000     0.511
    -0.056     0.000     0.780
     0.225     0.000     0.989
     0.465     0.000     1.167
     0.552     0.000     1.248
     0.483     0.000     1.244
     0.336     0.000     1.182
     0.183     0.000     1.065
     0.167     0.000     0.972
     0.276     0.000     0.840
     0.495     0.000     0.675
     0.735     0.000     0.461
     0.885     0.000     0.169
     0.897     0.000    -0.126
     0.721     0.000    -0.415
     0.434     0.000    -0.670
     0.112     0.000    -0.869
    -0.153     0.000    -1.015
    -0.228     0.000    -1.073
    -0.110     0.000    -1.088
     0.178     0.000    -1.037
     0.540     0.000    -0.908
     0.812     0.000    -0.688
     0.946     0.000    -0.309
     0.858     0.000     0.154
     0.608     0.000     0.683
     0.250     0.000     1.141
    -0.147     0.000     1.401
    -0.506     0.000     1.409
    -0.822     0.000     1.119
    -1.050     0.000     0.655
    -1.228     0.000     0.115
    -1.356     0.000    -0.352
    -1.431     0.000    -0.654
    -1.484     0.000    -0.818
    -1.468     0.000    -0.848
    -1.382     0.000    -0.854
    -1.220     0.000    -0.889
    -0.957     0.000    -1.018
    -0.635     0.000    -1.284
    -0.241     0.000    -1.598
     0.150     0.000    -1.902
     0.513     0.000    -2.046
     0.813     0.000    -1.959
     1.010     0.000    -1.632
     1.120     0.000    -1.104
     1.078     0.000    -0.520
     0.919     0.000     0.047
     0.672     0.000     0.457
     0.407     0.000     0.696
     0.211     0.000     0.816
     0.083     0.000     0.864
     0.033     0.000     0.947
    -0.001     0.000     1.020
    -0.088     0.000     0.971
    -0.250     0.000     0.704
    -0.485     0.000     0.159
    -0.713     0.000    -0.487
    -0.862     0.000    -1.018
    -0.877     0.000    -1.245
    -0.714     0.000    -1.051
    -0.451     0.000    -0.550
    -0.116     0.000     0.129
     0.181     0.000     0.764
     0.422     0.000     1.221
     0.604     0.000     1.475
     0.734     0.000     1.553
     0.895     0.000     1.566
     1.070     0.000     1.513
     1.246     0.000     1.389
     1.337     0.000     1.221
     1.263     0.000     1.031
     1.032     0.000     0.891
     0.677     0.000     0.751
     0.328     0.000     0.580
     0.091     0.000     0.371
    -0.010     0.000     0.119
     0.047     0.000    -0.071
     0.126     0.000    -0.208
     0.142     0.000    -0.261
     0.031     0.000    -0.264
    -0.228     0.000    -0.251
    -0.514     0.000    -0.197
    -0.770     0.000    -0.169
    -0.891     0.000    -0.119
    -0.881     0.000    -0.100
    -0.791     0.000    -0.144
    -0.681     0.000    -0.234
    -0.652     0.000    -0.313
    -0.682     0.000    -0.216
    -0.778     0.000     0.115
    -0.886     0.000     0.568
    -0.926     0.000     0.933
    -0.906     0.000     0.939
    -0.784     0.000     0.526
    -0.589     0.000    -0.196
    -0.347     0.000    -0.978
    -0.049     0.000    -1.536
     0.227     0.000    -1.731
     0.516     0.000    -1.464
     0.745     0.000    -0.894
     0.883     0.000    -0.214
     0.919     0.000     0.366
     0.817     0.000     0.667
     0.686     0.000     0.725
     0.541     0.000     0.614
     0.473     0.000     0.517
     0.530     0.000     0.491
     0.665     0.000     0.506
     0.876     0.000     0.537
     1.030     0.000     0.461
     1.087     0.000     0.248
     0.998     0.000    -0.084
     0.721     0.000    -0.523
     0.375     0.000    -0.914
     0.001     0.000    -1.224
    -0.305     0.000    -1.312
    -0.491     0.000    -1.191
    -0.618     0.000    -0.910
    -0.677     0.000    -0.520
    -0.788     0.000    -0.165
    -0.931     0.000     0.138
    -1.105     0.000     0.359
    -1.301     0.000     0.511
    -1.425     0.000     0.648
    -1.490     0.000     0.731
    -1.421     0.000     0.831
    -1.214     0.000     0.926
    -0.885     0.000     0.984
    -0.431     0.000     1.007
     0.033     0.000     0.887
     0.515     0.000     0.623
     0.956     0.000     0.205
     1.301     0.000    -0.325
     1.568     0.000    -0.836
     1.650     0.000    -1.294
     1.593     0.000    -1.574
     1.369     0.000    -1.693
     1.020     0.000    -1.643
     0.620     0.000    -1.459
     0.212     0.000    -1.231
    -0.106     0.000    -0.954
    -0.337     0.000    -0.682
    -0.477     0.000    -0.423
    -0.514     0.000    -0.182
    -0.510     0.000     0.008
    -0.429     0.000     0.195
    -0.319     0.000     0.346
    -0.203     0.000     0.463
    -0.100     0.000     0.545
    -0.084     0.000     0.511
    -0.108     0.000     0.399
    -0.211     0.000     0.172
    -0.335     0.000    -0.111
    -0.451     0.000    -0.385
    -0.556     0.000    -0.585
    -0.600     0.000    -0.630
    -0.635     0.000    -0.490
    -0.644     0.000    -0.139
    -0.659     0.000     0.382
    -0.725     0.000     0.918
    -0.819     0.000     1.373
    -0.956     0.000     1.625
    -1.050     0.000     1.680
    -1.028     0.000     1.601
    -0.840     0.000     1.465
    -0.447     0.000     1.370
     0.091     0.000     1.288
     0.728     0.000     1.213
     1.359     0.000     1.066
     1.862     0.000     0.801
     2.209     0.000     0.435
     2.309     0.000    -0.040
     2.227     0.000    -0.512
     2.021     0.000    -0.906
     1.786     0.000    -1.162
     1.576     0.000    -1.256
     1.341     0.000    -1.220
     1.075     0.000    -1.109
     0.684     0.000    -1.016
     0.181     0.000    -0.986
    -0.367     0.000    -1.013
    -0.886     0.000    -1.052
    -1.243     0.000    -1.019
    -1.402     0.000    -0.870
    -1.375     0.000    -0.587
    -1.213     0.000    -0.224
    -1.020     0.000     0.133
    -0.814     0.000     0.465
    -0.659     0.000     0.688
    -0.547     0.000     0.805
    -0.476     0.000     0.815
    -0.448     0.000     0.763
    -0.405     0.000     0.692
    -0.362     0.000     0.624
    -0.266     0.000     0.628
    -0.142     0.000     0.667
    -0.040     0.000     0.724
     0.019     0.000     0.750
    -0.020     0.000     0.689
    -0.117     0.000     0.571
    -0.246     0.000     0.431
    -0.360     0.000     0.294
    -0.398     0.000     0.208
    -0.374     0.000     0.099
    -0.278     0.000    -0.010
    -0.145     0.000    -0.158
    -0.005     0.000    -0.347
     0.110     0.000    -0.552
     0.137     0.000    -0.801
     0.123     0.000    -1.015
     0.085     0.000    -1.186
     0.075     0.000    -1.257
     0.114     0.000    -1.199
     0.157     0.000    -1.054
     0.219     0.000    -0.818
     0.236     0.000    -0.549
     0.235     0.000    -0.256
     0.219     0.000     0.014
     0.205     0.000     0.223
     0.251     0.000     0.369
     0.323     0.000     0.436
     0.419     0.000     0.442
     0.512     0.000     0.415
     0.508     0.000     0.349
     0.432     0.000     0.326
     0.248     0.000     0.317
     0.051     0.000     0.373
    -0.084     0.000     0.448
    -0.113     0.000     0.526
     0.015     0.000     0.585
     0.198     0.000     0.538
     0.388     0.000     0.407
     0.482     0.000     0.185
     0.425     0.000    -0.106
     0.268     0.000    -0.346
     0.019     0.000    -0.515
    -0.197     0.000    -0.527
    -0.323     0.000    -0.395
    -0.364     0.000    -0.172
    -0.298     0.000     0.082
    -0.221     0.000     0.252
    -0.108     0.000     0.365
     0.001     0.000     0.400
     0.091     0.000     0.398
     0.175     0.000     0.408
     0.157     0.000     0.366
     0.098     0.000     0.295
    -0.024     0.000     0.156
    -0.155     0.000    -0.021
    -0.227     0.000    -0.194
    -0.287     0.000    -0.358
    -0.290     0.000    -0.428
    -0.302     0.000    -0.414
    -0.343     0.000    -0.297
    -0.427     0.000    -0.096
    -0.595     0.000     0.092
    -0.779     0.000     0.225
    -0.975     0.000     0.255
    -1.122     0.000     0.204
    -1.159     0.000     0.125
    -1.105     0.000     0.008
    -0.924     0.000    -0.053
    -0.670     0.000    -0.104
    -0.360     0.000    -0.115
    -0.038     0.000    -0.144
     0.235     0.000    -0.207
     0.499     0.000    -0.305
     0.677     0.000    -0.459
     0.806     0.000    -0.611
     0.895     0.000    -0.721
     0.933     0.000    -0.763
     0.977     0.000    -0.687
     1.003     0.000    -0.541
     1.044     0.000    -0.320
     1.083     0.000    -0.109
     1.066     0.000     0.026
     0.999     0.000     0.046
     0.806     0.000    -0.106
     0.557     0.000    -0.351
     0.292     0.000    -0.606
     0.077     0.000    -0.774
     0.000     0.000    -0.719
    -0.002     0.000    -0.480
     0.087     0.000    -0.057
     0.172     0.000     0.426
     0.188     0.000     0.860
     0.120     0.000     1.160
    -0.078     0.000     1.264
    -0.346     0.000     1.212
    -0.664     0.000     1.013
    -0.963     0.000     0.729
    -1.162     0.000     0.449
    -1.257     0.000     0.162
    -1.209     0.000    -0.059
    -1.039     0.000    -0.243
    -0.788     0.000    -0.390
    -0.474     0.000    -0.458
    -0.179     0.000    -0.480
     0.106     0.000    -0.377
     0.310     0.000    -0.180
     0.440     0.000     0.099
     0.497     0.000     0.411
     0.498     0.000     0.683
     0.486     0.000     0.861
     0.416     0.000     0.874
     0.337     0.000     0.749
     0.251     0.000     0.533
     0.183     0.000     0.274
     0.184     0.000     0.073
     0.222     0.000    -0.062
     0.301     0.000    -0.134
     0.361     0.000    -0.163
     0.350     0.000    -0.201
     0.282     0.000    -0.235
     0.123     0.000    -0.292
    -0.054     0.000    -0.325
    -0.238     0.000    -0.297
    -0.387     0.000    -0.236
    -0.455     0.000    -0.133
    -0.464     0.000    -0.065
    -0.364     0.000    -0.007
    -0.219     0.000     0.023
    -0.047     0.000     0.038
     0.097     0.000     0.050
     0.148     0.000     0.002
     0.149     0.000    -0.068
     0.093     0.000    -0.163
     0.034     0.000    -0.270
    -0.013     0.000    -0.361
    -0.050     0.000    -0.447
    -0.075     0.000    -0.482
    -0.119     0.000    -0.480
    -0.165     0.000    -0.406
    -0.190     0.000    -0.238
    -0.199     0.000    -0.036
    -0.132     0.000     0.221
    -0.033     0.000     0.455
     0.111     0.000     0.641
     0.251     0.000     0.725
     0.354     0.000     0.686
     0.413     0.000     0.570
     0.347     0.000     0.363
     0.206     0.000     0.134
     0.000     0.000    -0.064
    -0.229     0.000    -0.205
    -0.403     0.000    -0.275
    -0.529     0.000    -0.291
    -0.561     0.000    -0.279
    -0.524     0.000    -0.283
    -0.431     0.000    -0.312
    -0.288     0.000    -0.331
    -0.157     0.000    -0.410
    -0.017     0.000    -0.492
     0.101     0.000    -0.589
     0.203     0.000    -0.655
     0.302     0.000    -0.662
     0.333     0.000    -0.612
     0.335     0.000    -0.462
     0.246     0.000    -0.281
     0.117     0.000    -0.069
    -0.021     0.000     0.144
    -0.141     0.000     0.340
    -0.157     0.000     0.540
    -0.099     0.000     0.693
     0.022     0.000     0.812
     0.166     0.000     0.864
     0.268     0.000     0.839
     0.364     0.000     0.801
     0.425     0.000     0.761
     0.462     0.000     0.748
     0.476     0.000     0.749
     0.428     0.000     0.686
     0.368     0.000     0.586
     0.223     0.000     0.383
     0.062     0.000     0.134
    -0.123     0.000    -0.140
    -0.293     0.000    -0.392
    -0.413     0.000    -0.576
    -0.508     0.000    -0.729
    -0.512     0.000    -0.801
    -0.450     0.000    -0.828
    -0.330     0.000    -0.815
    -0.156     0.000    -0.765
    -0.019     0.000    -0.746
     0.055     0.000    -0.742
     0.046     0.000    -0.729
    -0.021     0.000    -0.691
    -0.091     0.000    -0.550
    -0.182     0.000    -0.368
    -0.236     0.000    -0.127
    -0.275     0.000     0.083
    -0.297     0.000     0.252
    -0.267     0.000     0.393
    -0.271     0.000     0.453
    -0.257     0.000     0.491
    -0.282     0.000     0.482
    -0.311     0.000     0.451
    -0.293     0.000     0.445
    -0.215     0.000     0.461
    -0.007     0.000     0.546
     0.271     0.000     0.630
     0.567     0.000     0.659
     0.829     0.000     0.590
     0.953     0.000     0.375
     0.968     0.000     0.085
     0.845     0.000    -0.234
     0.673     0.000    -0.509
     0.520     0.000    -0.659
     0.369     0.000    -0.699
     0.275     0.000    -0.609
     0.169     0.000    -0.493
     0.047     0.000    -0.402
    -0.103     0.000    -0.352
    -0.288     0.000    -0.352
    -0.432     0.000    -0.339
    -0.566     0.000    -0.311
    -0.629     0.000    -0.214
    -0.645     0.000    -0.064
    -0.645     0.000     0.108
     0.000     0.000     0.000
     0.000     0.000     0.000
