********************************************************************************
                       INSTITUTO DE INGENIERIA, UNAM
                   Coordinacion de Instrumentacion Sismica
  Ciudad Universitaria, Apartado Postal 70-472, Coyoacan 04510, Mexico, D.F.
 Tel.(52-5)622-3414    Fax.(52-5)616-1514    e-mail: isismica@pumas.iingen.unam.mx
********************************************************************************
ARCHIVO ESTANDAR DE ACELERACION:
VERSION DEL FORMATO                    : 2.0
NOMBRE DEL ARCHIVO                     : TACY8510.301
FECHA Y HORA DE CREACION               : Thu Mar 12 14:14:42 1998
REF. CATALOGO ACELEROGRAMAS, SMIS 1995 : REGISTRO No. 650 /PAG. 86


================================================================================
DATOS DE LA ESTACION:
NOMBRE DE LA ESTACION                  : TACUBAYA
CLAVE DE LA ESTACION                   : TACY
LOCALIZACION DE LA ESTACION            : OBSERVATORIO DE TACUBAYA, CALLE VICTORIANO CEPEDA
                                       : ENTRE GRAL. MANUEL M. PLATA Y EX ARZOBISPADO,
                                       : COL. OBSERVATORIO, MEXICO D.F. 
                                       : 
                                       : 
COORDENADAS DE LA ESTACION             : 19.404505 LAT. N
                                       : 99.195246 LONG. W
ALTITUD (msnm)                         : 2240
TIPO DE SUELO                          : SUELO DURO
                                       : 
                                       : 
INSTITUCION RESPONSABLE                : INSTITUTO DE INGENIERIA UNAM 
                                       : 

================================================================================
DATOS DEL ACELEROGRAFO:
MODELO DEL ACELEROGRAFO                : DCA-333
NUMERO DE SERIE DEL ACELEROGRAFO       : 168
NUMERO DE CANALES                      : 3
ORIENTACION C1-C6 (rumbo;orientacion)  : /V/S79W/S11E
ORIENTACION C7-C12 (rumbo;orientacion) :
VEL. DE MUESTREO, C1-C6 (muestras/s)   : /100/100/100
VEL. DE MUESTREO, C7-C12 (muestras/s)  :
ESC. COMPLETA DE SENSORES, C1-C6, (g)  : /1/1/1
ESC. COMPLETA DE SENSORES, C7-C12 (g)  :
FREC. NAT. DE SENSORES, C1-C6, (Hz)    : /30.0/30.0/30.0
FREC. NAT. DE SENSORES, C7-C12 (Hz)    :
AMORTIGUAMIENTO DE SENSORES, C1-C6     : /0.7/0.7/0.7
AMORTIGUAMIENTO DE SENSORES, C7-C12    :
INTERVALO DE MUESTREO, C1-C6 (s)       : /0.01/0.01/0.01
INTERVALO DE MUESTREO, C7-C12 (s)      :
UMBRAL DE DISPARO, C1-C6 (Gal)         : /2/2/2
UMBRAL DE DISPARO, C7-C12 (Gal)        :
MEMORIA DE PREEVENTO (s)               : 4
TIEMPO DE POSEVENTO (s)                : 15


================================================================================
DATOS DEL SISMO:
FECHA DEL SISMO [GMT]                  : 1985/10/30
HORA EPICENTRO (GMT)                   : 05:58:18  
MAGNITUD(ES)                           : /M=2.7     
COORDENADAS DEL EPICENTRO              : 19.712 LAT. N 
                                       : 99.087 LONG. W
PROFUNDIDAD FOCAL (km)                 : 5  
FUENTES DE LOS DATOS EPICENTRALES      : 
                                       : INSTITUTO DE INGENIERIA, UNAM

================================================================================
DATOS DE ESTE REGISTRO:
HORA DE LA PRIMERA MUESTRA (GMT)       : 05:58:24    
EXACTITUD DEL TIEMPO (s)               : 
DURACION DEL REGISTRO (s), C1-C6       : /10.58/10.58/10.6
DURACION DEL REGISTRO (s), C7-C12      :
NUM. TOTAL DE MUESTRAS, C1-C6          : /1058/1058/1058
NUM. TOTAL DE MUESTRAS, C7-C12         :
ACEL. MAX.(Gal), C1-C6                 : /-5.070/-5.610/-4.774   
ACEL. MAX., C1-C6, EN LA MUESTRA       : /583/182/573   
ACEL. MAX.(Gal), C7-C12                :
ACEL. MAX., C7-C12, EN LA MUESTRA      :
UNIDADES DE LOS DATOS                  : Gal (cm/s/s)
FACTOR DE DECIMACION                   : 1
FORMATO DATOS (FORTRAN,10 campos/dato) : 3F10.3


===============================================================================
CALIDAD DEL ACELEROGRAMA:
REGISTRO DIGITAL COMPLETO CON TIEMPO ABSOLUTO CORRECTO


===============================================================================
COMENTARIOS:














===============================================================================
DATOS DE ACELERACION:
---------+---------+---------+---------+---------+---------+---------+---------+
   CANAL-1   CANAL-2   CANAL-3   CANAL-4   CANAL-5   CANAL-6   CANAL-7   CANAL-8
         V      S79W      S11E
---------+---------+---------+---------+---------+---------+---------+---------+
     0.216     0.009    -0.014
    -0.688     0.009    -0.038
    -0.476     0.009    -0.007
     0.354     0.009    -0.052
     0.525     0.009    -0.003
     0.105     0.009     0.279
    -0.073     0.009     0.202
    -0.048     0.008    -0.075
    -0.057     0.009    -0.036
    -0.016     0.008    -0.016
    -0.092     0.013    -0.044
    -0.327     0.014    -0.017
    -0.319     0.012    -0.039
     0.039     0.015    -0.031
     0.244     0.010    -0.028
     0.185     0.015    -0.042
     0.230     0.013    -0.026
     0.157     0.010    -0.040
    -0.074     0.018    -0.038
    -0.072     0.006    -0.029
    -0.036     0.023    -0.054
    -0.065     0.013    -0.018
    -0.056     0.013    -0.064
    -0.041     0.027    -0.020
    -0.077    -0.003     0.267
    -0.027     0.040     0.182
     0.245    -0.011    -0.091
     0.188     0.040    -0.055
    -0.117     0.326    -0.037
    -0.040     0.239    -0.064
    -0.070    -0.019    -0.041
    -0.369    -0.003    -0.062
    -0.297     0.047    -0.054
     0.017    -0.016    -0.054
     0.232     0.047    -0.068
     0.203     0.320    -0.052
    -0.144     0.248    -0.070
    -0.021    -0.030    -0.064
     0.246     0.008    -0.060
    -0.157     0.030    -0.085
     0.011     0.003    -0.047
     0.510     0.030    -0.100
     0.142     0.009    -0.048
    -0.132     0.020     0.228
    -0.040     0.019     0.151
    -0.064     0.012    -0.125
    -0.072     0.021    -0.097
    -0.028     0.014    -0.061
    -0.105     0.015    -0.117
    -0.657     0.018    -0.061
    -0.878     0.012    -0.115
     0.184     0.016    -0.083
     0.824     0.017     0.233
     0.021     0.008     0.103
    -0.367     0.022    -0.118
    -0.031     0.006     0.189
    -0.037     0.016     0.149
    -0.084     0.018    -0.186
    -0.040    -0.002    -0.081
    -0.075     0.035     0.192
    -0.052    -0.016     0.123
    -0.065     0.036    -0.179
    -0.054    -0.009    -0.103
     0.255    -0.309     0.189
     0.504    -0.204     0.109
     0.084     0.035    -0.182
    -0.396     0.037    -0.122
     0.008    -0.025     0.197
     1.218     0.039     0.079
     1.501     0.309    -0.167
    -0.175    -0.089    -0.153
    -0.964    -0.589    -0.125
     0.134    -0.177     0.176
     0.211     0.063     0.405
    -0.766    -0.018     0.034
    -0.822     0.026    -0.204
    -0.186    -0.025     0.192
    -0.026     0.031     0.379
     0.275     0.295     0.031
     1.457     0.580     0.122
     1.422     0.134     0.385
    -0.773    -0.669     0.022
    -2.130    -0.469    -0.216
    -0.777     0.100    -0.154
     1.071     0.321    -0.167
     0.945     0.521     0.156
    -0.653     0.200     0.391
    -1.837    -0.422     0.311
    -1.180    -0.505     0.352
     0.547    -0.552    -0.345
     1.086    -0.480    -1.081
     0.594     0.119    -0.243
     0.421     0.253     0.442
     0.731     0.275     0.018
     1.020     0.839     0.069
     0.247     0.394     0.392
    -1.101    -1.099    -0.031
    -1.396    -1.323    -0.550
    -0.358     0.014    -0.392
     0.679     0.924     0.152
     0.365     0.722     0.405
     0.186     0.074    -0.076
     0.801    -0.368    -0.172
     0.324    -0.266     0.729
    -0.465    -0.294     0.513
    -0.312    -0.251    -0.362
     0.006     0.345     0.148
    -0.413     0.193     0.354
    -0.939    -0.399    -0.367
     0.214     0.074    -0.429
     1.721     0.566     0.136
     1.110     0.123     0.708
    -0.426    -0.067     0.491
    -0.266     0.281    -0.383
     0.911     0.180    -0.787
     0.601    -0.396    -0.722
    -0.191    -0.609    -0.335
    -0.437    -0.179     0.118
    -0.892    -0.033     0.075
    -1.173    -0.329    -0.301
    -1.352    -0.295    -0.485
    -0.660    -0.305    -0.126
     0.720    -0.275     0.075
     0.708     0.324    -0.249
     0.352     0.832    -0.212
     0.787     0.982     0.461
     0.937     0.968     1.205
     0.298     0.934     1.019
    -0.841     0.962     0.104
    -1.155     0.619     0.024
    -0.431    -0.256     0.351
    -0.306    -0.956    -0.359
    -0.300    -0.476    -1.126
     0.622     0.398    -0.577
     1.010     0.114     0.187
     0.916    -0.379     0.050
     1.248    -0.325    -0.276
     0.155    -0.626    -0.178
    -1.746    -1.175    -0.208
    -1.560    -1.052    -0.531
    -0.354    -0.073    -0.073
     0.027     0.543     1.013
     0.220     0.149     1.427
     0.480    -0.480     0.939
     0.075    -1.224    -0.190
    -0.455    -1.686    -1.183
     0.027    -1.227    -1.553
     0.811    -0.370    -1.420
     0.974     0.661    -0.504
    -0.090     1.696     0.565
    -2.018     1.995     0.870
    -2.126     1.954     0.511
    -0.197     1.912     0.228
     1.243     0.634     0.340
     1.166    -1.560    -0.372
     0.201    -2.255    -1.414
    -0.168    -0.759    -0.810
    -0.133     1.405     0.927
    -0.049     2.767     2.433
     1.144     2.684     2.288
     1.164     1.076     0.423
    -1.422    -1.059    -1.021
    -2.616    -2.413    -1.608
    -1.354    -2.988    -1.721
     0.217    -2.799    -1.697
     1.826    -1.881    -2.000
     2.202    -1.484    -1.907
     1.246    -1.588    -1.965
     0.438    -1.241    -2.219
    -0.938    -0.393    -1.212
    -2.114     1.651     0.445
    -1.526     3.958     1.602
    -0.329     3.933     1.912
     0.260     2.384     1.830
     0.474     1.746     2.136
     0.359     1.969     2.385
    -0.257     1.548     2.635
    -0.044     0.434     3.535
     1.106    -0.566     4.240
     1.173    -2.252     3.060
    -0.166    -4.598     0.204
    -1.720    -5.610    -1.615
    -1.928    -3.963    -1.415
    -0.612    -0.271    -0.823
     0.693     2.606    -0.609
     1.262     2.441    -1.011
     0.800     0.518    -1.861
     0.263    -0.895    -1.936
     1.044    -1.194    -0.975
     1.785    -0.406     0.082
     1.266     0.652     0.408
     0.457     0.365     0.021
    -0.653    -0.485    -0.232
    -2.246    -0.312    -0.148
    -2.432     0.641    -0.187
    -0.787     1.972    -0.478
     0.382     2.574    -0.726
     0.087     1.433    -0.660
    -0.511    -0.188    -0.671
    -0.333    -1.042    -0.342
     0.534    -1.444     0.533
     0.986    -1.626    -0.056
     0.502    -1.234    -1.786
     0.348    -0.073    -2.291
     0.992     1.572    -1.863
     1.138     2.678    -0.942
     0.488     2.401     0.694
    -0.668     0.825     1.874
    -1.919    -0.991     1.521
    -2.236    -1.441     0.330
    -1.490    -0.372     0.015
    -0.396     1.333     0.700
     0.590     2.752     1.217
     1.609     2.379     1.356
     1.941     0.528     1.351
     0.875    -0.574     0.988
    -0.092    -0.285     0.139
    -0.207     0.620    -0.584
    -0.125     1.354    -0.731
    -0.157     0.815    -0.653
    -0.475    -0.955    -0.694
    -0.683    -2.399    -0.975
    -0.352    -2.655    -1.236
     0.583    -1.587    -1.162
     1.228    -0.276    -0.852
     1.098    -0.305    -0.634
     1.118    -0.605    -0.667
     1.060    -0.243    -0.364
     0.837    -0.019     0.862
     0.799    -0.062     2.746
     0.585    -0.393     4.169
     0.560    -0.597     3.750
     0.304    -0.565     1.935
    -0.294    -0.560     0.157
    -0.444     0.102    -1.290
    -1.038     0.516    -1.822
    -2.182    -0.193    -1.350
    -2.763    -0.339    -1.150
    -2.365     0.972    -1.172
    -1.085     1.905    -0.878
    -0.244     0.996    -0.623
    -0.070    -0.318    -0.379
     0.463    -0.996     0.200
     0.627    -1.409     0.995
     0.293    -1.277     1.082
     0.662    -0.703     0.435
     1.562    -0.144     0.263
     1.903    -0.066     0.309
     1.231     0.011    -0.024
     0.389     0.860    -0.238
     0.009     1.636    -0.194
    -0.236     2.396     0.129
    -0.458     3.094     0.354
    -0.721     2.315    -0.030
    -0.645     0.520    -0.236
    -0.014    -1.152    -0.207
     0.439    -2.074    -0.846
     0.663    -2.027    -1.623
     0.568    -1.786    -1.743
    -0.030    -1.451    -1.383
    -0.528    -0.608    -0.826
    -1.023     0.428    -0.013
    -1.212     0.828     1.044
    -0.815     0.646     1.704
    -0.632     0.776     1.518
    -0.310     0.621     0.920
    -0.129    -0.192     0.745
    -0.471    -0.677     1.123
    -0.052    -0.523     0.997
     0.755     0.105     0.106
     1.224     0.521    -0.641
     1.375     0.495    -0.739
     1.030     0.405    -0.074
     0.791    -0.147     0.716
     0.196    -0.672     0.823
    -0.894    -0.523     0.470
    -1.254    -0.546     0.235
    -0.817    -0.886     0.291
    -0.303    -0.736     0.283
    -0.740    -0.201    -0.045
    -1.269     0.347    -0.576
    -0.473     0.816    -0.780
     0.229     0.995    -0.365
     0.424     1.299    -0.202
     0.645     1.475    -0.516
     0.258     0.833    -0.780
    -0.243     0.016    -1.042
     0.154    -1.047    -1.248
     1.083    -2.338    -1.253
     1.054    -2.632    -0.847
     0.546    -1.887    -0.400
     0.889    -0.819    -0.447
     0.843     0.214    -0.475
     0.223     1.176    -0.151
     0.037     1.894     0.431
    -0.188     1.978     0.859
    -0.501     1.329     0.807
    -0.988     0.196     0.430
    -1.556    -0.440    -0.066
    -1.015    -0.272     0.052
     0.070     0.000     0.652
     0.455     0.282     0.843
     0.669     0.160     0.764
     0.251    -0.400     0.483
    -0.895    -0.611    -0.104
    -0.904    -0.527    -0.573
    -0.289    -0.237    -0.433
    -0.094     0.009     0.148
     0.167    -0.048     0.346
     0.077     0.274     0.272
     0.131     0.835     0.626
     0.729     1.299     0.830
     0.897     1.523     0.459
     0.534     0.772     0.261
    -0.021    -0.260    -0.053
    -0.183    -0.660    -0.883
     0.172    -0.858    -1.311
     0.404    -1.098    -1.199
     0.352    -1.705    -1.203
     0.028    -2.446    -1.215
     0.142    -2.297    -0.538
     0.722    -1.332     0.522
     0.579    -0.339     0.896
    -0.009     0.382     0.799
    -0.523     0.806     1.119
    -0.995     0.995     1.685
    -0.887     1.278     1.508
    -0.245     1.810     0.943
     0.524     2.000     0.762
     0.968     1.296     0.142
     0.518     0.200    -0.907
    -0.332    -0.456    -1.635
    -0.729    -0.620    -1.708
    -0.651    -0.532    -1.056
    -0.306    -0.578    -0.597
    -0.109    -0.862    -0.346
    -0.460    -0.787     0.154
    -1.016    -0.504     0.400
    -1.187    -0.231     0.277
    -0.490     0.313     0.029
     0.593     0.486     0.078
     0.956     0.115     0.376
     0.849    -0.110     0.327
     0.549    -0.049    -0.014
    -0.031     0.249    -0.200
    -0.159     0.505    -0.190
     0.151     0.418    -0.159
     0.439     0.460     0.150
     0.647     0.751     0.374
     0.285     0.663     0.016
    -0.579     0.076    -0.222
    -0.996    -0.449    -0.480
    -0.861    -0.581    -1.041
    -0.608    -0.591    -1.204
     0.030    -0.536    -1.158
     0.747    -0.254    -0.845
     0.929    -0.013     0.054
     0.839    -0.051     0.736
     0.546    -0.087     0.915
     0.311     0.299     0.822
     0.355     0.763     0.545
     0.041     1.017     0.285
    -0.520     1.228     0.038
    -0.352     1.173     0.124
     0.546     0.881     0.398
     0.954     0.283     0.356
     0.527    -0.477     0.349
     0.001    -0.940     0.365
    -0.528    -1.439     0.346
    -0.984    -1.604     0.699
    -1.222    -1.256     1.209
    -1.431    -1.003     1.427
    -1.403    -0.435     1.007
    -1.063     0.037     0.200
    -0.523    -0.075    -0.261
     0.288     0.258    -0.429
     0.721     0.813    -0.708
     0.246     0.631    -0.940
    -0.214     0.418    -0.862
    -0.166     0.720    -0.589
    -0.117     0.691    -0.297
     0.154     0.348    -0.105
     0.752     0.141    -0.110
     1.202    -0.466    -0.153
     1.425    -0.923    -0.108
     1.337    -0.793    -0.148
     0.729    -0.861    -0.435
    -0.074    -0.773    -0.688
    -0.494    -0.551    -0.610
    -0.699    -0.551    -0.317
    -0.964    -0.258    -0.070
    -0.862    -0.017    -0.138
    -0.286     0.260    -0.121
     0.243     0.789     0.201
     0.378     0.990     0.083
     0.380     0.915    -0.151
     0.339     0.617     0.176
     0.043     0.378     0.444
    -0.184     0.431     0.357
    -0.156     0.428     0.387
    -0.121     0.433     0.378
    -0.173     0.426     0.033
    -0.116     0.441    -0.141
     0.161     0.416    -0.161
     0.409     0.122    -0.417
     0.363    -0.130    -0.372
     0.015    -0.061     0.256
    -0.160     0.248     0.742
    -0.167     0.146     0.582
    -0.445    -0.436     0.348
    -0.696    -0.618     0.355
    -0.650    -0.568     0.385
    -0.300    -0.566     0.371
     0.200    -0.257     0.038
     0.428    -0.011    -0.154
     0.342    -0.091    -0.151
     0.364    -0.054    -0.436
     0.695    -0.089    -0.359
     0.881    -0.387    -0.090
     0.893    -0.300    -0.119
     0.503    -0.021    -0.153
    -0.636    -0.067    -0.119
    -1.279    -0.069    -0.147
    -0.826    -0.068    -0.462
    -0.247    -0.071    -0.670
    -0.457    -0.069    -0.658
    -0.962    -0.397    -0.620
    -0.252    -0.614    -0.329
     0.854    -0.575    -0.098
     1.206    -0.571     0.197
     1.422    -0.245     0.698
     1.035     0.300     0.932
    -0.156     0.474     0.825
    -1.078     0.432     0.550
    -1.196     0.751     0.304
    -0.790     0.978     0.014
    -0.613     0.598    -0.168
    -0.610     0.393    -0.187
    -0.328     0.419    -0.118
    -0.074     0.109     0.138
     0.189    -0.116     0.085
     0.725    -0.066     0.116
     0.937    -0.070     0.386
     0.507    -0.394     0.023
     0.050    -0.612    -0.207
    -0.223    -0.250     0.159
    -0.731    -0.024     0.394
    -1.247    -0.080     0.312
    -0.464    -0.058     0.045
     1.255    -0.093     0.075
     1.386    -0.043     0.087
     0.167    -0.099    -0.250
    -0.563    -0.366    -0.151
    -0.968    -0.957    -0.189
    -0.863    -1.430    -0.824
     0.074    -0.638    -0.935
     1.109     0.360    -0.652
     1.136     0.504    -0.346
    -0.128     0.391    -0.152
    -0.757     0.138    -0.505
     0.031     0.183    -0.400
     0.795     0.486     0.175
     0.921     0.750     0.371
     0.249     1.287     0.620
    -0.861     1.487     0.549
    -1.187     1.087     0.247
    -0.162     0.580     0.326
     1.177     0.043     0.288
     1.457    -0.423     0.318
     0.758    -0.634     0.292
    -0.358    -0.555    -0.019
    -1.010    -0.266     0.085
    -0.517    -0.018     0.329
    -0.347    -0.401     0.315
    -0.975    -0.943     0.276
    -0.836    -0.778     0.314
    -0.241    -0.557     0.278
    -0.072    -0.544    -0.024
     0.535    -0.604    -0.251
     1.625    -0.877    -0.545
     1.653    -1.123    -1.060
     0.723    -1.084    -0.954
     0.621    -0.081    -0.007
     0.952     1.162     0.998
     0.241     1.552     1.057
    -0.830     2.035     0.411
    -1.188     2.217     0.240
    -1.116     1.223     0.277
    -1.085     0.195    -0.045
    -0.811    -0.151    -0.268
     0.126    -0.421    -0.222
     1.419    -1.242    -0.544
     2.066    -2.009    -1.418
     0.910    -2.100    -1.799
    -1.001    -1.451    -1.102
    -1.123     0.633     0.024
     0.434     2.916     0.977
     1.376     2.635     1.376
     0.125     0.179     0.932
    -2.360    -1.750     0.082
    -3.312    -1.573    -0.303
    -1.177     0.302     0.067
     2.774     1.728     0.671
     4.519     0.723     0.444
     2.251    -1.860    -1.015
    -1.052    -2.798    -2.272
    -2.747    -0.640    -1.595
    -2.592     2.593     0.429
    -0.743     4.015     1.819
     1.717     2.341     1.797
     1.933    -0.716     0.479
    -0.236    -2.482    -1.049
    -1.341    -2.036    -1.006
    -0.108     0.135     0.271
     2.461     1.748     1.210
     3.974     0.752     0.980
     2.357    -1.885    -0.564
    -1.075    -3.415    -2.062
    -3.998    -2.066    -1.996
    -4.486     0.415    -0.425
    -2.140     1.743     1.412
     1.439     2.305     1.874
     3.637     1.833     0.819
     1.489    -0.287    -0.532
    -2.382    -2.258    -1.439
    -2.381    -2.378    -1.534
     0.459    -1.419    -0.843
     2.277    -0.971    -0.089
     1.870    -1.107     0.055
     0.317    -0.413     0.009
    -0.512     1.269     0.977
    -1.305     2.094     1.966
    -1.992     1.592     0.762
    -0.850     1.055    -1.106
    -0.274     1.191    -0.988
    -1.573     2.110     0.259
    -1.304     3.134     1.215
     0.851     2.553     1.632
     1.523    -0.468     1.478
    -0.177    -3.474     0.911
    -1.654    -3.977    -0.249
    -0.678    -2.911    -0.861
     1.635    -1.196     0.562
     2.585     0.531     2.049
     1.462     1.066     1.108
    -0.226     0.909    -0.915
    -1.353     0.925    -1.626
    -1.716     1.250    -1.506
    -1.284     1.126    -1.796
    -0.750    -0.377    -2.333
    -0.254    -1.921    -2.235
     0.904    -1.824    -0.602
     2.149    -0.598     1.407
     2.469     0.372     2.259
     1.436     0.465     1.963
    -0.550     0.087     0.790
    -1.894    -0.423     0.142
    -2.243    -0.644     0.266
    -2.081     0.089    -0.033
    -1.194     1.124    -0.601
     0.173     1.205    -1.079
     1.729     0.542    -0.948
     2.554    -0.248    -0.688
     2.055    -0.989    -1.035
     0.871    -0.796    -0.950
    -0.709     0.437    -0.359
    -1.260     1.035     0.471
    -0.479     0.633     1.809
    -0.707     0.680     3.071
    -2.150     1.318     3.338
    -2.469     1.443     1.388
    -0.453     0.793    -2.237
     1.496    -0.617    -4.774
     1.387    -2.180    -4.438
     0.759    -2.670    -1.669
    -0.086    -1.971     1.464
    -0.758    -0.167     3.164
     0.627     1.843     2.757
     2.832     2.303     0.894
     3.499     1.561    -0.483
     1.785     0.426    -0.835
    -1.934    -0.824    -1.002
    -5.070    -1.489    -1.279
    -4.896    -1.275    -1.199
    -1.476    -0.074    -0.252
     2.445     0.881     0.405
     3.942     0.345    -0.012
     2.643    -0.477    -0.589
     0.060    -0.589    -1.054
    -1.793    -0.259    -1.262
    -1.345    -0.008    -1.202
     0.453    -0.078    -0.569
     1.586    -0.052     1.156
     1.635     0.249     2.280
     0.962     0.806     2.019
     0.186     1.298     2.075
     0.063     0.843     2.657
     0.396    -0.275     2.523
     0.017    -0.968     1.610
    -1.481    -1.408     0.911
    -3.275    -1.611     0.412
    -4.452    -0.908    -0.686
    -3.757    -0.482    -2.307
    -1.160    -0.875    -3.457
     1.080    -0.449    -3.150
     2.071     0.653    -1.671
     2.446     1.686    -0.102
     2.326     2.336     1.043
     2.017     1.545     1.404
     1.490     0.182     0.647
     0.944    -0.452    -0.415
     0.825    -0.270    -0.468
     0.150     0.947     0.475
    -0.845     1.575     1.524
    -0.973     0.180     1.561
    -0.911    -1.358     0.301
    -0.600    -1.298    -0.956
    -0.064    -0.066    -1.611
    -0.502     1.235    -1.415
    -0.697     1.525    -0.206
     0.278     0.509     0.743
     0.953    -1.131     0.845
     1.146    -2.625     0.156
     1.373    -3.167    -0.593
     1.327    -2.407    -0.110
     1.014    -0.687     0.708
     0.469     1.407     1.156
    -0.348     2.752     1.355
    -1.391     3.058     0.651
    -2.387     2.950    -0.396
    -2.447     2.014    -1.126
    -1.485     0.058    -1.217
    -0.154    -1.978    -0.267
     1.111    -3.341     0.758
     1.389    -3.624     0.835
     0.707    -2.901    -0.156
    -0.074    -1.816    -1.447
    -0.543    -0.504    -1.797
    -0.367     1.053    -1.045
     0.157     2.214     0.007
     0.720     2.881     0.709
     0.526     3.001     1.161
    -0.659     2.014     1.338
    -0.962     0.393     0.992
    -0.023    -1.124     0.434
     1.087    -1.960    -0.052
     1.377    -1.779    -0.241
     0.401    -1.470    -0.200
    -0.928    -1.239    -0.192
    -1.908    -0.648    -0.202
    -1.574     0.121    -0.514
    -0.188     1.213    -0.740
     0.823     2.165    -0.385
     1.477     2.251    -0.150
     1.290     1.600    -0.210
     0.451     0.478    -0.181
    -0.380    -0.468     0.104
    -1.333    -0.899     0.677
    -1.478    -1.063     0.833
    -0.764    -1.036     0.491
    -0.015    -1.032     0.265
     0.420    -1.018     0.292
     0.349    -0.736     0.638
    -0.008    -0.461     0.506
    -0.490    -0.245    -0.352
    -0.419     0.353    -0.794
    -0.094     0.811    -1.003
    -0.503     0.690    -1.244
    -0.682     0.444    -0.872
    -0.037    -0.198    -0.022
     0.744    -0.894     0.707
     1.515    -1.102     0.841
     1.920    -1.013     0.495
     1.215    -0.079    -0.058
    -0.205     1.209    -0.549
    -1.075     1.899    -0.416
    -0.909     1.971     0.157
     0.050     1.373     0.679
     1.030     0.853     0.832
     1.133     0.671     0.509
     0.790     0.416     0.255
     0.522     0.150     0.313
     0.005    -0.384     0.313
    -0.233    -1.221     0.295
    -0.106    -2.240     0.648
    -0.214    -2.944     0.827
    -0.095    -2.434     0.194
    -0.205    -1.011    -0.595
    -0.750     0.544    -1.052
    -0.617     1.714    -1.215
    -0.390     1.735    -0.894
    -0.367     0.786    -0.299
    -0.130     0.385     0.145
     0.183     0.781     0.377
     1.007     0.994     0.307
     1.438     0.974    -0.004
     0.709     0.631    -0.209
    -0.360     0.113    -0.525
    -1.373    -0.086    -0.695
    -1.722    -0.363    -0.075
    -1.352    -0.569     0.420
    -0.778    -0.558     0.308
    -0.315    -0.521     0.326
    -0.095     0.074     0.324
     0.472     0.551    -0.006
     0.928     0.138    -0.522
     0.857    -0.407    -1.050
     0.833    -0.880    -1.205
     0.550    -1.117    -0.869
     0.290    -0.687    -0.316
     0.045     0.086     0.187
    -0.832     0.890     0.363
    -1.233     1.282     0.339
    -0.825     1.195     0.637
    -0.312     0.907     0.880
     0.543     0.311     0.506
     1.226     0.202     0.300
     1.406     0.471     0.325
     1.340     0.149    -0.298
     0.721    -0.103    -0.749
    -0.054    -0.358    -0.347
    -0.826    -0.594     0.185
    -1.557    -0.230     0.699
    -1.688    -0.332     0.870
    -1.664    -0.584     0.525
    -1.332    -0.241     0.294
    -0.481    -0.006     0.020
     0.232     0.259    -0.200
     1.039     0.494     0.151
     1.717     0.441     0.696
     1.913     0.135     0.884
     1.817    -0.420     0.529
     1.230    -0.585    -0.010
     0.120    -0.569    -0.509
    -1.188    -0.862    -1.018
    -1.768    -0.787    -1.182
    -1.674    -0.202    -0.855
    -1.331     0.309    -0.279
    -0.491     0.776     0.185
    -0.085     1.335     0.402
     0.172     1.437     0.343
     0.679     0.862     0.033
     0.577    -0.000     0.137
     0.930    -0.692     0.374
     1.407    -0.848     0.053
     0.732    -0.827    -0.202
    -0.091    -0.778    -0.138
    -0.791    -0.536    -0.155
    -0.968    -0.539    -0.461
    -0.272    -0.581    -0.688
    -0.149    -0.227    -0.641
    -0.152     0.289    -0.967
     0.473     0.793    -1.169
     0.263     0.998    -0.844
    -0.216     0.915    -0.588
     0.126     0.661    -0.024
     0.077     0.046     0.760
    -0.213    -0.376     1.211
     0.153    -0.315     1.394
     0.379    -0.315     1.051
     0.007    -0.291     0.497
    -0.195    -0.026     0.334
     0.140     0.273     0.352
     0.371     0.455     0.369
     0.026     0.471     0.358
    -0.540     0.413     0.365
    -0.685     0.147     0.675
    -0.378    -0.424     0.904
    -0.110    -0.917     0.543
     0.137    -1.080     0.012
     0.368    -0.775    -0.496
     0.031    -0.161    -0.993
    -0.547     0.250    -1.176
    -0.363     0.531    -1.143
     0.155     0.720    -0.818
     0.392     0.379    -0.286
     0.638    -0.143    -0.099
     0.552    -0.062    -0.132
     0.307     0.278    -0.144
     0.310     0.140    -0.131
     0.038    -0.059    -0.144
    -0.229    -0.080    -0.135
    -0.153    -0.352     0.177
    -0.180    -0.591     0.395
    -0.478    -0.566     0.369
    -0.708    -0.526     0.352
    -0.669    -0.579     0.054
    -0.667    -0.524    -0.189
    -0.354    -0.250    -0.131
     0.507    -0.010    -0.156
     1.215     0.283    -0.119
     1.388     0.465     0.151
     1.000     0.488     0.428
     0.501     0.738     0.328
    -0.039     0.703     0.076
    -0.825     0.406     0.111
    -0.928     0.457     0.094
    -0.324     0.466    -0.178
    -0.107     0.127    -0.476
    -0.186    -0.063    -0.650
    -0.139    -0.055    -0.689
    -0.504    -0.349    -0.599
    -0.998    -0.575    -0.380
    -0.587    -0.547    -0.067
    -0.080    -0.530     0.448
     0.146    -0.227     0.952
     0.701     0.000     1.154
     0.863    -0.026     1.080
     0.857    -0.050     0.499
     0.821    -0.331    -0.323
     0.232    -0.270    -0.725
     0.071     0.331    -0.658
     0.072     0.508    -0.342
    -0.504     0.465    -0.110
    -1.016     0.489     0.151
    -1.177     0.137     0.391
    -0.860    -0.041     0.026
    -0.594    -0.044    -0.199
    -0.355    -0.330    -0.141
     0.530    -0.245    -0.504
     0.914    -0.001    -0.342
     0.853    -0.001     0.141
     1.169    -0.049     0.106
     0.748    -0.305     0.082
    -0.023    -0.275     0.076
    -0.200     0.045     0.114
    -0.144     0.267     0.042
     0.169     0.544    -0.175
     0.380     0.462    -0.196
     0.374     0.185    -0.455
     0.335    -0.056    -0.723
     0.069    -0.326    -0.669
    -0.199    -0.224    -0.352
    -0.442    -0.304     0.162
    -0.370    -0.524     0.382
    -0.107    -0.215     0.627
    -0.444     0.040     0.871
    -0.685    -0.005     0.826
    -0.320    -0.022     0.819
    -0.106     0.026     0.521
    -0.133    -0.051     0.274
    -0.130    -0.265     0.328
    -0.136    -0.280     0.001
    -0.135    -0.239    -0.213
    -0.124    -0.252    -0.185
    -0.151     0.040    -0.492
    -0.107     0.326    -0.723
     0.151     0.193    -0.679
     0.748     0.007    -0.378
     1.189    -0.045     0.170
     0.812     0.043     0.347
     0.281     0.287     0.312
     0.076     0.244     0.317
    -0.177    -0.031    -0.010
    -0.429    -0.006    -0.216
    -0.667     0.337    -0.199
    -0.630     0.521    -0.187
    -0.302     0.217     0.122
    -0.112    -0.041     0.340
    -0.091     0.012     0.316
    -0.160     0.009     0.300
     0.225     0.001     0.307
     0.697     0.016     0.308
     0.614     0.001    -0.013
     0.666     0.012    -0.219
     0.567     0.009    -0.209
     0.082     0.004    -0.494
    -0.218     0.015    -0.428
    -0.380     0.005    -0.153
    -0.389     0.009    -0.198
    -0.377     0.022    -0.201
    -0.334     0.002    -0.207
    -0.119     0.034     0.110
    -0.068    -0.005     0.637
    -0.178     0.036     0.527
    -0.068     0.313     0.254
     0.154     0.249     0.304
     0.117    -0.017     0.283
     0.167     0.010    -0.005
     0.383     0.029    -0.249
     0.422    -0.003    -0.197
     0.343     0.026    -0.199
     0.098    -0.002    -0.207
    -0.167     0.023    -0.187
    -0.439     0.003    -0.218
    -0.634    -0.291     0.129
    -0.344    -0.530     0.318
    -0.054    -0.481     0.310
    -0.148    -0.499     0.609
    -0.105    -0.474     0.515
     0.185    -0.187     0.275
     0.095     0.064    -0.031
    -0.138     0.320    -0.545
     0.164     0.555    -0.425
     0.431     0.520    -0.196
     0.363     0.510    -0.166
     0.382     0.525    -0.250
     0.377     0.195    -0.468
     0.053    -0.010    -0.156
    -0.451     0.007     0.076
    -0.685    -0.299     0.071
    -0.914    -0.519     0.321
    -1.183    -0.500     0.318
    -0.805    -0.479     0.280
    -0.292    -0.190     0.309
    -0.097     0.052    -0.007
     0.196     0.009    -0.255
     0.381     0.011    -0.170
     0.399     0.015    -0.242
     0.339     0.004    -0.160
     0.396     0.016     0.388
     0.654     0.000     0.267
     0.300     0.012    -0.262
    -0.209     0.006    -0.215
    -0.134     0.003    -0.176
    -0.134     0.014    -0.223
    -0.140    -0.006    -0.174
    -0.128     0.019    -0.214
    -0.148    -0.008    -0.186
     0.185     0.015    -0.200
     0.380     0.306    -0.194
     0.380     0.538     0.112
     0.343     0.509     0.343
     0.070     0.496     0.302
    -0.192     0.511     0.316
    -0.436     0.186     0.299
    -0.378    -0.336     0.312
    -0.106    -0.533     0.312
    -0.138    -0.508    -0.012
     0.153    -0.488    -0.204
     0.409    -0.517    -0.215
     0.022    -0.493    -0.164
    -0.148    -0.204     0.102
    -0.177     0.029     0.046
    -0.122     0.003    -0.212
     0.147    -0.016    -0.205
     0.081     0.008    -0.160
     0.140    -0.020    -0.216
     0.363     0.005    -0.155
     0.382     0.293     0.100
     0.319     0.527     0.056
     0.074     0.492    -0.213
     0.096     0.490    -0.193
     0.097     0.487    -0.164
    -0.199     0.494    -0.200
    -0.138     0.480    -0.163
    -0.161     0.191    -0.190
    -0.142    -0.056    -0.178
     0.152    -0.004    -0.169
     0.077    -0.022    -0.196
     0.128    -0.317    -0.152
     0.368    -0.551    -0.199
     0.366    -0.519    -0.154
     0.328    -0.515     0.120
     0.065    -0.519     0.362
    -0.206    -0.210     0.643
    -0.136     0.015     0.844
    -0.162    -0.019     0.852
    -0.456     0.295     0.803
    -0.675     0.504     0.547
    -0.670     0.185     0.276
    -0.630     0.241     0.040
    -0.367     0.210    -0.213
     0.209    -0.365    -0.164
     0.370    -0.248    -0.170
     0.362     0.008    -0.476
     0.660    -0.337    -0.695
     0.568    -0.234    -0.673
     0.340    -0.014    -0.360
     0.335    -0.004    -0.131
     0.059     0.265    -0.171
    -0.185     0.208    -0.150
    -0.151    -0.056    -0.181
    -0.136    -0.035    -0.147
    -0.160    -0.018     0.130
    -0.126    -0.036     0.373
    -0.158    -0.022     0.344
    -0.132    -0.026     0.019
     0.164    -0.038    -0.174
     0.077    -0.012    -0.185
    -0.153    -0.050    -0.146
     0.143    -0.010    -0.163
     0.106     0.259    -0.478
    -0.181     0.206    -0.357
    -0.130    -0.063     0.134
    -0.139    -0.034     0.113
    -0.138    -0.028     0.079
    -0.125    -0.337     0.395
    -0.143    -0.565     0.641
    -0.120    -0.222     0.556
    -0.139    -0.011     0.341
     0.183    -0.323     0.304
     0.399    -0.265     0.379
     0.072    -0.002     0.311
     0.151    -0.025     0.059
     0.400    -0.041     0.107
     0.080    -0.022     0.065
    -0.157    -0.042    -0.482
    -0.120    -0.027    -0.702
    -0.124    -0.033    -0.649
    -0.115    -0.037    -0.667
    -0.119     0.281    -0.648
    -0.114     0.489    -0.362
    -0.114     0.174     0.187
    -0.116     0.238     0.062
    -0.108     0.494    -0.174
    -0.115     0.171     0.137
    -0.108    -0.069     0.071
    -0.106    -0.029     0.127
     0.188    -0.038     0.355
     0.439    -0.028     0.065
     0.078    -0.032     0.088
    -0.114    -0.032     0.401
    -0.121    -0.029     0.316
    -0.395    -0.033     0.066
    -0.328    -0.029     0.095
    -0.079    -0.033     0.387
    -0.083    -0.029     0.332
    -0.110    -0.034     0.051
     0.216    -0.028     0.107
     0.439    -0.032     0.071
     0.095    -0.025    -0.184
     0.208    -0.030    -0.171
     0.406    -0.029    -0.137
     0.142     0.278    -0.190
     0.163     0.495    -0.119
    -0.158     0.179    -0.201
    -0.332    -0.066    -0.121
     0.219    -0.026     0.118
     0.174    -0.031     0.077
    -0.135    -0.027     0.126
    -0.065    -0.020     0.038
    -0.083    -0.034    -0.151
    -0.095    -0.016     0.103
    -0.047    -0.032     0.398
    -0.121    -0.024     0.328
    -0.033    -0.020     0.035
     0.186    -0.037     0.133
     0.177    -0.008     0.332
     0.189    -0.045     0.079
     0.148    -0.002     0.076
    -0.083    -0.036     0.085
    -0.095    -0.315    -0.198
    -0.052    -0.249    -0.173
    -0.086    -0.001    -0.142
    -0.065    -0.010    -0.194
    -0.068    -0.028    -0.128
    -0.083    -0.019    -0.194
    -0.053    -0.017    -0.139
    -0.094    -0.034     0.125
    -0.347    -0.001     0.067
    -0.323    -0.048    -0.182
    -0.022    -0.291    -0.178
    -0.089    -0.282    -0.148
    -0.051    -0.264    -0.178
     0.213    -0.275    -0.151
     0.174     0.029    -0.170
     0.101     0.155    -0.192
     0.000     0.000     0.000
     0.000     0.000     0.000
