********************************************************************************
                       INSTITUTO DE INGENIERIA, UNAM
                   Coordinacion de Instrumentacion Sismica
  Ciudad Universitaria, Apartado Postal 70-472, Coyoacan 04510, Mexico, D.F.
 Tel.(52-5)622-3414    Fax.(52-5)616-1514    e-mail: isismica@pumas.iingen.unam.mx
**************************************************************************************
ARCHIVO ESTANDAR DE ACELERACION:
VERSION DEL FORMATO                    : 2.0
NOMBRE DEL ARCHIVO                     : TLHD9701.111
FECHA Y HORA DE CREACION               : Wed Jan 15 10:34:15 1997
REF. CATALOGO ACELEROGRAMAS, SMIS 1995 : REGISTRO NO.      /PAG.    


================================================================================
DATOS DE LA ESTACION:
NOMBRE DE LA ESTACION                  : TLAHUAC DEPORTIVO
CLAVE DE LA ESTACION                   : TLHD
LOCALIZACION DE LA ESTACION            : A cinco metros de la Av. Tlahuac,
                                       : Mexico D.F.
                                       :
                                       :
                                       :
COORDENADAS DE LA ESTACION             : 19.293 LAT. N
                                       : 99.035 LONG. W
ALTITUD (msnm)                         : 2240
TIPO DE SUELO                          : ARCILLA
                                       :
                                       :
INSTITUCION RESPONSABLE                : INSTITUTO DE INGENIERIA UNAM
                                       :

================================================================================
DATOS DEL ACELEROGRAFO: 
MODELO DEL ACELEROGRAFO                : DCA-310
NUMERO DE SERIE DEL ACELEROGRAFO       : 137; SSA-302/289
NUMERO DE CANALES                      : 3
ORIENTACION C1-C6 (rumbo;orientacion)  : /V/N90E/N00E
ORIENTACION C7-C12 (rumbo;orientacion) :
VEL. DE MUESTREO, C1-C6 (muestras/s)   : /100/100/100
VEL. DE MUESTREO, C7-C12 (muestras/s)  :
ESC. COMPLETA DE SENSORES, C1-C6, (g)  : /1/1/1
ESC. COMPLETA DE SENSORES, C7-C12 (g)  :
FREC. NAT. DE SENSORES, C1-C6, (Hz)    : /29.3/30.0/29.9
FREC. NAT. DE SENSORES, C7-C12 (Hz)    :
AMORTIGUAMIENTO DE SENSORES, C1-C6     : /0.71/0.72/0.77
AMORTIGUAMIENTO DE SENSORES, C7-C12    :
INTERVALO DE MUESTREO, C1-C6 (s)       : /0.01/0.01/0.01
INTERVALO DE MUESTREO, C7-C12 (s)      :
UMBRAL DE DISPARO, C1-C6 (Gal)         : /18/18/18
UMBRAL DE DISPARO, C7-C12 (Gal)        :
MEMORIA DE PREEVENTO (s)               : 2.56
TIEMPO DE POSEVENTO (s)                : 15


================================================================================
DATOS DEL SISMO:
FECHA DEL SISMO [GMT]                  : 1997/01/11
HORA EPICENTRO (GMT)                   : 20:28:27.2
MAGNITUD(ES)                           : /Mb=6.5/Ms=6.9
COORDENADAS DEL EPICENTRO              : 17.91 LAT. N
                                       : 103.04 LONG. W
PROFUNDIDAD FOCAL (Km)                 : 16
FUENTE DE LOS DATOS EPICENTRALES       : Instituto de Geofisica, UNAM
                                       : SSN

================================================================================
DATOS DE ESTE REGISTRO:
HORA DE LA PRIMERA MUESTRA (GMT)       : 20:30:43.3  
EXACTITUD DEL TIEMPO (s)               : 0.5   
DURACION DEL REGISTRO (s), C1-C6       : /15.01/15.01/15.01                      
DURACION DEL REGISTRO (s), C7-C12      : 
NUM. TOTAL DE MUESTRAS, C1-C6          : /1501/1501/1501                       
NUM. TOTAL DE MUESTRAS, C7-C12         : 
ACEL. MAX.(Gal), C1-C6                 : /13.78/-24.97/-23.65                  
ACEL. MAX., C1-C6, EN LA MUESTRA       : /96/585/216                           
ACEL. MAX.(Gal), C7-C12                : 
ACEL. MAX., C7-C12,EN LA MUESTRA       : 
UNIDADES DE LOS DATOS                  : Gal (cm/s/s)
FACTOR DE DECIMACION                   : 1
FORMATO DATOS (FORTRAN,10 campos/dato) : 3F10.2


================================================================================
CALIDAD DEL ACELEROGRAMA:
REGISTRO DIGITAL COMPLETO, CON TIEMPO ABSOLUTO CORRECTO.


================================================================================
COMENTARIOS:
EQUIPO CON SENSORES EXTERNOS













================================================================================
DATOS DE ACELERACION:
---------+---------+---------+---------+---------+---------+---------+---------+
   CANAL-1   CANAL-2   CANAL-3
         V      N90E      N00E
---------+---------+---------+---------+---------+---------+---------+---------+
     10.43      3.74    -12.64
     10.43      3.26    -12.64
      9.95      2.79    -13.60
      9.47      2.31    -13.60
      9.95      3.26    -13.12
     10.43      3.26    -13.12
      9.95      2.31    -13.12
      7.56      0.87    -10.73
      8.51     -0.09    -10.73
      9.47     -0.56     -9.77
      7.56     -2.00    -10.73
      6.12     -2.96     -9.77
      6.12     -2.96     -8.33
      5.64     -2.96     -8.33
      5.64     -3.44     -8.33
      3.73     -5.35     -7.38
      3.25     -5.35     -6.42
      2.77     -5.83     -5.94
      2.29     -5.35     -7.38
      1.33     -5.35     -6.42
     -0.10     -5.83     -5.94
     -1.54     -5.83     -4.98
     -1.54     -4.87     -5.94
     -2.49     -4.39     -6.90
     -3.93     -5.35     -5.94
     -5.36     -5.35     -5.46
     -5.36     -4.39     -4.03
     -5.84     -2.00     -4.98
     -6.32     -1.52     -6.42
     -8.24     -2.00     -3.07
     -8.24     -1.52     -4.03
     -8.24      0.39     -4.03
     -7.28      0.87     -3.55
     -9.19      0.39     -3.07
    -10.15      0.39     -2.59
    -10.15      0.87     -1.63
     -9.19      1.35     -2.59
     -8.71      1.35     -0.68
     -9.19      0.87     -0.68
    -10.15      0.39      0.76
     -9.67      1.35      3.15
     -9.19      2.79      1.24
     -9.19      1.83      1.24
    -11.11      1.35      4.59
    -10.63      1.83      5.54
    -10.63      2.79      5.06
     -9.19      3.74      6.02
     -9.67      2.79      6.02
    -11.59      3.74      6.98
    -11.59      3.74      6.98
     -9.67      5.66      6.98
    -10.15      6.14      6.02
    -10.15      6.14      6.98
    -11.59      5.66      6.98
    -11.59      7.09      6.98
    -10.63      8.53      6.02
     -9.19      8.53      6.02
    -10.15      8.53      5.54
    -10.15      8.53      6.98
    -10.63      9.01      6.02
     -8.71      9.01      5.54
     -7.76      9.01      4.59
     -8.24      9.01      3.15
     -8.71      9.01      5.54
     -7.76      9.01      5.06
     -6.80     10.44      4.59
     -5.36      9.96      4.59
     -6.80      9.01      5.06
     -6.32      9.96      5.54
     -5.36      9.96      6.02
     -3.93      9.96      6.50
     -3.93      9.96      6.98
     -1.54     11.40      6.98
      0.38     10.92      6.98
      0.86     10.44      6.98
     -0.10      9.96      8.41
      0.86     11.40      8.89
      2.29     11.40      8.89
      3.73     11.40      8.89
      5.16     11.40      8.89
      7.56     13.31      6.98
      8.03     12.36      6.98
      7.08     12.36      6.98
      7.56     12.83      6.98
      9.95     13.31      6.50
      9.95     12.36      6.02
      8.99     11.40      6.02
      9.95     11.40      4.59
     11.38     11.40      3.63
     10.43      9.96      4.59
     10.43      9.96      4.11
     12.82      9.96      3.63
     12.82      9.01      2.19
     11.86      8.53      2.19
     11.38      7.09      2.19
     12.82      7.57      1.24
     13.78      7.09      0.76
     12.34      5.18      1.24
     11.86      4.70      1.24
     12.34      3.74      1.24
     13.78      3.74      0.76
     12.82      1.83      0.76
     11.86      0.39      0.28
     11.38     -0.56     -0.20
     10.43     -2.00     -0.20
      9.95     -2.96      0.76
      9.47     -2.96      1.24
      8.99     -2.96      0.76
      8.99     -2.96      0.76
      7.56     -3.91      0.28
      7.08     -3.91      1.24
      7.08     -3.44      0.76
      7.08     -3.44      0.76
      7.08     -3.91     -0.68
      5.16     -3.44     -0.68
      4.21     -3.91     -0.20
      3.73     -3.44     -0.68
      4.68     -3.91     -1.63
      5.16     -2.96     -1.16
      5.16     -3.91     -3.07
      3.73     -5.35     -2.59
      3.73     -5.35     -2.59
      3.25     -6.31     -2.59
      3.73     -5.83     -5.46
      5.64     -5.83     -4.51
      4.68     -7.26     -4.51
      4.68     -9.18     -4.03
      3.73    -10.13     -4.51
      3.73    -10.13     -3.07
      4.68    -10.61     -4.51
      4.68    -10.61     -3.55
      6.12    -11.57     -3.55
      6.12    -12.53     -4.03
      5.16    -13.96     -2.59
      4.68    -14.44     -2.59
      3.73    -14.44     -2.59
      4.68    -14.44     -2.11
      5.16    -14.44     -2.11
      5.16    -14.44     -1.16
      5.16    -14.44     -2.59
      3.73    -14.92     -1.16
      3.25    -15.88     -0.68
      2.29    -15.88     -0.68
      2.29    -14.44      1.24
      3.25    -13.96      1.24
      2.77    -13.96      0.76
      1.33    -13.96     -0.68
     -0.10    -13.96      1.24
      0.38    -13.01      3.63
      0.86    -11.57      3.63
      0.86    -11.57      3.63
     -0.10    -11.57      4.11
     -1.06    -10.61      6.02
     -1.54    -10.13      6.02
     -0.58     -8.70      6.98
     -2.02     -9.66      6.98
     -2.97     -9.18      8.89
     -4.41     -8.70      8.89
     -3.93     -8.22      8.89
     -3.93     -8.22      8.89
     -4.41     -7.26     11.29
     -5.36     -8.22     11.29
     -6.80     -8.70     11.29
     -7.28     -8.22      8.89
     -7.76     -7.74     10.81
     -7.76     -5.83      8.89
     -7.28     -5.83      6.98
     -7.76     -5.35      7.46
     -8.24     -5.35      6.02
     -9.19     -4.39      5.06
     -9.19     -3.44      5.54
     -9.19     -2.96      5.06
     -9.19     -1.04      3.15
     -8.71     -0.56      1.24
     -7.28      1.35      1.24
     -7.76      1.83      0.76
     -7.76      2.31      0.28
     -7.76      2.79     -3.07
     -7.28      3.74      0.76
     -7.28      4.70     -2.59
     -5.36      6.14     -2.59
     -5.36      6.14     -5.46
     -5.36      6.14     -5.46
     -5.36      5.66     -5.46
     -5.36      6.14     -3.07
     -4.89      5.66     -4.98
     -3.45      7.09     -8.33
     -2.49      6.61     -6.90
     -2.49      6.61     -6.90
     -2.49      5.66     -6.90
     -3.45      4.70     -7.38
     -2.02      5.18     -8.33
     -1.06      5.66     -8.33
     -0.58      6.14     -9.29
     -0.58      5.18     -9.77
     -0.58      4.70     -9.77
     -0.58      5.18     -9.29
     -0.10      5.66    -10.73
      1.33      6.14    -11.21
      1.33      6.61    -13.12
      1.81      6.61    -13.12
      0.86      6.14    -12.16
      2.29      8.53    -12.64
      3.73      9.01    -14.08
      3.73      9.01    -16.95
      4.21      9.01    -14.55
      4.21     11.40    -15.99
      4.68     11.88    -16.95
      6.12     13.79    -17.43
      6.60     14.75    -19.34
      6.12     14.27    -19.34
      6.12     15.71    -18.86
      6.60     16.66    -19.82
      8.03     16.66    -21.73
      8.03     16.66    -21.73
      6.60     16.66    -21.73
      6.60     18.58    -23.65
      7.56     18.58    -22.21
      7.56     19.06    -20.78
      6.12     17.62    -21.73
      6.60     19.06    -20.78
      7.08     20.01    -20.78
      6.12     19.06    -20.78
      5.16     16.66    -19.82
      3.73     16.66    -18.38
      3.73     18.58    -17.43
      3.73     18.58    -16.95
      2.77     16.66    -15.99
      0.86     16.18    -14.55
     -0.10     16.18    -13.60
     -0.10     15.23    -13.12
      0.38     14.75    -13.12
     -1.06     12.83    -11.68
     -2.49     11.40    -10.73
     -4.41     10.44     -9.29
     -4.89      9.96     -9.29
     -4.41      9.96     -9.77
     -3.93      9.01     -8.33
     -4.41      9.01     -8.33
     -6.32      8.53     -8.33
     -6.80      8.53     -7.86
     -7.76      8.05     -9.77
     -7.28      9.01     -6.90
     -6.80      9.01     -9.29
     -6.80      9.01     -8.33
     -7.76      9.01     -8.33
     -8.71      9.01     -6.90
     -7.76      9.96     -7.86
     -8.24      9.96     -9.77
     -8.24      9.01     -8.33
     -8.71      8.53     -6.42
    -10.15      8.53     -6.90
    -10.15      8.53     -7.86
     -8.71      8.05     -7.86
     -8.71      8.05     -7.38
    -10.15      5.66     -6.90
    -10.15      5.66     -6.42
     -9.67      5.66     -5.46
     -9.19      5.18     -4.51
    -11.59      3.74     -4.03
    -10.15      3.74     -2.59
     -9.19      3.74     -4.51
     -9.19      2.31     -2.59
    -11.11      1.83     -0.68
    -10.15      1.83     -0.68
     -9.67      2.31      0.28
     -8.71      1.83     -0.68
     -9.19      0.87      0.76
     -9.19      1.35      0.76
     -7.76      1.83      1.24
     -7.28      1.83      1.24
     -7.76      0.87      1.24
     -7.28      0.39      1.24
     -6.80      0.39      1.24
     -4.41      0.87      0.76
     -4.41     -0.56      1.24
     -4.41     -1.04      1.24
     -3.93     -2.00      1.24
     -2.49     -1.52      1.24
     -1.54     -2.00      0.76
     -1.06     -2.00      1.24
     -1.54     -2.96      0.76
     -0.10     -2.00      1.24
      0.86     -1.04      1.24
      1.33     -2.00      2.19
      0.38     -2.00      4.11
      2.29     -1.04      4.59
      3.73     -0.56      3.15
      3.25     -0.56      5.54
      3.25     -0.56      5.54
      3.73      0.87      6.50
      4.68      1.83      6.02
      4.21      1.35      6.98
      5.16      2.31      7.46
      6.12      3.74      8.41
      7.08      3.26      7.46
      6.60      3.26      8.89
      7.56      3.26      8.89
      8.99      5.18      8.89
      9.47      5.18     10.81
      8.03      4.70     11.29
      8.51      5.66     12.72
     10.43      7.09     13.20
     10.43      6.61     12.24
     10.43      6.61     13.68
     10.43      7.57     13.68
     12.34      9.01     14.63
     11.38      8.53     13.68
     10.43      8.05     16.07
     11.86      9.01     15.59
     12.82      9.01     14.16
     10.43      8.53     14.63
     10.43      8.53     15.11
     11.38      9.01     14.16
     11.38      9.01     12.72
     10.43      7.09     13.20
     10.43      7.57     14.16
     11.38      8.53     13.68
     10.43      7.09     13.68
      9.47      7.09     14.63
     10.43      7.57     14.63
     10.43      7.09     14.63
      9.95      6.14     14.63
      9.95      6.14     14.63
     10.43      7.09     14.63
     10.43      6.14     13.68
      9.95      5.66     16.07
      8.99      5.18     15.11
     10.43      5.66     14.63
     10.43      5.18     14.63
      9.95      3.74     15.59
      9.47      3.74     15.59
     10.43      4.70     14.63
     10.43      3.26     13.68
      8.99      2.31     14.63
      8.51      1.35     13.68
      9.95      1.83     12.72
      9.95      0.87     13.68
      8.03     -0.56     11.29
      7.56     -1.52     11.29
      7.56     -0.56      8.89
      8.03     -1.52      8.89
      7.56     -2.00      8.41
      6.12     -3.44      8.41
      6.60     -2.48      6.50
      6.60     -3.44      6.50
      5.16     -4.39      5.54
      3.25     -5.35      5.06
      4.21     -5.83      6.98
      3.73     -5.83      5.06
      2.77     -8.22      4.59
      0.86     -9.18      5.06
      0.86     -9.18      3.63
      1.81     -8.70      3.15
     -0.10    -10.13      4.59
     -1.06    -11.57      3.63
     -2.02    -11.09      4.59
     -1.06    -12.05      4.59
     -2.02    -13.01      3.15
     -3.93    -13.48      4.59
     -4.41    -13.01      3.63
     -3.45    -13.01      1.24
     -4.89    -13.96      3.15
     -5.84    -14.44      6.02
     -5.36    -13.96      4.59
     -4.89    -13.96      3.63
     -5.36    -14.44      4.59
     -6.80    -15.88      4.59
     -5.36    -14.44      3.63
     -4.41    -15.88      3.63
     -5.36    -16.83      2.19
     -5.36    -16.83      1.24
     -4.41    -15.88      1.24
     -3.45    -16.83      1.24
     -4.41    -16.36      0.76
     -3.93    -15.88     -0.68
     -2.49    -15.88     -1.63
     -3.45    -16.83     -3.07
     -3.45    -15.88     -4.03
     -1.54    -14.92     -4.51
     -1.06    -15.88     -5.46
     -1.54    -15.88     -5.94
     -0.10    -14.44     -6.90
      0.86    -13.96     -8.33
      0.38    -14.92     -9.77
     -0.10    -14.44     -9.29
      2.29    -12.53     -9.77
      1.33    -13.48    -11.68
      0.86    -13.96     -9.29
      2.77    -12.05    -11.68
      3.25    -13.01    -11.21
      1.33    -12.53    -10.73
      3.25    -11.57    -10.25
      4.21    -11.57    -12.16
      2.77    -13.01    -10.73
      4.21    -12.05    -10.25
      4.68    -10.61    -10.73
      3.73    -11.57     -9.77
      3.25    -11.09     -9.29
      5.16    -10.61     -9.29
      4.68    -10.61     -9.77
      3.73    -11.57     -9.77
      5.16    -10.61     -8.33
      6.60    -10.13     -9.29
      5.16    -10.61     -9.29
      4.68    -10.61     -6.90
      6.60     -9.18     -8.33
      7.56     -9.18     -8.81
      6.12    -10.13     -9.29
      6.12     -9.66     -8.33
      7.56     -8.22     -6.90
      8.03     -8.22     -9.29
      7.08     -8.22     -7.38
      6.12     -6.78     -6.90
      7.56     -5.83     -6.42
      7.08     -4.87     -6.42
      6.12     -4.87     -4.98
      6.12     -3.91     -5.46
      6.12     -2.96     -4.51
      5.16     -2.96     -3.55
      3.73     -2.00     -2.59
      3.25     -1.52     -4.51
      3.73      0.39     -1.16
      1.33     -0.56     -0.68
      0.38      0.87      0.76
     -0.58      1.83     -0.20
      0.38      2.31     -0.68
     -2.97      2.31     -0.68
     -2.49      3.74      1.24
     -1.54      4.70     -0.68
     -2.49      3.74     -0.68
     -3.93      3.74      0.76
     -3.45      6.14     -0.68
     -3.93      6.14     -1.63
     -4.41      6.61     -0.68
     -5.36      6.14     -0.68
     -4.41      7.57     -2.11
     -3.93      8.53     -2.11
     -5.36      8.53     -2.11
     -5.84      9.01     -2.11
     -4.41     11.40     -2.59
     -4.41     11.40     -4.03
     -5.36     11.40     -3.07
     -5.36     11.40     -4.51
     -3.93     13.31     -4.03
     -4.41     12.83     -5.46
     -5.36     12.83     -5.46
     -4.89     13.31     -4.98
     -3.45     13.79     -4.51
     -4.41     13.79     -4.98
     -4.41     14.27     -5.94
     -3.45     14.75     -4.98
     -3.93     14.75     -6.42
     -5.36     13.79     -5.94
     -4.41     14.75     -7.86
     -3.93     15.23     -7.38
     -4.41     14.75     -5.94
     -4.41     14.27     -5.94
     -3.45     15.23     -7.38
     -3.45     16.18     -6.90
     -3.45     14.75     -8.33
     -4.41     14.75     -6.42
     -3.93     16.18     -6.90
     -2.49     15.23     -7.86
     -4.41     14.75     -6.42
     -4.89     14.27     -7.38
     -3.93     15.23     -5.94
     -3.93     15.71     -5.46
     -4.41     14.75     -4.98
     -4.89     14.27     -4.51
     -3.45     15.23     -4.98
     -4.41     14.75     -5.46
     -6.32     14.27     -4.03
     -6.80     15.71     -4.03
     -5.36     16.66     -4.03
     -5.36     16.18     -4.51
     -7.76     15.23     -3.07
     -7.28     16.18     -2.59
     -6.80     16.66     -4.03
     -6.80     16.66     -4.51
     -8.71     16.18     -3.07
     -7.76     16.18     -1.63
     -7.76     16.66     -2.11
     -7.76     16.18     -3.07
     -7.76     16.18     -3.07
     -6.80     16.66     -2.11
     -5.36     16.66      0.28
     -6.80     16.18     -1.16
     -6.80     16.18      0.76
     -5.36     16.66     -0.68
     -4.41     16.66      1.24
     -4.89     15.71      1.24
     -4.89     14.75      2.19
     -3.93     16.18      2.19
     -2.49     14.75      3.63
     -3.45     14.27      4.59
     -2.49     13.79      6.02
     -0.58     13.79      5.54
     -0.58     13.79      6.02
     -1.54     12.36      6.02
     -1.06     12.36      8.41
      0.86     13.31      8.41
      0.86     11.88      8.89
     -0.10     11.40     10.81
      0.86     11.88     11.29
      1.81     12.36     11.29
      3.25     12.36     11.76
      2.77     10.92     12.24
      1.33     10.92     12.24
      1.33      9.96     14.63
      3.25     11.40     14.16
      3.25     11.40     14.63
      2.77      9.96     13.68
      2.29      9.01     14.63
      3.25      9.01     13.68
      3.73      9.01     14.63
      3.73      8.53     16.55
      3.25      8.05     16.07
      3.25      7.57     15.11
      5.16      8.53     13.68
      4.21      6.61     12.72
      3.73      5.66     16.07
      6.12      6.14     13.20
      5.16      4.70     12.72
      5.16      4.70     13.20
      6.60      4.70     13.20
      6.60      3.26     12.24
      6.12      2.31     12.72
      7.56      3.26     12.72
      7.56      2.31     11.76
      7.56      0.87     12.24
      6.60     -0.56     12.72
      7.08     -0.56     13.20
      8.51     -0.56     12.24
      8.03     -1.04     11.76
      7.08     -2.48     12.72
      6.60     -2.96     13.68
      7.56     -3.91     13.68
      7.56     -4.39     13.68
      6.60     -5.35     13.20
      6.12     -5.83     14.16
      6.12     -5.83     15.59
      6.60     -5.83     13.68
      6.60     -7.74     13.68
      5.16     -9.18     15.59
      5.16     -9.18     16.55
      6.12     -8.22     13.68
      5.16    -10.13     15.59
      4.21    -10.61     15.59
      3.25    -10.61     15.59
      4.21    -10.61     14.63
      3.73    -12.53     13.20
      2.77    -13.01     12.24
      3.73    -13.48     13.68
      3.73    -13.48     11.29
      2.77    -14.44     11.29
      2.29    -15.88     10.81
      3.73    -14.92     10.81
      4.21    -15.88      8.89
      2.29    -17.31      6.98
      1.81    -16.83      6.98
      3.73    -16.83      5.54
      3.25    -17.79      6.02
      1.81    -18.27      4.59
      2.29    -17.79      3.63
      3.25    -18.27      1.24
      2.29    -19.23      1.24
      1.81    -20.66     -0.20
      3.25    -19.70      0.76
      3.25    -21.62     -2.11
      1.81    -22.10     -2.11
      2.77    -22.10     -2.11
      3.73    -21.62     -3.07
      3.25    -23.53     -5.46
      2.77    -24.01     -4.03
      3.25    -23.53     -4.03
      4.21    -23.53     -4.98
      3.25    -24.49     -4.03
      3.25    -24.01     -4.51
      4.68    -23.53     -5.46
      5.16    -24.49     -3.07
      3.25    -24.49     -3.07
      3.73    -24.01     -2.11
      4.68    -24.01     -2.11
      3.73    -24.49     -1.63
      3.25    -24.97     -1.63
      3.73    -23.53     -1.16
      5.16    -23.53     -2.11
      3.25    -23.53     -2.11
      3.73    -23.53     -1.63
      3.73    -22.10     -1.63
      3.73    -23.05     -2.59
      2.29    -22.58     -4.03
      2.29    -22.10     -2.11
      3.25    -21.62     -3.07
      3.25    -21.62     -4.03
      1.81    -21.62     -3.07
      2.29    -19.23     -4.03
      2.77    -19.23     -6.42
      0.86    -19.70     -4.51
      1.33    -17.79     -5.46
      2.77    -16.83     -5.94
      0.86    -16.36     -6.42
     -0.10    -16.83     -5.94
      0.86    -14.44     -4.03
      2.29    -13.96     -5.46
     -0.10    -13.96     -5.94
     -0.58    -13.48     -4.51
      0.86    -11.09     -4.51
      0.86    -10.61     -5.46
     -0.58    -10.61     -5.46
     -0.58     -9.18     -3.07
      0.86     -8.22     -3.55
      0.38     -8.22     -3.55
     -0.58     -6.78     -3.07
     -0.58     -5.83     -4.51
     -0.10     -3.91     -3.55
     -0.10     -3.91     -4.03
     -1.54     -2.96     -2.59
     -0.58     -1.04     -2.59
     -0.10     -0.56     -3.07
     -1.54     -0.56     -4.03
     -2.49     -0.09     -2.59
     -1.54      2.31     -3.07
     -1.06      2.31     -5.46
     -2.97      2.31     -5.94
     -2.49      2.79     -4.03
     -1.54      3.26     -5.46
     -1.54      3.26     -6.42
     -2.97      3.26     -6.90
     -2.97      3.26     -6.90
     -0.58      5.18     -9.77
     -0.58      4.70     -8.33
     -2.97      4.70     -8.33
     -0.58      5.66     -9.29
     -0.58      5.66    -10.73
     -1.06      4.70     -9.77
     -1.54      5.18    -10.25
      0.38      6.61    -10.73
      0.38      5.18    -12.64
     -0.58      5.18    -13.12
     -1.06      5.18     -9.77
     -0.58      6.14    -13.60
      0.38      5.66    -13.60
     -0.58      4.70    -12.64
     -1.54      3.74    -13.60
     -0.58      5.18    -12.64
      0.38      5.18    -14.08
     -0.58      3.74    -13.60
     -1.54      4.22    -13.60
     -0.10      4.70    -14.55
     -0.10      4.70    -16.95
     -0.10      3.74    -14.55
     -1.06      3.74    -16.95
     -0.10      4.70    -13.60
      0.86      4.70    -16.47
      0.38      3.74    -15.99
     -0.10      3.26    -14.55
      1.33      5.18    -13.12
      2.29      4.70    -15.03
      0.86      3.26    -15.03
      1.81      4.70    -15.03
      2.77      5.18    -15.99
      2.29      4.70    -15.99
      1.81      5.18    -14.55
      3.25      6.14    -15.51
      3.25      6.14    -15.99
      0.86      5.66    -15.51
      1.81      5.66    -13.60
      1.81      6.14    -14.55
      2.29      6.61    -15.03
      0.86      6.14    -14.55
      0.38      6.14    -12.64
     -0.10      7.57    -13.12
      0.86      8.53    -13.12
      0.38      7.09    -12.16
     -1.06      7.57    -10.73
     -0.58      9.01    -10.73
      0.38      9.01     -9.29
     -0.58      8.53     -9.77
     -1.54      8.53     -8.33
     -2.02      9.01     -6.90
     -0.58      9.01     -8.33
     -1.06      8.53     -4.98
     -2.49      8.53     -5.94
     -2.02      8.53     -5.46
     -1.54      9.01     -4.51
     -0.58      8.05     -4.51
     -2.02      8.05     -3.07
     -2.49      7.09     -2.59
     -1.54      7.57     -2.11
     -0.58      8.53     -0.68
     -1.54      7.09     -0.68
     -2.02      6.61      1.24
     -2.49      7.09     -0.20
     -1.54      7.57      1.24
     -0.58      8.05      1.24
     -1.54      7.09      1.24
     -1.54      7.09      3.63
     -1.06      7.57      3.15
     -0.58      9.01      1.24
     -0.10      8.53      2.19
     -0.58      7.57      1.24
     -0.58      8.53      1.24
     -0.10      9.01      2.67
      1.81      9.01      1.24
      0.86      8.53      1.24
     -0.10      8.53      1.24
      0.86      8.05      1.24
      2.29      9.01      0.76
      3.25      9.01      0.76
      1.81      8.05     -0.68
      1.33      7.09      0.76
      2.29      6.14      0.28
      2.77      6.61     -0.68
      4.21      6.14     -0.68
      3.73      5.18     -0.68
      2.29      4.70     -0.68
      2.29      5.18     -2.11
      3.25      5.18     -0.68
      3.73      5.18      0.28
      4.21      4.70      0.28
      2.77      4.70      1.24
      1.81      4.70      0.76
      3.25      5.18      1.24
      3.73      5.66      2.19
      3.73      5.66      3.63
      2.29      5.18      1.24
      0.86      5.66      4.59
      0.86      6.61      5.06
      2.29      6.61      4.59
      2.29      6.61      3.63
      0.86      6.14      6.50
      0.38      6.14      4.59
      0.38      7.09      7.46
      0.38      7.57      6.50
      1.81      8.53      6.02
     -0.10      7.57      6.02
     -0.10      8.05      6.98
     -0.10      9.01      6.02
      0.38      9.01      7.94
      0.86      9.01      6.98
      0.38      9.01      6.98
      0.38      9.01      8.41
     -0.10     11.40      7.46
      0.86     12.36      7.94
      1.33     12.36      7.94
      0.86     12.36      7.46
      0.86     12.83      8.41
      1.33     14.27      8.41
      2.77     14.27      8.41
      1.33     13.79      6.02
      0.86     14.27      8.41
      1.81     16.18      8.41
      3.25     16.66      7.94
      3.25     16.66      6.98
      1.33     16.66      6.98
      1.81     16.66      8.41
      3.25     19.53      7.46
      3.25     19.06      6.98
      2.29     19.06      6.98
      1.81     19.06      7.94
      2.77     20.49      7.94
      3.73     20.01      6.98
      2.29     19.53      6.98
      2.29     19.06      7.94
      3.25     20.01      8.41
      4.21     19.06      6.02
      3.25     18.58      7.94
      3.25     16.66      8.89
      3.25     16.66      8.41
      5.16     16.66      7.94
      3.73     16.18      8.41
      3.73     14.75      7.94
      3.73     15.71      8.89
      4.68     14.75      8.41
      4.68     14.27      6.98
      3.73     12.36      7.94
      3.73     12.36      8.89
      5.16     11.40      8.41
      6.12     10.44      8.41
      4.68      9.01      8.89
      3.73      8.53      8.89
      5.16      8.05      8.89
      5.16      7.57      7.46
      4.68      6.61      8.89
      3.25      5.18     11.29
      4.21      5.18      8.89
      4.68      4.70      8.41
      4.21      2.31      8.41
      3.25      1.35      8.89
      2.77      0.87      8.89
      3.73      0.87      8.89
      3.25     -1.52      6.98
      1.81     -2.96      7.94
      0.86     -3.91      7.46
      1.81     -5.35      6.98
      0.86     -6.31      5.54
     -0.10     -8.22      6.02
     -0.58     -9.18      6.98
     -0.10    -10.13      6.02
     -0.58    -10.61      6.50
     -0.58    -13.01      5.54
     -2.49    -13.96      6.02
     -2.02    -14.44      7.46
     -2.49    -14.92      5.54
     -1.06    -15.88      6.02
     -2.97    -16.83      6.50
     -3.45    -17.79      6.02
     -2.02    -18.27      7.94
     -1.06    -18.27      6.02
     -2.02    -19.23      4.11
     -2.49    -20.66      4.59
     -2.49    -20.66      5.54
     -0.58    -19.70      3.63
     -0.10    -20.66      3.15
     -1.54    -21.62      2.19
     -1.54    -21.62      2.19
     -0.58    -19.70      1.24
      0.38    -20.18      0.76
     -0.10    -20.66     -1.16
     -1.54    -20.66      0.76
     -1.54    -19.23     -1.16
      0.38    -18.27     -2.11
     -0.10    -18.27     -4.03
     -1.06    -19.70     -4.03
     -0.58    -17.79     -2.59
      0.38    -17.31     -3.55
      0.86    -16.36     -5.46
     -0.10    -17.31     -5.46
      0.86    -15.88     -5.46
      2.29    -14.44     -5.46
      2.29    -13.96     -5.46
      0.86    -13.96     -4.98
      2.29    -11.57     -4.51
      3.25    -10.13     -5.46
      2.77     -9.66     -5.46
      2.29     -9.18     -4.03
      4.21     -6.31     -5.46
      3.73     -5.35     -5.46
      3.73     -5.35     -4.03
      2.29     -3.91     -4.51
      3.25     -1.04     -4.51
      3.73     -0.56     -4.03
      3.25     -0.56     -4.03
      2.29      1.35     -5.46
      3.25      3.74     -2.59
      3.25      4.22     -4.51
      1.81      3.74     -4.03
      1.81      5.18     -4.03
      3.73      7.09     -5.46
      2.77      6.14     -5.46
      1.33      6.14     -4.98
      2.29      7.09     -4.51
      2.77      9.01     -5.46
      2.77      8.05     -5.94
      1.33      8.53     -4.98
      1.81      8.53     -5.46
      2.77      9.01     -5.94
      3.25      9.01     -5.46
      1.81      8.53     -5.46
     -0.10      9.01     -5.46
      0.86      9.01     -5.46
      0.86      9.96     -5.46
      0.86      9.01     -5.94
     -0.58      9.01     -5.46
     -1.06      9.01     -4.51
     -0.58      9.01     -4.51
     -0.58      9.01     -4.03
     -2.49      8.53     -3.07
     -3.93      8.53     -2.11
     -3.45      9.01     -3.07
     -2.97      9.01     -1.63
     -3.93      8.05     -1.63
     -5.84      7.09     -0.68
     -5.36      8.05      0.76
     -4.41      8.05      1.24
     -6.32      6.14     -0.68
     -7.76      6.14      3.63
     -7.76      5.18      3.63
     -6.80      5.66      3.15
     -6.80      5.18      0.76
     -7.76      4.70      5.06
     -9.19      3.74      4.11
     -8.24      4.70      3.63
     -7.76      4.70      3.63
     -8.24      4.70      3.15
    -10.63      3.74      3.63
    -10.15      3.74      3.15
     -9.19      4.70      1.24
     -8.71      4.70      2.19
     -9.19      3.26      4.11
    -10.15      3.74      4.11
     -8.71      4.70      2.19
     -7.28      5.18      3.63
     -7.76      4.70      3.63
     -8.24      4.70      4.59
     -7.28      5.18      4.59
     -6.80      6.61      3.63
     -6.32      6.14      2.19
     -6.80      5.66      3.15
     -5.84      6.14      4.59
     -4.41      6.61      3.63
     -3.45      7.09      3.63
     -4.41      5.66      3.63
     -4.89      6.61      2.19
     -2.49      6.61      2.19
     -2.49      6.14      3.15
     -2.49      5.66      2.19
     -3.93      6.14      1.24
     -2.49      6.14      3.15
     -1.54      7.09      1.24
     -1.54      5.66      1.24
     -2.49      5.18      1.24
     -1.06      6.14      1.24
     -0.10      6.14      1.24
     -0.58      5.18      1.24
     -2.02      5.18      1.24
     -0.58      5.66      1.24
     -0.10      6.61      1.24
     -0.10      5.18      1.24
     -1.06      4.70      1.24
      0.86      5.66      1.24
      0.38      5.18      0.76
      0.38      5.18      1.24
      1.33      5.18      1.24
      0.86      4.70     -0.20
      0.86      4.70      0.76
      2.77      6.14     -0.68
      0.86      4.70      0.76
      1.81      5.18     -0.20
      2.29      4.70     -1.63
      1.81      3.26     -0.68
      2.77      4.70     -2.59
      2.29      3.74     -2.11
      2.29      3.74     -1.63
      3.73      3.74     -3.07
      2.29      2.31     -3.07
      2.77      3.74     -3.07
      3.73      3.74     -5.46
      2.29      2.79     -5.46
      2.77      2.31     -5.46
      3.73      3.26     -5.46
      2.77      1.83     -6.42
      3.25      1.83     -6.42
      4.21      2.31     -7.38
      3.73      0.87     -7.86
      3.25      1.35     -5.94
      5.16      2.31     -6.90
      3.73      0.87     -7.38
      3.73      0.39     -7.38
      5.16      1.35     -6.90
      3.73     -0.09     -7.38
      3.73      0.39     -6.42
      6.12      0.87     -6.42
      5.16     -0.56     -6.90
      5.16     -0.56     -5.46
      6.60      0.87     -4.51
      5.64     -0.56     -4.51
      6.12     -0.56     -4.51
      7.08     -0.56     -4.03
      5.16     -1.04     -4.51
      6.12     -1.04     -2.59
      7.08     -1.52     -3.07
      6.12     -2.00     -3.07
      7.56     -1.04     -3.07
      6.60     -2.48     -4.03
      6.12     -2.96     -3.07
      7.56     -2.48     -3.07
      6.60     -4.87     -4.03
      7.08     -3.91     -3.07
      8.51     -4.87     -5.46
      7.08     -5.83     -4.98
      8.03     -5.83     -5.46
      8.51     -5.83     -5.94
      8.03     -8.22     -5.94
      7.56     -7.74     -5.46
      9.47     -6.78     -8.33
      7.56     -9.18     -5.94
      8.51     -9.18     -5.46
      8.99     -8.22     -7.38
      7.08    -10.13     -5.94
      7.56     -8.70     -5.46
      8.51     -8.70     -5.46
      7.08    -10.13     -4.03
      7.56     -8.70     -4.51
      8.51     -9.18     -5.94
      6.60    -10.13     -4.03
      8.03     -8.70     -3.07
      7.08     -9.66     -4.03
      6.12    -10.13     -3.07
      7.08     -9.18     -2.59
      6.12     -8.70     -3.07
      5.16     -9.66     -2.59
      6.12     -8.22     -4.03
      5.16     -8.22     -2.11
      3.73     -8.22     -2.11
      5.16     -6.78     -1.16
      4.68     -6.78     -3.07
      3.25     -6.78     -1.63
      4.68     -4.87     -0.68
      4.68     -4.87     -1.63
      3.25     -5.35     -0.68
      3.25     -4.87     -0.20
      3.73     -3.91     -1.16
      2.77     -5.35     -0.68
      3.73     -3.91     -0.20
      3.73     -2.96     -0.68
      2.77     -3.91     -1.63
      3.73     -3.44      0.28
      3.73     -2.00     -0.68
      2.29     -3.91     -0.68
      3.25     -2.48      0.76
      4.21     -1.52     -0.68
      2.77     -2.00      0.28
      2.77     -1.52     -0.68
      3.73     -1.52      1.24
      2.77     -2.00      0.76
      3.25     -1.52     -0.20
      4.21     -0.56      1.24
      1.81     -1.04      1.24
      2.77     -0.56      2.19
      3.25     -0.56      1.24
      1.33     -1.52      1.24
      2.29      0.39      4.59
      3.25     -0.09      4.11
      1.33     -0.56      3.63
      0.86     -0.56      5.06
      2.77      0.87      4.59
      1.81     -0.56      4.11
      0.38     -0.56      5.54
      2.29      1.35      6.50
      2.29      0.87      5.54
      0.86     -0.56      6.50
      0.86      1.83      5.54
      1.81      2.31      5.06
      0.86      0.87      5.54
     -0.10      0.87      7.94
      1.33      2.31      6.02
      0.86      2.31      5.54
      0.38      2.31      6.02
      0.86      2.31      5.54
      0.86      2.31      5.54
     -0.10      2.31      5.06
      0.86      3.74      5.54
      1.81      3.26      4.59
      0.38      1.83      5.06
     -0.10      2.31      4.59
      0.86      2.79      3.63
     -0.10      2.31      3.63
      0.38      2.31      3.15
      0.86      2.31      3.15
     -0.58      1.83      3.15
     -0.58      2.79      2.19
      0.86      2.31      1.24
     -0.58      1.83      2.19
     -0.58      2.79      2.19
     -0.10      2.31      1.24
     -1.06      2.31      1.24
     -1.54      2.79      2.19
      0.38      3.74      1.24
     -2.02      2.79      1.24
     -1.54      3.74      2.19
     -1.06      4.70      1.24
     -2.02      3.26      2.19
     -2.97      4.70      3.63
     -0.58      5.18      3.15
     -1.54      5.18      3.63
     -2.49      5.66      4.11
     -1.06      6.14      4.59
     -2.02      6.14      3.63
     -2.49      6.61      4.59
     -1.54      7.09      3.63
     -1.54      7.09      3.63
     -2.49      6.14      4.11
     -2.49      7.09      5.54
     -1.06      7.57      3.63
     -2.49      6.14      3.63
     -2.49      7.09      4.59
     -2.02      8.05      3.63
     -2.49      6.14      1.24
     -3.93      6.14      4.11
     -1.54      8.05      3.63
     -3.45      6.14      1.24
     -3.93      6.14      2.19
     -2.97      7.09      0.76
     -4.41      6.61      1.24
     -3.45      6.14      1.24
     -2.97      7.09     -1.16
     -4.89      5.66     -0.68
     -3.93      5.66     -1.63
     -3.93      5.66     -2.59
     -5.36      4.22     -3.07
     -4.89      5.18     -2.59
     -4.41      4.70     -4.51
     -5.36      3.26     -4.03
     -4.89      3.74     -4.03
     -4.41      3.26     -5.46
     -5.36      1.83     -4.98
     -3.93      1.83     -5.46
     -3.93      1.35     -5.46
     -4.89     -0.56     -4.51
     -4.41     -0.56     -5.46
     -3.45     -0.56     -5.46
     -3.93     -2.00     -5.46
     -3.45     -2.00     -5.94
     -2.02     -2.96     -6.90
     -3.45     -4.39     -6.42
     -3.45     -4.39     -5.46
     -1.54     -5.35     -8.81
     -2.97     -5.83     -5.94
     -2.97     -6.31     -6.90
     -1.54     -6.78     -8.33
     -2.02     -8.22     -9.29
     -2.49     -8.22     -8.81
     -1.06     -7.74     -9.77
     -1.54     -9.18     -9.77
     -2.97     -9.66    -10.25
     -1.06     -8.22    -10.25
     -2.02     -9.18    -11.68
     -1.54     -9.66     -9.77
     -0.58     -9.66    -11.68
     -1.54    -10.61    -12.16
     -0.58    -10.61    -10.25
      0.38     -9.66    -11.68
     -1.06    -11.09    -11.68
      0.38    -10.61    -12.64
     -0.10    -10.61    -13.12
     -0.58    -11.57    -13.12
     -0.10    -11.57    -13.12
      0.86    -11.57    -12.64
      0.38    -12.05    -12.64
      0.86    -12.05    -12.64
      2.29    -10.61    -13.60
      0.86    -11.57    -13.12
      0.86    -11.57    -12.16
      2.29    -10.61    -12.16
      0.86    -11.57    -12.16
      2.29    -10.61    -11.68
      2.77    -10.61    -10.73
      1.33    -11.57     -9.29
      2.29    -10.13     -9.77
      3.25    -10.13     -9.77
      1.81    -10.61     -9.29
      2.77     -9.18     -5.94
      3.25     -9.66     -6.90
      1.81    -10.13     -5.46
      2.29     -9.18     -5.94
      2.29     -8.70     -5.46
      0.86     -9.66     -3.07
      2.29     -8.22      0.28
      1.33     -8.22     -1.63
     -0.10     -9.18      1.24
      1.81     -7.74      1.24
      0.86     -7.74      0.76
     -0.10     -8.22      1.24
     -0.10     -6.78      2.67
      0.86     -6.31      2.19
     -0.58     -7.26      3.15
      0.38     -6.78      3.63
      0.86     -5.83      4.11
     -0.10     -6.78      6.02
      0.38     -6.31      6.50
      0.86     -5.83      5.06
     -0.10     -6.31      5.54
     -0.10     -6.31      6.98
      0.86     -4.87      6.02
      0.86     -5.35      6.02
     -0.10     -5.35      6.98
      0.86     -4.39      6.02
      1.81     -4.39      7.94
      0.86     -3.91      6.98
      1.81     -3.91      8.41
      2.77     -2.00      8.89
      3.25     -1.52      7.46
      2.29     -1.52      8.89
      3.25     -0.56      8.89
      3.73      0.87      8.41
      2.77     -0.09      8.41
      3.25      1.83      8.89
      5.16      2.31      8.41
      4.68      2.79      8.41
      3.25      2.31      8.89
      5.16      4.70      8.89
      6.12      5.18      8.41
      4.68      4.70      8.89
      5.16      6.14      8.89
      5.64      7.09      8.89
      5.64      6.14      8.89
      5.16      7.09      8.89
      6.12      8.53      8.89
      6.60      8.53      8.89
      5.16      8.53      8.89
      5.16      9.01      8.89
      6.60     10.44      8.89
      5.16      9.01      8.89
      5.16     11.40      8.89
      5.64     12.36      8.89
      4.68     11.40      8.89
      3.73     11.40      8.89
      5.64     12.83      8.89
      5.16     12.83      8.41
      3.73     12.36      8.41
      3.73     12.83      7.46
      4.68     13.31      8.41
      4.68     13.31      6.02
      3.73     12.83      6.98
      3.73     14.27      6.50
      5.16     13.79      5.54
      3.25     13.31      5.06
      3.25     13.79      4.59
      4.68     14.27      4.11
      3.25     14.27      3.63
      2.77     13.79      3.15
      3.25     14.27      3.63
      3.73     14.75      1.24
      3.25     13.31      2.19
      2.77     13.79      2.19
      3.25     13.79      1.24
      3.25     14.27      1.24
      2.29     13.31      1.24
      2.29     13.31      1.24
      3.73     14.27      1.24
      3.25     13.31      0.76
      1.33     12.36      1.24
      2.29     12.36      1.24
      3.25     13.31      1.24
      2.29     12.36      1.24
      0.86     12.36      1.24
      0.86     12.83      2.19
      2.29     13.31      1.24
      0.86     12.36      0.76
      0.38     12.36      1.24
      0.38     13.79      1.24
     -0.10     12.36      1.24
     -0.58     12.83      1.24
     -0.10     14.27      1.24
     -2.02     12.83      0.28
     -1.54     12.83      0.76
     -0.58     13.31     -1.63
     -2.49     12.83     -1.63
     -2.49     12.36     -1.63
     -1.06     13.31      0.28
     -2.49     12.36     -1.16
     -1.54     12.36     -1.63
     -1.06     12.36     -1.63
     -2.49     11.40     -1.63
     -2.02     10.92     -2.11
     -1.54     11.40     -2.11
     -2.02      9.01     -1.16
     -0.10     11.40     -0.68
     -1.06      9.01     -1.63
     -0.58      9.01      0.76
     -0.10      9.96     -0.68
     -1.06      9.01      0.76
     -0.58      9.01      1.24
      1.81      9.01      0.76
     -0.58      9.01      1.24
      0.86      9.01      2.19
      1.81      9.01      1.24
      0.86      9.01      2.19
      2.29      9.01      3.15
      1.33      9.01      3.63
      0.86      8.05      4.59
      2.77      9.01      4.59
      0.86      8.53      5.06
      2.29      9.01      5.54
      2.77      9.01      4.11
      0.86      8.05      5.54
      2.29      9.01      4.59
      2.29      9.01      5.06
      0.86      9.01      6.50
      2.29      9.01      6.02
      2.29      8.53      4.59
      0.86      9.01      5.54
      2.77      9.01      5.06
      1.81      9.01      4.11
      1.81      8.53      5.54
      2.77      9.01      4.11
      1.33      8.05      1.24
      0.86      7.09      3.63
      3.25      7.09      2.19
      1.81      5.66      4.59
      1.33      6.61      2.19
      2.29      5.18      1.24
      0.86      4.70      3.63
      2.29      4.70      1.24
      0.86      3.74      0.76
     -0.10      2.31      1.24
      2.29      3.26      0.76
      0.38      1.35     -0.20
     -0.10      1.35      0.28
      1.33      1.35      0.76
     -0.58     -0.56      1.24
     -0.10     -0.09      1.24
      0.86     -0.09     -0.68
     -0.10     -1.52      0.76
     -0.58     -0.56     -0.20
      0.86     -0.56      0.28
     -0.10     -1.52      0.76
      0.38     -1.52      0.76
      0.86     -1.52      0.28
     -0.10     -2.00     -0.20
     -0.10     -1.04      1.24
      0.86     -1.52     -0.20
     -0.10     -2.00      1.24
      0.38     -1.04      1.24
      0.86     -1.04     -0.68
     -0.58     -2.00      0.76
      0.86     -2.00      0.76
      1.81     -1.04     -0.68
      0.38     -2.96      1.24
      0.86     -1.04      1.24
      1.33     -1.04     -0.68
      0.38     -2.48     -0.20
     -0.10     -2.48     -0.20
      1.81     -1.04     -0.68
      0.38     -2.96     -1.16
     -0.10     -2.48      1.24
      1.81     -1.52     -0.68
     -0.10     -2.96     -0.68
     -0.58     -3.44     -0.68
      0.38     -2.48     -2.11
     -1.06     -3.91     -1.63
     -0.58     -2.96     -1.63
      0.38     -3.91     -2.11
     -1.54     -4.39     -2.59
     -1.06     -4.39     -0.68
     -0.58     -3.91     -3.07
     -2.97     -5.35     -2.59
     -1.54     -5.35     -1.16
     -0.58     -5.35     -3.07
     -2.49     -7.74     -3.55
     -2.02     -7.74     -0.68
     -1.06     -7.74     -2.11
     -2.49     -8.70     -2.59
     -2.49     -9.18     -1.63
     -1.54     -9.18     -2.11
     -2.97    -10.13     -1.16
     -2.02    -10.13     -1.63
     -2.49    -10.61     -2.59
     -3.93    -11.57     -2.11
     -2.49    -10.61     -3.07
     -2.49    -11.57     -2.59
     -3.93    -12.53     -1.63
     -2.49    -13.01     -2.11
     -2.02    -13.01     -1.63
     -2.02    -13.96     -2.11
     -3.93    -14.44     -3.07
     -2.02    -13.96     -2.11
     -1.54    -13.96     -3.07
     -2.49    -15.40     -2.11
     -2.49    -14.44     -2.11
     -1.54    -13.96     -4.51
     -1.06    -14.92     -2.11
     -2.49    -15.88     -3.07
     -2.49    -15.40     -2.59
     -2.02    -13.96     -3.55
     -1.06    -14.44     -3.07
     -2.02    -15.40     -2.59
     -2.49    -13.96     -2.59
     -0.58    -13.48     -4.03
     -1.06    -13.96     -3.07
     -1.54    -13.96     -3.07
     -1.06    -13.01     -3.07
      0.38    -12.53     -4.03
     -1.06    -13.01     -3.07
     -1.06    -13.01     -2.11
      0.38    -11.09     -4.03
     -0.10    -12.05     -3.07
     -0.10    -11.57     -3.07
     -0.10    -11.57     -2.59
      0.86    -10.13     -3.07
      0.86    -10.13     -3.07
     -0.10    -10.61     -3.07
     -0.10    -10.13     -1.63
      2.29     -9.18     -2.11
      1.81     -8.70     -3.07
      0.38     -8.70     -2.11
      1.33     -8.22     -1.16
      2.77     -6.78     -1.16
      1.33     -7.26     -1.16
      1.33     -6.78     -0.68
      2.77     -6.31      0.76
      2.77     -5.35     -0.68
      1.81     -5.83     -1.63
      1.81     -4.87      1.24
      2.77     -3.91     -1.63
      3.25     -4.39     -0.68
      0.86     -3.91      1.24
      1.33     -2.96      1.24
      3.25     -1.52     -1.16
      1.81     -2.00     -2.11
      0.38     -1.52     -0.68
      2.29     -0.56      0.28
      2.29     -0.56     -2.59
     -0.10     -0.56      0.76
      0.86      0.87     -1.63
      2.29      1.35     -2.11
     -0.10      0.87     -1.63
     -0.10      1.83     -0.68
      1.33      2.31     -0.68
      0.86      1.83     -1.63
      0.38      2.31      0.28
      0.86      2.31      0.28
      2.29      2.79     -1.63
      0.86      1.83     -0.68
      0.38      2.79     -0.68
      1.81      3.74     -0.20
      2.29      2.31     -2.59
      1.81      1.83     -0.20
      1.33      2.79      0.76
      3.25      3.74      0.28
      3.73      3.26     -2.11
      2.29      2.31      1.24
      2.29      3.26     -0.20
      3.73      4.70      0.28
      4.68      4.70     -0.20
      4.21      3.74      0.76
      3.73      4.70      1.24
      5.16      6.14      1.24
      5.16      5.66      0.76
      5.16      6.14      1.24
      3.73      6.14      1.24
      5.16      7.09      1.24
      6.60      7.09      3.15
      6.12      6.61      1.24
      4.68      7.09      1.24
      6.12      8.05      4.59
      6.60      8.53      1.24
      6.60      7.57      1.24
      6.12      8.53      3.63
      7.08      9.01      2.19
      8.03      9.01      1.24
      6.60      8.53      1.24
      6.12      8.53      1.24
      7.08      9.01      1.24
      7.08      9.01     -0.68
      6.12      8.53      1.24
      5.16      8.53      3.63
      7.08      9.01      1.24
      6.12      8.05      1.24
      5.16      6.61      3.15
      6.12      7.09      1.24
      5.64      6.14      1.24
      3.73      5.66      3.15
      4.68      5.66      3.63
      5.16      5.18      3.63
      4.68      4.70      3.63
      3.73      3.74      5.54
      3.73      3.26      4.59
      4.21      3.26      4.59
      3.25      2.31      3.63
      3.25      2.31      6.02
      3.73      3.74      4.59
      3.25      2.31      4.59
      2.29      2.31      3.63
      2.77      2.31      6.02
      3.25      3.26      3.63
      2.29      2.79      4.59
      1.33      2.31      5.54
      2.77      3.26      2.19
      2.77      3.26      3.15
      0.86      3.26      3.63
      1.81      3.74      2.19
      2.29      4.70      1.24
      0.86      3.74      1.24
      0.86      4.70      1.24
      1.81      6.14      1.24
      1.33      5.18      0.28
      0.38      5.18      1.24
      1.81      6.14      1.24
      0.86      6.14      0.28
      0.38      6.61     -0.68
      2.29      7.09     -0.20
      0.86      6.14      0.28
      0.86      7.09      0.76
      2.29      8.05     -1.16
     -0.10      7.09     -1.63
      1.81      8.53     -1.63
      1.33      8.53     -1.63
     -0.10      8.05     -2.11
      2.29      9.01     -0.68
      0.86      8.53     -3.07
     -0.10      8.53     -1.63
      0.86      9.01     -1.63
      0.86      9.01     -2.11
     -0.58      8.53     -2.59
      0.86      9.01     -2.11
      0.38      8.53     -2.59
     -0.58      7.57     -1.63
      0.86      8.53     -3.07
     -0.10      7.09     -2.59
      0.38      6.61     -1.63
      0.86      8.05     -3.07
      0.38      5.66     -3.07
     -0.10      6.14     -2.11
      0.86      6.61     -4.03
      0.38      5.18     -3.07
      1.81      6.14     -3.07
      0.86      4.70     -4.51
      0.86      4.70     -4.51
