********************************************************************************
                       INSTITUTO DE INGENIERIA, UNAM
                   Coordinacion de Instrumentacion Sismica
  Ciudad Universitaria, Apartado Postal 70-472, Coyoacan 04510, Mexico, D.F.
 Tel.(52-5)622-3414    Fax.(52-5)616-1514    e-mail: isismica@pumas.iingen.unam.mx
********************************************************************************
ARCHIVO ESTANDAR DE ACELERACION:
VERSION DEL FORMATO                    : 2.0
NOMBRE DEL ARCHIVO                     : TUXT7507.121
FECHA Y HORA DE CREACION               : Wed Mar  4 11:46:32 1998
REF. CATALOGO ACELEROGRAMAS, SMIS 1995 : REGISTRO No. 86 /PAG. 38


================================================================================
DATOS DE LA ESTACION:
NOMBRE DE LA ESTACION                  : TUXTLA GUTIERREZ
CLAVE DE LA ESTACION                   : TUXT
LOCALIZACION DE LA ESTACION            : CAMPAMENTO SCT, AV. CENTRAL, FRENTE AL CENTRO
                                       : CULTURAL JAIME SABINES, A 2KM DEL ZOCALO DE TUXTLA
                                       : GUTIERREZ, CHIAPAS. 
                                       : 
                                       : 
COORDENADAS DE LA ESTACION             : 16.747 LAT. N
                                       : 93.13 LONG. W
ALTITUD (msnm)                         : 680
TIPO DE SUELO                          :   
                                       : 
                                       : 
INSTITUCION RESPONSABLE                : INSTITUTO DE INGENIERIA UNAM 
                                       : 

================================================================================
DATOS DEL ACELEROGRAFO:
MODELO DEL ACELEROGRAFO                : SMA-1
NUMERO DE SERIE DEL ACELEROGRAFO       : 0172
NUMERO DE CANALES                      : 3
ORIENTACION C1-C6 (rumbo;orientacion)  : /N00E/+V/N90W
ORIENTACION C7-C12 (rumbo;orientacion) :
VEL. DE MUESTREO, C1-C6 (muestras/s)   : /--/--/--
VEL. DE MUESTREO, C7-C12 (muestras/s)  :
ESC. COMPLETA DE SENSORES, C1-C6, (g)  : /1/1/1
ESC. COMPLETA DE SENSORES, C7-C12, (g) :
FREC. NAT. DE SENSORES, C1-C6, (Hz)    : /26.5/26.4/26.2
FREC. NAT. DE SENSORES, C7-C12, (Hz)   :
AMORTIGUAMIENTO DE SENSORES, C1-C6     : /0.6/0.6/0.6
AMORTIGUAMIENTO DE SENSORES, C7-C12    :
INTERVALO DE MUESTREO, C1-C6, (s)      : /0.01/0.02/0.01
INTERVALO DE MUESTREO, C7-C12, (s)     :
UMBRAL DE DISPARO, C1-C6, (Gal)       *: /--/10/--
UMBRAL DE DISPARO, C7-C12, (Gal)       :
MEMORIA DE PREEVENTO (s)               : 0
TIEMPO DE POSEVENTO (s)                : 8


================================================================================
DATOS DEL SISMO:
FECHA DEL SISMO [GMT]                  : 1975/07/12
HORA EPICENTRO (GMT)                   : 16:20:35.0
MAGNITUD(ES)                           : /Mb=4.40
COORDENADAS DEL EPICENTRO              : 14.420 LAT. N 
                                       : 93.250 LONG. W 
PROFUNDIDAD FOCAL (km)                 : 33
FUENTES DE LOS DATOS EPICENTRALES      : SSN
                                       : INSTITUTO DE GEOFISICA, UNAM

================================================================================
DATOS DE ESTE REGISTRO:
HORA DE LA PRIMERA MUESTRA (GMT)       : --:--:--.-
EXACTITUD DEL TIEMPO (s)               : --     
DURACION DEL REGISTRO (s), C1-C6       : /14.87/14.72/14.4
DURACION DEL REGISTRO (s), C7-C12      :
NUM. TOTAL DE MUESTRAS, C1-C6          : /1487/736/1439 
NUM. TOTAL DE MUESTRAS, C7-C12         :
ACEL. MAX.(Gal), C1-C6                 : /-18.063/7.824/-31.212  
ACEL. MAX., C1-C6, EN LA MUESTRA       : /148/70/86     
ACEL. MAX.(Gal), C7-C12                :
ACEL. MAX., C7-C12, EN LA MUESTRA      :
UNIDADES DE LOS DATOS                  : Gal (cm/s/s)
FACTOR DE DECIMACION                   : 1
FORMATO DATOS (FORTRAN,10 campos/dato) : 3F10.3


===============================================================================
CALIDAD DEL ACELEROGRAMA:
REGISTRO ANALOGICO AL QUE FALTA UNA PARTE AL INICIO SIN TIEMPO
ABSOLUTO. DIGITALIZACION SEMIAUTOMATICA O MANUAL.

===============================================================================
COMENTARIOS:

          * Disparo por arrancador mecánico
            Registro en película fotográfica de 70 mm











===============================================================================
DATOS DE ACELERACION:
---------+---------+---------+---------+---------+---------+---------+---------+
   CANAL-1   CANAL-2   CANAL-3   CANAL-4   CANAL-5   CANAL-6   CANAL-7   CANAL-8
      N00E        +V      N90W
---------+---------+---------+---------+---------+---------+---------+---------+
     1.418     1.354     2.299
    -3.300     1.331     1.910
    -5.448     1.322     1.500
    -6.360     1.035     0.674
    -5.808    -0.396    -0.428
    -4.999    -3.002    -1.421
    -3.155    -4.589    -0.877
    -0.541    -4.050     0.488
     2.192    -1.844     1.783
     3.709     0.260     2.822
     2.850     0.148     3.541
     1.606     1.486     4.277
     0.219     3.393     4.126
    -1.326     2.329     3.819
    -3.221    -0.181     3.415
    -5.037    -3.473     1.749
    -5.371    -4.200    -0.518
    -4.775    -0.769    -2.759
    -4.062     1.713    -4.922
    -2.989     1.880    -6.962
    -1.086     1.337    -7.233
     1.002     0.098    -5.324
     3.328    -1.881    -2.550
     4.556    -2.470     0.284
     3.646    -1.354     1.157
     1.550    -1.009     0.836
    -1.374    -2.033     0.304
    -5.527    -2.027    -1.008
    -9.489    -0.165    -2.450
    -8.465     1.071    -3.994
    -5.082     1.549    -5.155
    -2.021     1.254    -5.577
     1.054     1.618    -5.675
     5.333     0.660    -5.841
    10.253     0.042    -5.945
     9.699     1.931    -4.961
     5.542     1.441    -3.515
     2.213    -0.405    -2.108
    -1.033    -0.868    -0.738
    -3.841     0.634     0.575
    -3.869     1.066     1.935
    -0.985    -3.484     3.548
     0.430    -6.217     5.310
    -0.388    -1.215     7.073
    -2.622     5.231     9.371
    -4.795     4.128    10.708
    -3.637    -1.031    10.137
    -0.599    -3.043     8.231
     1.980     1.062     6.687
     2.836     5.231     5.698
     2.714     1.818     5.511
     2.748    -3.646     5.480
     2.748    -5.316     1.387
     4.727    -3.953    -4.286
     8.082     1.112    -8.389
    11.374     6.268   -11.053
    11.654     7.636   -12.589
     9.577     4.281   -13.627
     7.749    -1.972   -13.696
     3.643    -5.206   -12.946
    -0.579    -5.295   -12.155
    -3.457     1.234   -10.698
    -4.875     4.966    -6.655
    -8.599    -1.948    -3.123
   -13.473    -3.984    -1.703
   -11.168    -2.751    -0.948
    -6.396    -2.346    -0.974
    -3.384     0.544    -0.642
    -1.166     4.285     0.742
     0.199     7.824     3.477
     0.525     5.519     6.445
    -1.440    -0.017     9.636
    -8.940    -4.421    10.907
   -14.676    -6.977     9.955
   -11.944    -5.276     8.647
    -3.960     2.085     6.119
     9.466     5.069     5.123
    14.985    -1.264     7.201
    10.207    -4.666    11.734
     6.080    -3.315    17.562
     3.384    -1.897    21.522
     1.260     0.443    19.086
    -0.192     0.461    13.090
    -0.328    -0.252    -0.509
    -0.452     2.934   -21.955
    -0.185     5.610   -31.212
    -0.046     4.184   -29.510
     1.319     0.043   -25.485
     3.636    -3.684   -19.368
     9.836    -2.721   -12.718
    17.639     1.019    -1.987
    16.124     1.570     9.870
    10.478    -1.550    16.635
     4.969    -3.130    17.024
    -0.322    -2.937    16.098
    -3.687    -2.677    15.653
    -6.654    -0.509    15.497
    -9.459     2.841    15.595
   -11.070     5.907    12.171
   -10.482     5.838     7.543
    -8.659     2.991     1.556
    -5.894     1.004    -5.049
    -4.313    -1.068    -9.691
    -5.159    -4.672   -13.200
    -5.344    -5.968   -14.155
    -4.894    -4.285   -12.573
    -6.166    -1.651   -11.596
    -8.717     1.012   -15.134
    -9.673     2.182   -15.989
    -6.606     2.339   -12.428
     0.701     2.064    -2.146
     6.985     1.158    13.357
     9.146    -0.133    15.596
     9.295    -0.877     9.618
     7.975     1.599     6.151
     6.256     4.130     4.742
     4.625     3.114     5.159
     3.147     0.777     5.681
     1.690    -1.385     6.586
     0.222    -2.717     7.356
     0.841    -1.988     7.498
     2.384    -0.436     5.920
     5.066     0.370     3.755
     6.586     1.255     1.398
     3.110     1.547    -1.127
    -1.885     0.635    -2.922
    -5.986    -0.894    -4.152
   -10.683    -1.704    -5.007
   -12.552     0.116    -7.178
    -9.517     2.377    -9.104
    -4.175     1.976    -7.757
     2.865     0.270    -5.080
     7.580    -0.975    -2.880
     8.885    -1.521    -0.966
     9.464    -1.804     0.588
     9.861    -1.101     1.773
     9.975     0.838     2.701
     8.231     1.567     3.890
     5.425    -0.149     5.171
     2.481    -1.049     6.950
     1.618     0.000     7.282
     1.816     1.038     3.723
     3.441     0.864    -1.000
     5.624    -0.015    -5.718
     2.847    -0.977    -8.676
    -3.543    -2.003    -9.947
   -12.815    -3.148    -9.520
   -18.063    -3.625    -4.859
   -12.284    -2.953    -1.521
    -4.248    -2.276    -0.042
    -0.262    -1.658     1.162
     2.332    -0.860    -0.781
     4.333    -0.144    -2.233
     3.411     0.647    -1.595
     1.306     1.402     0.792
    -0.690     2.157     4.034
    -2.727     2.499     6.072
    -4.596     2.315     6.826
    -6.598     2.033     5.965
    -6.901     1.289     4.383
    -6.238     0.252     2.737
    -5.321    -0.808     2.581
    -3.738    -1.753     3.598
    -1.690    -1.912     3.050
     1.399     0.301     1.347
     5.913     2.568    -1.488
    10.436     2.528    -4.717
    10.801     1.707    -6.534
     7.569     1.081    -6.700
     5.046     1.009    -5.788
     6.435     0.914    -4.463
     8.554    -0.561    -3.060
     8.075    -2.352    -1.882
     6.320    -3.600    -0.807
     1.664    -2.613     0.278
    -3.576    -0.168     1.338
    -7.172     1.595     2.325
   -10.349     2.909     2.890
   -12.444     3.061     3.371
   -13.604     2.208     3.806
   -13.150     1.799     2.745
   -11.131     1.784     0.350
    -8.639     1.806    -1.389
    -6.165     1.587    -1.887
    -4.111     0.961    -2.007
    -2.256     0.169    -2.142
    -0.178    -0.736    -2.265
     2.070    -2.517    -2.392
     4.276    -3.882    -2.219
     6.541    -2.772    -1.867
     7.995    -0.877    -1.512
     7.826     0.237    -1.125
     7.043     0.887    -1.017
     6.326     1.125    -1.298
     5.465     0.548    -1.720
     4.435    -0.285    -2.124
     3.271    -1.174    -2.524
     2.159    -2.586    -2.559
     0.996    -3.351    -2.455
    -0.385    -2.849    -2.379
    -1.936    -2.571    -2.261
    -3.421    -2.095    -2.196
    -4.359    -1.328    -1.843
    -4.896     0.112    -1.541
    -5.390     1.565    -1.098
    -5.869     1.541    -0.264
    -6.361     1.088     0.938
    -6.383     0.615     1.974
    -6.091    -0.215     3.907
    -5.732    -1.136     6.903
    -5.433    -1.052     7.313
    -5.072     0.549     5.515
    -4.123     1.810     3.457
    -2.702     2.400     1.603
    -1.199     2.613    -0.086
     0.308     2.906    -1.812
     1.454     2.714    -3.776
     2.314     1.219    -5.838
     3.140    -0.438    -7.874
     3.968    -1.556    -9.848
     5.417    -1.090   -10.053
     7.130    -0.100    -7.618
     7.496    -0.379    -3.828
     6.397    -0.737    -1.183
     5.043    -0.095     1.068
     3.607     1.048     3.311
     1.622     1.886     5.849
    -0.945     1.716     8.283
    -3.025     0.998     7.756
    -2.762     0.323     6.842
    -1.629    -0.132     6.630
    -0.491    -0.551     6.122
     0.616    -0.980     5.067
     0.209    -1.327     3.567
    -0.735    -1.544     2.607
    -1.681    -1.706     2.187
    -2.197    -1.904     2.141
    -1.069    -1.628     1.955
     0.559    -0.342     1.896
     2.259     0.872     1.188
     3.804     1.841     0.336
     4.652     1.678    -0.593
     4.951     0.360    -3.170
     5.303    -0.757    -5.056
     5.561    -1.743    -5.170
     5.903    -1.450    -4.799
     6.177     0.020    -4.325
     5.098     1.390    -3.865
     3.325     1.517    -3.386
     1.491     0.069    -2.919
    -0.257    -1.517    -2.410
    -1.899    -2.294    -1.835
    -3.408    -1.781    -1.254
    -3.472    -0.791    -0.663
    -2.613     0.003    -0.084
    -1.883     0.748     0.571
    -0.948     0.973     1.311
    -0.230     1.060     2.089
    -0.802     0.743     2.858
    -2.541     0.234     3.633
    -4.072     0.071     4.738
    -3.585     0.457     6.037
    -2.117     0.814     7.370
    -0.797     0.539     8.186
     0.923    -0.221     7.576
     2.855    -0.925     6.483
     4.914    -1.099     5.440
     6.953    -0.787     4.374
     7.909    -0.495     3.360
     7.190    -0.229     2.291
     5.858    -0.009     1.285
     4.657     0.317    -0.119
     3.349     0.628    -2.317
     1.728     0.949    -4.882
    -0.424     0.997    -7.127
    -2.537     0.434    -9.356
    -4.780    -0.083   -11.234
    -6.898    -0.580   -12.889
    -7.408    -0.870   -13.826
    -7.057    -0.453   -12.249
    -6.787     0.091    -9.920
    -6.413     0.535    -8.346
    -6.103     0.888    -6.408
    -5.621     0.884    -3.247
    -4.997     0.784     0.445
    -4.305     0.690     4.184
    -3.619     0.602     8.486
    -2.938     0.499    12.369
    -2.243     0.388    14.755
    -1.520     0.275    15.266
    -0.635     0.312    14.088
     0.282     0.072    11.546
     1.229    -0.209     8.904
     2.145    -0.494     7.282
     2.476    -0.652     5.958
     2.283    -0.433     4.686
     2.016    -0.111     3.211
     1.725     0.185     1.408
     1.455     0.461    -0.594
     1.168     0.623    -2.516
     1.074     0.872    -3.830
     1.280     0.978    -4.697
     1.586     1.057    -5.597
     1.893     0.844    -6.415
     2.194     0.286    -6.275
     2.506    -0.264    -5.633
     2.668    -0.776    -5.019
     2.498    -1.285    -4.315
     2.189    -1.625    -3.411
     1.908    -1.993    -2.398
     1.620    -2.125    -1.386
     1.342    -1.203    -0.119
     0.798     0.225     1.421
    -0.186     1.438     3.032
    -1.358     1.722     3.986
    -2.495     1.067     4.391
    -3.663     0.451     4.673
    -4.805    -0.079     4.964
    -5.121    -0.680     5.132
    -4.660    -1.008     4.643
    -4.003    -1.195     3.914
    -3.382    -1.182     3.191
    -2.757    -1.187     1.885
    -2.142    -1.050    -0.509
    -1.846    -0.802    -3.279
    -1.809    -0.587    -5.261
    -1.784    -0.334    -6.124
    -1.795    -0.257    -6.639
    -1.765    -0.545    -7.008
    -1.088    -0.966    -6.774
     0.394    -1.251    -6.336
     1.961    -0.669    -5.758
     3.568     0.155    -4.894
     4.712     0.967    -3.976
     5.095     1.424    -3.027
     5.219     1.026    -2.112
     5.350     0.612    -1.136
     5.486     0.318    -0.161
     5.142     0.068     0.855
     4.155     0.640     1.833
     2.982     1.239     2.706
     1.813     1.208     3.497
     0.577     1.381     4.288
    -0.795     1.609     5.089
    -2.334     1.783     5.187
    -3.789     1.840     4.895
    -5.331     1.414     4.493
    -6.396     0.925     4.138
    -5.475     0.467     3.592
    -3.734     0.065     1.716
    -2.007     0.123    -0.679
    -0.418     0.211    -2.508
     0.964     0.266    -3.480
     2.366     0.239    -4.157
     3.719    -0.323    -4.860
     4.935    -1.222    -5.542
     5.396    -2.149    -5.848
     5.646    -2.575    -5.367
     5.856    -1.748    -4.650
     6.107    -0.781    -3.668
     6.364     0.254    -2.557
     5.354     0.914    -1.507
     3.629     0.793    -0.533
     1.884     0.622     0.397
     0.089     0.421     1.341
    -1.404     0.092     2.272
    -2.779    -0.245     2.937
    -4.011    -0.585     3.084
    -4.227    -0.902     3.088
    -4.023    -1.053     3.085
    -3.793    -0.855     3.089
    -3.087    -0.779     2.139
    -2.139    -0.713    -0.154
    -1.185    -0.637    -2.822
    -0.216    -0.444    -4.610
     0.735     0.304    -5.017
     1.604     1.526    -4.859
     2.410     1.996    -4.340
     3.216     1.028    -3.711
     4.031     0.464    -3.078
     4.844     0.740    -2.454
     5.146     0.939    -1.820
     4.908     1.166    -0.593
     4.652     0.785     0.927
     4.287    -0.457     2.431
     3.440    -1.667     3.965
     1.917    -2.380     5.385
     0.445    -2.408     6.834
    -1.200    -2.418     7.606
    -3.489    -2.444     7.104
    -6.468    -2.188     6.144
    -9.373    -1.595     4.835
    -9.712    -0.976     3.273
    -8.764    -0.397     1.654
    -7.893     0.173    -0.245
    -6.319     0.522    -2.189
    -4.313     0.559    -4.163
    -2.188     0.639    -5.345
    -0.756     0.709    -5.106
     0.261     0.945    -4.430
     1.319     1.596    -3.947
     2.301     2.177    -3.525
     3.508     2.172    -3.127
     4.597     1.974    -2.714
     5.850     1.824    -2.158
     6.347     1.590    -1.491
     4.468     1.181    -0.832
     1.508     0.705    -0.149
    -1.234     0.250     0.507
    -3.100    -0.209     1.192
    -4.417    -0.462     1.786
    -5.872    -0.207     2.075
    -7.200     0.290     2.216
    -8.637     0.785     2.383
    -9.503     1.011     2.524
    -9.345     0.561     2.688
    -8.780     0.095     2.834
    -8.252    -0.300     2.553
    -7.702    -0.467     1.726
    -7.160    -0.147     0.754
    -6.652     0.258     0.089
    -5.466     0.509    -0.154
    -3.896     0.610    -0.249
    -2.233     0.161    -0.382
    -0.603    -0.533    -0.468
     1.061    -1.190    -0.607
     2.691    -1.775    -0.688
     3.372    -1.914    -0.247
     3.625    -1.562     0.472
     3.890    -1.240     1.135
     4.103    -0.867     1.844
     4.361    -0.662     2.382
     4.612    -0.526     2.241
     4.676    -0.346     1.801
     3.871    -0.202     1.403
     2.758    -0.047     0.964
     1.645    -0.039     0.561
     0.532    -0.259     0.127
    -0.581    -0.445    -0.280
    -1.693    -0.605    -0.646
    -2.233    -0.487    -0.973
    -2.098    -0.024    -1.302
    -1.810     0.423    -1.615
    -1.522     0.588    -1.942
    -1.230     0.341    -2.221
    -0.947     0.087    -2.156
    -0.387    -0.111    -1.953
     0.400    -0.298    -1.762
     1.271    -0.187    -1.557
     2.106     0.094    -1.365
     3.005     0.221    -1.172
     3.991     0.475    -0.978
     5.066     0.634    -0.775
     5.989     0.531    -0.578
     5.665     0.389    -0.378
     4.769     0.291    -0.132
     3.946     0.021     0.158
     3.053    -0.416     0.464
     2.225    -0.919     0.762
     1.339    -1.316     1.071
     0.568    -1.977     1.360
    -0.086    -1.908     1.671
    -0.689    -0.784     1.930
    -1.305     0.234     2.150
    -1.920     0.772     2.340
    -1.633     1.157     2.259
    -0.353     1.497     1.995
     1.216     1.892     1.719
     2.748     2.155     1.431
     4.324     2.009     1.236
     5.628     1.455     1.169
     6.151     1.054     1.154
     6.312     0.680     1.134
     6.525     0.273     1.119
     6.687    -0.029     1.153
     6.898    -0.115     1.221
     6.860    -0.087     1.289
     6.187    -0.093     1.362
     5.241    -0.082     1.430
     4.332    -0.083     1.503
     3.360     0.013     1.631
     2.449     0.076     1.944
     1.622     0.146     2.307
     0.877     0.179     2.677
     0.103     0.124     3.041
    -0.640     0.068     3.410
    -1.414     0.014     3.551
    -2.157    -0.048     2.944
    -2.931    -0.195     2.094
    -3.674    -0.452     1.240
    -3.746    -0.566     0.390
    -3.349    -0.789    -0.465
    -2.917    -1.038    -1.757
    -2.468    -1.244    -3.371
    -2.031    -1.489    -5.030
    -1.589    -1.516    -5.822
    -1.143    -0.997    -5.697
    -0.710    -0.460    -5.379
    -0.640     0.044    -5.034
    -0.794     0.290    -4.715
    -0.931     0.103    -3.875
    -1.109    -0.198    -2.575
    -0.966    -0.457    -1.131
    -0.465    -0.764     0.286
     0.234    -0.919     1.732
     0.859    -0.771     3.137
     1.556    -0.478     3.838
     2.085    -0.239     4.256
     1.561     0.032     4.355
     0.571     0.220     3.760
    -0.384     0.206     2.981
    -1.359     0.050     2.186
    -2.325    -0.084     1.398
    -2.802    -0.227     0.536
    -2.376    -0.302    -0.643
    -1.627    -0.171    -1.926
    -0.928     0.052    -3.213
    -0.170     0.259    -4.497
     0.525     0.468    -5.159
     1.285     0.681    -5.287
     1.939     0.796    -5.295
     1.712     0.995    -5.307
     1.087     1.172    -5.314
     0.495     1.362    -4.927
    -0.114     1.365    -4.288
    -0.723     1.093    -3.627
    -1.315     0.819    -2.947
    -1.941     0.579    -2.287
    -2.860     0.311    -1.634
    -3.998     0.150    -1.026
    -5.051     0.223    -0.396
    -6.205     0.640     0.209
    -7.266     1.043     0.836
    -7.166     1.422     1.345
    -6.499     1.775     1.414
    -5.914     1.723     1.316
    -5.252     1.123     1.229
    -4.661     0.554     1.129
    -3.895     0.017     1.041
    -2.907    -0.456     0.942
    -1.743    -0.656     0.811
    -0.657    -0.757     0.560
     0.474    -0.861     0.285
     1.564    -0.962    -0.001
     2.692    -1.048    -0.275
     3.783    -1.052    -0.562
     4.165    -1.047    -0.835
     4.004    -1.036    -1.122
     3.787    -1.032    -1.396
     3.544    -1.023    -1.334
     3.362    -0.966    -1.063
     3.127    -0.931    -0.777
     2.897    -0.891    -0.483
     2.672    -0.858    -0.195
     2.049    -0.815     0.097
     1.044    -0.812     0.388
    -0.099    -0.881     0.677
    -1.194    -0.960     0.970
    -2.346    -1.025     1.208
    -3.434    -1.104     1.220
    -4.558    -1.012     1.143
    -5.636    -0.789     1.077
    -5.525    -0.494     0.997
    -4.854    -0.222     0.931
    -4.251     0.064     0.852
    -3.586     0.336     0.785
    -2.974     0.622     0.707
    -2.327     0.867     0.714
    -1.731     1.043     0.884
    -1.115     1.198     1.112
    -0.488     1.424     1.337
     0.121     1.472     1.566
     0.728     1.251     1.792
     1.332     0.910     2.019
     1.942     0.590     2.247
     2.052     0.267     2.473
     1.497    -0.010     2.701
     0.750    -0.057     2.740
     0.005     0.126     2.501
    -0.738     0.292     2.179
    -1.458     0.410     1.862
    -2.196     0.498     1.540
    -2.949     0.560     1.224
    -3.384     0.646     0.902
    -3.131     0.707     0.596
    -2.631     0.794     0.360
    -2.148     0.779     0.156
    -1.650     0.554    -0.054
    -1.164     0.288    -0.257
    -0.670     0.057    -0.466
    -0.158    -0.282    -0.671
     0.273    -0.417    -0.878
     0.689    -0.298    -1.080
     1.093    -0.126    -1.164
     1.512    -0.014    -1.088
     1.914    -0.058    -0.976
     2.335    -0.275    -0.861
     2.737    -0.450    -0.746
     2.735    -0.496    -0.632
     2.455    -0.421    -0.516
     2.158    -0.406    -0.405
     1.846    -0.310    -0.284
     1.529    -0.192    -0.172
     1.224    -0.098     0.043
     0.899     0.021     0.317
     0.603     0.035     0.615
     0.270    -0.168     0.901
     0.026    -0.395     1.201
     0.519    -0.589     1.485
     1.362    -0.799     1.268
     2.152    -0.843     0.739
     2.999    -0.694     0.195
     3.786    -0.541    -0.376
     4.632    -0.413    -0.917
     5.421    -0.264    -1.492
     6.265    -0.130    -2.030
     6.781     0.011    -2.548
     6.232     0.114    -2.965
     5.251     0.051    -3.412
     4.309    -0.088    -3.813
     3.330    -0.141    -4.259
     2.385    -0.264    -4.472
     1.581    -0.413    -3.827
     1.001    -0.410    -2.851
     0.452    -0.034    -1.896
    -0.078     0.339    -0.924
    -0.626     0.681     0.042
    -1.156     0.825     0.798
    -1.705     0.581     1.441
    -2.234     0.370     2.037
    -2.222     0.272     2.669
    -1.735     0.020     3.236
    -1.184    -0.222     3.006
    -0.610    -0.407     2.422
    -0.060    -0.392     1.891
     0.513    -0.357     1.302
     1.065    -0.343     0.769
     1.636    -0.305     0.183
     2.157    -0.296    -0.355
     2.358    -0.164    -0.552
     2.402     0.224    -0.540
     2.478     0.525    -0.543
     2.552     0.786    -0.523
     2.622     1.084    -0.520
     2.701     1.248    -0.505
     2.767     1.073    -0.497
     2.851     0.744    -0.433
     2.768     0.450    -0.343
     2.068     0.191    -0.248
     1.107     0.177    -0.153
     0.153     0.340    -0.053
    -0.807     0.501     0.046
    -1.728     0.646     0.147
    -2.688     0.762     0.458
    -3.610     0.669     0.839
    -4.569     0.473     1.225
    -5.169     0.273     1.606
    -4.930     0.086     1.994
    -4.374    -0.047     2.374
    -3.842     0.070     2.419
    -3.324     0.321     2.254
    -2.783     0.624     2.067
    -2.235     0.866     1.866
    -1.673     0.341     1.677
    -1.097    -1.047     1.469
    -0.507    -2.428     1.249
     0.069    -3.342     1.014
     0.663    -3.063     0.784
     1.236    -2.136     0.552
     1.833    -1.375     0.319
     2.295    -0.660     0.098
     2.282    -0.070    -0.151
     2.052     0.170    -0.423
     1.845     0.429    -0.724
     1.616     0.696    -1.005
     1.407     0.969    -1.308
     1.181     1.102    -1.587
     0.969     0.846    -1.457
     0.746     0.500    -0.921
     0.532     0.188    -0.332
     0.287    -0.119     0.295
     0.016    -0.180     0.886
    -0.299    -0.179     1.504
    -0.613    -0.181     2.097
    -0.934    -0.187     2.289
    -1.247    -0.191     2.210
    -1.569    -0.196     2.103
    -1.881    -0.201     1.989
    -2.204    -0.205     1.874
    -2.516    -0.195     1.767
    -2.574    -0.061     1.654
    -2.431     0.079     1.551
    -2.275     0.219     1.424
    -2.109     0.352     0.987
    -1.951     0.473     0.339
    -1.788     0.483    -0.297
    -1.628     0.382    -0.971
    -1.466     0.286    -1.605
    -1.311     0.197    -2.280
    -1.180     0.106    -2.915
    -1.072     0.114    -3.106
    -0.946     0.049    -3.084
    -0.825    -0.024    -3.086
    -0.698    -0.085    -3.059
    -0.578    -0.147    -3.057
    -0.449    -0.086    -3.034
    -0.331     0.163    -3.028
    -0.201     0.402    -3.009
    -0.084     0.631    -2.873
     0.047     0.866    -2.676
     0.150     1.085    -2.473
     0.029     0.990    -2.278
    -0.202     0.643    -2.083
    -0.423     0.322    -1.888
    -0.651     0.005    -1.692
    -0.874    -0.314    -1.499
    -1.099    -0.635    -1.303
    -1.326    -0.949    -1.100
    -1.548    -1.252    -0.885
    -1.778    -1.354    -0.669
    -1.989    -1.159    -0.448
    -2.220    -0.973    -0.236
    -2.430    -0.812    -0.024
    -2.396    -0.626     0.188
    -2.247    -0.463     0.399
    -2.114    -0.281     0.612
    -1.966    -0.113     0.823
    -1.830     0.064     1.036
    -1.684     0.236     1.168
    -1.546     0.410     1.150
    -1.400     0.584     1.086
    -1.259     0.757     1.016
    -1.117     0.904     0.943
    -0.975     0.950     0.873
    -0.838     0.950     0.800
    -0.697     0.957     0.729
    -0.561     0.000     0.663
    -0.420     0.000     0.610
    -0.284     0.000     0.559
    -0.143     0.000     0.509
     0.003     0.000     0.459
     0.141     0.000     0.403
     0.279     0.000     0.347
     0.414     0.000     0.291
     0.700     0.000     0.235
     1.237     0.000     0.179
     1.863     0.000     0.122
     2.475     0.000     0.067
     3.105     0.000     0.043
     3.714     0.000     0.037
     4.362     0.000     0.029
     4.967     0.000     0.018
     5.597     0.000     0.006
     5.965     0.000    -0.007
     5.583     0.000    -0.018
     4.914     0.000     0.053
     4.267     0.000     0.263
     3.599     0.000     0.505
     2.950     0.000     0.754
     2.284     0.000     0.997
     1.658     0.000     1.237
     0.989     0.000     1.476
     0.427     0.000     1.715
     0.019     0.000     1.957
    -0.329     0.000     1.941
    -0.688     0.000     1.591
    -1.036     0.000     1.134
    -1.394     0.000     0.694
    -1.744     0.000     0.232
    -2.100     0.000    -0.206
    -2.112     0.000    -0.681
    -1.477     0.000    -1.123
    -0.627     0.000    -1.593
     0.225     0.000    -1.926
     1.073     0.000    -1.638
     1.929     0.000    -1.112
     2.772     0.000    -0.599
     3.632     0.000    -0.075
     4.472     0.000     0.445
     4.500     0.000     0.963
     3.817     0.000     1.474
     2.986     0.000     1.983
     2.124     0.000     2.046
     1.295     0.000     1.709
     0.432     0.000     1.310
    -0.396     0.000     0.892
    -1.259     0.000     0.514
    -1.901     0.000     0.292
    -1.884     0.000     0.139
    -1.596     0.000    -0.019
    -1.314     0.000    -0.192
    -1.036     0.000    -0.349
    -0.780     0.000    -0.515
    -0.505     0.000    -0.668
    -0.246     0.000    -0.837
     0.026     0.000    -0.982
     0.282     0.000    -0.836
     0.356     0.000    -0.562
     0.362     0.000    -0.302
     0.362     0.000    -0.028
     0.392     0.000     0.220
     0.383     0.000     0.486
     0.387     0.000     0.750
     0.237     0.000     0.873
    -0.368     0.000     0.702
    -1.150     0.000     0.431
    -1.918     0.000     0.171
    -2.697     0.000    -0.104
    -3.467     0.000    -0.362
    -4.244     0.000    -0.638
    -5.009     0.000    -0.910
    -5.401     0.000    -0.972
    -5.124     0.000    -0.899
    -4.640     0.000    -0.823
    -4.163     0.000    -0.736
    -3.677     0.000    -0.658
    -3.202     0.000    -0.573
    -2.714     0.000    -0.492
    -2.239     0.000    -0.410
    -1.752     0.000    -0.327
    -1.275     0.000    -0.250
    -0.798     0.000    -0.130
    -0.427     0.000    -0.004
    -0.260     0.000     0.125
    -0.161     0.000     0.251
    -0.062     0.000     0.379
     0.038     0.000     0.506
     0.136     0.000     0.634
     0.238     0.000     0.762
     0.335     0.000     0.888
     0.444     0.000     1.010
     0.534     0.000     1.038
     0.635     0.000     1.011
     0.821     0.000     0.973
     1.045     0.000     0.937
     1.267     0.000     0.901
     1.490     0.000     0.863
     1.713     0.000     0.755
     1.935     0.000     0.198
     2.159     0.000    -0.503
     2.369     0.000    -1.218
     2.589     0.000    -1.916
     2.710     0.000    -2.068
     2.566     0.000    -1.909
     2.325     0.000    -1.722
     2.091     0.000    -1.522
     1.850     0.000    -1.335
     1.616     0.000    -1.135
     1.374     0.000    -0.947
     1.141     0.000    -0.746
     0.884     0.000    -0.544
     0.766     0.000    -0.326
     0.771     0.000    -0.115
     0.812     0.000     0.102
     0.851     0.000     0.314
     0.888     0.000     0.531
     0.932     0.000     0.743
     0.964     0.000     0.960
     1.012     0.000     1.172
     0.929     0.000     1.263
     0.649     0.000     1.257
     0.284     0.000     1.238
    -0.046     0.000     1.213
    -0.415     0.000     1.194
    -0.741     0.000     1.170
    -1.113     0.000     1.013
    -1.438     0.000     0.724
    -1.229     0.000     0.408
    -1.108     0.000     0.090
    -1.164     0.000    -0.227
    -1.000     0.000    -0.538
    -0.755     0.000    -0.836
    -0.483     0.000    -1.128
    -0.231     0.000    -1.419
    -0.047     0.000    -1.709
     0.094     0.000    -2.000
     0.236     0.000    -2.290
     0.380     0.000    -2.370
     0.519     0.000    -2.157
     0.665     0.000    -1.870
     0.723     0.000    -1.566
     0.654     0.000    -1.271
     0.519     0.000    -0.968
     0.394     0.000    -0.674
     0.260     0.000    -0.370
     0.134     0.000     0.018
     0.001     0.000     0.459
    -0.126     0.000     0.886
    -0.258     0.000     1.332
    -0.386     0.000     1.758
    -0.547     0.000     1.805
    -0.675     0.000     1.534
    -0.804     0.000     1.235
    -0.933     0.000     0.910
    -1.073     0.000     0.609
    -1.223     0.000     0.265
    -1.366     0.000    -0.132
    -1.518     0.000    -0.577
    -1.658     0.000    -1.001
    -1.813     0.000    -1.445
    -1.967     0.000    -1.854
    -2.123     0.000    -1.939
    -2.255     0.000    -1.853
    -2.411     0.000    -1.763
    -2.543     0.000    -1.666
    -2.313     0.000    -1.573
    -1.892     0.000    -1.479
    -1.485     0.000    -1.332
    -1.060     0.000    -0.979
    -0.649     0.000    -0.551
    -0.252     0.000    -0.115
     0.169     0.000     0.324
     0.586     0.000     0.750
     1.013     0.000     1.190
     1.423     0.000     1.535
     1.881     0.000     1.683
     2.385     0.000     1.747
     2.946     0.000     1.828
     3.473     0.000     1.891
     4.036     0.000     1.971
     4.537     0.000     2.050
     4.442     0.000     2.135
     4.067     0.000     2.207
     3.722     0.000     2.290
     3.352     0.000     2.320
     3.002     0.000     1.946
     2.636     0.000     1.424
     2.283     0.000     0.904
     1.813     0.000     0.382
     1.272     0.000     0.159
     0.715     0.000     0.113
     0.165     0.000     0.074
    -0.383     0.000     0.040
    -0.933     0.000     0.001
    -1.482     0.000    -0.033
    -1.993     0.000    -0.072
    -2.270     0.000    -0.107
    -2.337     0.000    -0.145
    -2.361     0.000    -0.146
    -2.377     0.000    -0.125
    -2.411     0.000    -0.091
    -2.421     0.000    -0.060
    -2.248     0.000    -0.031
    -1.883     0.000     0.002
    -1.492     0.000     0.030
    -1.086     0.000     0.064
    -0.792     0.000     0.091
    -0.780     0.000     0.125
    -0.883     0.000     0.152
    -0.972     0.000     0.204
    -1.057     0.000     0.307
    -1.143     0.000     0.427
    -1.237     0.000     0.549
    -1.325     0.000     0.665
    -1.370     0.000     0.791
    -1.385     0.000     0.903
    -1.392     0.000     0.993
    -1.405     0.000     1.023
    -1.410     0.000     1.069
    -1.426     0.000     1.090
    -1.391     0.000     1.130
    -1.343     0.000     1.157
    -1.271     0.000     1.194
    -1.209     0.000     1.233
    -1.141     0.000     1.255
    -1.074     0.000     1.311
    -1.012     0.000     1.314
    -0.939     0.000     1.390
    -0.883     0.000     1.373
    -0.420     0.000     1.468
     0.274     0.000     1.425
     1.013     0.000     1.534
     1.723     0.000     0.483
     2.460     0.000    -2.140
     3.176     0.000    -3.111
     3.041     0.000    -3.112
     2.551     0.000    -3.249
     2.045     0.000    -3.250
     1.561     0.000    -3.371
     1.042     0.000    -3.387
     0.591     0.000    -3.476
     0.895     0.000    -3.483
     1.646     0.000    -3.533
     2.335     0.000    -3.558
     3.115     0.000    -3.593
     3.799     0.000    -3.630
     3.565     0.000    -3.657
     2.809     0.000    -3.699
     2.130     0.000    -3.399
     1.366     0.000    -2.562
     0.703     0.000    -1.569
     0.356     0.000    -0.569
     0.220     0.000     0.437
     0.041     0.000     1.000
    -0.107     0.000     1.203
    -0.275     0.000     1.337
    -0.432     0.000     1.462
    -0.593     0.000     1.597
    -0.757     0.000     1.721
    -0.911     0.000     1.790
    -1.047     0.000     1.802
    -1.219     0.000     1.831
    -1.488     0.000     1.856
    -1.767     0.000     1.882
    -2.064     0.000     1.910
    -2.342     0.000     1.934
    -2.639     0.000     1.962
    -2.835     0.000     1.982
    -2.623     0.000     1.846
    -2.245     0.000     1.649
    -1.869     0.000     1.437
    -1.491     0.000     1.234
    -1.123     0.000     1.036
    -0.746     0.000     0.712
    -0.504     0.000     0.326
    -0.438     0.000    -0.073
    -0.428     0.000    -0.468
    -0.414     0.000    -0.867
    -0.404     0.000    -1.146
    -0.389     0.000    -1.154
    -0.362     0.000    -1.087
    -0.347     0.000    -1.015
    -0.338     0.000    -0.938
    -0.322     0.000    -0.866
    -0.313     0.000    -0.790
    -0.297     0.000    -0.716
    -0.151     0.000    -0.641
     0.066     0.000    -0.567
     0.282     0.000    -0.504
     0.503     0.000    -0.476
     0.722     0.000    -0.468
     0.940     0.000    -0.455
     1.161     0.000    -0.443
     1.376     0.000    -0.430
     1.600     0.000    -0.418
     1.813     0.000    -0.405
     2.038     0.000    -0.394
     2.159     0.000    -0.380
     1.972     0.000    -0.369
     1.654     0.000    -0.356
     1.359     0.000    -0.349
     1.041     0.000    -0.341
     0.738     0.000    -0.334
     0.422     0.000    -0.326
     0.116     0.000    -0.319
    -0.196     0.000    -0.311
    -0.505     0.000    -0.253
    -0.674     0.000    -0.158
    -0.766     0.000    -0.059
    -0.839     0.000     0.041
    -0.930     0.000     0.145
    -1.001     0.000     0.241
    -1.087     0.000     0.301
    -1.152     0.000     0.317
    -0.976     0.000     0.320
    -0.687     0.000     0.322
    -0.410     0.000     0.325
    -0.124     0.000     0.328
     0.157     0.000     0.331
     0.438     0.000     0.334
     0.776     0.000     0.345
     1.275     0.000     0.325
     1.838     0.000     0.265
     2.381     0.000     0.195
     2.949     0.000     0.123
     3.488     0.000     0.053
     4.058     0.000    -0.019
     4.596     0.000    -0.089
     4.412     0.000    -0.161
     3.480     0.000    -0.226
     2.415     0.000    -0.225
     1.319     0.000    -0.230
     0.246     0.000    -0.235
    -0.410     0.000    -0.240
    -0.653     0.000    -0.245
    -0.818     0.000    -0.250
    -0.977     0.000    -0.255
    -1.139     0.000    -0.259
    -1.299     0.000    -0.265
    -1.461     0.000    -0.269
    -1.687     0.000    -0.255
    -1.957     0.000    -0.137
    -2.245     0.000     0.137
    -2.537     0.000     0.457
    -2.822     0.000     0.771
    -3.116     0.000     1.093
    -3.400     0.000     1.369
    -3.696     0.000     1.494
    -3.854     0.000     1.563
    -3.585     0.000     1.636
    -3.158     0.000     1.734
    -2.739     0.000     1.802
    -2.309     0.000     1.871
    -1.888     0.000     1.937
    -1.459     0.000     1.957
    -1.037     0.000     1.944
    -0.610     0.000     1.939
    -0.186     0.000     1.922
     0.229     0.000     1.918
     0.600     0.000     1.899
     0.938     0.000     1.713
     1.294     0.000     1.363
     1.652     0.000     1.014
     2.007     0.000     0.647
     2.366     0.000     0.299
     2.576     0.000    -0.068
     2.493     0.000    -0.378
     2.311     0.000    -0.478
     2.136     0.000    -0.483
     1.953     0.000    -0.504
     1.761     0.000    -0.484
     1.578     0.000    -0.507
     1.401     0.000    -0.650
     1.220     0.000    -0.906
     1.042     0.000    -1.163
     0.976     0.000    -1.437
     1.063     0.000    -1.694
     1.200     0.000    -1.967
     1.328     0.000    -2.225
     1.468     0.000    -2.227
     1.586     0.000    -2.049
     1.729     0.000    -1.891
     1.854     0.000    -1.721
     1.999     0.000    -1.561
     2.047     0.000    -1.394
     1.696     0.000    -1.232
     1.176     0.000    -1.067
     0.673     0.000    -0.903
     0.154     0.000    -0.722
    -0.350     0.000    -0.472
    -0.887     0.000    -0.193
    -1.393     0.000     0.081
    -1.907     0.000     0.348
    -2.414     0.000     0.623
    -2.927     0.000     0.853
    -3.435     0.000     0.904
    -3.671     0.000     0.886
    -3.506     0.000     0.873
    -3.229     0.000     0.855
    -2.951     0.000     0.841
    -2.670     0.000     0.827
    -2.393     0.000     0.810
    -2.111     0.000     0.794
    -1.835     0.000     0.777
    -1.550     0.000     0.761
    -1.278     0.000     0.740
    -0.990     0.000     0.663
    -0.691     0.000     0.564
    -0.312     0.000     0.467
     0.064     0.000     0.368
     0.450     0.000     0.266
     0.827     0.000     0.168
     1.228     0.000     0.068
     1.596     0.000    -0.053
     1.371     0.000    -0.189
     0.891     0.000    -0.320
     0.427     0.000    -0.456
    -0.051     0.000    -0.584
    -0.518     0.000    -0.634
    -0.992     0.000    -0.648
    -1.104     0.000    -0.692
    -0.959     0.000    -0.707
    -0.769     0.000    -0.725
    -0.576     0.000    -0.742
    -0.386     0.000    -0.744
    -0.193     0.000    -0.705
    -0.003     0.000    -0.651
     0.189     0.000    -0.599
     0.380     0.000    -0.545
     0.570     0.000    -0.492
     0.598     0.000    -0.467
     0.486     0.000    -0.414
     0.355     0.000    -0.368
     0.218     0.000    -0.366
     0.088     0.000    -0.388
    -0.049     0.000    -0.400
    -0.180     0.000    -0.426
    -0.315     0.000    -0.435
    -0.384     0.000    -0.463
    -0.344     0.000    -0.572
    -0.262     0.000    -0.861
    -0.186     0.000    -1.119
    -0.112     0.000    -1.404
    -0.035     0.000    -1.663
     0.039     0.000    -1.491
     0.116     0.000    -1.132
     0.190     0.000    -0.791
     0.267     0.000    -0.433
     0.378     0.000    -0.088
     0.509     0.000     0.266
     0.650     0.000     0.430
     0.782     0.000     0.544
     0.921     0.000     0.639
     1.051     0.000     0.732
     1.192     0.000     0.828
     1.320     0.000     0.868
     1.462     0.000     0.863
     1.590     0.000     0.843
     1.527     0.000     0.826
     1.368     0.000     0.807
     1.240     0.000     0.743
     1.081     0.000     0.724
     0.930     0.000     0.643
     0.774     0.000     0.534
     0.620     0.000     0.420
     0.410     0.000     0.308
     0.143     0.000     0.194
    -0.124     0.000     0.081
    -0.405     0.000     0.135
    -0.669     0.000     0.295
    -0.930     0.000     0.434
    -1.192     0.000     0.610
    -1.479     0.000     0.794
    -1.637     0.000     0.970
    -1.292     0.000     1.012
    -0.733     0.000     0.991
    -0.198     0.000     0.976
     0.359     0.000     0.954
     0.897     0.000     0.821
     1.178     0.000     0.592
     1.133     0.000     0.305
     1.002     0.000     0.059
     0.863     0.000    -0.190
     0.730     0.000    -0.434
     0.593     0.000    -0.685
     0.459     0.000    -0.898
     0.323     0.000    -0.894
     0.188     0.000    -0.802
     0.052     0.000    -0.719
    -0.082     0.000    -0.625
    -0.196     0.000    -0.569
    -0.331     0.000    -0.475
    -0.339     0.000    -0.387
    -0.269     0.000    -0.294
    -0.199     0.000    -0.205
    -0.123     0.000    -0.113
    -0.052     0.000    -0.058
     0.024     0.000    -0.060
     0.095     0.000    -0.078
     0.170     0.000    -0.097
     0.244     0.000    -0.130
     0.263     0.000    -0.148
     0.266     0.000    -0.164
     0.267     0.000    -0.182
     0.271     0.000    -0.199
     0.271     0.000    -0.216
     0.275     0.000    -0.233
     0.276     0.000    -0.250
     0.278     0.000    -0.268
     0.281     0.000    -0.284
     0.152     0.000    -0.303
    -0.125     0.000    -0.318
    -0.441     0.000    -0.334
    -0.748     0.000    -0.350
    -1.068     0.000    -0.365
    -1.371     0.000    -0.382
    -1.693     0.000    -0.397
    -1.994     0.000    -0.413
    -1.866     0.000    -0.428
    -1.469     0.000    -0.445
    -1.074     0.000    -0.442
    -0.652     0.000    -0.457
    -0.259     0.000    -0.470
     0.163     0.000    -0.484
     0.556     0.000    -0.491
     0.977     0.000    -0.442
     1.347     0.000    -0.375
     1.393     0.000    -0.306
     1.286     0.000    -0.239
     1.197     0.000    -0.170
     1.086     0.000    -0.073
     0.989     0.000     0.002
     0.886     0.000     0.161
     0.679     0.000     0.349
     0.371     0.000     0.538
     0.033     0.000     0.727
    -0.294     0.000     0.917
    -0.636     0.000     1.064
    -0.960     0.000     1.092
    -1.304     0.000     1.081
    -1.485     0.000     1.118
    -1.207     0.000     1.110
    -0.738     0.000     1.102
    -0.289     0.000     1.094
     0.179     0.000     1.085
     0.630     0.000     1.078
     1.096     0.000     1.069
     1.550     0.000     1.062
     1.758     0.000     1.053
     1.617     0.000     1.046
     1.367     0.000     1.093
     1.132     0.000     1.087
     0.896     0.000     1.085
     0.662     0.000     1.135
     0.425     0.000     1.351
     0.192     0.000     1.607
     0.008     0.000     1.875
    -0.087     0.000     2.129
    -0.163     0.000     2.399
    -0.234     0.000     2.653
    -0.320     0.000     2.568
    -0.393     0.000     2.153
    -0.470     0.000     1.713
    -0.543     0.000     1.259
    -0.621     0.000     0.817
    -0.694     0.000     0.366
    -0.659     0.000    -0.047
    -0.560     0.000    -0.392
    -0.460     0.000    -0.711
    -0.355     0.000    -1.032
    -0.258     0.000    -1.290
    -0.153     0.000    -1.607
    -0.051     0.000    -1.833
     0.053     0.000    -2.016
     0.156     0.000    -2.199
     0.260     0.000    -2.379
     0.307     0.000    -2.562
     0.238     0.000    -2.742
     0.130     0.000    -2.926
     0.024     0.000    -3.105
    -0.105     0.000    -3.218
    -0.209     0.000    -3.146
    -0.317     0.000    -2.769
    -0.421     0.000    -2.297
    -0.528     0.000    -1.837
    -0.632     0.000    -1.362
    -0.739     0.000    -0.903
    -0.844     0.000    -0.428
    -0.950     0.000     0.028
    -1.073     0.000     0.211
    -1.222     0.000     0.326
    -1.358     0.000     0.406
    -1.489     0.000     0.476
    -1.626     0.000     0.553
    -1.755     0.000     0.625
    -1.895     0.000     0.701
    -2.022     0.000     0.775
    -2.163     0.000     0.799
    -2.232     0.000     0.609
    -1.956     0.000     0.349
    -1.530     0.000     0.142
    -1.121     0.000    -0.116
    -0.690     0.000    -0.377
    -0.281     0.000    -0.634
     0.150     0.000    -0.632
     0.559     0.000    -0.464
     0.989     0.000    -0.279
     1.399     0.000    -0.085
     1.828     0.000     0.099
     2.239     0.000     0.294
     2.229     0.000     0.437
     1.968     0.000     0.421
     1.675     0.000     0.350
     1.374     0.000     0.286
     1.078     0.000     0.215
     0.779     0.000     0.150
     0.481     0.000     0.080
     0.183     0.000     0.025
    -0.115     0.000     0.019
    -0.412     0.000     0.032
    -0.714     0.000     0.061
    -1.007     0.000     0.075
    -1.092     0.000     0.087
    -0.940     0.000     0.101
    -0.732     0.000     0.114
    -0.521     0.000     0.127
    -0.313     0.000     0.140
    -0.101     0.000     0.133
     0.106     0.000     0.103
     0.319     0.000     0.068
     0.497     0.000     0.027
     0.715     0.000    -0.009
     0.924     0.000    -0.044
     1.143     0.000    -0.081
     1.351     0.000    -0.116
     1.570     0.000    -0.152
     1.770     0.000    -0.187
     1.724     0.000    -0.224
     1.567     0.000    -0.259
     1.422     0.000    -0.267
     1.265     0.000    -0.286
     1.121     0.000    -0.274
     0.968     0.000    -0.262
     0.823     0.000    -0.250
     0.671     0.000    -0.239
     0.524     0.000    -0.227
     0.374     0.000    -0.216
     0.226     0.000    -0.203
     0.076     0.000    -0.193
    -0.072     0.000    -0.176
    -0.221     0.000    -0.152
    -0.366     0.000    -0.075
    -0.420     0.000    -0.001
    -0.394     0.000     0.076
    -0.353     0.000     0.150
    -0.310     0.000     0.227
    -0.268     0.000     0.302
    -0.226     0.000     0.378
    -0.184     0.000     0.434
    -0.142     0.000     0.455
    -0.105     0.000     0.408
    -0.060     0.000     0.415
    -0.015     0.000     0.421
     0.029     0.000     0.428
     0.074     0.000     0.434
     0.118     0.000     0.441
     0.163     0.000     0.447
     0.207     0.000     0.453
     0.253     0.000     0.485
     0.297     0.000     0.540
     0.336     0.000     0.534
     0.380     0.000     0.591
     0.388     0.000     0.647
     0.355     0.000     0.704
     0.314     0.000     0.759
     0.272     0.000     0.817
     0.230     0.000     0.872
     0.189     0.000     0.929
     0.147     0.000     0.985
     0.105     0.000     1.007
     0.086     0.000     0.939
     0.044     0.000     0.939
     0.003     0.000     0.937
    -0.039     0.000     0.936
    -0.080     0.000     0.935
    -0.122     0.000     0.934
    -0.163     0.000     0.933
    -0.205     0.000     0.913
    -0.247     0.000     0.866
    -0.288     0.000     0.812
    -0.332     0.000     0.757
    -0.374     0.000     0.703
    -0.416     0.000     0.647
    -0.458     0.000     0.594
    -0.500     0.000     0.538
    -0.542     0.000     0.485
    -0.584     0.000     0.429
    -0.626     0.000     0.376
    -0.668     0.000     0.362
    -0.710     0.000     0.000
    -0.737     0.000     0.000
    -0.782     0.000     0.000
    -0.826     0.000     0.000
    -0.870     0.000     0.000
    -0.880     0.000     0.000
    -0.831     0.000     0.000
    -0.765     0.000     0.000
    -0.699     0.000     0.000
    -0.632     0.000     0.000
    -0.566     0.000     0.000
    -0.493     0.000     0.000
    -0.430     0.000     0.000
    -0.366     0.000     0.000
    -0.303     0.000     0.000
    -0.239     0.000     0.000
    -0.176     0.000     0.000
    -0.112     0.000     0.000
    -0.049     0.000     0.000
     0.015     0.000     0.000
     0.079     0.000     0.000
     0.153     0.000     0.000
     0.214     0.000     0.000
     0.272     0.000     0.000
     0.332     0.000     0.000
     0.391     0.000     0.000
     0.451     0.000     0.000
     0.490     0.000     0.000
     0.459     0.000     0.000
     0.401     0.000     0.000
     0.345     0.000     0.000
     0.303     0.000     0.000
     0.242     0.000     0.000
     0.180     0.000     0.000
     0.119     0.000     0.000
     0.056     0.000     0.000
    -0.005     0.000     0.000
    -0.067     0.000     0.000
    -0.127     0.000     0.000
    -0.190     0.000     0.000
    -0.250     0.000     0.000
    -0.313     0.000     0.000
    -0.373     0.000     0.000
    -0.437     0.000     0.000
    -0.496     0.000     0.000
    -0.560     0.000     0.000
    -0.619     0.000     0.000
    -0.634     0.000     0.000
     0.000     0.000     0.000
     0.000     0.000     0.000
