********************************************************************************
                       INSTITUTO DE INGENIERIA, UNAM
                   Coordinacion de Instrumentacion Sismica
  Ciudad Universitaria, Apartado Postal 70-472, Coyoacan 04510, Mexico, D.F.
 Tel.(52-5)622-3414    Fax.(52-5)616-1514    e-mail: isismica@pumas.iingen.unam.mx
********************************************************************************
ARCHIVO ESTANDAR DE ACELERACION:
VERSION DEL FORMATO                    : 2.0
NOMBRE DEL ARCHIVO                     : TUXT7503.141
FECHA Y HORA DE CREACION               : Wed Mar  4 11:45:55 1998
REF. CATALOGO ACELEROGRAMAS, SMIS 1995 : REGISTRO No. 85 /PAG. 38


================================================================================
DATOS DE LA ESTACION:
NOMBRE DE LA ESTACION                  : TUXTLA GUTIERREZ
CLAVE DE LA ESTACION                   : TUXT
LOCALIZACION DE LA ESTACION            : Campamento SOP, Av. Central, a 15
                                       : cuadras del Zocalo, Chiapas.
                                       :
                                       :
                                       :
COORDENADAS DE LA ESTACION             : 16.747 LAT. N 
                                       : 93.130 LONG. W 
ALTITUD (msnm)                         : 680 
TIPO DE SUELO                          : 
                                       : 
                                       :
INSTITUCION RESPONSABLE                : INSTITUTO DE INGENIERIA UNAM
                                       :

================================================================================
DATOS DEL ACELEROGRAFO:
MODELO DEL ACELEROGRAFO                : SMA-1
NUMERO DE SERIE DEL ACELEROGRAFO       : 0172
NUMERO DE CANALES                      : 3
ORIENTACION C1-C6 (rumbo;orientacion)  : /N00E/+V/N90W
ORIENTACION C7-C12 (rumbo;orientacion) :
VEL. DE MUESTREO, C1-C6 (muestras/s)   : /--/--/--
VEL. DE MUESTREO, C7-C12 (muestras/s)  :
ESC. COMPLETA DE SENSORES, C1-C6, (g)  : /1/1/1
ESC. COMPLETA DE SENSORES, C7-C12, (g) :
FREC. NAT. DE SENSORES, C1-C6, (Hz)    : /26.5/26.4/26.2
FREC. NAT. DE SENSORES, C7-C12, (Hz)   :
AMORTIGUAMIENTO DE SENSORES, C1-C6     : /0.6/0.6/0.6
AMORTIGUAMIENTO DE SENSORES, C7-C12    :
INTERVALO DE MUESTREO, C1-C6, (s)      : /0.02/0.02/0.02
INTERVALO DE MUESTREO, C7-C12, (s)     :
UMBRAL DE DISPARO, C1-C6, (Gal)       *: /--/10/--
UMBRAL DE DISPARO, C7-C12, (Gal)       :
MEMORIA DE PREEVENTO (s)               : 0
TIEMPO DE POSEVENTO (s)                : 8


================================================================================
DATOS DEL SISMO:
FECHA DEL SISMO [GMT]                  : 1975/03/14
HORA EPICENTRO (GMT)                   : 06:04:31,0
MAGNITUD(ES)                           : /Mb=5.50
COORDENADAS DEL EPICENTRO              : 16.110 LAT. N 
                                       : 93.630 LONG. W 
PROFUNDIDAD FOCAL (km)                 : 155 
FUENTES DE LOS DATOS EPICENTRALES      : SSN
                                       : INSTITUTO DE GEOFISICA, UNAM

================================================================================
DATOS DE ESTE REGISTRO:
HORA DE LA PRIMERA MUESTRA (GMT)       : --:--:--.-
EXACTITUD DEL TIEMPO (s)               : --     
DURACION DEL REGISTRO (s), C1-C6       : /33.24/33.36/33.3
DURACION DEL REGISTRO (s), C7-C12      :
NUM. TOTAL DE MUESTRAS, C1-C6          : /1662/1668/1665
NUM. TOTAL DE MUESTRAS, C7-C12         :
ACEL. MAX.(Gal), C1-C6                 : /-76.560/-23.704/-75.610
ACEL. MAX., C1-C6, EN LA MUESTRA       : /892/868/859   
ACEL. MAX.(Gal), C7-C12                :
ACEL. MAX., C7-C12, EN LA MUESTRA      :
UNIDADES DE LOS DATOS                  : Gal (cm/s/s)
FACTOR DE DECIMACION                   : 1
FORMATO DATOS (FORTRAN,10 campos/dato) : 3F10.3


===============================================================================
CALIDAD DEL ACELEROGRAMA:
REGISTRO ANALOGICO AL QUE FALTA UNA PARTE AL INICIO SIN TIEMPO
ABSOLUTO. DIGITALIZACION SEMIAUTOMATICA O MANUAL.

===============================================================================
COMENTARIOS:

          * Disparo por arrancador mecánico
            Registro en película fotográfica de 70 mm











===============================================================================
DATOS DE ACELERACION:
---------+---------+---------+---------+---------+---------+---------+---------+
   CANAL-1   CANAL-2   CANAL-3   CANAL-4   CANAL-5   CANAL-6   CANAL-7   CANAL-8
      N00E        +V      N90W
---------+---------+---------+---------+---------+---------+---------+---------+
    -1.448     2.235     3.678
    -1.191     1.435    -0.857
    -0.974     0.829    -2.409
    -0.787     0.051    -0.273
    -0.572    -0.521     2.380
    -0.381     0.455     3.159
    -0.169     2.594    -0.006
     0.024     1.341    -2.622
     0.221    -1.841    -2.895
     0.328    -1.404    -2.035
     0.299    -0.700    -0.486
     0.279    -0.631    -0.289
     0.265    -0.371    -0.664
     0.246    -0.262     0.059
     0.231     0.344     1.631
     0.213     0.894     1.810
     0.198     1.871    -0.101
     0.180     1.854    -0.525
     0.164     1.316     0.501
     0.147     1.594     0.608
     0.117     2.077     0.539
     0.089     2.041     0.817
     0.061     1.482     1.689
     0.033     1.005     2.495
     0.004     0.519     2.289
    -0.024     0.045     1.578
    -0.052    -0.358     1.069
    -0.081    -0.742     0.968
    -0.109    -1.032     1.006
    -0.137    -0.994     0.768
    -0.176    -0.613     0.245
    -0.214    -0.349    -0.421
    -0.252    -0.154    -0.479
    -0.290    -0.342     0.704
    -0.329    -0.675     1.710
    -0.367    -1.008     1.389
    -0.405    -0.787     0.725
    -0.443     0.116    -0.141
    -0.482     1.283    -1.766
    -0.520     2.395    -2.690
    -0.565     1.081    -2.131
    -0.611    -0.967    -1.934
    -0.657    -0.504    -2.977
    -0.703     0.856    -3.672
    -0.749     2.360    -2.688
    -0.795     4.045    -1.413
    -0.840     5.189    -0.664
    -0.887     4.660     0.047
    -0.931     2.056     0.653
    -0.979    -2.385     1.368
    -0.982    -6.708     1.661
    -0.835    -7.406     0.799
    -0.608    -5.571    -0.449
    -0.397    -3.842    -0.769
    -0.179    -1.652    -0.329
     0.031     2.048    -0.068
     0.250     5.489    -0.160
     0.404     5.623    -0.542
     0.386     2.685    -0.865
     0.323    -2.044    -1.170
     0.280    -6.240    -1.288
     0.221    -6.690    -1.319
     0.172    -4.871    -0.921
     0.116    -2.919     0.894
     0.063    -0.867     1.805
     0.012     1.237     0.644
    -0.046     3.623    -0.511
    -0.092     4.519    -1.351
    -0.155     3.533    -2.323
    -0.197     2.383    -2.323
    -0.252     0.783    -1.117
    -0.198    -1.596     0.164
     0.075    -3.529     1.157
     0.336    -3.751     1.928
     0.591    -1.588     2.623
     0.843     2.549     2.926
     1.091     4.536     2.171
     1.203     2.900     0.926
     1.142     0.232    -0.165
     1.074    -2.192    -2.484
     1.043    -2.320    -4.092
     0.985    -1.127    -2.309
     1.176    -0.321    -0.305
     2.184     0.784     1.537
     2.934     1.336     3.735
     2.410     2.098     4.370
     1.467     1.047     3.903
     0.651    -2.429     3.243
    -0.192    -3.497     1.678
    -0.616    -2.625    -1.426
    -0.492    -1.256    -3.674
    -0.418     1.386    -3.422
    -0.335     3.396    -2.105
    -0.302     3.369    -0.476
     0.079     2.606     0.774
     1.103     1.179     0.687
     2.129    -2.835    -0.168
     2.241    -6.490    -0.963
     1.257    -8.075    -1.512
     0.209    -7.267    -1.394
    -0.470    -3.259    -0.965
    -0.810     0.159    -0.651
    -0.967     3.442    -0.507
    -1.158     4.818    -0.389
    -1.120     1.436    -0.281
    -0.876    -0.516    -0.408
    -1.140    -0.667    -0.638
    -1.570    -1.125    -0.628
    -0.750    -0.862     0.274
     0.910    -0.820     1.558
     1.709    -0.247     2.709
     0.902     1.421     3.778
    -0.386     3.313     3.834
    -1.069     3.462     3.382
    -1.115     1.201     2.441
    -1.058    -0.594     0.607
    -1.118    -1.323    -1.323
    -0.690    -1.770    -1.674
     0.065    -2.222    -0.212
     0.771    -2.521     1.589
     0.786    -2.080     2.437
    -0.050    -0.667     0.225
    -0.826     1.947    -1.498
    -1.587     3.440     0.167
    -2.348     2.303     1.298
    -3.128     1.313     1.644
    -3.550     0.317     1.639
    -2.872    -0.919     1.724
    -1.753     0.435     2.493
    -0.745     2.502     3.038
     0.333     2.641     3.411
     1.186     1.038     2.182
     1.448    -0.681    -0.300
     1.374     0.402    -3.186
     1.346     1.717    -4.570
     1.331     1.484    -1.782
     1.149     1.512     0.687
     0.581     1.427     0.732
    -0.064     1.269     0.993
    -0.626     1.136     1.289
    -1.262     0.926     1.336
    -1.512     0.843     0.995
    -0.801     0.788     0.295
     0.408     0.807    -0.726
     1.452     0.771    -1.938
     2.607     0.865    -1.499
     3.256     1.268     0.009
     2.702     1.836     1.203
     1.911     2.391     1.798
     1.228     2.730     1.820
     0.508     2.330     1.420
    -0.103     1.483    -2.374
    -0.701     0.808    -6.400
    -1.211     0.374    -6.441
    -1.326     0.185    -5.955
    -0.967     0.164    -4.653
    -0.631     0.317    -2.614
    -0.347     0.429    -1.091
     0.008     0.522     0.755
     0.083     0.340     1.161
    -0.316    -0.424    -0.155
    -0.922    -1.073    -1.694
    -1.693    -1.792    -3.872
    -3.192    -2.021    -5.237
    -3.690    -1.117    -4.400
    -2.150    -0.132    -3.131
    -0.460     0.510    -1.672
     0.678     0.603    -0.149
     1.093     0.528     1.784
     1.457     0.573     2.786
     2.699     0.577     1.113
     3.478     0.777    -0.623
     3.130     0.969    -1.597
     2.614     1.182    -2.106
     2.191     1.392    -2.418
     1.314     1.568    -2.399
    -0.919     1.707    -1.500
    -3.051     1.651    -0.720
    -3.408     1.662     0.078
    -3.598     1.196     0.876
    -3.212     0.043     1.641
    -1.682    -1.154     2.072
    -0.174    -2.355     1.836
     1.007    -4.080     1.704
     1.629    -5.245     1.446
     1.920    -4.370     0.948
     1.638    -3.002     0.369
     0.841    -1.777    -0.034
     0.054    -0.811    -0.089
    -0.543    -1.054    -0.291
    -1.189    -1.482    -1.623
    -1.292    -1.992    -3.186
    -0.546    -2.051    -1.996
     0.408    -1.245     0.144
     1.371    -0.420     1.235
     2.821    -0.308     1.608
     3.452    -1.449     0.997
     1.471    -2.363     0.802
    -0.151    -1.982     1.039
    -3.037    -0.739     1.212
    -6.871     0.248     0.617
    -6.387    -0.110    -0.126
    -4.716    -1.005     0.658
    -3.158    -1.890     1.574
    -1.168    -2.537     1.990
     0.158    -2.505     1.929
     1.059    -2.124     1.665
     1.726    -1.803     1.591
     2.306    -1.616     1.424
     2.056    -1.628     1.324
     1.636    -1.607     1.246
     0.995    -1.586     1.115
     0.057    -1.609     1.141
    -0.622    -1.608     1.121
    -1.080    -1.907     1.324
    -0.959    -2.527     1.878
     0.562    -3.197     2.394
     3.702    -3.428     2.967
     5.292    -2.474     3.257
     4.838    -0.616     3.104
     4.281     0.661     1.653
     2.872     0.764    -1.141
     1.003     0.698    -4.406
    -0.492     0.734    -6.624
    -1.040     0.742    -5.776
    -0.946     0.872    -4.003
    -0.674     0.994    -2.222
     0.825     1.095    -0.016
     2.564     1.234     2.032
     4.368     1.166     3.288
     5.246     0.841     3.006
     3.706     0.451     2.695
     1.585     0.142     2.068
    -0.446    -0.173     0.326
    -1.992     0.044    -0.625
    -2.924     1.077    -0.148
    -3.813     2.015     0.523
    -3.955     2.979     1.812
    -3.539     3.536     3.644
    -3.244     3.068     4.221
    -2.586     2.625     3.036
    -1.160     2.252     0.608
     0.328     1.810    -0.722
     1.673     1.526    -0.541
     2.947     1.644    -0.502
     3.070     2.108    -0.566
     2.046     2.545    -0.695
     1.117     2.721    -0.906
     0.064     1.984    -0.642
    -1.708     0.400     0.683
    -4.221    -0.575     1.948
    -5.295    -0.094     1.612
    -4.132     0.803     0.386
    -3.202     1.543    -0.842
    -2.052     1.917    -1.758
    -0.107     1.723    -1.893
     2.116     1.582    -1.561
     3.189     1.464    -1.242
     2.018     1.310    -0.759
     1.116     1.171    -0.234
     0.740     0.975     0.461
     0.394     0.826     1.034
     0.175     0.660     0.672
    -0.032     0.579     0.079
     0.581     0.532     0.629
     1.370     0.495     2.859
     2.298     0.446     3.576
     2.576     0.495     1.007
     1.601     0.827    -0.904
     0.538     1.186    -1.053
    -0.507     1.520    -0.880
    -2.486     1.752    -0.712
    -5.409     1.564    -0.775
    -7.175     1.222    -0.782
    -7.964     0.908    -0.802
    -7.314     0.586    -0.824
    -4.394     0.273    -0.818
    -1.731    -0.014    -0.844
    -0.029    -0.142    -0.836
     0.960    -0.155    -0.845
     1.816    -0.199    -0.855
     2.580    -0.224    -0.844
     2.816    -0.246    -0.853
     3.220    -0.274    -0.817
     3.370    -0.348    -0.832
     3.043    -0.494    -0.941
     2.528    -0.642    -2.101
     2.063    -0.774    -4.471
     1.482    -0.949    -4.860
     0.609    -1.175    -2.926
    -0.232    -1.461    -1.243
    -0.935    -1.690     0.518
    -1.068    -1.929     1.726
    -0.781    -1.966     0.894
    -0.537    -1.662    -0.307
    -0.308    -1.382    -0.826
    -0.060    -1.113    -1.050
     0.091    -0.838    -0.755
     0.104    -0.564    -0.516
     0.104    -0.410    -0.438
     0.230    -0.660    -0.422
     0.606    -0.948    -0.178
     1.046    -1.222     0.773
     1.476    -1.496     1.865
     1.978    -1.772     2.655
     2.889    -1.947     2.168
     3.895    -1.795     0.529
     3.412    -1.578    -1.015
     1.791    -1.369    -2.057
     0.123    -1.169    -1.692
    -2.115    -0.979    -0.859
    -4.139    -0.944    -0.613
    -4.015    -1.274    -0.525
    -2.382    -1.598    -0.104
    -0.883    -1.843     2.149
     0.533    -1.953     3.654
     1.788    -1.715     2.013
     2.048    -1.226    -0.084
     1.552    -0.728    -1.785
     0.792    -0.271    -2.298
    -1.072     0.172    -1.437
    -2.853     0.397    -0.795
    -3.029     0.392    -0.175
    -2.853     0.395     0.262
    -2.070     0.415     0.588
    -0.632     0.421     1.024
     0.662     0.460     1.257
     1.223     0.560     1.610
     0.731     0.680     1.624
     0.298     0.795     1.379
    -0.349     0.906    -0.135
    -1.355     1.012    -2.934
    -2.234     1.030    -3.009
    -2.392     0.937    -0.744
    -1.456     0.847     1.170
    -0.595     0.770     3.224
     0.456     0.680     4.862
     2.308     0.627     5.312
     4.572     0.663     4.518
     5.710     0.775     3.073
     4.100     0.878     1.696
     0.709     0.979     0.083
    -1.695     1.085    -1.396
    -2.001     1.181    -2.595
    -1.708     1.271    -3.121
    -0.998     1.279    -2.558
     0.164     1.305    -1.987
     1.172     1.312    -1.551
     2.039     1.336    -1.244
     2.354     1.183    -1.252
     2.764     0.520    -1.185
     2.721    -0.194    -1.112
     1.322    -0.908    -0.935
    -0.009    -1.389    -0.726
    -0.930    -1.236    -0.547
    -1.569    -1.062    -0.376
    -1.568    -0.932    -0.356
    -1.369    -0.763    -0.303
    -1.221    -0.639    -0.260
    -0.934    -0.479    -0.237
    -0.237    -0.335    -0.367
     0.697    -0.184    -1.009
     1.278    -0.135    -1.581
     0.963    -0.247    -2.383
     0.529    -0.356    -2.989
    -0.207    -0.451    -2.009
    -2.249    -0.539    -0.302
    -3.517    -0.516     1.189
    -3.357    -0.374     2.139
    -2.571    -0.238     3.005
    -0.926    -0.091     3.228
     0.834     0.036     1.681
     1.967     0.100    -0.079
     2.140     0.115    -0.907
     1.806     0.126    -0.817
     1.119     0.149    -0.728
     0.252     0.117    -0.597
    -0.471    -0.029     0.098
    -1.500    -0.180     0.704
    -2.110    -0.315     1.385
    -1.904    -0.446     1.975
    -1.583    -0.581     2.564
    -1.163    -0.737     2.711
    -0.459    -0.773     1.839
     0.162    -0.535     1.005
     0.825    -0.256     0.550
     1.265    -0.015     0.410
     1.021     0.263     0.286
     0.642     0.501     0.164
     0.082     0.782     0.201
    -1.048     0.890     0.237
    -2.619     0.560     0.125
    -2.726     0.179    -0.203
    -1.040    -0.154    -0.537
     0.009    -0.497    -0.755
     0.812    -0.621    -0.672
     1.634    -0.494    -0.431
     1.649    -0.372    -0.199
     1.360    -0.274     0.009
     1.002    -0.155     0.237
     0.712    -0.028     0.309
     0.266     0.156     0.059
    -0.247     0.377    -0.151
    -0.767     0.613    -0.396
    -1.124     0.825    -0.569
    -0.829     1.049    -1.036
    -0.376     1.081    -1.921
     0.239     0.759    -2.998
     0.943     0.457    -3.227
     1.756     0.210    -1.718
     1.979     0.135    -0.042
     1.007     0.273     1.163
     0.008     0.378     1.646
    -0.818     0.488     1.514
    -1.413     0.595     1.467
    -1.835     0.719     0.956
    -1.537     0.889     0.111
     0.106     1.070    -0.529
     1.661     1.248    -0.500
     2.837     1.427    -0.039
     3.843     1.606     0.346
     3.905     1.762     0.752
     3.001     1.776     1.173
     2.069     1.539     1.656
     1.269     1.333     2.129
     0.368     1.124     2.601
    -0.323     0.917     2.963
    -0.454     0.513     2.872
    -0.101    -0.535     2.523
     0.206    -1.654     2.202
     0.474    -2.777     1.908
     0.791    -3.561     1.715
     0.988    -3.300     1.546
     0.991    -2.742     1.370
     0.935    -2.261     1.196
     0.931    -1.742     0.994
     0.879    -1.260     0.810
     0.802    -0.746     0.606
     0.307    -0.268     0.435
    -0.564     0.236     0.237
    -1.439     0.612     0.059
    -2.036     0.650    -0.269
    -1.876     0.504    -0.928
    -1.362     0.378    -1.553
    -0.936     0.263    -2.002
    -0.464     0.104    -2.169
    -0.151    -0.109    -2.378
    -0.225    -0.351    -2.132
    -0.571    -0.557    -0.606
    -0.848    -0.801     0.675
    -1.145    -0.855     0.872
    -1.149    -0.403     0.711
    -0.579     0.134    -0.105
    -0.054     0.617    -1.451
     0.459     1.094    -2.803
     0.746     1.297    -4.086
     0.200     1.283    -5.423
    -0.737     1.267    -6.206
    -1.597     1.279    -5.104
    -2.492     1.267    -2.996
    -3.157     1.229    -1.069
    -3.206     1.024     0.504
    -2.988     0.569     1.294
    -2.725     0.138     2.158
    -1.970    -0.252     2.708
    -0.800    -0.409     2.248
     0.307    -0.261     1.754
     1.388    -0.135     1.409
     1.964    -0.027     1.105
     1.760     0.072     0.854
     1.585     0.010     0.520
     1.492    -0.104     0.450
     1.210    -0.223     0.614
     0.606    -0.332     0.821
    -0.437    -0.426     0.802
    -1.060    -0.463     0.363
    -0.842    -0.445    -0.061
    -0.535    -0.344    -0.214
    -0.298     0.263    -0.059
    -0.050     0.965     0.069
     0.036     0.760     0.167
     0.029     0.109     0.043
     0.020    -0.440    -0.904
     0.021    -1.036    -1.767
     0.016    -1.432    -2.661
     0.016    -1.338    -3.060
     0.010    -1.063    -2.254
     0.011    -0.898    -1.530
     0.004    -0.770    -0.859
     0.005    -0.658    -0.144
    -0.035    -0.541     0.462
    -0.242    -0.429     0.687
    -0.438    -0.366     0.239
    -0.638    -0.358    -0.117
    -0.828    -0.256    -0.230
    -1.033     0.177    -0.097
    -1.112     0.660     0.058
    -0.890     1.130     0.155
    -0.675     1.278     0.309
    -0.484     0.861     0.422
    -0.253     0.469     0.593
    -0.051     0.123     0.745
     0.142    -0.184     0.916
     0.253    -0.229     0.897
     0.362    -0.204     0.557
     0.475    -0.183     0.230
     0.582    -0.066    -0.003
     0.697     0.405    -0.038
     0.786     1.094     0.013
     0.825     1.735     0.025
     0.849     2.401     0.066
     0.872     3.048     0.095
     0.892     3.490     0.144
     0.913     2.655     0.180
     0.935     0.210     0.197
     0.956    -1.598     0.129
     0.978    -1.940    -0.042
     1.000    -2.093    -0.257
     1.020    -2.308    -0.958
     1.044    -2.493    -2.085
     1.040    -2.536    -3.065
     0.900    -2.018    -3.208
     0.652    -1.434    -2.495
     0.427    -0.884    -1.826
     0.190    -0.591    -1.272
     0.061    -1.545    -0.955
     0.229    -3.037    -0.948
     0.445    -4.453    -0.889
     0.584    -4.572    -0.838
     0.465    -2.775    -0.788
     0.047    -1.089    -0.715
    -0.320     0.030    -0.655
    -0.709     0.762    -0.595
    -0.923     0.503    -0.526
    -0.707    -0.684    -0.476
    -0.478    -1.515    -0.396
    -0.292    -1.372    -0.335
    -0.061    -1.157     0.031
     0.120    -1.015     0.917
     0.350    -0.629     1.787
     0.383     0.195     2.532
     0.072     1.132     2.815
    -0.243     1.544     2.683
    -0.529     1.434     2.598
    -0.917     1.319     2.550
    -1.349     1.255     2.562
    -1.791     1.190     2.650
    -2.055     1.220     2.708
    -1.660     1.272     2.779
    -0.827     1.316     2.832
    -0.057     1.436     2.809
     0.598     1.630     2.789
     0.692     1.790     2.690
     0.350     2.002     2.700
     0.044     1.920     2.018
    -0.242     1.292    -0.225
    -0.548     0.501    -2.250
    -0.739     0.260    -2.679
    -0.680     0.974    -2.150
    -0.638     1.933    -1.590
    -0.612     2.104    -1.015
    -0.578     1.300    -0.322
    -0.418     0.423     0.161
     0.072    -0.042     0.170
     0.542     0.133    -0.121
     0.994     0.664    -0.378
     1.461     1.068    -0.578
     1.872     1.495    -0.683
     2.044     1.697    -0.762
     1.923     1.726    -0.854
     1.810     1.732    -0.805
     1.727     1.487    -0.745
     1.592     1.117    -0.678
     1.362     0.736    -0.620
     1.062     0.301    -0.558
     0.780    -0.147    -0.495
     0.494    -0.538    -0.435
     0.204    -0.609    -0.372
    -0.073    -0.290    -0.311
    -0.362    -0.010    -0.229
    -0.519     0.272    -0.042
    -0.401     0.552     0.164
    -0.285     0.834     0.369
    -0.197     1.146     0.540
    -0.085     1.427     0.628
     0.008     1.756     0.669
     0.114     1.847     0.725
     0.213     1.509     0.738
     0.318     1.046     0.642
     0.437     0.738     0.539
     0.553     0.033     0.456
     0.682    -1.207     0.443
     0.809    -2.584     0.608
     0.935    -3.142     0.769
     1.040    -1.973     0.910
     0.995    -0.859     1.071
     0.783    -0.521     1.184
     0.574    -0.599     1.221
     0.385    -0.797     1.254
     0.175    -0.846     1.298
     0.034    -1.439     1.338
     0.060    -2.157     1.367
     0.098    -3.139     1.387
     0.107    -2.982     1.417
     0.144    -0.791     1.407
     0.154     1.548     1.299
     0.188     2.424     1.095
     0.204     1.289     0.917
     0.230     0.067     0.726
     0.256    -0.848     0.541
     0.260    -1.964     0.327
     0.296    -2.791     0.001
     0.288    -2.940    -0.279
     0.341    -1.975    -0.529
     0.318    -1.297    -0.274
     0.382    -1.750     0.403
    -0.082    -2.586     1.114
    -1.807    -3.642     1.201
    -3.359    -4.089    -0.341
    -3.852    -3.077    -1.780
    -3.790    -2.032    -1.810
    -3.755    -1.056    -1.739
    -3.561     0.845    -0.846
    -2.698     3.516     2.091
    -1.651     5.116     3.946
    -0.650     2.306     3.425
     0.217    -2.049     2.764
     0.399    -2.747     1.381
     0.134    -0.482    -1.051
    -0.081     2.382    -3.316
    -0.303     3.733    -5.656
    -0.531     3.880    -7.612
    -0.998     4.226    -7.215
    -1.709     3.643    -4.469
    -2.465     1.878    -2.212
    -2.845     0.068    -1.002
    -2.407    -1.189     0.587
    -1.849    -2.286     1.328
    -1.384    -2.426     0.770
    -0.854    -0.746    -0.059
    -0.361     0.971    -1.137
     0.045     1.633    -3.145
     0.115     1.500    -5.117
     0.094     1.270    -6.943
     0.127     1.206    -8.648
     0.100     1.081    -7.850
     0.316     1.098    -6.981
     0.916     1.127    -2.859
     1.567     1.075     3.592
     2.108     1.153     3.549
     2.775     0.594     1.873
     3.028    -1.172     0.746
     2.486    -2.729    -1.701
     1.854    -2.687    -3.749
     1.318    -1.400    -6.308
     0.708    -0.308    -5.889
     0.243    -0.030    -1.538
     0.021    -0.049     2.144
    -0.092    -0.081     4.363
    -0.239    -0.211     4.415
    -0.336    -0.559     1.899
    -0.378    -0.919    -1.134
    -0.370    -1.165    -2.463
    -0.363    -1.266     0.140
    -0.363    -1.236     2.479
    -0.356    -1.266     2.308
    -0.355    -1.263     2.230
    -0.348    -1.418     2.021
    -0.348    -2.109     1.907
    -0.340    -2.930     1.794
    -0.321    -3.692     1.717
    -0.312    -3.598     1.733
    -0.313    -2.424     1.668
    -0.303    -1.640     1.690
    -0.304    -1.038     1.627
    -0.391    -0.319     1.638
    -1.122     0.212     1.594
    -2.870     0.794     1.566
    -4.046     1.299     1.436
    -3.570     1.726     1.182
    -2.439     1.476     1.001
    -1.474     0.551     1.019
    -0.714    -0.270     1.194
    -0.021    -1.014     1.311
     0.681    -0.934     1.507
     1.321     0.114     1.790
     1.631     1.145     2.120
     1.604     1.878     2.436
     1.603     2.127     2.743
     1.618     2.193     2.776
     1.631     2.390     1.570
     1.649     2.285    -0.214
     1.652     1.682    -2.014
     1.668     1.048    -3.184
     1.675     0.702    -2.882
     1.686     0.689    -2.459
     1.696     0.739    -2.159
     1.706     0.765    -1.768
     1.717     1.419    -1.501
     1.726     2.362    -1.306
     1.733     3.456    -1.151
     1.680     3.593    -1.010
     1.599     1.702    -1.204
     1.522     0.024    -1.356
     1.443    -0.140    -1.596
     1.367     0.293    -1.732
     1.287     0.974    -1.975
     1.242     2.032    -1.605
     1.259     3.169     0.218
     1.281     3.829     1.961
     1.290     2.325     3.513
     1.314    -1.633     4.441
     1.282    -4.931     5.463
     1.200    -6.081     5.473
     1.112    -4.582     2.804
     1.031     0.000     0.361
     0.951     3.756    -1.225
     0.778     3.707    -2.362
     0.187     1.725    -3.444
    -0.940    -0.730    -3.530
    -1.602    -2.678    -1.652
    -1.510    -4.255     0.103
    -1.464    -5.051     1.601
    -1.317    -3.597     2.995
    -0.587    -1.581     3.858
     0.515    -0.201     3.704
     1.564    -0.006     3.106
     2.528    -0.337     2.695
     2.947    -0.420     2.002
     2.950    -0.846     0.228
     2.608    -1.020    -3.073
     1.341    -1.312    -3.866
    -0.078     0.181    -1.261
    -1.401     3.442     0.915
    -2.491     5.801     2.976
    -2.327     5.622     4.610
    -1.428     2.239     4.993
    -0.610    -0.463     4.698
     0.216    -2.009     2.394
     0.860    -3.310    -0.892
     1.068    -2.633    -2.199
     1.219    -1.342    -2.022
     1.418     0.041    -1.888
     1.126     2.307    -1.930
     0.262     3.940    -1.496
    -0.631     3.699    -0.280
    -1.427     3.019     1.461
    -2.308     2.523     2.799
    -2.798     1.884     3.672
    -2.240     1.109     3.414
    -1.334     0.623     0.866
    -0.501     1.120    -0.415
     0.391     1.993     1.169
     0.909     2.389     2.079
     0.348     1.816     1.683
    -1.047     0.845     1.312
    -2.232     0.023     0.656
    -3.706    -0.885    -0.497
    -5.221    -1.586    -1.371
    -6.862    -1.782    -1.639
    -7.820    -1.740    -1.571
    -6.979    -1.630    -2.872
    -4.978    -1.308    -4.884
     0.588    -0.880    -5.322
     5.129    -0.765    -1.721
     4.583    -1.444     6.007
     3.603    -2.446     9.506
     2.711    -3.369     6.625
     1.606    -3.981     2.076
     0.682    -3.294    -6.154
    -0.048    -1.839   -13.645
    -0.354    -0.620   -13.968
    -0.694     0.255   -10.363
    -1.578     0.818    -5.946
    -3.089     1.522    -1.181
    -5.501     1.557     3.202
    -9.779     0.085     3.734
   -11.725    -1.565     1.766
    -8.353    -2.728     2.328
    -2.225    -3.174     4.670
     3.746    -2.609     5.891
     7.707    -0.845     3.923
    10.953     2.296    -1.136
    12.099     3.736    -8.313
    10.257     1.576   -12.844
     8.398    -0.768   -10.808
     3.006    -1.865    -3.035
    -4.482    -2.876     3.963
    -7.626    -2.189     3.435
   -10.195    -0.262     1.533
   -12.190    -0.475     0.508
   -11.805    -1.990    -1.698
   -10.404    -2.981    -2.542
    -4.461    -3.225    -3.966
     3.961    -2.817    -1.961
     9.940    -2.518     4.866
    12.097    -2.233     7.880
    10.961    -1.980     6.790
     9.520    -1.806     2.450
     9.554    -1.465    -2.312
     7.131    -0.886    -1.326
     0.641    -0.086     0.529
    -3.929     0.990    -0.328
    -5.343     3.058    -3.009
    -5.229     3.401    -5.114
    -6.556     0.519    -4.144
    -6.840    -1.393    -2.217
    -1.025    -1.353    -0.744
     5.328    -1.126     0.831
    12.074    -0.757     4.000
    18.702     0.753     8.051
    19.513     3.523    11.627
    16.140     4.953    12.651
    11.028     4.327    10.679
     4.635     2.309     5.518
    -3.326     0.517    -4.103
   -13.972     1.000   -12.470
   -25.661     2.771   -17.490
   -35.295     3.822   -21.979
   -33.561     3.681   -20.392
   -15.064     3.662   -18.113
     3.846     2.953   -15.041
    12.152     0.827    -5.654
    14.273    -1.112     8.161
    17.716    -1.958    33.613
    22.667    -1.662    48.363
    19.167    -1.266    42.482
    10.052    -0.632    29.956
     0.825     0.184    10.787
    -9.946     1.004    -5.784
   -16.424     2.043   -21.757
   -16.321     3.157   -37.017
   -19.562     4.329   -44.455
   -26.668     5.609   -40.199
   -22.078     6.354   -26.588
    -3.109     4.708    -7.391
    10.243     1.738    10.180
     9.941    -1.424    12.980
     4.597    -3.654    17.997
     0.510    -3.469    33.057
     4.507    -3.157    39.406
    13.787    -3.674    28.859
    22.783    -3.017    11.257
    25.791    -0.424     0.850
    23.592     2.068    -5.867
    11.856     3.008   -21.261
   -15.637     1.885   -36.170
   -28.541     1.015   -38.507
   -18.828     2.422   -33.900
    -2.453     3.136   -17.680
     9.718     1.703     4.985
    -2.844     0.034    31.220
   -20.425    -1.273    53.016
   -18.325    -2.380    56.484
    -9.985    -2.798    46.415
    -1.276    -3.171    20.263
     6.357    -3.004   -15.077
    13.928    -2.620   -52.668
    28.969     2.505   -75.610
    42.102     8.877   -63.501
    32.486     7.336   -20.303
    12.906     3.534    17.177
     8.914    -0.454    30.299
   -15.264    -3.617    42.632
   -59.509    -4.082    33.482
   -64.577    -2.928    15.282
   -41.505   -11.161    15.541
   -13.694   -23.704    13.604
    16.641   -15.666     8.762
    36.275     1.085     0.975
    46.413    12.089    -4.832
    48.139    14.151    -6.506
    47.305     6.602    -7.499
    26.957    -2.902   -13.118
   -13.850   -12.711   -28.036
   -30.247   -12.957   -32.978
   -24.644    -5.507   -17.132
   -22.873    -0.279     6.252
   -27.430     1.429    21.649
   -33.606     1.638    28.848
   -41.767     1.522    29.413
   -27.454    -0.945    25.532
    17.151    -3.030    13.944
    40.779    -7.824   -12.502
    40.100    -9.072   -29.484
    41.121    -0.846   -24.914
    37.961     4.648   -13.573
    28.923     6.270     3.947
     9.352     5.779    19.053
   -23.049     3.374    20.673
   -57.375     2.440    10.406
   -76.560     1.427    -4.376
   -56.541     1.084   -12.235
   -21.806     1.124    -4.134
    10.893     1.080     4.976
    45.334     1.343    -4.816
    52.577     2.634   -11.202
    44.910     4.441     1.038
    27.660     4.156     3.633
    12.475     3.121   -10.766
   -10.067     2.861   -21.007
   -41.075     5.151   -20.528
   -31.591     6.297    -2.747
   -21.096     3.178    21.684
   -22.752     0.599    25.651
   -22.088    -1.142     5.714
   -17.475    -1.683   -19.967
     7.045    -0.929   -23.265
    35.592    -0.288    -2.713
    48.196     1.585    16.215
    33.362     4.493    18.514
    19.029     6.023     9.403
     0.477     3.491    -3.774
   -28.695    -0.581   -14.705
   -38.875    -3.874   -20.969
   -37.803    -3.773   -23.200
   -31.383     2.190   -15.914
   -17.737     6.609     0.800
     7.170     5.215    23.190
    26.822     0.203    36.534
    21.912    -7.712    30.471
    12.790   -16.526     6.024
     8.655   -17.519   -30.622
     4.070    -5.439   -49.395
     0.842     8.133   -28.495
    -4.482    11.236     3.160
    -5.928     6.874    13.017
     3.850     4.952    13.151
     9.079     6.859    16.192
     6.620     5.033    17.169
     5.768    -5.563    10.143
     4.995   -16.204    -4.177
     4.880   -14.673   -11.409
     4.343    -4.377    -7.411
     1.305     4.997    -3.134
    -5.326     7.585    -0.097
   -14.583     4.759     3.539
   -26.965    -2.313     4.155
   -29.138    -8.453    -3.962
    -1.623    -5.531   -11.308
    27.276    -0.731    -3.813
    34.045     2.245     5.109
    26.090     3.445     5.645
     4.400     0.683    -2.948
    -8.942    -0.804    -8.783
    -8.080     1.545     1.739
   -10.386     1.882    12.126
   -14.133    -4.590    14.171
   -14.669    -8.121    10.929
   -10.184    -4.226     2.160
    -1.413     1.430    -4.125
    12.265     5.167    -7.615
    21.065     2.765    -9.568
    13.783    -1.934    -8.678
     3.534    -3.739    -8.717
     4.241    -1.481    -8.510
     9.209     2.538    -9.999
     5.170     5.740    -0.961
    -4.640     5.075    16.590
    -9.586    -1.585    18.090
    -7.144    -6.753    14.317
    -0.849    -7.237    11.866
     3.331    -3.395     2.651
     3.117     2.551    -9.489
     1.058     4.386   -19.622
    -0.559     2.103   -22.247
    -0.355    -2.305   -18.749
     2.393    -3.735   -12.873
     5.403    -0.408     0.363
     9.460     1.753    14.323
    11.961     2.406    16.434
     7.302     3.176    14.915
     2.328     2.441    15.364
    -0.452     0.602     8.108
    -4.563    -1.109    -8.248
    -8.964    -2.830   -16.905
   -13.534    -3.571   -13.773
   -15.116    -1.646    -7.619
   -14.331     0.912     1.180
   -11.618     2.075     8.617
    -5.693     3.093    13.925
    -0.791     3.356    18.217
     0.372     2.804    19.006
     0.125     2.046    11.640
     9.574     0.196    -1.686
    20.550    -0.333   -11.394
    17.743     1.840   -13.831
    10.456     3.824   -12.085
     2.557     4.981   -10.536
    -3.806     6.151    -6.834
    -6.638     5.046     0.144
    -8.285     1.660     5.470
    -6.714    -0.039     7.774
    -4.156    -0.280     8.798
    -0.445    -0.591    10.439
     3.419    -0.629    11.695
     5.778    -1.500     8.846
     4.205    -3.318     0.553
    -1.262    -2.342   -11.150
    -7.795     2.062   -16.416
   -13.739     4.251   -15.090
   -13.111     3.900   -13.800
    -7.364     3.309    -6.741
    -1.969     0.032     6.199
     2.875    -4.790    21.746
     6.348    -7.422    29.270
     6.585    -7.925    23.611
     5.502    -6.284    10.400
     2.865    -3.236    -6.697
    -0.096    -0.208   -14.925
     1.947     2.120   -17.120
     3.943     3.174   -19.146
     4.218     4.248   -17.773
     4.938     4.683   -15.818
     4.293     3.831   -11.398
     3.512     2.123    -3.665
     1.938    -1.708     6.678
    -0.969    -5.520    16.288
    -3.878    -6.131    20.877
    -6.186    -4.188    20.423
    -7.770    -0.227    16.392
    -8.991     2.680     8.050
    -8.517     2.314    -3.734
    -7.200     1.624   -14.452
    -5.643     1.491   -20.450
    -4.045     3.110   -18.123
    -2.170     4.838   -10.236
     0.793     3.161    -2.733
     4.530     0.039     1.280
    11.697    -0.495     3.882
    13.897     1.517     6.123
     5.491     1.504     6.698
    -1.241    -0.136     6.568
     1.715    -1.191     1.792
     6.413    -1.994    -2.757
     2.551    -2.519    -1.885
    -3.950    -2.664     0.222
   -10.072    -2.425     3.591
   -12.866    -1.917     3.198
    -8.389    -0.459    -1.163
    -3.406     0.864    -2.385
     2.351     0.104    -1.152
     7.860    -2.191     0.916
    10.031    -2.467     3.189
    10.069    -0.058     5.849
     9.547     1.676     6.967
     8.655     1.888     4.552
     5.720     1.402     0.927
    -1.048     1.000    -3.614
   -14.406     0.810    -5.215
   -21.952     0.606    -1.025
   -13.162     0.500     2.583
     0.099     0.633     3.548
     6.549     0.865     4.907
     5.048     1.074     5.018
     2.623     1.306     4.812
     2.664     1.162     2.993
     3.378    -0.039    -3.444
     5.715    -1.827   -10.565
     8.073    -3.427   -18.766
     9.759    -5.297   -21.313
     8.899    -5.980   -12.446
     5.780    -4.492    -3.284
     1.846    -2.506     4.112
    -3.896    -1.720    11.332
    -7.345    -2.502    18.308
    -8.270    -3.702    28.245
    -7.666    -4.296    30.584
    -5.245    -4.064    19.589
    -2.255    -2.744     3.580
     3.235    -1.674   -13.034
     7.245    -2.052   -25.582
     5.890    -2.232   -30.921
     2.339    -2.741   -31.436
    -1.145     0.280   -28.680
    -2.869     6.488   -17.234
    -3.739     7.175     4.550
    -4.199     5.038    26.719
    -3.907     3.352    37.932
    -2.992     0.209    36.006
    -0.675    -2.334    25.450
     0.548    -1.681     7.791
     0.060    -0.431    -8.378
     0.287     0.291   -18.017
     1.594     1.719   -24.701
     3.420     2.812   -27.516
     4.414     5.211   -26.056
     3.695     6.213   -17.170
     2.632     4.922    -3.421
     1.554     1.278     6.328
    -0.948    -2.940    10.769
    -3.613    -2.746    13.701
    -6.136    -2.260    15.434
    -7.001    -1.847    15.322
    -4.977    -0.898    12.490
    -2.988     0.629     5.603
    -1.540     2.958    -2.382
    -0.964     2.751    -9.368
    -1.505     2.262   -13.013
    -1.824     2.096   -13.202
    -1.788     1.923   -11.980
    -0.825     2.097    -8.109
     0.230     1.953    -2.886
     1.443     2.219     2.225
     4.318     2.674     5.895
     5.748     3.671     7.124
     3.908     3.761     6.517
     1.318     1.857     4.618
    -2.087    -0.487     3.142
    -5.012    -2.180     2.424
    -6.038    -2.518     2.300
    -5.886    -2.376     1.378
    -5.924    -2.032    -2.034
    -5.402    -0.246    -5.789
    -3.377     0.803    -6.515
    -1.772    -0.135    -5.128
    -0.759    -0.223    -3.760
     0.111     0.691    -1.355
     2.022     1.228     0.568
     4.898     0.640     4.299
     8.052    -0.695     9.967
     9.761    -1.106    10.810
     9.781    -0.872     8.459
     7.354    -0.704     5.837
    -1.279    -0.527     4.245
    -7.875    -0.104     4.637
    -9.665     0.397     4.162
    -8.070     0.937     3.330
    -1.974     1.002     1.335
     2.962     0.239    -3.909
     5.356    -0.447    -7.688
     4.767    -1.313    -7.868
     2.383    -2.558    -7.923
    -3.429    -3.461    -7.593
    -8.014    -1.632    -4.840
    -5.627     1.939    -0.005
    -3.502     3.190     4.586
    -0.884     1.948     7.659
     2.437    -1.390     9.070
     6.729    -4.570     7.455
    10.932    -4.216     3.185
     8.901    -2.260    -1.349
     4.629    -2.891    -5.675
     0.957    -4.801   -10.257
    -2.424    -5.644   -13.536
    -3.898    -5.305   -12.019
    -3.827    -2.982    -5.673
    -3.713    -0.614    -0.324
    -3.729     1.781     3.868
    -3.436     3.520     6.498
    -3.120     3.307     4.590
    -2.816     2.848     2.171
    -2.118     0.406    -0.721
    -0.346    -2.649    -2.879
     1.623    -4.375    -3.734
     4.133    -4.687    -4.621
     6.157    -2.669    -4.078
     5.904    -0.911    -3.241
     5.108    -0.144    -0.553
     4.514     0.350     1.485
     3.757     0.695     6.236
     3.127     1.148    12.706
     2.168     1.215    11.558
     0.202     1.248     6.627
    -2.426     1.263     0.361
    -5.737     1.368    -3.785
    -7.873     1.529    -5.656
    -6.677     1.647    -7.054
    -3.784     1.800    -5.603
    -0.326     1.674    -4.684
     5.138     1.223    -3.379
     9.262     0.539    -1.063
     8.119    -0.675     1.672
     5.738    -1.981     3.846
     3.822    -1.736     3.712
     1.710    -0.207     3.397
     0.746     1.528     3.033
     0.131     2.485     2.730
    -0.438     1.981     2.173
    -1.160     1.460     0.912
    -1.879     1.117    -0.337
    -2.605     0.631    -2.192
    -3.415     0.276    -3.506
    -4.117    -0.114    -2.612
    -4.693    -0.083    -0.652
    -3.570     0.313     1.077
    -0.225     0.687     3.315
     2.238     1.050     4.568
     1.605     1.378     3.166
    -0.355     1.569     1.401
    -1.422     1.684     1.125
    -1.824     1.816     1.027
    -2.287     1.813     0.841
    -1.615     1.129     0.661
     0.692    -0.244     0.111
     2.704    -1.022     0.454
     3.904    -1.094    -1.894
     4.367    -1.232    -5.067
     4.907    -1.340    -3.608
     4.830    -1.172    -0.383
     2.929    -0.803     3.794
     1.087    -0.464     6.284
    -1.052    -0.381     6.756
    -3.546    -0.549     6.277
    -5.741    -0.705     3.888
    -7.702    -0.756     1.181
    -8.729    -0.299    -2.864
    -8.584     0.824    -5.926
    -6.079     1.707    -6.922
    -2.219     1.947    -7.635
     4.438     1.901    -7.658
     9.223     1.883    -5.518
     7.171     1.878    -0.182
     5.083     1.860     2.905
     3.490     1.859     3.230
     1.340     1.634     4.729
    -0.311     0.483     6.506
    -2.329    -1.813     9.242
    -4.061    -3.632     8.687
    -5.638    -3.514     1.175
    -5.860    -1.981    -7.307
    -5.678     0.052   -13.146
    -4.730     2.491   -14.388
    -2.317     4.257   -12.312
    -0.137     4.578    -9.460
     2.039     3.797    -3.812
     3.717     1.920     3.518
     3.854     0.101    11.068
     2.754    -1.716    14.786
     1.370    -2.624    12.195
    -0.155    -1.681     9.181
    -1.821    -1.176     6.172
    -3.678    -1.214     1.694
    -5.655    -1.211    -2.212
    -4.052    -0.459    -4.665
     0.037     1.148    -5.163
     2.666     2.335    -3.886
     4.529     3.132    -1.788
     5.012     3.570    -0.053
     5.371     2.851     1.235
     4.469     0.636     2.276
     1.052    -0.967     3.482
    -1.815    -1.767     2.961
    -3.963    -2.389    -2.403
    -4.855    -1.944    -8.483
    -5.000    -1.342    -9.134
    -3.764    -0.800    -4.790
    -1.590    -0.245    -0.277
     2.009     0.193     2.579
     6.640     0.475     5.084
     7.340     0.060     7.260
     6.966    -0.928     9.774
     6.109    -1.515    10.742
     3.279    -1.314     8.089
     1.218    -0.977     4.841
    -0.241    -0.619     1.697
    -1.538    -0.227    -1.820
    -2.829    -0.458    -5.274
    -4.275    -1.633    -7.947
    -4.997    -1.927    -8.432
    -4.203    -0.817    -8.478
    -2.938     0.062    -7.097
    -1.811     0.284    -3.555
    -0.174    -0.295    -0.342
     2.166    -0.577     3.766
     2.497    -0.058     6.275
    -0.268     0.374     5.152
    -2.049     0.746     3.997
    -2.650     1.083     2.669
    -3.575     1.336     0.466
    -3.994     1.242    -0.860
    -3.145     0.702    -0.219
    -0.940     0.222     1.434
     2.424    -0.387     2.888
     5.880    -1.458     3.977
     8.293    -2.618     3.521
     9.504    -3.675     2.044
     8.076    -3.867     0.543
     4.855    -2.946    -1.143
     1.802    -2.184    -2.543
    -2.068    -1.864    -3.534
    -5.991    -1.707    -4.183
    -8.442    -1.578    -4.907
    -7.645    -1.400    -4.961
    -4.210    -1.243    -4.132
    -1.011    -1.068    -3.373
     1.709    -0.867    -2.827
     3.123    -0.549    -3.079
     4.287    -0.234    -2.953
     4.907     0.081    -1.432
     3.435     0.402     0.276
     1.386     0.758     1.795
    -2.913     1.255     3.379
    -5.668     1.788     2.931
    -4.110     2.211    -0.342
    -2.708     2.161    -2.174
    -1.444     1.838    -2.426
     0.113     1.529    -2.832
     1.326     1.241    -2.439
     2.837     0.937    -1.997
     3.182     0.694    -1.637
     1.501     0.644    -1.709
     0.355     0.631    -2.058
     0.615     0.658    -2.798
     0.693     0.614    -4.923
     0.750     0.661    -6.907
     0.875     0.602    -8.498
     0.766     0.978    -8.821
     0.194     1.831    -8.527
    -0.886     1.271    -7.829
    -1.692    -0.217    -4.699
    -1.280    -2.033    -1.947
     0.285    -3.583     2.831
     1.821    -3.577     7.931
     2.427    -3.121     6.675
     2.243    -2.740     2.900
     1.266    -2.337     0.127
    -0.985    -1.976    -1.316
    -5.386    -1.575    -2.672
    -8.247    -1.218    -3.487
    -7.230    -0.741    -1.923
    -5.780    -0.261     1.510
    -4.183     0.294     5.545
    -1.912     0.503    10.248
     1.344     0.034    13.415
     4.501    -0.424    11.902
     5.808    -0.495     9.289
     5.221    -0.524     4.984
     2.566    -0.235    -0.786
     0.548     0.708    -4.184
    -0.867     1.656    -5.258
    -2.496     2.337    -3.239
    -3.284     2.361    -0.142
    -4.058     2.350     3.094
    -4.332     1.782     6.420
    -3.829    -0.349     8.054
    -3.102    -1.537     7.782
    -2.362    -1.811     6.305
    -1.064    -1.195     5.348
     1.167     0.910     2.577
     2.972     1.429    -3.194
     4.245     0.515    -6.147
     4.897    -0.059    -6.794
     4.394     0.256    -7.160
     3.473     1.433    -5.010
     1.842     2.118    -1.387
    -0.368     2.279     2.225
    -1.881     2.183     4.770
    -2.055     1.877     7.116
    -1.576     1.638     8.183
    -1.003     1.381     7.378
    -0.274     1.332     5.257
     0.389     1.454    -0.299
     1.008     1.569    -5.242
     1.480     1.679    -6.434
     1.802     1.785    -5.544
     1.645     1.935    -2.397
     1.094     2.168     1.467
     0.577     2.308     4.631
    -0.269     2.023     6.880
    -0.943     1.472     6.950
    -1.677     0.981     7.467
    -1.551     0.703     5.465
     0.125     0.736    -0.846
     1.675     0.744    -3.215
     3.107     0.834    -3.003
     3.840     1.342    -3.579
     3.230     2.116    -4.386
     2.727     2.679    -4.377
     2.142     2.320    -2.062
     0.834     1.302    -0.001
    -1.078     0.354     1.644
    -2.888    -0.391     3.351
    -3.580    -1.093     4.516
    -3.022    -1.525     4.529
    -2.458    -1.348     4.474
    -1.968    -1.177     3.736
    -0.815    -1.063     0.919
     0.682    -0.933    -1.815
     2.221    -0.969    -4.378
     2.921    -0.947    -6.509
     2.380    -0.976    -7.725
     1.647    -0.834    -7.765
     0.638    -0.481    -6.830
    -0.572    -0.078    -5.241
    -1.218    -0.063    -2.251
    -1.481    -0.873     1.212
    -1.107    -1.721     3.267
     0.816    -2.014     2.733
     2.254    -1.747     1.468
     2.298    -1.501     0.354
     2.468    -1.590    -1.294
     2.581    -1.231    -2.529
     2.744    -0.011    -3.749
     2.448     1.268    -4.396
     0.823     1.280    -2.892
    -1.011     0.483    -0.590
    -2.454    -0.004     1.491
    -2.594    -0.411     2.206
    -1.664    -0.893     0.878
    -0.818    -1.281    -0.396
     0.193    -1.906    -1.316
     1.372    -2.817    -2.063
     2.527    -2.860    -2.740
     3.133    -1.973    -3.504
     2.860    -1.216    -4.332
     2.636    -0.633    -4.363
     2.464    -0.221    -2.004
     2.243    -0.443     0.571
     2.070    -1.420     3.071
     1.886    -2.122     4.761
     1.716    -2.050     3.233
     1.398    -1.871     1.503
     0.864    -1.702     1.263
     0.276    -1.555     1.234
    -0.225    -1.423     1.087
    -0.935    -1.275     1.032
    -1.927    -0.938     0.469
    -3.072     0.192    -1.282
    -3.631     1.272    -2.607
    -3.202     1.038    -2.479
    -2.819     0.278    -2.385
    -2.491    -0.196    -1.758
    -2.082    -0.702     0.334
    -1.650    -1.112     2.086
    -1.225    -1.197     4.087
    -0.782    -1.199     4.617
    -0.807    -1.094     1.942
    -2.119    -0.678    -1.247
    -2.861    -0.157    -5.396
    -2.441     0.275    -8.702
    -2.123     0.704    -7.904
    -1.830     0.956    -4.721
    -1.422     0.783    -2.198
    -0.854     0.514    -0.887
    -0.232     0.331     0.891
     0.133     0.153     3.494
    -0.015    -0.008     5.136
    -0.330    -0.194     4.632
    -0.558    -0.392     3.731
    -0.856    -0.579     3.054
    -0.842    -0.665     2.292
    -0.708    -0.537     1.968
    -0.553    -0.415     1.768
    -0.433    -0.321     1.641
    -0.190    -0.199     1.424
     0.390    -0.233     1.290
     1.109    -0.412     0.756
     1.781    -0.607    -0.682
     1.892    -0.295    -2.133
     1.113     0.789    -2.648
     0.353     1.701    -2.122
    -0.202     1.645    -1.618
    -1.251     0.881    -1.217
    -2.856     0.165    -0.726
    -5.040     0.007     0.092
    -5.783     0.343     2.305
    -3.618     0.711     4.401
    -1.333     0.902     4.717
    -0.006     0.871     4.330
     0.390     0.723     3.620
     0.663     0.624     1.388
     1.255     0.496    -2.573
     1.165     0.473    -4.773
     0.523     0.616    -4.070
    -0.700     0.750    -3.532
    -2.035     0.877    -2.876
    -3.678     0.950    -1.678
    -3.799     0.817    -0.643
    -0.894     0.588     0.406
     1.453     0.392     0.913
     3.428     0.173     1.082
     5.490     0.084     1.209
     6.193     0.477     1.379
     6.190     1.470     1.002
     5.608     2.051    -0.150
     3.381     1.706    -1.276
    -0.036     1.241    -2.011
    -2.708     0.976    -2.210
    -4.801     0.831    -2.328
    -5.381     0.709    -2.329
    -3.591     0.558    -2.262
    -1.851     0.424    -2.035
    -0.054     0.283    -1.080
     1.803     0.140    -0.013
     2.646     0.073     1.040
     2.921     0.214     1.905
     3.206     0.411     2.158
     3.247     0.581     2.315
     2.354     0.746     2.496
     1.053     0.888     2.503
    -0.297     1.039     2.005
    -2.193     1.173     1.206
    -2.049     1.205     0.519
     0.312     1.109    -0.233
     1.409     1.017    -0.422
     1.623     0.938     0.210
     1.942     0.846     0.895
     1.569     0.765     1.408
     0.866     0.676     2.097
     0.102     0.588     2.152
    -0.603     0.505     1.000
    -1.349     0.420    -0.056
    -2.145     0.338    -0.611
    -2.547     0.250    -0.904
    -2.033     0.159    -1.186
    -1.037     0.064    -1.275
    -0.172    -0.029    -0.728
     1.611    -0.121    -0.200
     4.021    -0.196     0.276
     5.350    -0.201     0.764
     4.570    -0.184     1.159
     2.115    -0.164     1.598
    -0.522    -0.146     2.010
    -3.632    -0.166     2.440
    -5.396    -0.349     2.881
    -4.240    -0.765     3.317
    -2.322    -1.125     3.763
     0.052    -1.523     4.070
     2.187    -1.664     3.914
     2.610    -1.277     3.532
     1.699    -0.883     3.085
     0.233    -0.619     2.335
    -0.304    -0.528     1.433
     0.473    -0.543     0.571
     1.364    -0.486    -0.247
     2.225    -0.396    -0.451
     3.163    -0.252     0.387
     3.616    -0.124     1.151
     2.439     0.004     1.830
     0.603     0.139     2.202
    -0.131     0.311     1.528
     0.029     0.528     1.081
     1.131     0.641    -0.076
     1.594     0.485    -2.812
     0.392     0.123    -5.504
    -0.687    -0.202    -6.623
    -1.818    -0.530    -5.998
    -2.684    -0.786    -5.428
    -2.290    -0.726    -4.613
    -1.235    -0.581    -2.122
     0.087    -0.397     0.910
     1.778    -0.368     1.990
     3.190    -0.646     1.089
     4.484    -1.049     0.156
     5.564    -1.177    -0.980
     5.436    -0.635    -1.987
     3.588     0.065    -2.496
    -0.266     0.565    -3.079
    -3.594     0.176    -3.391
    -4.090    -1.386    -3.239
    -3.819    -2.534    -2.967
    -3.303    -2.525    -2.725
    -2.478    -1.827    -1.832
    -1.807    -1.381    -0.716
    -1.439    -1.615     0.503
    -1.476    -1.974     1.017
    -1.467    -2.239    -0.192
    -1.446    -2.220    -1.553
    -1.446    -1.993    -2.902
    -1.288    -1.816    -4.187
    -1.295    -1.332    -5.621
    -1.354    -0.612    -5.960
    -1.524     0.132    -3.796
    -1.671     0.442    -1.445
    -1.787     0.097     0.230
    -1.786    -0.250     0.900
    -1.757    -0.524     1.032
    -1.736    -0.854     1.403
    -1.607    -1.048     1.591
    -1.245    -0.938     1.638
    -0.981    -0.715     1.313
    -0.765    -0.389     1.026
    -0.492     0.241     0.840
    -0.359     0.870     0.899
    -0.421     1.480     1.214
    -0.659     2.098     1.450
    -0.539     2.564     1.734
     0.416     2.301     1.921
     1.512     1.435     1.921
     2.543     0.582     1.803
     2.772    -0.025     1.712
     2.176    -0.150     1.606
     1.626    -0.234     1.767
     1.152    -0.374     2.445
     0.449    -0.462     2.983
    -0.560    -0.421     2.545
    -1.627    -0.068     1.074
    -1.993     0.267    -0.100
    -1.389     0.570     0.152
    -0.682     0.910     1.230
    -0.340     1.081     2.340
    -0.312     0.915     3.081
    -0.606     0.661     3.020
    -0.884     0.464     1.852
    -1.889     0.227    -0.015
    -2.066     0.074    -2.148
    -0.469     0.094    -4.775
     1.105     0.213    -5.776
     2.321     0.313    -4.578
     2.882     0.415    -3.482
     3.011     0.521    -2.094
     2.587     0.655    -0.585
     1.203     0.841     0.771
    -0.112     1.018     2.182
    -1.342     1.199     3.432
    -2.584     1.375     4.477
    -3.402     1.557     3.723
    -3.174     1.682     1.866
    -2.270     1.668    -1.770
    -1.567     1.659    -6.133
    -0.928     1.665    -6.225
    -0.288     1.646    -4.030
     0.341     1.603    -2.108
     0.954     1.246    -0.007
     1.239     0.601     1.978
     1.119    -0.047     3.962
     1.009    -0.540     5.872
     0.932    -0.674     6.874
     0.845    -0.642     6.168
     0.775    -0.653     5.525
     0.810    -0.609     3.625
     0.841    -0.476    -1.682
     0.863    -0.324    -5.299
     0.932    -0.182    -4.445
     1.042    -0.038    -2.909
     1.234     0.110    -2.621
     1.336     0.249    -2.726
     1.552     0.365    -2.334
     1.075     0.255    -1.035
    -1.136    -0.119     0.957
    -3.391    -0.489     2.394
    -3.854    -0.842     2.614
    -2.666    -1.129     2.616
    -1.476    -1.080     2.566
    -0.463    -0.828     2.679
     0.916    -0.595     2.005
     2.334    -0.368    -0.166
     3.664    -0.154    -2.747
     4.047    -0.009    -4.345
     3.518     0.131    -4.306
     3.241     0.256    -4.032
     2.870     0.377    -3.389
     2.648     0.448    -2.427
     1.911     0.438    -1.142
     0.387     0.436     1.033
    -1.437     0.436     3.258
    -1.856     0.432     4.489
     0.305     0.402     3.436
     1.778     0.293     1.684
     2.073     0.217     0.623
     2.665     0.121    -0.164
     2.514     0.023    -0.606
     1.950    -0.084    -0.707
     1.364    -0.341    -0.625
     1.116    -0.778    -0.640
     1.093    -1.234    -0.501
     1.175    -1.637    -0.353
     0.717    -2.099    -0.188
    -0.461    -2.608    -0.285
    -1.801    -3.495    -1.253
    -2.369    -3.995    -2.369
     0.000    -3.545    -2.621
     0.000    -3.128    -1.973
     0.000    -2.702    -1.606
     0.000    -2.130     0.000
     0.000    -0.891     0.000
     0.000    -0.113     0.000
     0.000    -0.113     0.000
