********************************************************************************
                       INSTITUTO DE INGENIERIA, UNAM
                   Coordinacion de Instrumentacion Sismica
  Ciudad Universitaria, Apartado Postal 70-472, Coyoacan 04510, Mexico, D.F.
 Tel.(52-5)622-3414    Fax.(52-5)616-1514    e-mail: isismica@pumas.iingen.unam.mx
**************************************************************************************
ARCHIVO ESTANDAR DE ACELERACION:
VERSION DEL FORMATO                    : 2.0
NOMBRE DEL ARCHIVO                     : VIGA8706.101
FECHA Y HORA DE CREACION               : Thu Mar 19 02:56:53 1998
REF. CATALOGO ACELEROGRAMAS, SMIS 1995 : REGISTRO No. 955 /PAG. 111


================================================================================
DATOS DE LA ESTACION:
NOMBRE DE LA ESTACION                  : LAS VIGAS
CLAVE DE LA ESTACION                   : VIGA
LOCALIZACION DE LA ESTACION            : INSTALACIONES SARH, A 90KM DE ACAPULCO, CARRETERA
                                       : ACAPULCO-PINOTEPA NACIONAL. LAS VIGAS, GUERRERO.
                                       : 
                                       : 
                                       : 
COORDENADAS DE LA ESTACION             : 16.758703 LAT. N
                                       : 99.233268 LONG. W
ALTITUD (msnm)                         : 35
TIPO DE SUELO                          : ROCA
                                       : 
                                       : 
INSTITUCION RESPONSABLE                : INSTITUTO DE INGENIERIA UNAM 
                                       : 

================================================================================
DATOS DEL ACELEROGRAFO: 
MODELO DEL ACELEROGRAFO                : DCA-333
NUMERO DE SERIE DEL ACELEROGRAFO       : 108
NUMERO DE CANALES                      : 3
ORIENTACION C1-C6 (rumbo;orientacion)  : /V/N90E/N00E
ORIENTACION C7-C12 (rumbo;orientacion) :
VEL. DE MUESTREO, C1-C6 (muestras/s)   : /100/100/100
VEL. DE MUESTREO, C7-C12 (muestras/s)  :
ESC. COMPLETA DE SENSORES, C1-C6, (g)  : /2/2/2
ESC. COMPLETA DE SENSORES, C7-C12 (g)  :
FREC. NAT. DE SENSORES, C1-C6, (Hz)    : /30.0/30.0/30.0
FREC. NAT. DE SENSORES, C7-C12 (Hz)    :
AMORTIGUAMIENTO DE SENSORES, C1-C6     : /0.70/0.70/0.70
AMORTIGUAMIENTO DE SENSORES, C7-C12    :
INTERVALO DE MUESTREO, C1-C6 (s)       : /0.01/0.01/0.01
INTERVALO DE MUESTREO, C7-C12 (s)      :
UMBRAL DE DISPARO, C1-C6 (Gal)         : /6/6/6
UMBRAL DE DISPARO, C7-C12 (Gal)        :
MEMORIA DE PREEVENTO (s)               : 4
TIEMPO DE POSEVENTO (s)                : 15


================================================================================
DATOS DEL SISMO:
FECHA DEL SISMO [GMT]                  : 1987/06/10
HORA EPICENTRO (GMT)                   : 10:01:53.2
MAGNITUD(ES)                           : /Mb=3.80/Mc=3.90
COORDENADAS DEL EPICENTRO              : 17.066 LAT. N 
                                       : 98.838 LONG. W 
PROFUNDIDAD FOCAL (km)                 : 15 
FUENTES DE LOS DATOS EPICENTRALES      : INSTITUTO DE INGENIERIA UNAM
                                       : 

================================================================================
DATOS DE ESTE REGISTRO:
HORA DE LA PRIMERA MUESTRA (GMT)       : 10:02:07.00
EXACTITUD DEL TIEMPO (s)               : 0.01
DURACION DEL REGISTRO (s), C1-C6       : /15.00/15.00/15.00                      
DURACION DEL REGISTRO (s), C7-C12      : 
NUM. TOTAL DE MUESTRAS, C1-C6          : /1500/1500/1500                       
NUM. TOTAL DE MUESTRAS, C7-C12         : 
ACEL. MAX.(Gal), C1-C6                 : /-4.69/8.80/-9.75                     
ACEL. MAX., C1-C6, EN LA MUESTRA       : /417/349/358                          
ACEL. MAX.(Gal), C7-C12                : 
ACEL. MAX., C7-C12,EN LA MUESTRA       : 
UNIDADES DE LOS DATOS                  : Gal (cm/s/s)
FACTOR DE DECIMACION                   : 1
FORMATO DATOS (FORTRAN,10 campos/dato) : 3F10.2


================================================================================
CALIDAD DEL ACELEROGRAMA:
REGISTRO DIGITAL COMPLETO CON TIEMPO ABSOLUTO CORRECTO.


===============================================================================
COMENTARIOS:














===============================================================================
DATOS DE ACELERACION:
---------+---------+---------+---------+---------+---------+---------+---------+
   CANAL-1   CANAL-2   CANAL-3
         V      N90E      N00E
---------+---------+---------+---------+---------+---------+---------+---------+
     -0.86      0.19     -0.18
      2.01      1.15      0.78
      0.10      0.19     -0.18
      0.10      0.19     -0.18
      0.10      0.19     -0.18
      0.10      0.19     -0.18
      0.10      0.19     -0.18
     -0.86      0.19     -0.18
      0.10      0.19     -0.18
      0.10      0.19     -0.18
      0.10      0.19     -0.18
      0.10      0.19      0.78
      0.10      0.19     -0.18
      0.10      0.19     -1.14
     -0.86      0.19     -1.14
      0.10      0.19     -0.18
      0.10      0.19      0.78
      0.10      0.19      0.78
     -0.86      0.19     -0.18
     -0.86      0.19     -0.18
      0.10      0.19     -0.18
      0.10     -0.77     -0.18
      0.10     -0.77     -0.18
      2.01      0.19     -1.14
     -0.86      1.15     -1.14
     -0.86      0.19     -0.18
      0.10      0.19      1.73
      0.10      0.19      1.73
      0.10      0.19      0.78
      0.10      0.19     -0.18
      0.10      0.19     -1.14
      0.10      0.19     -0.18
      0.10      0.19     -0.18
      0.10      0.19     -1.14
      0.10     -0.77     -0.18
      2.01     -0.77      0.78
     -0.86      0.19     -0.18
     -0.86      0.19     -0.18
      2.01     -0.77     -0.18
     -0.86     -0.77     -0.18
      0.10     -0.77      0.78
      0.10      0.19      0.78
      0.10      1.15     -0.18
      0.10      0.19     -1.14
     -0.86      0.19     -0.18
     -0.86      1.15     -0.18
     -0.86      0.19     -1.14
      0.10      0.19     -0.18
      0.10      0.19      0.78
      0.10     -0.77      0.78
      0.10     -0.77      0.78
      0.10      0.19     -0.18
     -0.86      0.19     -0.18
     -0.86      0.19     -0.18
      0.10      0.19      0.78
      0.10      0.19     -0.18
      0.10      0.19     -1.14
      2.01      0.19     -1.14
      0.10      0.19     -0.18
     -0.86      0.19     -0.18
     -0.86      0.19      0.78
      0.10      0.19      0.78
      0.10      0.19     -0.18
      2.01      0.19     -0.18
      0.10      0.19     -0.18
     -0.86      0.19     -0.18
      0.10     -0.77     -1.14
     -0.86      0.19      0.78
      0.10      0.19      0.78
      0.10      0.19      0.78
      0.10      0.19     -0.18
      0.10      0.19     -1.14
     -0.86     -0.77     -1.14
      0.10      0.19      0.78
      0.10      0.19      0.78
      0.10      0.19     -0.18
      0.10      0.19     -0.18
     -0.86      0.19     -0.18
     -0.86      1.15      0.78
      0.10      0.19      0.78
      2.01      0.19      0.78
      2.01     -0.77      0.78
      0.10     -0.77     -1.14
     -0.86     -0.77     -1.14
     -0.86      0.19     -0.18
     -0.86      0.19      0.78
      0.10      0.19     -0.18
      0.10      0.19     -0.18
      0.10      0.19     -0.18
      0.10      0.19      0.78
      0.10      0.19     -0.18
      0.10      0.19     -0.18
      0.10      0.19     -0.18
      0.10     -0.77      0.78
      0.10      0.19      0.78
      0.10      0.19     -0.18
      2.01      0.19     -0.18
      0.10     -0.77     -0.18
     -0.86      0.19      0.78
     -0.86     -0.77      0.78
     -0.86      0.19     -0.18
      0.10      0.19     -0.18
      0.10      0.19     -0.18
      0.10      1.15      0.78
      0.10      0.19     -0.18
      0.10     -0.77     -0.18
      1.06     -0.77     -0.18
      0.10     -0.77     -0.18
     -0.86      0.19     -0.18
     -0.86      0.19     -0.18
     -0.86      0.19      0.78
      0.10      0.19      0.78
      0.10      0.19      0.78
      1.06      0.19     -0.18
      0.10      0.19     -0.18
     -0.86      0.19     -1.14
     -0.86     -0.77     -1.14
      0.10      0.19     -0.18
      0.10     -0.77      0.78
      0.10     -0.77     -0.18
      0.10      0.19     -0.18
     -0.86      0.19     -0.18
     -0.86      0.19     -0.18
      0.10      0.19     -0.18
      2.01     -0.77     -0.18
      0.10      0.19     -0.18
      0.10      0.19      0.78
      0.10      0.19      0.78
     -0.86     -0.77     -0.18
      0.10     -0.77     -0.18
      0.10      0.19     -0.18
      0.10      0.19     -1.14
     -0.86      0.19     -1.14
      0.10      0.19     -0.18
      0.10      1.15      0.78
      0.10      0.19      1.73
      0.10      0.19      0.78
      2.01     -0.77     -0.18
      0.10     -0.77     -0.18
      0.10     -0.77     -0.18
      0.10      0.19     -1.14
      0.10      0.19     -0.18
     -0.86     -0.77     -0.18
     -0.86     -0.77     -1.14
     -0.86     -0.77     -0.18
      0.10      0.19      0.78
     -0.86      0.19      0.78
     -0.86      0.19      0.78
      2.01      0.19     -0.18
      2.01      0.19     -1.14
      0.10      0.19     -1.14
      0.10      0.19      0.78
     -0.86      0.19     -0.18
      0.10     -0.77      0.78
      0.10     -0.77      0.78
      0.10     -0.77      0.78
      0.10      0.19     -0.18
     -0.86     -0.77     -0.18
      0.10      0.19     -0.18
      0.10      0.19     -0.18
      2.01      0.19     -0.18
      0.10      0.19     -1.14
      0.10      0.19     -0.18
      0.10      0.19     -0.18
      0.10      0.19     -0.18
      0.10     -0.77      0.78
      0.10      0.19      0.78
      0.10     -0.77      0.78
     -0.86     -0.77     -0.18
      0.10      0.19     -0.18
      0.10      0.19      0.78
      0.10      1.15     -0.18
      0.10      1.15     -0.18
      2.01      1.15     -0.18
      0.10     -0.77     -0.18
     -0.86     -0.77     -0.18
      0.10     -0.77      0.78
     -0.86     -0.77     -0.18
      0.10      0.19     -0.18
      0.10     -0.77     -0.18
      0.10      0.19     -1.14
      0.10      0.19     -0.18
      0.10      0.19     -0.18
     -0.86      0.19      0.78
      0.10     -0.77      0.78
      0.10     -0.77      0.78
      0.10     -0.77      0.78
     -0.86      0.19     -0.18
      0.10      0.19      0.78
      1.06      0.19      0.78
      0.10      0.19     -1.14
     -0.86      0.19     -1.14
     -0.86      0.19     -0.18
     -0.86      1.15     -0.18
      0.10      0.19      0.78
      2.01     -0.77     -0.18
      0.10     -1.72     -1.14
     -0.86     -0.77     -0.18
     -0.86      0.19      0.78
     -0.86      0.19      0.78
      0.10      0.19      0.78
      2.01      0.19     -0.18
      0.10      0.19     -1.14
     -0.86      0.19     -1.14
      0.10      0.19      0.78
      0.10      0.19      0.78
      0.10     -0.77      0.78
     -0.86     -1.72      0.78
     -0.86     -0.77      0.78
     -0.86      0.19      0.78
      0.10      1.15      0.78
      2.01      0.19      0.78
      0.10      0.19     -1.14
     -0.86      0.19     -2.09
     -0.86      0.19     -1.14
      0.10      0.19     -0.18
      2.01      0.19     -0.18
      0.10      0.19     -1.14
     -0.86     -0.77     -0.18
     -0.86      0.19      0.78
      0.10      1.15     -0.18
      0.10      0.19     -1.14
      0.10      0.19     -0.18
      0.10      0.19     -1.14
     -0.86      0.19     -1.14
      2.01     -0.77      0.78
      2.01     -0.77      1.73
      0.10     -0.77      1.73
     -0.86      0.19      2.69
     -0.86      0.19      0.78
     -0.86      0.19     -0.18
      0.10      1.15     -0.18
      2.01      1.15     -2.09
      0.10      1.15     -3.05
      0.10      0.19     -1.14
      0.10     -0.77      0.78
      0.10      0.19      0.78
     -0.86      0.19     -0.18
      0.10     -0.77      0.78
      0.10     -0.77     -1.14
     -1.81      0.19     -0.18
      0.10      0.19      0.78
      2.01      0.19      0.78
      2.01      0.19     -1.14
      0.10      0.19     -0.18
      0.10     -0.77     -0.18
      0.10     -1.72     -0.18
      0.10     -0.77      1.73
      0.10      2.10      1.73
     -0.86      1.15      0.78
     -0.86      0.19     -1.14
      2.01      1.15     -2.09
      0.10      1.15     -2.09
     -0.86      0.19     -2.09
     -0.86      0.19     -0.18
      2.01      0.19      0.78
      0.10     -1.72      1.73
      0.10     -2.68      1.73
     -0.86     -0.77     -0.18
     -0.86      1.15      0.78
      0.10      1.15      0.78
      2.01      1.15     -1.14
      2.01      1.15     -2.09
     -0.86      0.19     -1.14
     -0.86      0.19     -2.09
      0.10     -0.77     -2.09
      0.10     -1.72      2.69
      0.10     -0.77      3.65
      0.10      0.19      1.73
      0.10      0.19     -0.18
     -0.86      0.19     -1.14
     -0.86      1.15     -1.14
      0.10      0.19     -2.09
      2.01     -0.77     -1.14
      0.10      0.19     -0.18
     -0.86      0.19      3.65
     -0.86      0.19      5.56
     -1.81      0.19      2.69
      0.10      0.19     -1.14
      1.06      0.19     -3.05
      0.10      0.19     -4.97
      0.10      0.19     -4.97
      2.01      1.15     -2.09
      0.10      0.19      1.73
     -0.86     -2.68      3.65
     -0.86     -2.68      4.61
     -0.86     -2.68      2.69
     -0.86      0.19     -1.14
      0.10      3.06     -4.01
      0.10      4.02     -4.97
      0.10      3.06     -4.01
      0.10      2.10      0.78
      0.10      0.19      2.69
     -0.86     -1.72      3.65
     -1.81     -3.64      4.61
      0.10     -3.64      5.56
      2.01     -3.64      2.69
      2.01     -0.77     -4.01
      2.01      3.06     -5.92
      2.01      4.02     -3.05
     -0.86      4.02      0.78
     -0.86      3.06      2.69
      0.10      1.15      1.73
      2.01      0.19     -1.14
      2.01     -0.77     -4.97
     -0.86     -3.64     -5.92
     -0.86     -4.60     -3.05
      0.10     -3.64      0.78
      0.10     -0.77      2.69
      0.10      3.06      4.61
     -0.86      4.02      3.65
     -1.81      1.15      1.73
     -0.86     -1.72      0.78
      0.10     -1.72     -1.14
      0.10     -1.72     -4.97
      0.10     -0.77     -4.01
      0.10      1.15      0.78
      2.01      3.06      3.65
      2.01      4.02      2.69
     -0.86      2.10     -1.14
     -1.81     -1.72     -0.18
     -1.81     -4.60      2.69
     -1.81     -4.60      0.78
     -0.86     -2.68     -4.97
      2.01     -0.77     -5.92
      2.01      0.19     -5.92
      2.01      3.06     -3.05
     -0.86      4.98      0.78
     -1.81      4.02      3.65
     -3.73      2.10      5.56
     -3.73     -0.77      3.65
     -2.77     -3.64      0.78
      0.10     -4.60     -0.18
      2.01     -3.64     -1.14
      2.01      0.19      1.73
      3.93      3.06      4.61
      2.01      4.02      5.56
      2.01      4.02      3.65
      0.10      4.98     -0.18
      0.10      3.06     -3.05
      0.10      0.19     -5.92
     -0.86     -5.55     -5.92
     -0.86     -6.51     -4.97
     -0.86     -6.51     -1.14
     -1.81     -4.60      0.78
     -0.86     -1.72      0.78
      2.01      2.10      1.73
      2.01      4.98      0.78
      2.97      7.85     -0.18
      2.01      8.80     -0.18
     -2.77      5.93      1.73
     -1.81      1.15      5.56
      2.01     -3.64      5.56
      2.01     -4.60      1.73
      0.10     -4.60      0.78
     -0.86     -3.64      1.73
     -1.81     -2.68     -0.18
     -1.81     -0.77     -5.92
     -0.86     -0.77     -9.75
      0.10      1.15     -5.92
      2.01      1.15     -3.05
     -0.86      2.10     -0.18
      0.10      3.06      3.65
      2.01      2.10      5.56
      2.01      2.10      6.52
      0.10      2.10      6.52
      0.10      0.19      1.73
     -0.86     -0.77     -3.05
     -1.81     -0.77     -4.01
     -1.81     -1.72     -3.05
     -0.86     -1.72     -4.01
      0.10     -2.68     -2.09
      1.06     -1.72      1.73
      2.01      2.10      4.61
      2.01      4.02      3.65
     -0.86      3.06      1.73
     -0.86      1.15     -0.18
      2.01      0.19     -3.05
      2.01     -0.77     -5.92
      2.01     -0.77     -5.92
      2.01     -0.77     -2.09
     -1.81     -1.72      3.65
     -2.77     -1.72      5.56
     -2.77     -1.72      4.61
     -1.81     -2.68      4.61
      2.01     -0.77      6.52
      2.01      3.06      0.78
      2.01      5.93     -3.05
      2.01      4.02     -4.01
      0.10      0.19     -2.09
     -0.86     -1.72     -4.97
     -0.86     -3.64     -7.84
     -0.86     -3.64     -4.01
     -0.86     -3.64      0.78
     -1.81     -4.60      2.69
     -1.81     -1.72      4.61
      0.10      2.10      5.56
      2.01      4.02      4.61
      2.01      4.02      1.73
      2.01      4.98      0.78
      2.01      4.98      0.78
      2.01      2.10     -0.18
      0.10     -0.77     -3.05
     -0.86     -2.68     -4.97
      0.10     -3.64     -4.97
      0.10     -3.64     -4.97
     -0.86     -1.72     -3.05
     -1.81     -1.72      2.69
     -1.81     -1.72      5.56
     -0.86     -0.77      2.69
      0.10      0.19      0.78
      2.01      0.19      0.78
      2.01      1.15     -0.18
      2.01      3.06     -2.09
      2.01      4.02     -1.14
      0.10      3.06     -0.18
     -1.81      1.15     -1.14
     -4.69     -1.72      1.73
     -2.77     -2.68      3.65
     -0.86     -1.72      1.73
      2.01      0.19     -2.09
      2.97      1.15     -4.97
      2.01      2.10     -4.01
      0.10      1.15     -1.14
     -1.81      0.19      2.69
     -0.86     -1.72      4.61
      2.01     -1.72      1.73
      2.01      0.19     -2.09
      0.10      0.19     -3.05
      0.10     -0.77     -2.09
     -1.81     -0.77     -0.18
     -1.81      0.19      0.78
     -0.86      0.19      0.78
      0.10     -0.77      1.73
      2.01      1.15      0.78
      0.10      2.10     -1.14
     -0.86      1.15     -0.18
     -0.86      0.19      0.78
     -0.86      0.19      2.69
      0.10      0.19      3.65
      0.10     -1.72      1.73
      2.01     -2.68     -0.18
      0.10     -1.72     -2.09
     -0.86     -0.77     -4.01
     -1.81     -0.77     -4.01
      0.10      2.10     -0.18
      2.01      4.02      0.78
      0.10      2.10      0.78
      2.01      2.10      1.73
      0.10     -0.77      3.65
     -1.81     -1.72      3.65
     -1.81     -2.68      0.78
     -0.86     -1.72     -4.01
      2.01     -1.72     -4.01
      2.97     -0.77     -3.05
      2.01      0.19     -4.01
     -0.86      1.15      1.73
     -0.86      2.10      5.56
     -1.81      1.15      5.56
     -1.81      1.15      4.61
      0.10      0.19      1.73
      2.01     -0.77     -3.05
      0.10      0.19     -5.92
     -0.86      0.19     -4.01
      0.10      0.19      0.78
      0.10      1.15      1.73
     -0.86      0.19     -0.18
     -0.86     -1.72     -0.18
      2.01     -1.72      2.69
      2.01     -0.77      0.78
      2.01     -0.77     -3.05
      0.10      1.15     -4.01
     -0.86      2.10      1.73
     -1.81      1.15      7.48
     -1.81     -0.77      3.65
      0.10     -2.68     -2.09
      2.01     -2.68     -2.09
      2.01     -1.72     -2.09
      0.10      1.15     -3.05
      2.01      2.10     -1.14
     -0.86      2.10      0.78
     -0.86      1.15     -1.14
     -0.86      0.19      0.78
      0.10     -0.77      2.69
      0.10     -0.77      1.73
     -0.86     -1.72      0.78
     -1.81     -1.72      1.73
      0.10     -1.72      0.78
      2.01      1.15     -4.01
      0.10      1.15     -5.92
      0.10      0.19     -0.18
      0.10      1.15      6.52
     -0.86      3.06      4.61
     -1.81      1.15     -0.18
      0.10     -1.72     -1.14
      2.01     -2.68     -1.14
      2.01      0.19     -2.09
      0.10      2.10     -4.01
      0.10      3.06     -2.09
     -1.81      1.15      0.78
     -2.77     -0.77      2.69
     -0.86     -2.68      1.73
      0.10     -2.68      1.73
      2.01     -0.77      1.73
      2.01      1.15     -2.09
      0.10      1.15     -4.01
     -1.81     -0.77     -0.18
     -0.86      0.19      4.61
      0.10      1.15      1.73
      2.01      0.19     -4.97
      2.01     -1.72     -4.97
      2.01     -2.68     -1.14
     -0.86      0.19     -0.18
     -1.81      2.10     -0.18
     -1.81      3.06      1.73
     -0.86      2.10      4.61
      0.10      1.15      0.78
     -0.86      0.19     -2.09
      0.10     -1.72     -2.09
      2.01     -1.72     -0.18
      2.01     -0.77     -0.18
      0.10     -0.77     -2.09
      2.01     -1.72     -0.18
      0.10     -0.77      1.73
      0.10      1.15      1.73
     -0.86      2.10      0.78
     -0.86      1.15     -0.18
     -0.86      0.19     -1.14
     -0.86     -0.77      0.78
      0.10     -0.77      0.78
      2.01     -1.72     -0.18
      2.01      0.19     -0.18
      2.01      1.15     -1.14
      0.10      1.15     -2.09
     -1.81      1.15     -1.14
     -1.81      1.15      0.78
     -0.86      1.15      0.78
      1.06     -0.77     -0.18
      2.01     -1.72     -1.14
      2.01     -0.77      0.78
      0.10      1.15      2.69
      0.10      1.15      1.73
     -0.86      0.19     -0.18
      0.10     -0.77     -0.18
      0.10      0.19     -1.14
     -0.86      0.19     -3.05
      0.10     -0.77     -3.05
      2.01     -1.72     -1.14
      2.01      0.19      0.78
      2.01      2.10      0.78
     -0.86      2.10      0.78
      0.10      1.15      2.69
      0.10     -0.77      2.69
      0.10     -1.72      0.78
      0.10      0.19     -2.09
      2.01      2.10     -2.09
      0.10      1.15     -0.18
      0.10     -0.77      1.73
      0.10      0.19      1.73
     -0.86      1.15      0.78
      0.10      1.15     -1.14
     -0.86      0.19     -1.14
      0.10     -2.68      1.73
      2.01     -1.72      0.78
      0.10      1.15     -3.05
      0.10      1.15     -3.05
     -0.86     -0.77     -1.14
     -0.86     -1.72      0.78
     -0.86     -0.77      1.73
      0.10      0.19      2.69
      0.10      1.15      0.78
     -0.86      0.19     -1.14
      0.10     -0.77     -2.09
      0.10     -1.72     -3.05
     -1.81      0.19     -2.09
     -0.86      2.10      1.73
      0.10      1.15      2.69
      2.01     -0.77      1.73
      0.10     -2.68      0.78
      0.10     -1.72     -0.18
      2.01      0.19     -1.14
      0.10      2.10     -3.05
     -1.81      2.10     -2.09
     -0.86      0.19      0.78
     -0.86      0.19      1.73
     -0.86      1.15      0.78
      0.10      0.19      0.78
      2.01     -0.77     -1.14
      2.01     -1.72     -0.18
      1.06      0.19      0.78
      0.10      1.15      0.78
     -0.86      1.15      0.78
     -0.86      1.15      0.78
      0.10     -0.77     -0.18
      0.10     -0.77     -2.09
      2.01     -0.77     -4.97
      0.10     -0.77     -3.05
     -0.86     -0.77      1.73
     -0.86      0.19      2.69
     -1.81      0.19      2.69
     -2.77      0.19      2.69
     -0.86      0.19      1.73
      2.01      1.15     -1.14
      0.10      1.15     -3.05
      0.10      0.19     -2.09
      2.01     -0.77     -1.14
      0.10     -1.72     -1.14
      0.10      0.19     -1.14
      0.10      0.19     -0.18
     -0.86     -0.77      1.73
     -0.86     -1.72      2.69
     -0.86     -0.77      0.78
      0.10      0.19      0.78
      2.01      1.15     -0.18
      2.01      1.15     -0.18
      2.01      2.10     -0.18
      0.10      1.15     -1.14
      0.10      0.19     -0.18
      0.10     -0.77      0.78
     -0.86     -0.77      0.78
      0.10     -1.72     -1.14
      0.10     -2.68     -1.14
      0.10     -1.72      1.73
      0.10      0.19      0.78
     -0.86      2.10     -1.14
     -0.86      2.10     -0.18
      0.10      2.10      1.73
      0.10      1.15     -0.18
      0.10      0.19     -3.05
     -0.86     -0.77     -2.09
      0.10     -1.72     -0.18
      0.10     -1.72      0.78
     -0.86     -1.72     -0.18
      0.10     -1.72      0.78
      0.10     -0.77      0.78
      0.10      1.15     -0.18
     -0.86      1.15     -2.09
      2.01      0.19     -2.09
      2.01      0.19      0.78
      0.10      1.15      2.69
      0.10      1.15      2.69
      0.10      0.19      0.78
      2.01      0.19      1.73
      2.01      0.19      0.78
     -0.86      1.15     -2.09
     -0.86      2.10     -3.05
     -0.86      1.15     -1.14
     -0.86     -0.77      0.78
     -0.86     -1.72     -0.18
      0.10     -1.72     -1.14
      0.10     -0.77      0.78
      0.10     -0.77      1.73
      0.10     -0.77      0.78
      0.10      0.19     -0.18
     -0.86      0.19     -0.18
      0.10      2.10     -1.14
      0.10      2.10     -1.14
      0.10      1.15     -0.18
     -0.86      1.15      0.78
     -0.86      1.15     -0.18
     -0.86      0.19      0.78
     -0.86     -1.72      0.78
      0.10     -0.77      0.78
     -0.86      0.19     -0.18
      0.10      0.19     -0.18
      0.10     -0.77     -1.14
      0.10     -0.77     -0.18
      2.01      0.19     -0.18
      2.01      0.19     -2.09
     -0.86      0.19     -1.14
     -0.86      0.19      1.73
     -0.86      1.15      1.73
     -0.86      3.06      0.78
     -0.86      1.15      0.78
     -0.86     -0.77      1.73
      2.01     -0.77      0.78
      2.01      0.19     -1.14
      0.10      0.19     -3.05
     -0.86      0.19     -1.14
      0.10      0.19      0.78
      0.10     -0.77     -0.18
     -0.86     -0.77     -1.14
      0.10     -0.77      0.78
      2.01     -0.77      1.73
      0.10      1.15      0.78
     -0.86      2.10      1.73
     -0.86      0.19      1.73
      0.10     -0.77     -0.18
     -0.86      0.19     -2.09
      0.10     -0.77     -3.05
      0.10     -0.77     -3.05
     -0.86     -0.77     -2.09
      2.01      0.19      0.78
      2.01      1.15      2.69
     -0.86      0.19      2.69
     -0.86      1.15      1.73
     -0.86      0.19      0.78
      0.10      0.19     -1.14
      0.10      0.19     -2.09
     -0.86      0.19     -1.14
      0.10     -0.77     -0.18
      0.10     -1.72      0.78
      0.10     -1.72      1.73
      0.10      0.19      0.78
      0.10      0.19     -0.18
      0.10      0.19     -1.14
      0.10      0.19     -0.18
      2.01      1.15     -0.18
      0.10      1.15     -3.05
     -0.86      0.19     -3.05
      0.10     -0.77      1.73
      0.10     -0.77      2.69
     -0.86     -0.77      1.73
     -0.86      0.19      0.78
     -0.86     -0.77      0.78
     -0.86      0.19      0.78
      0.10      1.15     -1.14
      0.10      0.19     -1.14
      0.10      0.19     -1.14
      2.01      0.19      0.78
      0.10      0.19     -0.18
      0.10      0.19     -1.14
      0.10      0.19     -1.14
      0.10      0.19     -0.18
      0.10     -0.77     -0.18
     -0.86      0.19     -0.18
     -0.86     -0.77     -0.18
     -1.81     -0.77      0.78
      0.10     -0.77      0.78
      0.10      0.19      1.73
      0.10      0.19      0.78
      0.10      0.19     -1.14
      0.10      0.19     -1.14
      0.10      0.19     -1.14
      1.06      1.15     -1.14
      0.10      0.19     -0.18
      0.10      0.19     -0.18
     -0.86     -0.77      0.78
     -0.86     -0.77      1.73
      0.10      0.19      0.78
      0.10      0.19     -1.14
      0.10      0.19     -1.14
      0.10      0.19     -1.14
      0.10      1.15     -1.14
      0.10      1.15     -1.14
      0.10      0.19     -0.18
      0.10      0.19      2.69
      0.10      0.19      2.69
     -0.86      0.19      1.73
     -0.86      0.19     -1.14
      0.10      0.19     -2.09
     -0.86     -0.77      0.78
     -0.86      0.19      1.73
      0.10      0.19     -0.18
      0.10     -0.77     -2.09
      0.10     -0.77     -1.14
      0.10     -0.77     -0.18
      0.10      0.19     -0.18
      0.10      1.15      0.78
     -0.86      1.15      0.78
      2.01      1.15      1.73
      0.10      1.15      1.73
      0.10      0.19      0.78
      0.10     -0.77     -0.18
     -0.86     -0.77     -1.14
     -0.86      0.19     -2.09
     -0.86      0.19     -3.05
     -0.86      0.19     -2.09
     -0.86     -0.77     -1.14
     -0.86     -0.77     -0.18
      0.10      0.19      0.78
      0.10      0.19      1.73
      0.10      0.19      1.73
      0.10      0.19      0.78
     -0.86      0.19      0.78
     -0.86      1.15      0.78
     -0.86      0.19     -1.14
     -0.86     -0.77     -3.05
      0.10     -0.77     -0.18
      2.01     -0.77     -0.18
      2.01      0.19     -1.14
     -0.86      0.19     -0.18
      0.10      0.19      1.73
      0.10     -0.77      2.69
      0.10      0.19      0.78
      0.10      1.15     -0.18
      2.01      2.10     -2.09
      0.10      1.15     -2.09
     -0.86     -0.77     -1.14
     -0.86     -1.72     -0.18
      0.10     -1.72      0.78
      0.10     -0.77      0.78
      0.10      0.19      1.73
     -0.86     -0.77      0.78
      0.10     -0.77      1.73
      0.10      0.19      0.78
      0.10      1.15     -1.14
      0.10      1.15     -1.14
      0.10      1.15     -1.14
      0.10      1.15     -0.18
     -0.86      0.19     -0.18
      0.10      1.15     -0.18
      0.10      1.15      0.78
      0.10      0.19     -0.18
      0.10     -1.72     -1.14
      0.10     -1.72     -1.14
      0.10     -0.77     -0.18
     -0.86      0.19      0.78
      0.10      0.19     -1.14
      0.10      0.19      0.78
      0.10      0.19      1.73
      0.10      1.15      0.78
     -0.86      1.15     -0.18
     -0.86     -0.77      0.78
      0.10     -0.77      1.73
      2.01      0.19      0.78
      0.10      0.19     -1.14
     -0.86     -0.77     -2.09
     -0.86      0.19     -1.14
     -0.86      0.19      0.78
      0.10      1.15      0.78
      0.10      1.15     -1.14
      0.10      0.19     -0.18
      0.10     -0.77      0.78
      0.10     -0.77     -0.18
     -0.86     -0.77      0.78
     -0.86     -0.77      1.73
      0.10     -0.77      1.73
      0.10     -0.77      0.78
      0.10      0.19     -1.14
      0.10      0.19     -1.14
     -0.86      0.19     -1.14
     -0.86      1.15     -1.14
      0.10      2.10     -0.18
      0.10      1.15     -0.18
     -0.86     -0.77     -0.18
      0.10     -1.72      0.78
      2.01     -1.72      0.78
      2.01     -0.77      0.78
      2.01      0.19      0.78
      2.01      0.19      0.78
      0.10      0.19      0.78
     -0.86      1.15      0.78
     -0.86      1.15     -1.14
      0.10      0.19     -1.14
      0.10     -0.77     -1.14
      0.10     -0.77     -1.14
      0.10     -0.77     -0.18
      0.10      0.19      0.78
      2.01      1.15      0.78
      0.10      1.15      0.78
      0.10      0.19      1.73
     -0.86     -0.77      1.73
     -0.86     -0.77     -1.14
      0.10      0.19     -1.14
      0.10      0.19     -1.14
      0.10     -0.77     -0.18
      0.10     -0.77      0.78
      0.10     -0.77     -0.18
      0.10     -0.77     -1.14
      0.10      0.19     -1.14
     -0.86      0.19     -0.18
      0.10     -0.77      0.78
      0.10      0.19      0.78
      0.10      1.15      0.78
      0.10      1.15     -0.18
      0.10      1.15     -1.14
      0.10      0.19     -0.18
      0.10     -1.72      0.78
      0.10     -1.72      0.78
     -0.86     -0.77     -1.14
     -0.86      0.19     -0.18
      0.10      1.15     -0.18
     -1.81      1.15     -2.09
     -0.86      0.19     -1.14
     -0.86      0.19      0.78
      0.10      0.19      0.78
      0.10      0.19     -0.18
      2.01      0.19     -0.18
     -0.86     -0.77     -0.18
      0.10     -0.77      0.78
      0.10      0.19      0.78
     -0.86      1.15      0.78
      0.10     -0.77      0.78
      0.10     -0.77     -0.18
      0.10     -0.77     -0.18
      0.10      0.19     -0.18
      0.10     -0.77     -0.18
      0.10     -0.77     -0.18
      0.10      0.19     -0.18
      0.10      0.19     -0.18
      0.10      1.15     -1.14
     -0.86      1.15     -0.18
      0.10      1.15     -0.18
      0.10      0.19     -0.18
     -0.86      0.19     -0.18
     -0.86      0.19     -0.18
      0.10     -0.77      1.73
      0.10      0.19      1.73
      0.10      1.15      0.78
      0.10      1.15      0.78
      0.10      0.19      0.78
      2.01      0.19     -0.18
      0.10      0.19     -1.14
      0.10     -0.77     -1.14
      0.10     -0.77     -1.14
      2.01      0.19     -0.18
      0.10      1.15     -1.14
      0.10      0.19     -0.18
      0.10      0.19     -0.18
     -0.86      0.19     -0.18
      0.10      0.19      0.78
      2.01      0.19     -0.18
      0.10      0.19      0.78
      0.10      0.19      0.78
      0.10      0.19     -0.18
      0.10      0.19     -1.14
      0.10     -0.77     -0.18
      0.10     -0.77      0.78
      0.10      0.19      0.78
     -0.86      0.19     -0.18
     -0.86      0.19     -1.14
     -0.86      0.19     -0.18
      0.10      0.19      0.78
      0.10      0.19      0.78
      0.10      1.15      0.78
      0.10      0.19     -0.18
      0.10      0.19     -0.18
      0.10      0.19     -0.18
      0.10      0.19     -1.14
      2.01      0.19     -1.14
      0.10      0.19      0.78
      0.10      0.19      1.73
      0.10      0.19      1.73
      0.10      0.19      0.78
      0.10     -0.77     -0.18
      0.10      0.19     -0.18
      2.01     -0.77     -1.14
      0.10      0.19     -1.14
      0.10      0.19      0.78
      0.10      1.15      0.78
     -0.86      1.15     -1.14
     -0.86      0.19     -0.18
     -0.86      0.19      0.78
      2.01      0.19      0.78
      0.10     -0.77     -0.18
      0.10      0.19     -1.14
     -0.86      0.19      0.78
      0.10      0.19      0.78
     -0.86      0.19     -0.18
      0.10     -0.77      0.78
      0.10      0.19      0.78
      0.10      1.15     -0.18
     -0.86      0.19     -1.14
      0.10      0.19     -1.14
      0.10      0.19     -0.18
      0.10      0.19      0.78
     -0.86      0.19     -1.14
      0.10      0.19     -0.18
      0.10      0.19      1.73
      0.10     -0.77      0.78
      0.10     -0.77     -0.18
      0.10     -0.77     -0.18
      0.10      0.19     -0.18
      0.10      1.15     -1.14
     -0.86      1.15     -1.14
      0.10      0.19     -0.18
     -0.86      0.19     -0.18
      0.10      0.19     -0.18
      0.10      0.19      0.78
      0.10     -0.77      0.78
      0.10     -0.77     -0.18
      0.10      0.19     -0.18
      0.10      0.19     -0.18
     -0.86      0.19     -0.18
      0.10      1.15      0.78
      0.10      1.15     -0.18
      0.10      0.19     -0.18
     -0.86      0.19     -1.14
      0.10      0.19     -0.18
      0.10     -0.77      0.78
      0.10     -0.77      0.78
      0.10     -0.77     -0.18
      0.10      0.19     -0.18
      0.10      0.19     -0.18
      0.10      0.19     -0.18
      0.10      0.19      0.78
     -0.86      0.19      0.78
     -0.86      1.15     -0.18
      0.10      1.15     -0.18
      0.10      0.19     -0.18
     -0.86      0.19     -0.18
      0.10     -0.77      0.78
      0.10     -0.77      0.78
      0.10     -0.77      0.78
      0.10     -0.77     -1.14
      0.10     -0.77     -1.14
      0.10      0.19     -0.18
      2.01      1.15     -0.18
     -0.86      1.15     -1.14
      0.10      1.15     -1.14
      0.10      0.19      0.78
      0.10     -0.77      1.73
      0.10     -0.77      1.73
      2.01      0.19      0.78
      2.01      0.19     -0.18
      0.10     -0.77     -1.14
      0.10      0.19     -1.14
     -0.86      0.19     -1.14
     -0.86      0.19     -0.18
     -0.86      1.15      0.78
      0.10      0.19      0.78
      0.10     -0.77     -0.18
      0.10     -0.77      0.78
      0.10     -0.77     -0.18
     -0.86      0.19     -0.18
      0.10      0.19     -0.18
      0.10      0.19     -0.18
      0.10      0.19      0.78
      0.10      0.19      1.73
      0.10      0.19      0.78
      0.10      0.19     -0.18
      0.10      0.19     -1.14
      0.10      0.19     -0.18
      0.10      0.19      0.78
      0.10      0.19      0.78
      0.10      1.15     -0.18
      0.10      1.15     -0.18
      0.10     -0.77     -0.18
      0.10     -0.77     -0.18
     -0.86     -0.77     -0.18
     -0.86      0.19     -0.18
     -0.86      0.19     -1.14
     -0.86     -0.77     -0.18
      0.10     -0.77      1.73
      0.10     -0.77      1.73
      2.01      1.15     -0.18
      0.10      1.15     -0.18
      0.10      0.19     -0.18
      0.10     -0.77      0.78
      0.10     -0.77     -0.18
      0.10      0.19     -1.14
      0.10      0.19     -1.14
      0.10      0.19      0.78
      0.10      0.19      0.78
      0.10      1.15      0.78
      0.10      1.15     -0.18
      0.10      0.19     -0.18
     -0.86     -0.77     -1.14
      0.10      0.19     -0.18
      0.10      0.19     -0.18
      0.10      0.19     -0.18
      0.10      0.19      0.78
      0.10      0.19      0.78
      0.10      0.19     -0.18
     -0.86      0.19     -0.18
      0.10     -0.77      0.78
      0.10      0.19      0.78
     -0.86      0.19     -1.14
      0.10      0.19     -1.14
      0.10      0.19     -0.18
      0.10      1.15     -0.18
      0.10      0.19      0.78
      0.10      0.19      0.78
      0.10      0.19      0.78
      0.10      0.19      0.78
      0.10      0.19      0.78
      0.10      0.19      0.78
      0.10      0.19      0.78
     -0.86      0.19     -1.14
      0.10      0.19     -1.14
      0.10      0.19     -1.14
      0.10      0.19     -0.18
     -0.86     -0.77     -1.14
      0.10     -0.77     -1.14
      0.10      0.19      0.78
     -0.86      0.19     -0.18
      0.10      0.19      0.78
      2.01      1.15      1.73
      2.01      0.19      0.78
      0.10      0.19     -0.18
     -0.86      0.19     -1.14
     -0.86      0.19      0.78
      0.10     -0.77      0.78
      0.10      0.19     -0.18
      0.10      0.19     -0.18
      0.10      0.19     -0.18
      0.10      0.19     -1.14
     -0.86      0.19     -0.18
     -0.86      0.19      0.78
      0.10      0.19      0.78
      0.10      0.19      0.78
      0.10      0.19     -0.18
     -0.86     -0.77      0.78
      0.10      0.19     -0.18
      0.10      0.19     -1.14
      0.10      1.15     -0.18
      2.01      0.19     -0.18
      2.01      0.19     -0.18
      0.10      0.19     -0.18
      0.10      0.19      0.78
      0.10      0.19     -0.18
      2.01      0.19     -0.18
      0.10     -0.77      0.78
      0.10     -0.77     -0.18
     -0.86      0.19     -0.18
     -0.86      0.19      0.78
     -0.86     -0.77      0.78
      0.10     -0.77     -0.18
      1.06      0.19     -0.18
      0.10      0.19     -1.14
      0.10      1.15     -0.18
      0.10      1.15     -0.18
     -0.86      0.19      0.78
      0.10      0.19      0.78
      0.10      0.19      0.78
      0.10      0.19     -0.18
      0.10      0.19     -0.18
      0.10     -0.77     -0.18
      0.10      0.19     -0.18
      0.10      0.19     -0.18
      0.10      1.15     -0.18
     -0.86      0.19     -0.18
      0.10      0.19     -0.18
      0.10     -0.77     -0.18
      2.01      0.19      0.78
      0.10      0.19     -0.18
     -0.86      0.19     -0.18
     -0.86      0.19     -0.18
      0.10     -0.77     -0.18
      0.10      0.19     -0.18
      0.10      0.19     -0.18
      0.10      0.19     -1.14
      0.10      0.19     -0.18
      0.10      1.15     -0.18
     -0.86      1.15     -0.18
     -0.86      0.19      0.78
     -0.86      0.19      0.78
     -0.86     -0.77      0.78
      0.10     -0.77     -0.18
      0.10     -0.77     -0.18
      0.10     -0.77     -0.18
      0.10     -0.77     -0.18
      0.10      0.19     -0.18
      0.10      1.15     -1.14
      0.10      1.15     -0.18
      0.10      1.15      0.78
      0.10      0.19      0.78
      0.10      0.19      0.78
      0.10      0.19     -0.18
      0.10     -0.77     -0.18
      0.10      0.19     -0.18
      0.10     -0.77     -0.18
      0.10     -0.77     -0.18
     -0.86      0.19     -0.18
      0.10     -0.77      0.78
      2.01      0.19      0.78
     -0.86      0.19      0.78
      0.10      0.19     -0.18
      0.10      0.19     -0.18
      0.10      0.19     -0.18
      0.10      0.19     -0.18
      0.10     -0.77     -0.18
      0.10     -0.77     -0.18
     -0.86     -0.77     -0.18
      0.10     -0.77      0.78
      0.10      0.19      0.78
      0.10      1.15      0.78
      0.10      1.15     -0.18
      0.10      0.19     -0.18
      0.10      0.19     -0.18
     -0.86      0.19     -0.18
     -0.86     -0.77      0.78
      0.10     -0.77     -0.18
      0.10     -0.77     -0.18
      0.10     -0.77     -0.18
      0.10      0.19     -0.18
      0.10      1.15     -0.18
      0.10      1.15     -1.14
      0.10      0.19     -1.14
      0.10      0.19     -0.18
      0.10      0.19      0.78
     -0.86      0.19      0.78
      0.10      0.19      0.78
      0.10      0.19      0.78
      0.10      0.19      0.78
      0.10      0.19     -0.18
      0.10      0.19     -0.18
      0.10      0.19      0.78
      0.10      0.19     -0.18
      0.10      0.19     -1.14
      0.10      0.19     -0.18
      2.01     -0.77      0.78
     -0.86      0.19      0.78
     -0.86      0.19     -0.18
      0.10      0.19     -0.18
      0.10      0.19      0.78
      0.10      0.19      0.78
      0.10      0.19     -0.18
      0.10      0.19     -0.18
      2.01      0.19      0.78
      2.01      0.19      0.78
      0.10      0.19      0.78
     -0.86      0.19     -0.18
      0.10      0.19     -0.18
      0.10      0.19     -0.18
      0.10      0.19     -1.14
      0.10      0.19     -1.14
      0.10     -0.77     -0.18
      0.10      0.19      0.78
      0.10      0.19      0.78
     -0.86     -0.77     -0.18
     -0.86      0.19     -0.18
      0.10     -0.77     -0.18
      0.10      0.19     -1.14
     -0.86      0.19     -1.14
      0.10      1.15      0.78
      0.10      1.15      0.78
      0.10      0.19      0.78
      0.10     -0.77     -0.18
      0.10     -0.77     -0.18
      0.10     -0.77     -1.14
      0.10      0.19     -1.14
      0.10      0.19     -1.14
     -0.86      0.19     -0.18
      0.10      0.19     -0.18
      0.10      0.19     -1.14
      0.10      0.19     -0.18
     -0.86      0.19      0.78
      0.10      0.19      0.78
     -0.86     -0.77      0.78
      2.01      0.19     -0.18
     -0.86      0.19     -0.18
      0.10      1.15     -0.18
      0.10      0.19      0.78
      1.06     -0.77     -0.18
      0.10     -0.77     -1.14
      0.10      0.19     -0.18
      0.10      0.19     -0.18
      0.10      0.19     -1.14
      0.10      0.19     -0.18
      0.10      0.19      0.78
     -0.86      0.19      0.78
     -0.86      1.15      0.78
     -0.86      0.19     -0.18
      0.10      0.19     -0.18
      0.10     -0.77     -0.18
      0.10      0.19     -0.18
      0.10     -0.77     -0.18
      0.10      0.19      0.78
      0.10      0.19      0.78
      0.10      0.19      0.78
      0.10      0.19     -0.18
     -0.86      0.19     -0.18
      0.10      0.19     -1.14
      0.10      0.19     -1.14
      0.10      0.19     -1.14
      2.01      0.19     -0.18
      0.10      0.19     -0.18
     -0.86      0.19     -0.18
      0.10     -0.77      0.78
      0.10     -0.77      0.78
     -0.86     -0.77     -0.18
     -0.86      0.19      0.78
      2.01      0.19     -0.18
      0.10      1.15     -0.18
      0.10      0.19     -0.18
      0.10      0.19     -0.18
      0.10      0.19     -0.18
      0.10     -0.77     -0.18
     -0.86      0.19      0.78
      0.10      0.19      0.78
      0.10      0.19      0.78
      0.10      0.19     -0.18
      0.10      0.19     -0.18
      0.10      0.19     -1.14
      2.01     -0.77     -1.14
      0.10      0.19     -0.18
      2.01      0.19      0.78
      0.10      0.19      0.78
      0.10     -0.77     -0.18
     -0.86      0.19     -0.18
      0.10     -0.77      0.78
      0.10      0.19      0.78
     -0.86      0.19     -0.18
      0.10      0.19     -0.18
      0.10      0.19      0.78
      0.10      0.19     -0.18
      0.10      0.19     -0.18
      2.01     -0.77     -0.18
      0.10      0.19     -0.18
     -0.86      1.15     -0.18
     -0.86      1.15     -0.18
      0.10      0.19     -0.18
      0.10     -0.77     -0.18
      0.10      0.19      0.78
      0.10      0.19     -0.18
     -0.86      0.19     -0.18
      0.10     -0.77     -0.18
      0.10      0.19      0.78
      0.10      0.19      0.78
      0.10      0.19     -0.18
      0.10      0.19      0.78
      0.10      0.19     -0.18
      0.10     -0.77     -0.18
      0.10      0.19     -2.09
      2.01      0.19     -1.14
     -0.86      0.19     -0.18
      2.01      0.19     -0.18
      0.10      0.19     -0.18
      0.10      0.19     -0.18
      0.10      0.19     -0.18
      0.10      0.19     -0.18
     -0.86      0.19     -0.18
      0.10      0.19      0.78
      0.10      0.19     -0.18
      0.10      0.19     -0.18
      0.10      0.19     -0.18
      0.10      0.19     -0.18
      0.10      0.19     -0.18
      0.10      0.19      0.78
      0.10     -0.77      0.78
      0.10     -0.77     -0.18
      0.10     -0.77     -1.14
     -0.86      0.19     -0.18
      0.10      0.19      0.78
      0.10      0.19      0.78
      0.10      0.19      0.78
      0.10      0.19      0.78
     -0.86      0.19     -0.18
      0.10      0.19     -0.18
      0.10      0.19     -1.14
      0.10     -0.77     -1.14
      0.10      0.19     -0.18
      0.10      0.19     -0.18
      0.10      0.19     -0.18
      0.10     -0.77     -0.18
     -0.86      0.19     -0.18
      0.10     -0.77     -0.18
      0.10      0.19     -0.18
      0.10      0.19     -0.18
      0.10      0.19     -0.18
      0.10      0.19      0.78
      0.10      1.15      0.78
      0.10      0.19     -0.18
      0.10      0.19     -0.18
      0.10      0.19     -0.18
      0.10      1.15     -1.14
     -0.86      0.19     -1.14
      0.10      0.19     -0.18
      0.10      0.19     -0.18
      0.10     -0.77     -0.18
      0.10      0.19     -0.18
      0.10      0.19     -0.18
      0.10      0.19      0.78
      0.10      0.19      0.78
      0.10     -0.77      0.78
      0.10      0.19     -0.18
      2.01      0.19      0.78
      0.10      0.19     -0.18
      0.10      0.19     -0.18
      0.10      0.19     -0.18
      0.10      0.19     -0.18
     -0.86      0.19     -0.18
      0.10      0.19     -0.18
      0.10      0.19     -0.18
      0.10      0.19     -0.18
     -0.86      0.19      0.78
      0.10      0.19      0.78
      0.10      0.19     -0.18
      0.10      0.19     -0.18
      0.10      0.19     -0.18
     -0.86      0.19     -0.18
      0.10      0.19      0.78
      0.10      0.19     -0.18
      0.10     -0.77     -0.18
      0.10     -0.77     -0.18
     -0.86      0.19      0.78
      0.10      0.19      0.78
      0.10      1.15     -0.18
      0.10      1.15     -0.18
      0.10      0.19     -0.18
      0.10     -0.77     -0.18
      0.10      0.19     -0.18
     -0.86      0.19      0.78
      0.10      0.19      0.78
      0.10     -0.77      0.78
      0.10     -0.77     -0.18
      0.10      0.19     -1.14
      0.10      0.19     -0.18
      0.10      0.19      0.78
      0.10      0.19     -0.18
      0.10      0.19     -0.18
      0.10      0.19      0.78
     -0.86      0.19     -0.18
      0.10      0.19     -0.18
      0.10      0.19     -1.14
      0.10     -0.77     -0.18
      0.10      0.19      0.78
      0.10      0.19      0.78
      0.10      0.19      0.78
     -0.86      0.19     -0.18
      0.10      0.19     -0.18
      0.10      0.19     -0.18
      0.10      0.19     -0.18
     -0.86      1.15     -0.18
      2.01      0.19     -0.18
      0.10     -0.77     -0.18
      0.10      0.19     -0.18
      0.10      1.15     -0.18
      0.10      0.19     -0.18
      0.10      0.19      0.78
     -0.86      0.19     -0.18
      0.10      0.19     -0.18
      0.10      0.19     -0.18
      0.10     -0.77      0.78
      0.10     -0.77     -0.18
      0.10      0.19      0.78
      0.10      0.19     -0.18
      0.10      0.19     -0.18
     -0.86     -0.77     -0.18
      0.10      0.19      0.78
      0.10      0.19      0.78
      0.10      0.19     -0.18
      0.10      0.19     -0.18
      0.10      0.19     -0.18
      0.10      1.15     -0.18
     -0.86      0.19     -0.18
      0.10     -0.77     -0.18
      0.10     -0.77     -0.18
      0.10      0.19     -0.18
      0.10      0.19     -0.18
      0.10      0.19     -0.18
      0.10      0.19     -0.18
      0.10      0.19      0.78
      0.10      0.19      0.78
      0.10      0.19     -0.18
      0.10      0.19      0.78
      0.10     -0.77     -0.18
      0.10      0.19     -0.18
      2.01      0.19     -0.18
      0.10      1.15     -0.18
      0.10      1.15     -0.18
     -0.86     -0.77     -0.18
      0.10     -0.77     -0.18
      0.10      0.19     -0.18
      0.10      0.19     -0.18
      0.10      0.19     -0.18
     -0.86      0.19      0.78
      2.01      0.19     -0.18
      0.10      0.19     -0.18
      0.10      0.19     -0.18
      0.10     -0.77      0.78
      0.10     -0.77      0.78
      0.10      0.19     -0.18
      0.10      0.19     -0.18
      0.10      0.19      0.78
      0.10      0.19     -0.18
      0.10      0.19     -0.18
      0.10     -0.77     -0.18
      0.10      0.19      0.78
      0.10      0.19     -0.18
      0.10      1.15     -0.18
      0.10      1.15     -0.18
      0.10      0.19     -0.18
     -0.86      0.19     -0.18
     -0.86      0.19     -0.18
      0.10     -0.77     -0.18
      0.10      0.19     -0.18
      0.10      0.19      0.78
      0.10      0.19     -0.18
      0.10      0.19     -1.14
     -0.86      0.19      0.78
      0.10      0.19     -0.18
      0.10     -0.77     -0.18
      0.10      0.19     -0.18
      0.10     -0.77     -0.18
      0.10     -0.77     -0.18
      0.10      0.19     -0.18
      0.10      0.19     -0.18
      0.10      0.19      0.78
      0.10      0.19      0.78
      0.10      0.19     -0.18
      0.10      1.15     -0.18
      0.10      0.19      0.78
      0.10      0.19     -0.18
      0.10     -0.77     -0.18
      0.10     -0.77     -0.18
      0.10      0.19     -0.18
      0.10      0.19     -0.18
      0.10      0.19     -0.18
      0.10      0.19     -0.18
      0.10      0.19     -0.18
      0.10      1.15     -1.14
      0.10      0.19     -1.14
      0.10      0.19     -0.18
     -0.86      0.19      0.78
      0.10      0.19      0.78
      0.10      0.19      0.78
      0.10      0.19      0.78
      0.10      0.19      0.78
