********************************************************************************
                       INSTITUTO DE INGENIERIA, UNAM
                   Coordinacion de Instrumentacion Sismica
  Ciudad Universitaria, Apartado Postal 70-472, Coyoacan 04510, Mexico, D.F.
 Tel.(52-5)622-3414    Fax.(52-5)616-1514    e-mail: isismica@pumas.iingen.unam.mx
**************************************************************************************
ARCHIVO ESTANDAR DE ACELERACION:
VERSION DEL FORMATO                    : 2.0
NOMBRE DEL ARCHIVO                     : VIGA8904.252
FECHA Y HORA DE CREACION               : Tue Mar 24 15:16:22 1998
REF. CATALOGO ACELEROGRAMAS, SMIS 1995 : REGISTRO No. 1527 /PAG. 159


================================================================================
DATOS DE LA ESTACION:
NOMBRE DE LA ESTACION                  : LAS VIGAS
CLAVE DE LA ESTACION                   : VIGA
LOCALIZACION DE LA ESTACION            : INSTALACIONES SARH, A 90KM DE ACAPULCO, CARRETERA
                                       : ACAPULCO-PINOTEPA NACIONAL. LAS VIGAS, GUERRERO.
                                       : 
                                       : 
                                       : 
COORDENADAS DE LA ESTACION             : 16.758703 LAT. N
                                       : 99.233268 LONG. W
ALTITUD (msnm)                         : 35
TIPO DE SUELO                          : ROCA
                                       : 
                                       : 
INSTITUCION RESPONSABLE                : INSTITUTO DE INGENIERIA UNAM 
                                       : 

================================================================================
DATOS DEL ACELEROGRAFO: 
MODELO DEL ACELEROGRAFO                : DSA-1
NUMERO DE SERIE DEL ACELEROGRAFO       : 253
NUMERO DE CANALES                      : 3
ORIENTACION C1-C6 (rumbo;orientacion)  : /S90E/V/S00E
ORIENTACION C7-C12 (rumbo;orientacion) :
VEL. DE MUESTREO, C1-C6 (muestras/s)   : /200/200/200
VEL. DE MUESTREO, C7-C12 (muestras/s)  :
ESC. COMPLETA DE SENSORES, C1-C6, (g)  : /2/2/2
ESC. COMPLETA DE SENSORES, C7-C12 (g)  :
FREC. NAT. DE SENSORES, C1-C6, (Hz)    : /52.6/51.9/55.7
FREC. NAT. DE SENSORES, C7-C12 (Hz)    :
AMORTIGUAMIENTO DE SENSORES, C1-C6     : /0.64/0.61/0.63
AMORTIGUAMIENTO DE SENSORES, C7-C12    :
INTERVALO DE MUESTREO, C1-C6 (s)       : /0.005/0.005/0.005
INTERVALO DE MUESTREO, C7-C12 (s)      :
UMBRAL DE DISPARO, C1-C6 (Gal)         : 5.5/5.5/5.5
UMBRAL DE DISPARO, C7-C12 (Gal)        :
MEMORIA DE PREEVENTO (s)               : 2.56
TIEMPO DE POSEVENTO (s)                : 20


================================================================================
DATOS DEL SISMO:
FECHA DEL SISMO [GMT]                  : 1989/04/25
HORA EPICENTRO (GMT)                   : 16:26:47.3
MAGNITUD(ES)                           : /Mb=4.80/Mc=4.40
COORDENADAS DEL EPICENTRO              : 16.638 LAT. N 
                                       : 99.296 LONG. W 
PROFUNDIDAD FOCAL (km)                 : 19 
FUENTES DE LOS DATOS EPICENTRALES      : INSTITUTO DE INGENIERIA UNAM
                                       : 

================================================================================
DATOS DE ESTE REGISTRO:
HORA DE LA PRIMERA MUESTRA (GMT)       : 16:26:48.99
EXACTITUD DEL TIEMPO (s)               : 0.01
DURACION DEL REGISTRO (s), C1-C6       : /8.85/8.85/8.85                         
DURACION DEL REGISTRO (s), C7-C12      : 
NUM. TOTAL DE MUESTRAS, C1-C6          : /1769/1769/1769                       
NUM. TOTAL DE MUESTRAS, C7-C12         : 
ACEL. MAX.(Gal), C1-C6                 : /-10.46/11.48/-17.23                  
ACEL. MAX., C1-C6, EN LA MUESTRA       : /1241/381/1307                        
ACEL. MAX.(Gal), C7-C12                : 
ACEL. MAX., C7-C12,EN LA MUESTRA       : 
UNIDADES DE LOS DATOS                  : Gal (cm/s/s)
FACTOR DE DECIMACION                   : 1
FORMATO DATOS (FORTRAN,10 campos/dato) : 3F10.2


================================================================================
CALIDAD DEL ACELEROGRAMA:
REGISTRO DIGITAL AL QUE FALTA UNA PARTE AL FINAL, CON TIEMPO ABSOLUTO
CORRECTO.

===============================================================================
COMENTARIOS:














===============================================================================
DATOS DE ACELERACION:
---------+---------+---------+---------+---------+---------+---------+---------+
   CANAL-1   CANAL-2   CANAL-3
      S90E         V      S00E
---------+---------+---------+---------+---------+---------+---------+---------+
      0.07      0.00      0.00
      0.07      0.00      0.00
      0.07      0.00      0.00
      0.07      0.00      0.00
      0.07      0.00      0.00
      0.07      0.00      0.00
      0.07      0.00      0.00
      0.07      0.00      0.00
      0.07      0.00      0.00
      0.07      0.00      0.00
      0.07      0.00      0.00
      0.07      0.00      0.00
      0.07      0.00      0.00
      0.07      0.00      0.00
      0.07      0.00      0.00
      0.07      0.00      0.00
      0.07      0.00      0.00
      0.07      0.00      0.00
      0.07      0.00      0.00
      0.07      0.00      0.00
      0.07      0.00      0.00
      0.07      0.00      0.00
      0.07      0.00      0.00
      0.07      0.00      0.00
      0.07      0.00      0.00
      0.07      0.00      0.00
      0.07      0.00      0.00
      0.07      0.00      0.00
      0.07      0.00      0.00
      0.07      0.00      0.00
      0.07      0.00      0.00
      0.07      0.00      0.00
      0.07      0.00      0.00
      0.07      0.00      0.00
      0.07      0.00      0.00
      0.07      0.00      0.00
      0.07      0.00      0.00
      0.07      0.00      0.00
      0.07      0.00      0.00
      0.07      0.00      0.00
      0.07      0.00      0.00
      0.07      0.00      0.00
      0.07      0.00      0.00
      0.07      0.00      0.00
      0.07      0.00      0.00
      0.07      0.00      0.00
      0.07      0.00      0.00
      0.07      0.00      0.00
      0.07      0.00      0.00
      0.07      0.00      0.00
      0.07      0.00      0.00
      0.07      0.00      0.00
      0.07      0.00      0.00
      0.07      0.00      0.00
      0.07      0.00      0.00
      0.07      0.00      0.00
      0.07      0.00      0.00
      0.07      0.00      0.00
      0.07      0.00      0.00
      0.07      0.00      0.00
     -0.89      0.00      0.00
      0.07      0.00      0.00
      0.07      0.00      0.00
      0.07      0.00      0.00
      0.07      0.00      0.00
      0.07      0.00      0.00
      0.07      0.00      0.00
      0.07      0.00      0.00
      0.07      0.00      0.00
      0.07      0.00      0.00
      0.07      0.00      0.00
      0.07      0.00      0.00
      0.07      0.00      0.00
      0.07      0.00      0.00
      0.07      0.00      0.00
      0.07      0.00      0.00
      0.07      0.00      0.00
      0.07      0.00      0.00
      0.07      0.00      0.00
      0.07      0.00      0.00
      0.07      0.00      0.00
      0.07      0.00      0.00
      0.07      0.00      0.00
      0.07      0.00      0.00
      0.07      0.00      0.00
      0.07      0.00      0.00
      0.07      0.00      0.00
      0.07      0.00      0.00
      0.07      0.00      0.00
      0.07      0.00      0.00
      0.07      0.00      0.00
      0.07      0.00      0.00
      0.07      0.00      0.00
      0.07      0.00      0.00
      0.07      0.00      0.00
     -0.89      0.00      0.00
      0.07      0.00      0.00
      0.07      0.00      0.00
     -0.89      0.00      0.00
     -0.89      0.00      0.00
      0.07      0.00      0.00
      0.07      0.00      0.00
      0.07      0.00      0.00
      0.07      0.00      0.00
      0.07      0.00      0.00
      0.07      0.00      0.00
      0.07      0.00      0.00
      0.07      0.00      0.00
      0.07      0.00      0.00
      0.07      0.00      0.00
      0.07      0.00      0.00
      0.07      0.00      0.00
      0.07      0.00      0.00
      0.07      0.00      0.00
      0.07      0.00      0.00
      0.07      0.00      0.00
      0.07      0.00      0.00
      0.07      0.00      0.00
      0.07      0.00      0.00
      0.07      0.00      0.00
      0.07      0.00      0.00
      0.07      0.00      0.00
      0.07      0.00      0.00
      0.07      0.00      0.00
      0.07      0.00      0.00
      0.07      0.00      0.00
     -0.89      0.00      0.00
     -0.89      0.00      0.00
      0.07      0.00      0.00
      0.07      0.00      0.00
      0.07      0.00      0.00
      0.07      0.00      0.00
      0.07      0.00      0.00
      0.07      0.00      0.00
      0.07      0.00      0.00
      0.07      0.00      0.00
      0.07      0.00      0.00
      0.07      0.00      0.00
      0.07      0.00      0.00
      0.07      0.00      0.00
      0.07      0.00      0.00
      0.07      0.00      0.00
      0.07      0.00      0.00
      0.07      0.00      0.00
      0.07      0.00      0.00
     -0.89      0.00      0.00
      0.07      0.00      0.00
      0.07      0.00      0.00
      0.07      0.00      0.00
      0.07      0.00      0.00
      0.07      0.00      0.00
     -0.89      0.00      0.00
      0.07      0.00      0.00
      0.07      0.00      0.00
      0.07      0.00      0.00
      0.07      0.00      0.00
      0.07      0.00      0.00
      0.07      0.00      0.00
      0.07      0.00      0.00
      0.07      0.00      0.00
      0.07      0.00      0.00
      0.07      0.00      0.00
      0.07      0.00      0.00
     -0.89      0.00      0.00
      0.07      0.00      0.00
      0.07      0.00      0.00
     -0.89      0.00      0.00
     -0.89      0.00      0.00
      0.07      0.00      0.00
     -0.89      0.00      0.00
     -0.89      0.00      0.00
      0.07      0.00      0.00
      0.07      0.00      0.00
      0.07      0.00      0.00
      0.07      0.00      0.00
      0.07      0.00      0.00
      0.07      0.00      0.00
      0.07      0.00      0.00
      0.07      0.00      0.00
      0.07      0.00      0.00
      0.07      0.00      0.00
      0.07      0.00      0.00
      0.07      0.00      0.00
      0.07      0.00      0.00
      0.07      0.00      0.00
     -0.89      0.00      0.00
      0.07      0.00      0.00
      0.07      0.00      0.00
     -0.89      0.00      0.00
      0.07      0.00      0.00
      0.07      0.00      0.00
      0.07      0.00      0.00
      0.07      0.00      0.00
      0.07      0.00      0.00
      0.07      0.00      0.00
      0.07      0.00      0.00
      0.07      0.00      0.00
      0.07      0.00      0.00
      0.07      0.00      0.00
      0.07      0.00      0.00
      0.07      0.00      0.00
     -0.89      0.00      0.00
      0.07      0.00      0.00
     -0.89      0.00      0.00
      0.07      0.00      0.00
      0.07      0.00      0.00
      0.07      0.00      0.00
      0.07      0.00      0.00
      0.07      0.00      0.00
      0.07      0.00      0.00
      0.07      0.00      0.00
      0.07      0.00      0.00
      0.07      0.00      0.00
      0.07      0.00      0.00
      0.07      0.00      0.00
      0.07      0.00      0.00
      0.07      0.00      0.00
      0.07      0.00      0.00
      0.07      0.00      0.00
      0.07      0.00      0.00
      0.07      0.00      0.00
      0.07      0.00      0.00
      0.07      0.00      0.00
      0.07      0.00      0.00
      0.07      0.00      0.00
     -0.89      0.00      0.00
      0.07      0.00      0.00
      0.07      0.00      0.00
      0.07      0.00      0.00
     -0.89      0.00      0.00
     -0.89      0.00      0.00
     -0.89      0.00      0.00
      0.07      0.00      0.00
      0.07      0.00      0.00
      0.07      0.00      0.00
      0.07      0.00      0.00
      0.07      0.00      0.00
     -0.89      0.00      0.00
      0.07      0.00      0.00
      0.07      0.00      0.00
      0.07      0.00      0.00
      0.07      0.00      0.00
     -0.89      0.00      0.00
     -0.89      0.00      0.00
      0.07      0.00      0.00
      0.07      0.00      0.00
      0.07      0.00      0.00
     -0.89      0.00      0.00
      0.07      0.00      0.00
      0.07      0.00      0.00
      0.07      0.00      0.00
      0.07      0.00      0.00
      0.07      0.00      0.00
      0.07      0.00      0.00
     -0.89      0.00      0.00
     -0.89      0.00      0.00
      0.07      0.00      0.00
      0.07      0.00      0.00
      0.07      0.00      0.00
      0.07      0.00      0.00
      0.07      0.00      0.00
      0.07      0.00      0.00
      0.07      0.00      0.00
      0.07      0.00      0.00
      0.07      0.00      0.00
      0.07      0.00      0.00
      0.07      0.00      0.00
     -0.89      0.00      0.00
      0.07      0.00      0.00
      0.07      0.00      0.00
      0.07      0.00      0.00
      0.07      0.00      0.00
      0.07      0.00      0.00
      0.07      0.00      0.00
      0.07      0.00      0.00
      0.07      0.00      0.00
      0.07      0.00      0.00
      0.07      0.00      0.00
      0.07      0.00      0.00
      0.07      0.00      0.00
      0.07      0.00      0.00
      0.07      0.00      0.00
      0.07      0.00      0.00
      0.07      0.00      0.00
      0.07      0.00      0.00
      0.07      0.00      0.00
      0.07      0.00      0.00
      0.07      0.00      0.00
      0.07      0.00      0.00
      0.07      0.00      0.00
      0.07      0.00      0.00
      0.07      0.00      0.00
      0.07      0.00      0.00
      0.07      0.00      0.00
      0.07      0.00      0.00
      0.07      0.00      0.00
      0.07      0.00      0.00
      0.07      0.00      0.00
      0.07      0.00      0.00
     -0.89      0.00      0.00
      0.07      0.00      0.00
      0.07      0.00      0.00
      0.07      0.00      0.00
      0.07      0.00      0.00
      0.07      0.00      0.00
      0.07      0.00      0.00
      0.07      0.00      0.00
      0.07      0.00      0.00
      0.07      0.00      0.00
      0.07      0.00      0.00
      0.07      0.00      0.00
      0.07      0.00      0.00
      0.07      0.00      0.00
      0.07      0.00      0.00
      0.07      0.00      0.00
      0.07      0.00      0.00
      0.07      0.00      0.00
      0.07      0.00      0.00
      0.07      0.00      0.00
      0.07      0.00      0.00
      0.07      0.00      0.00
      0.07      0.00      0.00
      0.07      0.00      0.00
      0.07      0.00      0.00
      0.07      0.00      0.00
      0.07      0.00      0.00
      0.07      0.00      0.00
      0.07      0.00      0.00
      0.07      0.00      0.00
     -0.89      0.00      0.00
      0.07      0.00      0.00
      0.07      0.00      0.00
      0.07      0.00      0.00
      0.07      0.00      0.00
      0.07      0.00      0.00
      0.07      0.00      0.00
      0.07      0.00      0.00
      0.07      0.00      0.00
      0.07      0.00      0.00
      0.07      0.00      0.00
      0.07      0.00      0.00
      0.07      0.00      0.00
      0.07      0.00      0.00
      0.07      0.00      0.00
      0.07      0.00      0.00
      0.07      0.00      0.00
      0.07      0.00      0.00
      0.07      0.00      0.00
      0.07      0.00      0.00
      0.07      0.00      0.00
      0.07      0.00      0.00
      0.07      0.00      0.00
      0.07      0.00      0.00
      0.07      0.00      0.00
      0.07      0.00      0.00
      0.07      0.00      0.00
      0.07      0.00      0.00
      0.07      0.00      0.00
      0.07      0.00      0.00
      0.07      0.00      0.00
      0.07      0.00      0.00
      0.07      0.00      0.00
      0.07      0.00      0.00
      0.07      0.00      0.00
      0.07      0.00      0.00
      0.07      0.00      0.00
      0.07      0.00      0.00
      0.07      0.00      0.00
      0.07      0.00      0.00
      0.07      0.00      0.00
      0.07      0.00      0.00
     -0.89     -0.96      0.00
      0.07     -0.96      0.96
     -0.89     -2.87      0.96
     -1.84     -4.78      2.87
     -2.80     -7.66      2.87
     -3.76    -10.53      2.87
     -4.71    -10.53      1.91
     -5.67     -6.70      0.96
     -4.71      0.00      0.00
     -3.76      6.70      0.96
     -0.89     11.48      2.87
      1.99     10.53      5.74
      2.94      4.78      5.74
      2.94     -1.91      3.83
      1.99     -4.78     -0.96
      1.03     -2.87     -4.78
      1.99      0.00     -4.78
      1.99      0.96     -3.83
      1.03      0.00     -2.87
     -0.89     -1.91     -2.87
     -1.84     -1.91     -2.87
     -1.84      0.00     -0.96
     -1.84      2.87      2.87
     -2.80      3.83      3.83
     -2.80      3.83      0.00
     -2.80      1.91     -3.83
     -1.84      1.91     -5.74
      1.03      0.96     -3.83
      2.94      0.96      0.00
      2.94      0.96      0.96
      0.07      0.96      1.91
     -2.80     -0.96      3.83
     -3.76     -2.87      3.83
     -1.84     -1.91      0.00
      1.03      0.00     -4.78
      3.90      0.00     -5.74
      2.94     -0.96     -2.87
      1.03     -0.96      2.87
      0.07      1.91      5.74
      1.03      5.74      5.74
      0.07      8.61      4.78
     -1.84      6.70      0.96
     -1.84      1.91     -4.78
      1.03     -3.83     -8.61
      1.99     -6.70     -9.57
      1.03     -6.70     -7.66
      0.07     -2.87     -6.70
      0.07      0.96     -3.83
     -1.84      2.87      0.00
     -3.76      2.87      1.91
     -6.63      2.87      2.87
     -4.71      2.87      2.87
      0.07      2.87      0.96
      3.90      1.91     -0.96
      4.86      0.96     -2.87
      3.90     -0.96     -1.91
      1.03     -1.91      0.00
     -0.89     -1.91      0.00
      0.07     -0.96     -1.91
      0.07      0.96     -3.83
      0.07      3.83     -3.83
     -1.84      3.83     -0.96
     -1.84      1.91      1.91
      0.07     -0.96      3.83
      3.90     -2.87      2.87
      3.90     -2.87     -0.96
      1.03     -1.91     -2.87
     -1.84     -0.96      0.00
     -2.80      0.00      2.87
     -2.80      0.00      2.87
     -1.84      0.96      0.96
      0.07     -0.96     -0.96
      0.07     -2.87     -0.96
      0.07     -5.74      0.96
     -1.84     -5.74      2.87
     -2.80     -3.83      1.91
     -2.80      0.00      0.00
     -2.80      2.87     -0.96
     -1.84      1.91      0.00
     -1.84      1.91      1.91
     -1.84      0.96      2.87
      0.07      0.96      0.96
      3.90      1.91      0.96
      4.86      0.96      0.96
      3.90     -0.96      0.96
     -0.89     -2.87     -2.87
     -3.76     -3.83     -6.70
     -4.71     -1.91     -7.66
     -2.80      0.00     -5.74
     -0.89      0.96     -3.83
      0.07      1.91     -1.91
      0.07      2.87      0.00
      1.03      0.96      2.87
      2.94     -0.96      5.74
      3.90     -2.87      5.74
      1.03     -1.91      3.83
     -1.84     -0.96     -0.96
     -3.76     -0.96     -3.83
     -3.76      0.00     -3.83
     -1.84      0.96     -1.91
      1.03      1.91     -0.96
      2.94      1.91      2.87
      1.03      0.96      4.78
      0.07     -0.96      5.74
     -1.84     -1.91      3.83
     -2.80     -0.96      0.96
     -2.80      0.00      0.00
     -2.80      0.00      0.00
     -0.89     -1.91     -1.91
      1.03     -2.87     -3.83
      1.03     -2.87     -4.78
      0.07     -1.91     -3.83
      0.07      0.00     -0.96
      0.07      1.91      0.00
     -1.84      3.83      0.00
     -3.76      3.83     -1.91
     -3.76      1.91     -1.91
     -2.80      0.00      0.00
      0.07     -1.91      0.00
      1.03     -2.87     -0.96
      1.99     -2.87     -0.96
      1.03     -0.96      0.96
      0.07      0.00      2.87
      0.07      0.00      3.83
     -0.89      0.96      1.91
     -1.84      0.00      0.00
     -2.80      0.00     -0.96
     -2.80     -0.96     -0.96
     -1.84     -0.96      0.00
      0.07     -0.96      0.00
      1.03     -0.96      0.96
      1.99      0.00      0.96
      1.03      0.96      0.96
      0.07      0.96      1.91
     -2.80      0.00      2.87
     -3.76      0.00      1.91
     -2.80      0.96      0.96
      0.07      0.96      0.96
      1.03      0.00      1.91
      1.99     -0.96      0.96
      1.99     -1.91     -0.96
      1.03     -1.91     -1.91
     -1.84     -1.91     -1.91
     -2.80     -0.96     -3.83
     -3.76      0.00     -3.83
     -2.80      1.91     -1.91
     -0.89      1.91      0.96
      0.07      0.96      2.87
      1.99     -0.96      0.96
      1.99     -1.91     -2.87
      1.03     -1.91     -4.78
     -0.89      0.00     -3.83
     -0.89      0.96     -0.96
      0.07      1.91      0.96
      0.07      0.96      0.96
      0.07      0.96      0.96
      0.07      0.00      0.96
      0.07      0.96      1.91
      0.07      0.96      2.87
     -0.89      0.96      2.87
     -1.84      0.00      0.96
     -1.84     -0.96     -0.96
      0.07     -0.96     -2.87
      0.07     -0.96     -3.83
      0.07      0.96     -1.91
      0.07      0.96     -0.96
      0.07      1.91     -0.96
     -0.89      1.91     -0.96
     -1.84      0.96     -0.96
     -1.84     -0.96      0.00
     -1.84     -1.91      0.00
     -1.84     -1.91      0.00
     -2.80     -0.96      0.96
     -2.80      0.00      0.96
     -1.84      0.96      0.96
      1.03      1.91      0.96
      2.94      1.91      1.91
      2.94      0.96      1.91
      1.03     -1.91      0.96
     -0.89     -1.91      0.00
     -1.84     -0.96     -0.96
     -1.84      0.96     -0.96
     -0.89      0.96     -1.91
      0.07      0.00     -2.87
      0.07     -0.96     -3.83
      0.07     -0.96     -1.91
     -0.89     -0.96      0.96
     -0.89     -0.96      3.83
     -1.84     -0.96      3.83
     -1.84     -1.91      1.91
     -1.84     -1.91     -0.96
     -1.84     -1.91     -1.91
      0.07     -1.91     -1.91
      1.03     -1.91      0.00
      1.03     -1.91      0.00
      0.07     -1.91      0.00
      0.07     -0.96     -0.96
     -0.89      0.96     -0.96
     -0.89      1.91      0.00
     -0.89      1.91      0.96
     -0.89      0.00      0.96
     -0.89     -1.91      0.96
     -0.89     -1.91      0.00
      0.07     -1.91      0.96
      0.07     -1.91      1.91
      0.07     -0.96      1.91
     -0.89      0.00      0.00
     -1.84      0.96     -1.91
     -1.84      0.96     -2.87
     -0.89      0.96     -1.91
      0.07      0.96     -1.91
      1.99      0.96     -1.91
      1.03      0.96     -0.96
      0.07      0.96      0.00
      0.07      0.96      0.96
      0.07      0.00      0.00
      0.07      0.00     -1.91
     -0.89     -0.96     -2.87
     -0.89     -0.96     -3.83
     -0.89     -0.96     -2.87
      0.07      0.00      0.00
      1.03      0.96      1.91
      0.07      0.96      2.87
     -1.84      0.96      1.91
     -3.76      0.96      0.96
     -3.76      1.91     -0.96
     -2.80      2.87      0.00
     -1.84      2.87      0.96
      0.07      1.91      2.87
      1.03      0.96      2.87
      0.07      0.00      2.87
      0.07     -0.96      1.91
     -0.89     -0.96      0.96
     -0.89     -0.96     -0.96
     -1.84     -0.96     -2.87
     -1.84      0.00     -2.87
     -1.84      0.00     -2.87
     -0.89      0.96     -0.96
      0.07      0.96      0.96
      0.07      0.96      1.91
     -0.89      0.96      1.91
      0.07      0.96      0.96
      0.07      0.00      0.96
      0.07     -0.96      0.00
      0.07     -1.91      0.00
      0.07     -2.87      0.00
      0.07     -2.87      0.96
     -0.89     -2.87      0.96
     -0.89     -1.91      0.00
      0.07     -0.96      0.96
      0.07      0.00      0.96
      1.03      0.00      1.91
      1.03      0.00      0.96
      1.03      0.00      0.00
     -0.89      0.00     -1.91
     -1.84     -0.96     -1.91
     -2.80     -0.96     -0.96
     -2.80     -0.96      0.00
     -1.84     -0.96      0.00
      0.07      0.00      0.00
      1.03      0.00      0.96
      1.03     -0.96      0.96
      1.03     -0.96      0.00
      0.07     -0.96     -2.87
      0.07      0.00     -3.83
      0.07      0.00     -3.83
      0.07      0.00     -2.87
      0.07      0.00     -1.91
      0.07      0.96      0.96
      0.07      0.96      3.83
      0.07      0.96      4.78
     -0.89      0.00      2.87
     -0.89      0.00     -0.96
     -0.89      0.00     -3.83
     -0.89      0.96     -4.78
     -0.89      0.96     -2.87
      0.07      0.96     -0.96
      0.07      0.96      0.96
      0.07      0.96      0.96
      0.07      0.96      1.91
     -0.89      0.96      1.91
      0.07      0.96      0.00
      0.07      0.96     -1.91
      0.07      0.96     -1.91
      0.07      0.00     -0.96
     -0.89     -0.96      0.00
      0.07     -1.91      0.96
      0.07     -1.91      1.91
     -0.89     -0.96      1.91
     -0.89      0.96      0.96
     -0.89      0.96      0.00
     -1.84      0.96     -0.96
     -1.84      0.96     -1.91
     -1.84      0.00     -1.91
     -0.89     -0.96     -1.91
      0.07     -0.96     -1.91
      0.07      0.96     -0.96
      0.07      0.96      0.96
     -0.89      0.96      1.91
     -0.89      0.96      1.91
     -0.89      0.00      0.96
     -0.89     -0.96     -0.96
     -0.89     -0.96     -1.91
     -0.89      0.00     -1.91
     -0.89      0.00      0.00
     -0.89      0.00      0.96
     -0.89      0.00      0.96
      0.07      0.00      0.96
      0.07      0.00      0.96
      0.07     -0.96      0.00
      0.07     -0.96      0.00
     -0.89     -0.96      0.00
     -0.89     -1.91      0.00
     -1.84     -1.91      0.00
     -1.84     -0.96      0.96
     -0.89     -0.96      0.96
      0.07     -0.96      0.96
      0.07      0.00      0.96
      0.07      0.96      0.96
      1.03      0.96      0.00
      0.07      0.96     -0.96
      0.07      0.96     -0.96
      0.07      0.96      0.00
      0.07      0.00      0.00
      0.07     -0.96      0.96
     -0.89     -1.91      0.96
     -0.89     -1.91      0.96
     -1.84     -0.96     -0.96
     -0.89      0.96     -1.91
     -0.89      0.96     -1.91
     -0.89      0.96     -1.91
     -1.84      0.96     -0.96
     -1.84      0.96     -0.96
     -1.84      0.00      0.00
     -1.84     -0.96      0.96
     -1.84      0.00      0.96
     -0.89      0.00      0.00
      0.07      0.00      0.00
      1.03      0.00      0.00
      1.03     -0.96     -0.96
      1.99     -0.96     -0.96
      1.99      0.00     -0.96
      1.03      0.00      0.00
      0.07      0.00      0.96
      0.07      0.96      0.96
     -0.89      0.96      0.96
     -0.89      0.96      0.96
     -0.89      0.96      0.96
     -0.89      0.96      0.96
      0.07      0.00      0.96
     -0.89      0.00      0.96
     -1.84      0.00      0.00
     -1.84      0.00     -1.91
     -0.89     -0.96     -2.87
      0.07     -0.96     -2.87
     -0.89     -0.96     -1.91
     -0.89     -0.96      0.00
     -0.89     -0.96      1.91
     -0.89      0.00      2.87
     -1.84      0.00      1.91
     -1.84      0.00      0.96
     -1.84      0.00      0.00
     -1.84      0.96      0.00
     -0.89      0.96      0.00
      0.07      0.96     -0.96
      0.07      0.00     -1.91
      0.07      0.00     -1.91
      0.07      0.00     -0.96
     -0.89      0.96      0.00
     -1.84      0.96      0.96
     -1.84      0.96      0.96
     -0.89      0.96      0.00
      0.07      0.00      0.00
      0.07      0.00      0.00
      0.07      0.00      0.96
      0.07     -0.96      0.96
      0.07     -0.96      0.96
      0.07     -0.96      0.96
      0.07     -0.96      0.00
      0.07      0.00     -0.96
      0.07      0.96     -0.96
      0.07      0.96     -0.96
      0.07      0.96      0.00
      0.07      0.00      0.00
      0.07      0.00      0.96
      0.07      0.00      0.96
      0.07     -0.96      0.96
      0.07     -0.96      0.00
     -0.89      0.00      0.00
     -0.89      0.00      0.00
     -1.84     -0.96      0.00
     -1.84     -0.96      0.00
     -1.84     -0.96     -0.96
     -0.89     -0.96     -1.91
      0.07      0.00     -1.91
      0.07      0.00     -0.96
      0.07      0.00      0.00
      0.07      0.00      0.96
      0.07     -0.96      0.00
      0.07     -0.96     -1.91
      0.07     -0.96     -1.91
      0.07     -0.96      0.00
      0.07     -0.96      0.96
      1.03      0.00      1.91
      1.03      0.00      1.91
      1.03     -0.96      0.96
      0.07     -0.96      0.96
     -1.84     -0.96      0.96
     -2.80     -0.96      0.00
     -2.80     -0.96      0.00
     -2.80      0.00      0.00
     -2.80      0.96      0.96
     -1.84      0.96      0.96
     -0.89      0.96      0.96
      0.07      0.96      0.96
      0.07      0.96      0.00
      0.07      0.96     -1.91
      0.07      0.00     -0.96
     -0.89      0.00     -0.96
     -0.89      0.00     -0.96
      0.07      0.00     -0.96
      0.07      0.96     -0.96
      1.03      0.96      0.00
      0.07      0.96      0.96
      0.07      0.96      0.96
      0.07      0.96      0.00
     -0.89      0.96      0.00
     -0.89      0.96     -0.96
     -0.89      0.00     -1.91
      0.07      0.00     -1.91
      0.07      0.00     -1.91
     -0.89     -0.96     -0.96
     -0.89     -0.96      0.00
     -0.89      0.00      0.00
     -0.89      0.00      0.00
     -1.84      0.96      0.00
     -1.84      0.96      0.00
     -0.89      0.96      0.00
      0.07      0.96      0.96
      1.99      0.00      1.91
      1.99     -0.96      2.87
      1.99     -1.91      2.87
      1.03     -1.91      1.91
      0.07     -1.91      0.96
     -0.89     -0.96      0.00
     -1.84      0.96      0.00
     -1.84      0.96      0.00
     -0.89      0.96      0.00
      0.07      0.00      0.00
      0.07     -0.96      0.96
      0.07     -0.96      0.96
      0.07     -0.96      0.96
     -0.89     -0.96     -0.96
     -1.84      0.00     -3.83
     -1.84      0.00     -3.83
     -0.89      0.00     -3.83
      0.07      0.00     -0.96
      0.07     -0.96      0.96
      0.07     -0.96      0.96
      0.07      0.00      1.91
      1.03      0.96      1.91
      1.03      0.96      0.96
      1.03      0.96      0.96
      0.07     -0.96      0.96
     -0.89     -1.91      0.00
     -1.84     -1.91     -1.91
     -0.89     -0.96     -1.91
      0.07      0.00      0.00
      0.07      0.96      1.91
      0.07      0.96      1.91
     -0.89      0.96      0.96
     -1.84      0.96      0.00
     -1.84      0.00      0.00
     -1.84      0.00     -0.96
     -1.84     -0.96     -0.96
     -1.84     -0.96     -0.96
     -1.84     -0.96     -0.96
     -0.89     -0.96      0.00
      1.03      0.00      0.00
      1.99      0.96      0.00
      1.03      0.00     -0.96
      0.07      0.00     -1.91
     -1.84      0.00     -1.91
     -1.84      0.00     -0.96
      0.07      0.00      0.96
      0.07     -0.96      0.96
      0.07     -0.96      0.96
      0.07     -1.91      0.00
     -0.89     -0.96     -1.91
     -1.84     -0.96     -2.87
     -1.84      0.00     -1.91
     -1.84      0.96      0.00
     -1.84      0.96      0.96
     -1.84      0.96      0.96
     -0.89      1.91      0.96
      0.07      1.91      0.96
      0.07      0.96      0.96
      0.07      0.96      0.96
      0.07      0.96      0.96
      0.07      0.96      0.00
      0.07      0.00      0.00
      1.03      0.00      0.00
      1.03      0.00      0.96
      0.07     -0.96      0.00
      0.07      0.00     -0.96
      0.07      0.00     -1.91
      0.07      0.00     -0.96
      0.07     -0.96      0.00
     -0.89     -0.96      0.96
     -1.84     -1.91      0.96
     -2.80     -0.96      0.96
     -2.80     -0.96      0.96
     -2.80      0.96      0.96
     -1.84      0.96      0.00
     -0.89      1.91      0.00
      0.07      1.91     -0.96
      0.07      1.91     -0.96
      1.03      1.91     -0.96
      1.03      0.96      0.00
      0.07      0.96      0.00
      0.07      0.00      0.00
      0.07     -0.96      0.00
     -0.89     -0.96     -0.96
     -0.89      0.00     -0.96
     -0.89      0.96     -0.96
     -0.89      0.96      0.00
     -0.89      0.00      0.96
     -0.89      0.00      0.96
     -0.89      0.00      0.00
     -0.89      0.00     -0.96
      0.07      0.00     -0.96
      0.07      0.00     -0.96
      0.07      0.00     -0.96
      0.07      0.00      0.00
     -0.89      0.96      0.00
      0.07      0.96      0.96
      0.07      0.96      0.96
      0.07      0.96      0.96
      0.07      0.00      0.96
      0.07     -0.96      0.00
     -0.89     -0.96      0.00
      0.07     -0.96     -0.96
      0.07     -0.96     -0.96
     -0.89     -0.96      0.00
     -0.89      0.00      0.00
     -0.89      0.00      0.00
     -0.89      0.00      0.96
     -0.89     -0.96      0.00
      0.07     -0.96     -0.96
      0.07     -0.96     -1.91
      0.07     -0.96     -0.96
      0.07     -0.96      0.96
      0.07     -0.96      1.91
      0.07     -1.91      1.91
      0.07     -0.96      0.96
      0.07      0.00      0.00
      0.07      0.96     -0.96
      1.03      0.96      0.00
      1.03      0.96      0.96
      0.07     -0.96      0.96
      0.07     -1.91      0.00
      0.07     -1.91     -0.96
      0.07     -1.91      0.00
     -0.89     -0.96      0.00
     -1.84      0.00      0.96
     -1.84      0.96      0.96
     -1.84      0.96      0.96
     -0.89      0.00      0.96
      0.07     -0.96      0.00
      0.07     -0.96      0.00
      0.07     -0.96     -0.96
      0.07      0.00     -0.96
      0.07      0.00      0.00
      0.07      0.00      0.96
      0.07     -0.96      0.96
      0.07      0.00      0.00
      0.07      0.00      0.00
      0.07      0.96      0.00
     -0.89      0.96      0.96
     -0.89      0.96      0.96
     -0.89      0.00      0.00
      0.07      0.00      0.00
      0.07      0.00     -0.96
      0.07      0.00      0.00
      0.07      0.00      0.00
     -0.89      0.00      0.00
     -1.84      0.00     -0.96
     -1.84      0.00     -0.96
     -1.84      0.00     -0.96
     -0.89      0.96     -0.96
      0.07      1.91      0.00
      0.07      0.96      0.96
      0.07      0.96      1.91
      0.07      0.00      0.96
      0.07      0.00      0.00
      0.07      0.96     -1.91
     -0.89      0.96     -2.87
     -0.89      1.91     -1.91
      0.07      1.91     -0.96
      0.07      1.91      0.00
      0.07      0.96      0.96
      0.07      0.00      0.96
      0.07     -0.96      0.00
     -0.89     -1.91      0.00
     -1.84     -1.91     -0.96
     -1.84     -0.96     -0.96
     -1.84      0.00     -0.96
     -0.89      0.00      0.00
     -0.89      0.00     -0.96
     -0.89      0.96     -1.91
      0.07      0.96      0.00
      0.07      0.96      1.91
      0.07      0.96      3.83
      0.07      0.00      2.87
      0.07     -0.96      0.96
      0.07     -1.91      0.00
      0.07     -2.87     -0.96
      0.07     -2.87      0.00
      0.07     -1.91      0.96
     -0.89     -0.96      0.96
     -1.84      0.96      0.96
     -1.84      0.96      0.96
     -0.89      1.91      0.96
      0.07      1.91      0.96
      0.07      0.96      0.00
      0.07      0.96     -1.91
     -0.89      0.96     -1.91
      0.07      0.96     -1.91
      0.07      0.96     -0.96
      0.07      0.96      0.00
      0.07      0.96      0.96
     -0.89      0.00      0.96
     -1.84      0.00      0.96
     -1.84     -0.96      0.00
     -0.89     -0.96      0.00
     -0.89     -0.96      0.00
      0.07     -0.96      0.96
     -0.89     -0.96      0.96
      0.07     -1.91      0.96
      0.07     -1.91      0.96
      0.07     -1.91      0.96
      0.07     -0.96      0.96
      0.07     -0.96      0.96
      0.07     -0.96      0.96
      0.07      0.00      0.00
     -0.89      0.00      0.00
     -0.89     -0.96      0.00
     -0.89     -0.96      0.96
     -0.89     -0.96      0.00
      0.07     -0.96      0.00
      0.07      0.00     -0.96
      0.07      0.00     -0.96
      0.07      0.00     -1.91
     -0.89     -0.96     -1.91
     -1.84     -0.96     -1.91
     -0.89     -0.96     -1.91
     -0.89     -0.96     -0.96
     -0.89     -0.96      0.00
     -0.89     -0.96      0.96
     -0.89     -0.96      0.96
     -0.89      0.00      0.96
     -0.89      0.96      0.96
      0.07      0.96      1.91
      0.07      0.96      0.96
      0.07      0.96      0.96
      1.03      0.96      0.96
      1.03      0.96      0.96
      0.07      0.00      0.96
      0.07      0.00     -0.96
      0.07      0.96     -1.91
      0.07      0.00     -0.96
     -0.89     -0.96      0.00
     -0.89     -0.96     -0.96
     -0.89     -0.96     -1.91
     -0.89      0.96     -1.91
     -0.89      0.96      0.00
     -0.89      0.96      0.96
     -0.89      0.00      0.96
      0.07      0.00      0.00
     -0.89     -0.96      0.00
     -0.89     -0.96      0.00
     -0.89     -0.96      0.96
     -0.89     -0.96      0.96
     -0.89     -0.96      0.00
     -0.89     -0.96      0.00
      0.07      0.00      0.96
      0.07      0.00      0.96
     -0.89      0.96      1.91
     -0.89      0.00      0.96
     -1.84      0.00      0.00
     -1.84     -0.96      0.00
     -1.84      0.00      0.00
     -1.84      0.00      0.00
     -0.89      0.96      0.00
     -0.89      0.96      0.00
      0.07      0.96      0.00
      0.07      0.96      0.00
      0.07      0.96      0.96
      1.03      0.96      0.96
      0.07      0.00      0.00
      0.07      0.00     -1.91
      0.07      0.96     -1.91
      0.07      0.96     -1.91
      0.07      0.96     -1.91
      0.07      0.96     -0.96
     -0.89      0.96      0.00
     -0.89      0.96      0.00
     -0.89      0.96      0.00
     -0.89      0.96      0.00
      0.07      0.96      0.96
      0.07      0.96      0.00
      0.07     -0.96      0.00
     -0.89     -1.91     -1.91
     -0.89     -1.91     -1.91
     -0.89     -2.87     -1.91
     -0.89     -1.91     -1.91
      0.07     -0.96     -0.96
      0.07     -0.96      0.00
      0.07      0.00      0.96
      0.07      0.96      0.96
      0.07      0.96      1.91
      0.07      0.00      0.96
      0.07     -0.96      0.00
      0.07      0.00      0.00
      0.07      0.00      0.00
      0.07      0.00      0.00
      0.07      0.96      0.00
      0.07      0.96     -0.96
      0.07      0.96     -1.91
      0.07      0.00     -0.96
      0.07      0.00     -0.96
     -0.89      0.00     -0.96
     -0.89      0.00      0.00
     -0.89      0.96      0.00
     -0.89      0.96      0.96
      0.07      0.96      0.96
      0.07      0.00      0.96
      0.07      0.00      0.00
      0.07     -0.96     -0.96
     -0.89     -0.96     -0.96
     -0.89      0.00      0.00
     -0.89      0.96      0.00
     -0.89      1.91      0.00
      0.07      1.91      0.96
      0.07      1.91      0.96
      1.03      0.96      0.96
      1.03      0.00      0.96
      0.07     -0.96      0.00
     -0.89     -0.96      0.00
     -0.89     -0.96      0.00
     -0.89     -0.96      0.96
     -0.89     -0.96      1.91
      0.07     -0.96      1.91
     -0.89     -0.96      1.91
     -1.84     -0.96      0.96
     -1.84     -0.96      0.00
     -2.80     -0.96      0.00
     -2.80     -0.96     -0.96
     -1.84      0.00     -1.91
     -0.89      0.96     -1.91
      0.07      0.00     -1.91
      0.07      0.00     -1.91
      1.03      0.00     -0.96
      1.03      0.00      0.96
      1.03      0.00      1.91
      0.07      0.96      1.91
     -0.89      0.96      0.96
     -1.84      0.96     -0.96
     -1.84      0.96     -1.91
     -1.84      0.96     -1.91
     -0.89      0.00      0.00
      0.07      0.00      0.00
      1.03      0.00     -0.96
      1.03      0.00      0.00
      0.07      0.00      0.96
      0.07      0.00      0.96
      0.07      0.96     -0.96
      0.07      0.96     -2.87
      0.07      0.00     -2.87
      0.07     -0.96     -1.91
      1.03     -0.96     -0.96
      1.99     -0.96      0.96
      1.99     -0.96      1.91
      1.03      0.00      2.87
      0.07      0.96      2.87
      0.07      0.96      1.91
     -0.89      0.96      0.96
     -0.89      0.96      0.00
     -0.89      0.00     -0.96
      0.07     -0.96     -0.96
      1.03     -0.96      0.00
      1.99     -0.96      0.96
      1.03      0.00      0.00
      1.03      0.96     -1.91
      1.99      0.96     -1.91
      1.03      0.00     -1.91
      0.07      0.00     -1.91
     -0.89      0.00     -1.91
     -0.89      0.00      0.00
     -0.89      0.00      0.96
     -0.89      0.00      0.96
     -0.89     -0.96      0.96
      0.07     -0.96      0.00
      0.07     -0.96      0.00
      0.07      0.00      0.00
      0.07      0.00      0.00
      0.07     -0.96      0.00
      0.07     -0.96     -1.91
      0.07      0.00     -1.91
      1.03      0.00     -0.96
      1.03      0.96      0.00
      1.99      0.96      0.96
      2.94      0.96      2.87
      1.99      0.00      4.78
      1.03     -0.96      5.74
      0.07     -2.87      4.78
     -1.84     -2.87      2.87
     -2.80     -3.83      0.00
     -1.84     -2.87     -2.87
     -0.89     -1.91     -2.87
      0.07     -0.96     -1.91
      0.07      0.00     -1.91
      0.07      0.96     -1.91
      0.07      0.96     -0.96
     -1.84      0.00      0.00
     -3.76     -0.96      0.00
     -6.63     -0.96      0.00
     -7.58     -0.96     -1.91
     -8.54     -1.91     -2.87
     -6.63     -2.87     -2.87
     -3.76     -2.87     -3.83
     -0.89     -2.87     -3.83
      1.03     -1.91     -2.87
      1.03      0.00     -1.91
     -0.89      0.96     -0.96
     -2.80      0.96     -1.91
     -2.80      0.96     -2.87
     -2.80      0.96     -2.87
     -1.84      0.96      0.00
     -2.80     -0.96      1.91
     -3.76     -0.96      3.83
     -3.76     -1.91      4.78
     -2.80     -1.91      4.78
      0.07     -1.91      1.91
      1.03     -2.87     -2.87
      0.07     -2.87     -6.70
     -0.89     -1.91     -9.57
     -0.89     -0.96     -8.61
      0.07      0.00     -3.83
      2.94      0.96      1.91
      3.90      0.96      3.83
      2.94      0.96      3.83
      1.99      0.00      2.87
      0.07      0.96      2.87
      0.07      0.96      3.83
      0.07      0.00      4.78
      1.03     -0.96      4.78
      0.07     -0.96      2.87
      0.07     -0.96      1.91
     -2.80     -1.91      2.87
     -2.80     -0.96      2.87
     -1.84      0.96      1.91
      1.99      1.91      0.00
      5.81      4.78     -0.96
      7.73      5.74      0.96
      7.73      5.74      3.83
      5.81      5.74      7.66
      2.94      4.78     11.48
     -1.84      2.87     13.40
     -6.63      0.00     10.53
    -10.46     -1.91      0.96
    -10.46     -1.91     -7.66
     -7.58     -0.96    -10.53
     -3.76      0.96     -7.66
      0.07      1.91     -3.83
      2.94      0.96     -3.83
      2.94      0.96     -6.70
      0.07      0.96     -9.57
     -2.80      0.96    -10.53
     -3.76      1.91    -10.53
     -3.76      2.87     -9.57
     -2.80      1.91     -7.66
      0.07     -0.96     -3.83
      2.94     -2.87      0.00
      6.77     -3.83      3.83
      9.64     -2.87      4.78
      7.73     -0.96      4.78
      2.94      0.96      3.83
      0.07      0.96      3.83
     -0.89      0.96      4.78
      0.07      0.96      7.66
     -1.84     -0.96      8.61
     -2.80     -1.91      7.66
     -1.84     -1.91      3.83
      1.99      0.00      1.91
      3.90      1.91      2.87
      1.99      3.83      3.83
     -1.84      3.83      2.87
     -5.67      2.87     -1.91
     -7.58      1.91     -5.74
     -6.63      0.96     -6.70
     -4.71      0.96     -4.78
     -3.76      0.00     -1.91
     -1.84     -0.96      0.96
      0.07     -1.91      2.87
      1.03     -1.91      2.87
      1.03     -1.91      0.96
      1.03     -2.87     -1.91
      0.07     -2.87     -4.78
     -0.89     -1.91     -4.78
     -1.84     -0.96     -0.96
      0.07     -0.96      3.83
      1.03     -1.91      4.78
      2.94     -1.91      0.00
      1.99     -1.91     -6.70
     -0.89     -0.96    -10.53
     -4.71      0.96    -10.53
     -6.63      0.96     -7.66
     -4.71      1.91     -3.83
      0.07      1.91      0.96
      5.81      1.91      3.83
      9.64      1.91      4.78
      9.64      1.91      4.78
      5.81      0.96      2.87
      0.07      0.96      0.96
     -2.80      0.00      0.00
     -2.80      0.96      0.96
      0.07      0.96      3.83
      2.94      0.96      7.66
      2.94      0.96     11.48
      1.99      0.96     13.40
      0.07      1.91     14.35
     -3.76      1.91     11.48
     -6.63      1.91      4.78
     -9.50      1.91     -4.78
     -9.50      0.96    -13.40
     -6.63      0.96    -17.23
     -3.76      0.96    -13.40
     -1.84      0.96     -4.78
      0.07      0.96      2.87
      1.99      0.96      5.74
      1.99      0.96      2.87
      0.07     -0.96     -2.87
     -3.76     -1.91     -7.66
     -4.71     -3.83    -10.53
     -2.80     -3.83    -11.48
      1.99     -2.87    -10.53
      6.77     -0.96     -7.66
      8.69      0.96     -1.91
      8.69      0.96      2.87
      5.81      0.00      5.74
      3.90     -0.96      5.74
      1.03     -0.96      3.83
      0.07      0.00      1.91
     -0.89      0.96      0.96
     -1.84      0.00      0.96
     -1.84     -1.91      1.91
     -2.80     -2.87      4.78
     -4.71     -2.87      6.70
     -6.63     -1.91      6.70
     -7.58      0.96      3.83
     -6.63      3.83      0.96
     -5.67      5.74      0.00
     -3.76      4.78      0.00
     -1.84      0.96      1.91
      1.03     -1.91      2.87
      4.86     -3.83      0.96
      5.81     -5.74     -2.87
      5.81     -4.78     -4.78
      4.86     -2.87     -4.78
      3.90     -1.91     -3.83
      2.94     -1.91     -2.87
      1.99     -1.91     -2.87
      0.07     -0.96     -1.91
     -1.84      0.00      0.00
     -3.76      0.00      1.91
     -6.63      0.00      3.83
     -8.54      0.00      2.87
     -8.54      0.96      0.00
     -6.63      0.96     -1.91
     -3.76      0.00     -3.83
     -1.84      0.00     -2.87
      0.07      0.00     -0.96
      1.03      0.00      0.96
      2.94     -0.96      2.87
      4.86      0.00      3.83
      6.77      0.96      3.83
      6.77      0.96      2.87
      4.86     -0.96      1.91
      3.90     -1.91      0.96
      2.94     -2.87      0.96
      1.99     -1.91      3.83
      1.03     -0.96      3.83
      0.07      0.96      1.91
     -0.89      1.91     -0.96
     -3.76      2.87     -2.87
     -4.71      1.91     -2.87
     -5.67      0.96     -3.83
     -4.71      0.96     -3.83
     -3.76      0.96     -4.78
     -2.80      0.96     -4.78
     -2.80      0.00     -4.78
     -2.80     -0.96     -3.83
     -2.80     -2.87     -0.96
     -2.80     -2.87      0.96
     -1.84     -1.91      0.96
      0.07     -0.96      0.00
      1.03      0.00     -0.96
      2.94      0.96      0.00
      2.94      0.96      2.87
      2.94     -0.96      4.78
      2.94     -0.96      4.78
      3.90     -0.96      2.87
      4.86      0.00      0.96
      4.86      0.96      0.00
      3.90      1.91      0.00
      2.94      0.96      1.91
      1.03      0.96      2.87
      0.07     -0.96      3.83
      0.07     -0.96      3.83
     -1.84      0.00      3.83
     -3.76      0.96      1.91
     -6.63      0.96      0.96
     -8.54      0.96      0.00
     -9.50      0.96     -0.96
     -8.54      0.96     -0.96
     -4.71      1.91     -1.91
     -1.84      1.91     -1.91
      1.03      2.87     -3.83
      1.99      2.87     -5.74
      1.99      2.87     -6.70
      1.99      1.91     -4.78
      1.03      1.91     -1.91
      1.03      0.96      0.96
      0.07      0.96      3.83
      1.03     -0.96      4.78
      2.94     -1.91      5.74
      3.90     -2.87      5.74
      3.90     -2.87      2.87
      2.94     -3.83     -1.91
      0.07     -3.83     -6.70
     -0.89     -4.78     -9.57
      0.07     -3.83     -7.66
      0.07     -1.91     -4.78
      0.07     -0.96     -1.91
     -1.84      0.96      0.00
     -2.80      0.96      0.96
     -3.76      0.96      2.87
     -3.76      0.96      3.83
     -3.76      0.96      3.83
     -3.76      0.00      1.91
     -2.80     -0.96      0.00
      0.07     -0.96      0.96
      1.99      0.00      2.87
      3.90      0.00      5.74
      4.86      0.00      5.74
      3.90      0.00      4.78
      0.07      0.00      3.83
     -1.84      0.96      2.87
     -2.80      0.96      2.87
     -2.80      1.91      3.83
     -1.84      1.91      3.83
     -0.89      0.96      2.87
     -0.89      0.00      0.96
     -1.84     -0.96      0.96
     -2.80     -0.96      0.00
     -2.80     -0.96     -1.91
     -0.89     -0.96     -6.70
      0.07      0.00     -9.57
      0.07      0.96    -10.53
      0.07      0.96     -9.57
      0.07      0.96     -5.74
      0.07      1.91     -1.91
      0.07      1.91      0.96
      1.99      0.96      1.91
      3.90      0.96      0.96
      3.90      0.96      0.00
      3.90      0.96     -0.96
      1.99      0.96      0.96
      0.07     -0.96      1.91
     -2.80     -2.87      1.91
     -3.76     -2.87      0.00
     -3.76     -2.87     -2.87
     -2.80     -1.91     -3.83
     -1.84      0.00     -3.83
      0.07      0.96     -1.91
      0.07      0.96      0.00
      1.99      0.96      0.96
      2.94      0.00      0.00
      2.94     -0.96     -0.96
      0.07     -0.96     -0.96
     -1.84      0.00      0.00
     -2.80      0.00      0.96
     -2.80      0.96      1.91
     -0.89      0.00      0.96
      0.07      0.00      0.96
      0.07     -0.96      0.96
      0.07     -0.96      1.91
      0.07      0.00      1.91
     -1.84      0.96      1.91
     -2.80      0.96      0.96
     -3.76      0.96      0.00
     -3.76      0.96     -1.91
     -3.76      0.96     -2.87
     -2.80      0.96     -2.87
     -1.84      0.96     -0.96
     -1.84      0.96      0.96
     -2.80      0.96      1.91
     -2.80      0.96      1.91
     -2.80      0.96      2.87
     -2.80      0.96      2.87
     -0.89      0.96      3.83
      1.03      0.96      4.78
      3.90      0.96      3.83
      5.81      0.00      0.96
      6.77      0.00      0.00
      5.81     -0.96     -2.87
      3.90     -0.96     -3.83
      1.03     -0.96     -4.78
     -1.84     -0.96     -4.78
     -1.84     -0.96     -3.83
     -0.89      0.00     -2.87
      0.07      0.96     -0.96
      1.03      0.96      0.00
      1.03      0.96      0.00
      0.07      0.96     -0.96
     -0.89      0.00     -2.87
     -1.84      0.00     -3.83
     -2.80      0.00     -3.83
     -2.80      0.96     -2.87
     -2.80      0.96     -0.96
     -2.80      0.96      1.91
     -3.76      0.00      4.78
     -3.76      0.00      5.74
     -2.80      0.00      4.78
      0.07      0.96      3.83
      1.03      0.96      2.87
      2.94      1.91      1.91
      2.94      1.91      0.96
      2.94      0.96      0.00
      2.94      0.96     -1.91
      2.94      0.00     -2.87
      3.90     -0.96     -3.83
      3.90     -1.91     -3.83
      4.86     -1.91     -1.91
      4.86     -1.91      0.96
      3.90     -2.87      3.83
      2.94     -2.87      3.83
      0.07     -2.87      2.87
     -2.80     -2.87      0.96
     -5.67     -1.91      0.00
     -7.58     -0.96      0.00
     -9.50      0.00      0.96
     -8.54      0.96      0.96
     -6.63      0.96      0.96
     -4.71      0.96      0.96
     -3.76      0.96      0.96
     -2.80      0.96      0.96
     -3.76      0.96      0.00
     -3.76      0.96     -0.96
     -2.80      0.96     -0.96
     -0.89      0.96     -0.96
      1.03      0.00     -0.96
      2.94     -0.96     -0.96
      3.90     -1.91     -1.91
      3.90     -1.91     -1.91
      2.94     -1.91     -1.91
      1.99     -1.91     -0.96
      0.07     -1.91     -1.91
      0.07     -1.91     -1.91
      0.07     -1.91     -0.96
     -0.89     -1.91      0.96
     -1.84     -1.91      2.87
     -3.76     -0.96      3.83
     -4.71     -0.96      2.87
     -4.71     -0.96      0.96
     -6.63     -0.96     -0.96
     -6.63     -0.96     -2.87
     -6.63      0.00     -2.87
     -4.71      0.96     -1.91
     -3.76      0.96      0.96
     -2.80      1.91      2.87
     -0.89      1.91      3.83
      1.03      0.96      2.87
      2.94      0.96      0.96
      3.90      0.96     -0.96
      4.86      0.96     -2.87
      4.86      0.96     -1.91
      5.81      0.96      0.00
      7.73      0.96      1.91
      7.73      0.96      2.87
      7.73      0.96      2.87
      4.86      0.00      1.91
      2.94      0.00      0.00
      0.07     -0.96     -2.87
     -0.89     -0.96     -5.74
     -0.89     -0.96     -6.70
     -0.89     -1.91     -7.66
     -0.89     -0.96     -6.70
     -1.84     -0.96     -5.74
     -1.84     -0.96     -4.78
     -2.80      0.00     -3.83
     -3.76      0.00     -1.91
     -3.76      0.96      0.00
     -2.80      0.96      0.96
     -2.80      0.96      2.87
     -1.84      0.96      4.78
     -0.89      0.96      6.70
      0.07      0.00      7.66
      1.03     -0.96      7.66
      1.99     -0.96      6.70
      2.94     -0.96      4.78
      2.94     -0.96      3.83
      3.90      0.00      2.87
      3.90      0.00      1.91
      2.94      0.00      0.00
      1.99     -0.96     -1.91
      0.07     -0.96     -3.83
     -1.84     -1.91     -4.78
     -2.80     -1.91     -4.78
     -2.80     -0.96     -3.83
     -2.80      0.00     -2.87
     -2.80      0.96     -0.96
     -1.84      0.96      0.00
     -1.84      0.00      0.96
     -1.84     -0.96      0.96
     -2.80     -1.91      0.00
     -1.84     -1.91      0.00
     -1.84     -0.96      0.00
     -1.84      0.00      0.00
      0.07      0.96      0.00
      1.03      0.96      0.00
      1.99      0.96      0.00
      1.99      0.96     -0.96
      1.03      0.96     -1.91
      0.07      1.91     -1.91
     -0.89      1.91     -1.91
     -1.84      1.91     -0.96
     -1.84      1.91      0.96
     -1.84      1.91      2.87
     -1.84      1.91      2.87
     -1.84      0.96      2.87
     -0.89      0.96      0.96
     -1.84      0.96      0.00
     -1.84      0.96     -0.96
     -1.84      0.96     -1.91
     -0.89      0.96     -1.91
      0.07     -0.96     -1.91
      0.07     -1.91     -0.96
      0.07     -1.91      0.00
     -0.89     -1.91      0.00
     -1.84     -1.91      0.00
     -2.80     -0.96      0.00
     -2.80     -0.96      0.00
     -1.84      0.00      0.00
      0.07      0.00      0.00
      0.07      0.00      0.00
      1.03      0.00      0.00
      1.03      0.00      0.00
      1.03      0.00      0.00
      0.07      0.00      0.00
      0.07      0.00     -0.96
      0.07     -0.96     -1.91
      0.07     -0.96     -2.87
      1.03     -0.96     -2.87
      0.07     -0.96     -2.87
      0.07     -0.96      0.00
      0.07      0.00      0.96
     -0.89     -0.96      1.91
     -2.80     -0.96      0.96
     -3.76     -1.91      0.00
     -3.76     -1.91     -2.87
     -2.80     -0.96     -2.87
      0.07     -0.96     -0.96
      1.03      0.00      1.91
      2.94     -0.96      3.83
      3.90     -0.96      4.78
      2.94     -0.96      3.83
      1.99     -0.96      3.83
      1.03     -0.96      2.87
      0.07     -0.96      2.87
      0.07     -0.96      3.83
      1.03     -1.91      3.83
      1.99     -1.91      3.83
      2.94     -1.91      3.83
      3.90     -1.91      3.83
      1.99     -0.96      2.87
      0.07     -0.96      0.96
     -2.80      0.00     -0.96
     -3.76      0.96     -2.87
     -4.71      1.91     -2.87
     -4.71      2.87     -2.87
     -3.76      2.87     -2.87
     -2.80      1.91     -2.87
     -1.84      0.96     -3.83
      0.07      0.96     -3.83
      0.07      0.00     -2.87
      1.03      0.00     -1.91
      1.03      0.00     -0.96
      1.03      0.00     -0.96
      1.99      0.00      0.96
      1.99      0.00      0.96
      1.99     -0.96      2.87
      0.07     -1.91      2.87
     -0.89     -1.91      1.91
     -1.84     -1.91      0.96
     -2.80     -0.96      0.00
     -2.80     -0.96     -0.96
     -3.76      0.00     -1.91
     -3.76      0.96     -0.96
     -4.71      0.96      0.00
     -4.71      0.96      0.96
     -3.76      0.96      0.96
     -2.80      1.91      0.96
     -0.89      1.91      0.00
      1.03      1.91     -0.96
      2.94      1.91     -0.96
      3.90      0.96      0.00
      3.90      0.96      0.96
      2.94      0.00      0.96
      1.03     -0.96      0.96
     -0.89     -1.91      0.00
     -1.84     -1.91     -1.91
     -2.80     -1.91     -3.83
     -1.84     -0.96     -3.83
     -1.84      0.96     -3.83
     -1.84      0.96     -2.87
     -2.80      0.96     -1.91
     -3.76      0.96     -1.91
     -3.76      0.96     -1.91
     -4.71      0.96     -2.87
     -3.76      0.96     -3.83
     -2.80      0.96     -3.83
     -0.89      0.96     -1.91
      1.99      0.96      0.96
      3.90     -0.96      2.87
      4.86     -0.96      4.78
      3.90     -1.91      4.78
      2.94     -1.91      3.83
      1.03     -1.91      2.87
      0.07     -0.96      1.91
     -1.84      0.00      1.91
     -1.84      0.96      2.87
     -1.84      0.00      3.83
     -1.84      0.00      3.83
     -1.84     -0.96      3.83
     -1.84      0.00      0.96
     -2.80      0.00     -0.96
     -2.80      0.96     -2.87
     -2.80      0.96     -3.83
     -2.80      0.96     -2.87
     -0.89      0.96     -2.87
      1.03      0.96     -1.91
      3.90      0.00     -1.91
      4.86      0.00     -0.96
      5.81      0.96     -1.91
      5.81      0.96     -1.91
      5.81      0.96     -1.91
      4.86      0.96     -1.91
      3.90      0.96     -0.96
      1.99      0.96      0.00
      0.07      0.96      0.00
     -2.80      0.96      0.96
     -3.76      0.00      0.96
     -4.71      0.00      0.96
     -3.76      0.00      0.96
     -3.76      0.00      0.96
     -2.80     -0.96      0.00
     -2.80     -0.96     -1.91
     -1.84     -1.91     -2.87
     -1.84     -0.96     -3.83
     -1.84      0.00     -2.87
     -1.84      0.00     -0.96
     -1.84      0.00      0.96
     -1.84      0.00      3.83
     -0.89      0.00      4.78
     -0.89      0.00      5.74
      0.07      0.00      5.74
      0.07      0.96      4.78
      1.03      0.96      2.87
      1.03      0.00      0.96
      1.03      0.00     -0.96
      1.03      0.00     -1.91
      1.03      0.00     -1.91
      1.03      0.00     -1.91
      1.03      0.00     -0.96
      1.03     -0.96     -0.96
      1.03     -0.96     -0.96
      0.07     -1.91     -1.91
     -0.89     -1.91     -2.87
     -0.89     -1.91     -3.83
     -1.84     -0.96     -3.83
     -1.84     -0.96     -3.83
     -1.84      0.96     -1.91
     -1.84      0.96     -0.96
     -1.84      0.96      0.96
     -1.84      0.96      2.87
     -1.84      0.96      2.87
     -1.84      0.96      2.87
